-2.643084528870179e+00  1.279615544048293e-08  1.279615544048293e-08  1.279615544048293e-08  1.279615544048293e-08  0
-2.411665394937383e+00  5.765773072515740e-09  5.765773072515740e-09  5.765773072515740e-09  5.765773072515740e-09  0
-2.200508501945136e+00  2.611204746714479e-09  2.611204746714479e-09  2.611204746714479e-09  2.611204746714479e-09  0
-2.007839759735224e+00  1.176514376592151e-09  1.176514376592151e-09  1.176514376592151e-09  1.176514376592151e-09  0
-1.832040411209514e+00  5.198677961398187e-10  5.198677961398187e-10  5.198677961398187e-10  5.198677961398187e-10  0
-1.671633431916567e+00  1.051530615383277e-06  1.051530615383277e-06  1.051530615383277e-06  1.051530615383277e-06  0
-1.525271120442328e+00  5.373681640203610e-07  5.373681640203610e-07  5.373681640203610e-07  5.373681640203610e-07  0
-1.391723775342339e+00  2.569000434852279e-07  2.569000434852279e-07  2.569000434852279e-07  2.569000434852279e-07  0
-1.269869363481709e+00  1.144876087285975e-07  1.144876087285975e-07  1.144876087285975e-07  1.144876087285975e-07  0
-1.158684092978708e+00  4.745456821144389e-08  4.745456821144389e-08  4.745456821144389e-08  4.745456821144389e-08  0
-1.057233811548072e+00  1.588971765101305e-05  1.588971765101305e-05  1.588971765101305e-05  1.588971765101305e-05  0
-9.646661579749534e-01  1.016829868424345e-05  1.016829868424345e-05  1.016829868424345e-05  1.016829868424345e-05  0
-8.802034007780546e-01  6.314255063165283e-06  6.314255063165283e-06  6.314255063165283e-06  6.314255063165283e-06  0
-8.031359038940895e-01  3.740644896440353e-06  3.740644896440353e-06  3.740644896440353e-06  3.740644896440353e-06  0
-7.328161644838057e-01  2.089434812795014e-06  2.089434812795014e-06  2.089434812795014e-06  2.089434812795014e-06  0
-6.686533727666270e-01  1.632618294244625e-04  1.632618294244625e-04  1.632618294244625e-04  1.632618294244625e-04  0
-6.101084481769313e-01  1.077888584125177e-04  1.077888584125177e-04  1.077888584125177e-04  1.077888584125177e-04  0
-5.566895101369356e-01  7.040900744832086e-05  7.040900744832086e-05  7.040900744832086e-05  7.040900744832086e-05  0
-5.079477453926837e-01  4.558619672102946e-05  4.558619672102946e-05  4.558619672102946e-05  4.558619672102946e-05  0
-4.634736371914833e-01  2.921802885443206e-05  2.921802885443206e-05  2.921802885443206e-05  2.921802885443206e-05  0
-4.228935246192289e-01  9.459423549858635e-04  9.459423549858635e-04  9.459423549858635e-04  9.459423549858635e-04  0
-3.858664631899815e-01  6.763926352623268e-04  6.763926352623268e-04  6.763926352623268e-04  6.763926352623268e-04  0
-3.520813603112219e-01  4.886691583041476e-04  4.886691583041476e-04  4.886691583041476e-04  4.886691583041476e-04  0
-3.212543615576359e-01  3.483368095304359e-04  3.483368095304359e-04  3.483368095304359e-04  3.483368095304359e-04  0
-2.931264657935224e-01  2.403714668187910e-04  2.403714668187910e-04  2.403714668187910e-04  2.403714668187910e-04  0
-2.674613491066508e-01  6.696059996961548e-03  6.696059996961548e-03  6.696059996961548e-03  6.696059996961548e-03  0
-2.440433792707725e-01  4.495915756924660e-03  4.495915756924660e-03  4.495915756924660e-03  4.495915756924660e-03  0
-2.226758040547742e-01  2.961093413165685e-03  2.961093413165685e-03  2.961093413165685e-03  2.961093413165685e-03  0
-2.031790981570735e-01  1.938307600613838e-03  1.938307600613838e-03  1.938307600613838e-03  1.938307600613838e-03  0
-1.853894548765933e-01  1.277513650583606e-03  1.277513650583606e-03  1.277513650583606e-03  1.277513650583606e-03  0
-1.691574098476915e-01  3.069854744867960e-02  3.069854744867960e-02  3.069854744867960e-02  3.069854744867960e-02  0
-1.543465852759926e-01  2.368081474974310e-02  2.368081474974310e-02  2.368081474974310e-02  2.368081474974310e-02  0
-1.408325441244888e-01  1.794087889474876e-02  1.794087889474876e-02  1.794087889474876e-02  1.794087889474876e-02  0
-1.285017446230543e-01  1.323873161549556e-02  1.323873161549556e-02  1.323873161549556e-02  1.323873161549556e-02  0
-1.172505863174089e-01  9.429530626233936e-03  9.429530626233936e-03  9.429530626233936e-03  9.429530626233936e-03  0
-1.069845396426603e-01  8.211767423177241e-02  8.211767423177241e-02  8.211767423177241e-02  8.211767423177241e-02  0
-9.761735170830900e-02  6.953779115871968e-02  6.953779115871968e-02  6.953779115871968e-02  6.953779115871968e-02  0
-8.907032162190968e-02  5.799142887788378e-02  5.799142887788378e-02  5.799142887788378e-02  5.799142887788378e-02  0
-8.127163926282939e-02  4.752406481049563e-02  4.752406481049563e-02  4.752406481049563e-02  4.752406481049563e-02  0
-7.415578195063731e-02  3.825673412272943e-02  3.825673412272943e-02  3.825673412272943e-02  3.825673412272943e-02  0
-6.766296393907660e-02  1.687782590427804e-01  1.687782590427804e-01  1.687782590427804e-01  1.687782590427804e-01  0
-6.173863411039702e-02  1.404823951725222e-01  1.404823951725222e-01  1.404823951725222e-01  1.404823951725222e-01  0
-5.633301764979550e-02  1.189475992234649e-01  1.189475992234649e-01  1.189475992234649e-01  1.189475992234649e-01  0
-5.140069784922174e-02  1.018290486446507e-01  1.018290486446507e-01  1.018290486446507e-01  1.018290486446507e-01  0
-4.690023452696358e-02  8.704085099322513e-02  8.704085099322513e-02  8.704085099322513e-02  8.704085099322513e-02  0
-4.279381585706412e-02  4.147410406998859e-01  4.147410406998859e-01  4.147410406998859e-01  4.147410406998859e-01  0
-3.904694068332360e-02  3.412614634438810e-01  3.412614634438810e-01  3.412614634438810e-01  3.412614634438810e-01  0
-3.562812864876387e-02  2.783382078968348e-01  2.783382078968348e-01  2.783382078968348e-01  2.783382078968348e-01  0
-3.250865570513176e-02  2.244359667157285e-01  2.244359667157285e-01  2.244359667157285e-01  2.244359667157285e-01  0
-2.966231278025492e-02  1.781597316026502e-01  1.781597316026502e-01  1.781597316026502e-01  1.781597316026502e-01  0
-2.706518557563065e-02  1.136266505277425e+00  1.136266505277425e+00  1.136266505277425e+00  1.136266505277425e+00  0
-2.469545364415881e-02  9.035113459825049e-01  9.035113459825049e-01  9.035113459825049e-01  9.035113459825049e-01  0
-2.253320705991821e-02  7.202205813738740e-01  7.202205813738740e-01  7.202205813738740e-01  7.202205813738740e-01  0
-2.056027913968870e-02  5.757675359963577e-01  5.757675359963577e-01  5.757675359963577e-01  5.757675359963577e-01  0
-1.876009381078543e-02  4.599352581237237e-01  4.599352581237237e-01  4.599352581237237e-01  4.599352581237237e-01  0
-1.711752634282565e-02  2.997655401459395e+00  2.997655401459395e+00  2.997655401459395e+00  2.997655401459395e+00  0
-1.561877627332944e-02  2.470191241420295e+00  2.470191241420295e+00  2.470191241420295e+00  2.470191241420295e+00  0
-1.425125145950555e-02  2.017762414477448e+00  2.017762414477448e+00  2.017762414477448e+00  2.017762414477448e+00  0
-1.300346228205270e-02  1.631518522393681e+00  1.631518522393681e+00  1.631518522393681e+00  1.631518522393681e+00  0
-1.186492511210197e-02  1.304238882145117e+00  1.304238882145117e+00  1.304238882145117e+00  1.304238882145117e+00  0
-1.082607423025226e-02  6.915497753934878e+00  6.915497753934878e+00  6.915497753934878e+00  6.915497753934878e+00  0
-9.878181457663525e-03  5.951730637882348e+00  5.951730637882348e+00  5.951730637882348e+00  5.951730637882348e+00  0
-9.013282823967282e-03  5.079566596215346e+00  5.079566596215346e+00  5.079566596215346e+00  5.079566596215346e+00  0
-8.224111655875478e-03  4.292345022805016e+00  4.292345022805016e+00  4.292345022805016e+00  4.292345022805016e+00  0
-7.504037524314174e-03  3.581540842228126e+00  3.581540842228126e+00  3.581540842228126e+00  3.581540842228126e+00  0
-6.847010537130258e-03  1.268027691997178e+01  1.268027691997178e+01  1.268027691997178e+01  1.268027691997178e+01  0
-6.247510509331775e-03  1.137899412855024e+01  1.137899412855024e+01  1.137899412855024e+01  1.137899412855024e+01  0
-5.700500583802218e-03  1.012352967826063e+01  1.012352967826063e+01  1.012352967826063e+01  1.012352967826063e+01  0
-5.201384912821080e-03  8.913044319460115e+00  8.913044319460115e+00  8.913044319460115e+00  8.913044319460115e+00  0
-4.745970044840788e-03  7.745259038095316e+00  7.745259038095316e+00  7.745259038095316e+00  7.745259038095316e+00  0
-4.330429692100904e-03  1.963130808974548e+01  1.963130808974548e+01  1.963130808974548e+01  1.963130808974548e+01  0
-3.951272583065411e-03  1.813683647126718e+01  1.813683647126718e+01  1.813683647126718e+01  1.813683647126718e+01  0
-3.605313129586913e-03  1.666354494828614e+01  1.666354494828614e+01  1.666354494828614e+01  1.666354494828614e+01  0
-3.289644662350192e-03  1.520340764284744e+01  1.520340764284744e+01  1.520340764284744e+01  1.520340764284744e+01  0
-3.001615009725670e-03  1.375077437252626e+01  1.375077437252626e+01  1.375077437252626e+01  1.375077437252626e+01  0
-2.738804214852102e-03  2.498516727064201e+01  2.498516727064201e+01  2.498516727064201e+01  2.498516727064201e+01  0
-2.499004203732709e-03  2.444730820503753e+01  2.444730820503753e+01  2.444730820503753e+01  2.444730820503753e+01  0
-2.280200233520886e-03  2.348021244083312e+01  2.348021244083312e+01  2.348021244083312e+01  2.348021244083312e+01  0
-2.080553965128431e-03  2.218460850367922e+01  2.218460850367922e+01  2.218460850367922e+01  2.218460850367922e+01  0
-1.898388017936314e-03  2.067447345417164e+01  2.067447345417164e+01  2.067447345417164e+01  2.067447345417164e+01  0
-1.732171876840360e-03  2.517359355027554e+01  2.517359355027554e+01  2.517359355027554e+01  2.517359355027554e+01  0
-1.580509033226163e-03  2.507355465798542e+01  2.507355465798542e+01  2.507355465798542e+01  2.507355465798542e+01  0
-1.442125251834764e-03  2.512279370558158e+01  2.512279370558158e+01  2.512279370558158e+01  2.512279370558158e+01  0
-1.315857864940076e-03  2.522334248592115e+01  2.522334248592115e+01  2.522334248592115e+01  2.522334248592115e+01  0
-1.200646003890267e-03  2.517593360992698e+01  2.517593360992698e+01  2.517593360992698e+01  2.517593360992698e+01  0
-1.095521685940841e-03  2.353022129793697e+01  2.353022129793697e+01  2.353022129793697e+01  2.353022129793697e+01  0
-9.996016814930835e-04  2.446559686551189e+01  2.446559686551189e+01  2.446559686551189e+01  2.446559686551189e+01  0
-9.120800934083544e-04  2.500285040500309e+01  2.500285040500309e+01  2.500285040500309e+01  2.500285040500309e+01  0
-8.322215860513723e-04  2.511538179724529e+01  2.511538179724529e+01  2.511538179724529e+01  2.511538179724529e+01  0
-7.593552071745256e-04  2.493733925650758e+01  2.493733925650758e+01  2.493733925650758e+01  2.493733925650758e+01  0
-6.928687507361440e-04  2.009626165545253e+01  2.009626165545253e+01  2.009626165545253e+01  2.009626165545253e+01  0
-6.322036132904651e-04  2.005018758701600e+01  2.005018758701600e+01  2.005018758701600e+01  2.005018758701600e+01  0
-5.768501007339055e-04  2.038055159109604e+01  2.038055159109604e+01  2.038055159109604e+01  2.038055159109604e+01  0
-5.263431459760303e-04  2.112664781992017e+01  2.112664781992017e+01  2.112664781992017e+01  2.112664781992017e+01  0
-4.802584015561067e-04  2.211304508387389e+01  2.211304508387389e+01  2.211304508387389e+01  2.211304508387389e+01  0
-4.382086743763362e-04  1.835138270350058e+01  1.835138270350058e+01  1.835138270350058e+01  1.835138270350058e+01  0
-3.998406725972333e-04  1.925822254742019e+01  1.925822254742019e+01  1.925822254742019e+01  1.925822254742019e+01  0
-3.648320373633417e-04  1.992815403350023e+01  1.992815403350023e+01  1.992815403350023e+01  1.992815403350023e+01  0
-3.328886344205489e-04  2.021702723345089e+01  2.021702723345089e+01  2.021702723345089e+01  2.021702723345089e+01  0
-3.037420828698102e-04  2.016864749317293e+01  2.016864749317293e+01  2.016864749317293e+01  2.016864749317293e+01  0
-2.771475002944575e-04  1.801357659580129e+01  1.801357659580129e+01  1.801357659580129e+01  1.801357659580129e+01  0
-2.528814453161860e-04  1.732827597012082e+01  1.732827597012082e+01  1.732827597012082e+01  1.732827597012082e+01  0
-2.307400402935622e-04  1.694244110258031e+01  1.694244110258031e+01  1.694244110258031e+01  1.694244110258031e+01  0
-2.105372583904121e-04  1.702278138848061e+01  1.702278138848061e+01  1.702278138848061e+01  1.702278138848061e+01  0
-1.921033606224427e-04  1.755933209511250e+01  1.755933209511250e+01  1.755933209511250e+01  1.755933209511250e+01  0
-1.752834697505345e-04  1.798333458780151e+01  1.798333458780151e+01  1.798333458780151e+01  1.798333458780151e+01  0
-1.599362690388933e-04  1.867921255613290e+01  1.867921255613290e+01  1.867921255613290e+01  1.867921255613290e+01  0
-1.459328149453367e-04  1.910853031128321e+01  1.910853031128321e+01  1.910853031128321e+01  1.910853031128321e+01  0
-1.331554537682195e-04  1.910019720947680e+01  1.910019720947680e+01  1.910019720947680e+01  1.910019720947680e+01  0
-1.214968331479241e-04  1.865636847816756e+01  1.865636847816756e+01  1.865636847816756e+01  1.865636847816756e+01  0
-1.108590001177830e-04  1.811187671083848e+01  1.811187671083848e+01  1.811187671083848e+01  1.811187671083848e+01  0
-1.011525781264744e-04  1.742009635009945e+01  1.742009635009945e+01  1.742009635009945e+01  1.742009635009945e+01  0
-9.229601611742488e-05  1.698625056581328e+01  1.698625056581328e+01  1.698625056581328e+01  1.698625056581328e+01  0
-8.421490335616483e-05  1.697061055874018e+01  1.697061055874018e+01  1.697061055874018e+01  1.697061055874018e+01  0
-7.684134424897707e-05  1.737089984976489e+01  1.737089984976489e+01  1.737089984976489e+01  1.737089984976489e+01  0
-7.011338790021381e-05  1.799977255022502e+01  1.799977255022502e+01  1.799977255022502e+01  1.799977255022502e+01  0
-6.397450761555734e-05  1.869219398778862e+01  1.869219398778862e+01  1.869219398778862e+01  1.869219398778862e+01  0
-5.837312597813469e-05  1.912914521129878e+01  1.912914521129878e+01  1.912914521129878e+01  1.912914521129878e+01  0
-5.326218150728783e-05  1.914139098851693e+01  1.914139098851693e+01  1.914139098851693e+01  1.914139098851693e+01  0
-4.859873325916964e-05  1.872571199478473e+01  1.872571199478473e+01  1.872571199478473e+01  1.872571199478473e+01  0
-4.434360004711321e-05  1.812899185088642e+01  1.812899185088642e+01  1.812899185088642e+01  1.812899185088642e+01  0
-4.046103125058977e-05  1.744292950407020e+01  1.744292950407020e+01  1.744292950407020e+01  1.744292950407020e+01  0
-3.691840644696995e-05  1.701208015923093e+01  1.701208015923093e+01  1.701208015923093e+01  1.701208015923093e+01  0
-3.368596134246593e-05  1.699505381645132e+01  1.699505381645132e+01  1.699505381645132e+01  1.699505381645132e+01  0
-3.073653769959083e-05  1.739066222342273e+01  1.739066222342273e+01  1.739066222342273e+01  1.739066222342273e+01  0
-2.804535516008552e-05  1.800622862713872e+01  1.800622862713872e+01  1.800622862713872e+01  1.800622862713872e+01  0
-2.558980304622294e-05  1.869593334094848e+01  1.869593334094848e+01  1.869593334094848e+01  1.869593334094848e+01  0
-2.334925039125387e-05  1.913142441728326e+01  1.913142441728326e+01  1.913142441728326e+01  1.913142441728326e+01  0
-2.130487260291513e-05  1.914504402338910e+01  1.914504402338910e+01  1.914504402338910e+01  1.914504402338910e+01  0
-1.943949330366785e-05  1.873428854071559e+01  1.873428854071559e+01  1.873428854071559e+01  1.873428854071559e+01  0
-1.773744001884528e-05  1.813110010926002e+01  1.813110010926002e+01  1.813110010926002e+01  1.813110010926002e+01  0
-1.618441250023591e-05  1.744680586325566e+01  1.744680586325566e+01  1.744680586325566e+01  1.744680586325566e+01  0
-1.476736257878798e-05  1.701780030297446e+01  1.701780030297446e+01  1.701780030297446e+01  1.701780030297446e+01  0
-1.347438453698637e-05  1.700186814222268e+01  1.700186814222268e+01  1.700186814222268e+01  1.700186814222268e+01  0
-1.229461507983633e-05  1.739738873430265e+01  1.739738873430265e+01  1.739738873430265e+01  1.739738873430265e+01  0
-1.121814206403421e-05  1.800902754970500e+01  1.800902754970500e+01  1.800902754970500e+01  1.800902754970500e+01  0
-1.023592121848917e-05  1.869748760820786e+01  1.869748760820786e+01  1.869748760820786e+01  1.869748760820786e+01  0
-9.339700156501548e-06  1.913168006478686e+01  1.913168006478686e+01  1.913168006478686e+01  1.913168006478686e+01  0
-8.521949041166052e-06  1.914459154844738e+01  1.914459154844738e+01  1.914459154844738e+01  1.914459154844738e+01  0
-7.775797321467140e-06  1.873429242015323e+01  1.873429242015323e+01  1.873429242015323e+01  1.873429242015323e+01  0
-7.094976007538114e-06  1.813143577815419e+01  1.813143577815419e+01  1.813143577815419e+01  1.813143577815419e+01  0
-6.473765000094363e-06  1.744773252368893e+01  1.744773252368893e+01  1.744773252368893e+01  1.744773252368893e+01  0
-5.906945031515193e-06  1.701953719403039e+01  1.701953719403039e+01  1.701953719403039e+01  1.701953719403039e+01  0
-5.389753814794549e-06  1.700429622598291e+01  1.700429622598291e+01  1.700429622598291e+01  1.700429622598291e+01  0
-4.917846031934533e-06  1.740009767610658e+01  1.740009767610658e+01  1.740009767610658e+01  1.740009767610658e+01  0
-4.487256825613684e-06  1.801043630596127e+01  1.801043630596127e+01  1.801043630596127e+01  1.801043630596127e+01  0
-4.094368487395670e-06  1.869838705442211e+01  1.869838705442211e+01  1.869838705442211e+01  1.869838705442211e+01  0
-3.735880062600620e-06  1.913195608164217e+01  1.913195608164217e+01  1.913195608164217e+01  1.913195608164217e+01  0
-3.408779616466421e-06  1.914438430618606e+01  1.914438430618606e+01  1.914438430618606e+01  1.914438430618606e+01  0
-3.110318928586857e-06  1.873401324149979e+01  1.873401324149979e+01  1.873401324149979e+01  1.873401324149979e+01  0
-2.837990403015245e-06  1.813174420240341e+01  1.813174420240341e+01  1.813174420240341e+01  1.813174420240341e+01  0
-2.589506000037745e-06  1.744824793938717e+01  1.744824793938717e+01  1.744824793938717e+01  1.744824793938717e+01  0
-2.362778012606077e-06  1.702038110940530e+01  1.702038110940530e+01  1.702038110940530e+01  1.702038110940530e+01  0
-2.155901525917819e-06  1.700545653834897e+01  1.700545653834897e+01  1.700545653834897e+01  1.700545653834897e+01  0
-1.967138412773813e-06  1.740142779995970e+01  1.740142779995970e+01  1.740142779995970e+01  1.740142779995970e+01  0
-1.794902730245473e-06  1.801129966906674e+01  1.801129966906674e+01  1.801129966906674e+01  1.801129966906674e+01  0
-1.637747394958268e-06  1.869905480862404e+01  1.869905480862404e+01  1.869905480862404e+01  1.869905480862404e+01  0
-1.494352025040248e-06  1.913236421908774e+01  1.913236421908774e+01  1.913236421908774e+01  1.913236421908774e+01  0
-1.363511846586568e-06  1.914456745377822e+01  1.914456745377822e+01  1.914456745377822e+01  1.914456745377822e+01  0
-1.244127571434742e-06  1.873412088081346e+01  1.873412088081346e+01  1.873412088081346e+01  1.873412088081346e+01  0
-1.135196161206098e-06  1.813215071153952e+01  1.813215071153952e+01  1.813215071153952e+01  1.813215071153952e+01  0
-1.035802400015098e-06  1.744872285822322e+01  1.744872285822322e+01  1.744872285822322e+01  1.744872285822322e+01  0
-9.451112050424309e-07  1.702098204279587e+01  1.702098204279587e+01  1.702098204279587e+01  1.702098204279587e+01  0
-8.623606103671279e-07  1.700619017808144e+01  1.700619017808144e+01  1.700619017808144e+01  1.700619017808144e+01  0
-7.868553651095252e-07  1.740224419989644e+01  1.740224419989644e+01  1.740224419989644e+01  1.740224419989644e+01  0
-7.179610920981894e-07  1.801194666042338e+01  1.801194666042338e+01  1.801194666042338e+01  1.801194666042338e+01  0
-6.550989579833072e-07  1.869963453462054e+01  1.869963453462054e+01  1.869963453462054e+01  1.869963453462054e+01  0
-5.977408100160992e-07  1.913284456671790e+01  1.913284456671790e+01  1.913284456671790e+01  1.913284456671790e+01  0
-5.454047386346274e-07  1.914495291776142e+01  1.914495291776142e+01  1.914495291776142e+01  1.914495291776142e+01  0
-4.976510285738970e-07  1.873446288819286e+01  1.873446288819286e+01  1.873446288819286e+01  1.873446288819286e+01  0
-4.540784644824392e-07  1.813261403337080e+01  1.813261403337080e+01  1.813261403337080e+01  1.813261403337080e+01  0
-4.143209600060391e-07  1.744920159700484e+01  1.744920159700484e+01  1.744920159700484e+01  1.744920159700484e+01  0
-3.780444820169723e-07  1.702150427649586e+01  1.702150427649586e+01  1.702150427649586e+01  1.702150427649586e+01  0
-3.449442441468511e-07  1.700676624109175e+01  1.700676624109175e+01  1.700676624109175e+01  1.700676624109175e+01  0
-3.147421460438101e-07  1.740286128869354e+01  1.740286128869354e+01  1.740286128869354e+01  1.740286128869354e+01  0
-2.871844368392758e-07  1.801250746592012e+01  1.801250746592012e+01  1.801250746592012e+01  1.801250746592012e+01  0
-2.620395831933229e-07  1.870017987333588e+01  1.870017987333588e+01  1.870017987333588e+01  1.870017987333588e+01  0
-2.390963240064397e-07  1.913335697707132e+01  1.913335697707132e+01  1.913335697707132e+01  1.913335697707132e+01  0
-2.181618954538510e-07  1.914542678104445e+01  1.914542678104445e+01  1.914542678104445e+01  1.914542678104445e+01  0
-1.990604114295588e-07  1.873491150167720e+01  1.873491150167720e+01  1.873491150167720e+01  1.873491150167720e+01  0
-1.816313857929757e-07  1.813310304782722e+01  1.813310304782722e+01  1.813310304782722e+01  1.813310304782722e+01  0
-1.657283840024157e-07  1.744968519809964e+01  1.744968519809964e+01  1.744968519809964e+01  1.744968519809964e+01  0
-1.512177928067889e-07  1.702199809956768e+01  1.702199809956768e+01  1.702199809956768e+01  1.702199809956768e+01  0
-1.379776976587405e-07  1.700728145842532e+01  1.700728145842532e+01  1.700728145842532e+01  1.700728145842532e+01  0
-1.258968584175240e-07  1.740339970493124e+01  1.740339970493124e+01  1.740339970493124e+01  1.740339970493124e+01  0
-1.148737747357103e-07  1.801303408735687e+01  1.801303408735687e+01  1.801303408735687e+01  1.801303408735687e+01  0
-1.048158332773291e-07  1.870071182326897e+01  1.870071182326897e+01  1.870071182326897e+01  1.870071182326897e+01  0
-9.563852960257586e-08  1.913388296723457e+01  1.913388296723457e+01  1.913388296723457e+01  1.913388296723457e+01  0
-8.726475818154038e-08  1.914593746910448e+01  1.914593746910448e+01  1.914593746910448e+01  1.914593746910448e+01  0
-7.962416457182352e-08  1.873540513080809e+01  1.873540513080809e+01  1.873540513080809e+01  1.873540513080809e+01  0
-7.265255431719029e-08  1.813360334300331e+01  1.813360334300331e+01  1.813360334300331e+01  1.813360334300331e+01  0
-6.629135360096627e-08  1.745017171556582e+01  1.745017171556582e+01  1.745017171556582e+01  1.745017171556582e+01  0
-6.048711712271557e-08  1.702248139472357e+01  1.702248139472357e+01  1.702248139472357e+01  1.702248139472357e+01  0
-5.519107906349619e-08  1.700777294124628e+01  1.700777294124628e+01  1.700777294124628e+01  1.700777294124628e+01  0
-5.035874336700961e-08  1.740390697645558e+01  1.740390697645558e+01  1.740390697645558e+01  1.740390697645558e+01  0
-4.594950989428412e-08  1.801354778007554e+01  1.801354778007554e+01  1.801354778007554e+01  1.801354778007554e+01  0
-4.192633331093166e-08  1.870123919745468e+01  1.870123919745468e+01  1.870123919745468e+01  1.870123919745468e+01  0
-3.825541184103035e-08  1.913441527120852e+01  1.913441527120852e+01  1.913441527120852e+01  1.913441527120852e+01  0
-3.490590327261615e-08  1.914646394382751e+01  1.914646394382751e+01  1.914646394382751e+01  1.914646394382751e+01  0
-3.184966582872941e-08  1.873591807926610e+01  1.873591807926610e+01  1.873591807926610e+01  1.873591807926610e+01  0
-2.906102172687611e-08  1.813410942983626e+01  1.813410942983626e+01  1.813410942983626e+01  1.813410942983626e+01  0
-2.651654144038651e-08  1.745066048434946e+01  1.745066048434946e+01  1.745066048434946e+01  1.745066048434946e+01  0
-2.419484684908623e-08  1.702296135305363e+01  1.702296135305363e+01  1.702296135305363e+01  1.702296135305363e+01  0
-2.207643162539847e-08  1.700825558241286e+01  1.700825558241286e+01  1.700825558241286e+01  1.700825558241286e+01  0
-2.014349734680384e-08  1.740440218995291e+01  1.740440218995291e+01  1.740440218995291e+01  1.740440218995291e+01  0
-1.837980395771364e-08  1.801405784895973e+01  1.801405784895973e+01  1.801405784895973e+01  1.801405784895973e+01  0
-1.677053332437266e-08  1.870176631120106e+01  1.870176631120106e+01  1.870176631120106e+01  1.870176631120106e+01  0
-1.530216473641213e-08  1.913495178679985e+01  1.913495178679985e+01  1.913495178679985e+01  1.913495178679985e+01  0
-1.396236130904646e-08  1.914699864180040e+01  1.914699864180040e+01  1.914699864180040e+01  1.914699864180040e+01  0
-1.273986633149176e-08  1.873644106836843e+01  1.873644106836843e+01  1.873644106836843e+01  1.873644106836843e+01  0
-1.162440869075045e-08  1.813462137665652e+01  1.813462137665652e+01  1.813462137665652e+01  1.813462137665652e+01  0
-1.060661657615460e-08  1.745115305220670e+01  1.745115305220670e+01  1.745115305220670e+01  1.745115305220670e+01  0
-9.677938739634492e-09  1.702344220034396e+01  1.702344220034396e+01  1.702344220034396e+01  1.702344220034396e+01  0
-8.830572650159389e-09  1.700873622255470e+01  1.700873622255470e+01  1.700873622255470e+01  1.700873622255470e+01  0
-8.057398938721539e-09  1.740489334318938e+01  1.740489334318938e+01  1.740489334318938e+01  1.740489334318938e+01  0
-7.351921583085459e-09  1.801457157937604e+01  1.801457157937604e+01  1.801457157937604e+01  1.801457157937604e+01  0
-6.708213329749065e-09  1.870229856214876e+01  1.870229856214876e+01  1.870229856214876e+01  1.870229856214876e+01  0
-6.120865894564855e-09  1.913549553288900e+01  1.913549553288900e+01  1.913549553288900e+01  1.913549553288900e+01  0
-5.584944523618584e-09  1.914754273323043e+01  1.914754273323043e+01  1.914754273323043e+01  1.914754273323043e+01  0
-5.095946532596706e-09  1.873697526177380e+01  1.873697526177380e+01  1.873697526177380e+01  1.873697526177380e+01  0
-4.649763476300179e-09  1.813514385182165e+01  1.813514385182165e+01  1.813514385182165e+01  1.813514385182165e+01  0
-4.242646630461842e-09  1.745165396575921e+01  1.745165396575921e+01  1.745165396575921e+01  1.745165396575921e+01  0
-3.871175495853797e-09  1.702392874833384e+01  1.702392874833384e+01  1.702392874833384e+01  1.702392874833384e+01  0
-3.532229060063756e-09  1.700921972782490e+01  1.700921972782490e+01  1.700921972782490e+01  1.700921972782490e+01  0
-3.222959575488616e-09  1.740538433263087e+01  1.740538433263087e+01  1.740538433263087e+01  1.740538433263087e+01  0
-2.940768633234184e-09  1.801509744776076e+01  1.801509744776076e+01  1.801509744776076e+01  1.801509744776076e+01  0
-2.683285331899626e-09  1.870284403743380e+01  1.870284403743380e+01  1.870284403743380e+01  1.870284403743380e+01  0
-2.448346357825942e-09  1.913605470223928e+01  1.913605470223928e+01  1.913605470223928e+01  1.913605470223928e+01  0
-2.233977809447434e-09  1.914810580022752e+01  1.914810580022752e+01  1.914810580022752e+01  1.914810580022752e+01  0
-2.038378613038682e-09  1.873753423704379e+01  1.873753423704379e+01  1.873753423704379e+01  1.873753423704379e+01  0
-1.859905390520071e-09  1.813569133130662e+01  1.813569133130662e+01  1.813569133130662e+01  1.813569133130662e+01  0
-1.697058652184737e-09  1.745217468116714e+01  1.745217468116714e+01  1.745217468116714e+01  1.745217468116714e+01  0
-1.548470198341519e-09  1.702442870219697e+01  1.702442870219697e+01  1.702442870219697e+01  1.702442870219697e+01  0
-1.412891624025502e-09  1.700970841426518e+01  1.700970841426518e+01  1.700970841426518e+01  1.700970841426518e+01  0
-1.289183830195446e-09  1.740586873586394e+01  1.740586873586394e+01  1.740586873586394e+01  1.740586873586394e+01  0
-1.176307453293673e-09  1.801565844759995e+01  1.801565844759995e+01  1.801565844759995e+01  1.801565844759995e+01  0
-1.073314132759850e-09  1.870342839480156e+01  1.870342839480156e+01  1.870342839480156e+01  1.870342839480156e+01  0
-9.793385431303769e-10  1.913666137481432e+01  1.913666137481432e+01  1.913666137481432e+01  1.913666137481432e+01  0
-8.935911237789734e-10  1.914873342193103e+01  1.914873342193103e+01  1.914873342193103e+01  1.914873342193103e+01  0
-8.153514452154729e-10  1.873818988988902e+01  1.873818988988902e+01  1.873818988988902e+01  1.873818988988902e+01  0
-7.439621562080285e-10  1.813629451037637e+01  1.813629451037637e+01  1.813629451037637e+01  1.813629451037637e+01  0
-6.788234608738945e-10  1.745273152954472e+01  1.745273152954472e+01  1.745273152954472e+01  1.745273152954472e+01  0
-6.193880793366075e-10  1.702493324991150e+01  1.702493324991150e+01  1.702493324991150e+01  1.702493324991150e+01  0
-5.651566496102009e-10  1.701014740477398e+01  1.701014740477398e+01  1.701014740477398e+01  1.701014740477398e+01  0
-5.156735320781784e-10  1.740620808351548e+01  1.740620808351548e+01  1.740620808351548e+01  1.740620808351548e+01  0
-4.705229813174694e-10  1.801632257645786e+01  1.801632257645786e+01  1.801632257645786e+01  1.801632257645786e+01  0
-4.293256531039402e-10  1.870414759355885e+01  1.870414759355885e+01  1.870414759355885e+01  1.870414759355885e+01  0
-3.917354172521507e-10  1.913747554972816e+01  1.913747554972816e+01  1.913747554972816e+01  1.913747554972816e+01  0
-3.574364495115894e-10  1.914971863121468e+01  1.914971863121468e+01  1.914971863121468e+01  1.914971863121468e+01  0
-3.261405780861892e-10  1.873948984439432e+01  1.873948984439432e+01  1.873948984439432e+01  1.873948984439432e+01  0
3.261405780861892e-10  1.873909878835764e+01  1.873909878835764e+01  1.873909878835764e+01  1.873909878835764e+01  0
3.574364495115894e-10  1.914929354015915e+01  1.914929354015915e+01  1.914929354015915e+01  1.914929354015915e+01  0
3.917354172521507e-10  1.913703339357532e+01  1.913703339357532e+01  1.913703339357532e+01  1.913703339357532e+01  0
4.293256531039402e-10  1.870370086302371e+01  1.870370086302371e+01  1.870370086302371e+01  1.870370086302371e+01  0
4.705229813174694e-10  1.801587105359852e+01  1.801587105359852e+01  1.801587105359852e+01  1.801587105359852e+01  0
5.156735320781784e-10  1.740601710244496e+01  1.740601710244496e+01  1.740601710244496e+01  1.740601710244496e+01  0
5.651566496102009e-10  1.700993605501512e+01  1.700993605501512e+01  1.700993605501512e+01  1.700993605501512e+01  0
6.193880793366075e-10  1.702468681345806e+01  1.702468681345806e+01  1.702468681345806e+01  1.702468681345806e+01  0
6.788234608738945e-10  1.745243758475177e+01  1.745243758475177e+01  1.745243758475177e+01  1.745243758475177e+01  0
7.439621562080285e-10  1.813594803529505e+01  1.813594803529505e+01  1.813594803529505e+01  1.813594803529505e+01  0
8.153514452154729e-10  1.873803258956805e+01  1.873803258956805e+01  1.873803258956805e+01  1.873803258956805e+01  0
8.935911237789734e-10  1.914856242725737e+01  1.914856242725737e+01  1.914856242725737e+01  1.914856242725737e+01  0
9.793385431303769e-10  1.913648354916931e+01  1.913648354916931e+01  1.913648354916931e+01  1.913648354916931e+01  0
1.073314132759850e-09  1.870324881371965e+01  1.870324881371965e+01  1.870324881371965e+01  1.870324881371965e+01  0
1.176307453293673e-09  1.801547709897809e+01  1.801547709897809e+01  1.801547709897809e+01  1.801547709897809e+01  0
1.289183830195446e-09  1.740579247471562e+01  1.740579247471562e+01  1.740579247471562e+01  1.740579247471562e+01  0
1.412891624025502e-09  1.700962381970078e+01  1.700962381970078e+01  1.700962381970078e+01  1.700962381970078e+01  0
1.548470198341519e-09  1.702432988695604e+01  1.702432988695604e+01  1.702432988695604e+01  1.702432988695604e+01  0
1.697058652184737e-09  1.745205669127010e+01  1.745205669127010e+01  1.745205669127010e+01  1.745205669127010e+01  0
1.859905390520071e-09  1.813555218790577e+01  1.813555218790577e+01  1.813555218790577e+01  1.813555218790577e+01  0
2.038378613038682e-09  1.873747198710445e+01  1.873747198710445e+01  1.873747198710445e+01  1.873747198710445e+01  0
2.233977809447434e-09  1.914803810643136e+01  1.914803810643136e+01  1.914803810643136e+01  1.914803810643136e+01  0
2.448346357825942e-09  1.913598427143257e+01  1.913598427143257e+01  1.913598427143257e+01  1.913598427143257e+01  0
2.683285331899626e-09  1.870277285984511e+01  1.870277285984511e+01  1.870277285984511e+01  1.870277285984511e+01  0
2.940768633234184e-09  1.801502548105788e+01  1.801502548105788e+01  1.801502548105788e+01  1.801502548105788e+01  0
3.222959575488616e-09  1.740535399176412e+01  1.740535399176412e+01  1.740535399176412e+01  1.740535399176412e+01  0
3.532229060063756e-09  1.700918614545057e+01  1.700918614545057e+01  1.700918614545057e+01  1.700918614545057e+01  0
3.871175495853797e-09  1.702388956531662e+01  1.702388956531662e+01  1.702388956531662e+01  1.702388956531662e+01  0
4.242646630461842e-09  1.745160718715208e+01  1.745160718715208e+01  1.745160718715208e+01  1.745160718715208e+01  0
4.649763476300179e-09  1.813508866508373e+01  1.813508866508373e+01  1.813508866508373e+01  1.813508866508373e+01  0
5.095946532596706e-09  1.873695032050496e+01  1.873695032050496e+01  1.873695032050496e+01  1.873695032050496e+01  0
5.584944523618584e-09  1.914751555696996e+01  1.914751555696996e+01  1.914751555696996e+01  1.914751555696996e+01  0
6.120865894564855e-09  1.913546723158429e+01  1.913546723158429e+01  1.913546723158429e+01  1.913546723158429e+01  0
6.708213329749065e-09  1.870226996049057e+01  1.870226996049057e+01  1.870226996049057e+01  1.870226996049057e+01  0
7.351921583085459e-09  1.801454268649696e+01  1.801454268649696e+01  1.801454268649696e+01  1.801454268649696e+01  0
8.057398938721539e-09  1.740488160630410e+01  1.740488160630410e+01  1.740488160630410e+01  1.740488160630410e+01  0
8.830572650159389e-09  1.700872312373421e+01  1.700872312373421e+01  1.700872312373421e+01  1.700872312373421e+01  0
9.677938739634492e-09  1.702342678834982e+01  1.702342678834982e+01  1.702342678834982e+01  1.702342678834982e+01  0
1.060661657615460e-08  1.745113452932828e+01  1.745113452932828e+01  1.745113452932828e+01  1.745113452932828e+01  0
1.162440869075045e-08  1.813459942561883e+01  1.813459942561883e+01  1.813459942561883e+01  1.813459942561883e+01  0
1.273986633149176e-08  1.873643147411711e+01  1.873643147411711e+01  1.873643147411711e+01  1.873643147411711e+01  0
1.396236130904646e-08  1.914698824165480e+01  1.914698824165480e+01  1.914698824165480e+01  1.914698824165480e+01  0
1.530216473641213e-08  1.913494099896024e+01  1.913494099896024e+01  1.913494099896024e+01  1.913494099896024e+01  0
1.677053332437266e-08  1.870175543507138e+01  1.870175543507138e+01  1.870175543507138e+01  1.870175543507138e+01  0
1.837980395771364e-08  1.801404685767248e+01  1.801404685767248e+01  1.801404685767248e+01  1.801404685767248e+01  0
2.014349734680384e-08  1.740439741469192e+01  1.740439741469192e+01  1.740439741469192e+01  1.740439741469192e+01  0
2.207643162539847e-08  1.700825031243300e+01  1.700825031243300e+01  1.700825031243300e+01  1.700825031243300e+01  0
2.419484684908623e-08  1.702295522304567e+01  1.702295522304567e+01  1.702295522304567e+01  1.702295522304567e+01  0
2.651654144038651e-08  1.745065318436316e+01  1.745065318436316e+01  1.745065318436316e+01  1.745065318436316e+01  0
2.906102172687611e-08  1.813410083115130e+01  1.813410083115130e+01  1.813410083115130e+01  1.813410083115130e+01  0
3.184966582872941e-08  1.873591409537452e+01  1.873591409537452e+01  1.873591409537452e+01  1.873591409537452e+01  0
3.490590327261615e-08  1.914645962126740e+01  1.914645962126740e+01  1.914645962126740e+01  1.914645962126740e+01  0
3.825541184103035e-08  1.913441078194195e+01  1.913441078194195e+01  1.913441078194195e+01  1.913441078194195e+01  0
4.192633331093166e-08  1.870123466889360e+01  1.870123466889360e+01  1.870123466889360e+01  1.870123466889360e+01  0
4.594950989428412e-08  1.801354321314094e+01  1.801354321314094e+01  1.801354321314094e+01  1.801354321314094e+01  0
5.035874336700961e-08  1.740390502563541e+01  1.740390502563541e+01  1.740390502563541e+01  1.740390502563541e+01  0
5.519107906349619e-08  1.700777077608395e+01  1.700777077608395e+01  1.700777077608395e+01  1.700777077608395e+01  0
6.048711712271557e-08  1.702247887132348e+01  1.702247887132348e+01  1.702247887132348e+01  1.702247887132348e+01  0
6.629135360096627e-08  1.745016871340652e+01  1.745016871340652e+01  1.745016871340652e+01  1.745016871340652e+01  0
7.265255431719029e-08  1.813359981480605e+01  1.813359981480605e+01  1.813359981480605e+01  1.813359981480605e+01  0
7.962416457182352e-08  1.873540355583192e+01  1.873540355583192e+01  1.873540355583192e+01  1.873540355583192e+01  0
8.726475818154038e-08  1.914593576099119e+01  1.914593576099119e+01  1.914593576099119e+01  1.914593576099119e+01  0
9.563852960257586e-08  1.913388119012247e+01  1.913388119012247e+01  1.913388119012247e+01  1.913388119012247e+01  0
1.048158332773291e-07  1.870071002323872e+01  1.870071002323872e+01  1.870071002323872e+01  1.870071002323872e+01  0
1.148737747357103e-07  1.801303226049579e+01  1.801303226049579e+01  1.801303226049579e+01  1.801303226049579e+01  0
1.258968584175240e-07  1.740339890928403e+01  1.740339890928403e+01  1.740339890928403e+01  1.740339890928403e+01  0
1.379776976587405e-07  1.700728058220210e+01  1.700728058220210e+01  1.700728058220210e+01  1.700728058220210e+01  0
1.512177928067889e-07  1.702199708610466e+01  1.702199708610466e+01  1.702199708610466e+01  1.702199708610466e+01  0
1.657283840024157e-07  1.744968399949755e+01  1.744968399949755e+01  1.744968399949755e+01  1.744968399949755e+01  0
1.816313857929757e-07  1.813310164458525e+01  1.813310164458525e+01  1.813310164458525e+01  1.813310164458525e+01  0
1.990604114295588e-07  1.873491085370707e+01  1.873491085370707e+01  1.873491085370707e+01  1.873491085370707e+01  0
2.181618954538510e-07  1.914542607524224e+01  1.914542607524224e+01  1.914542607524224e+01  1.914542607524224e+01  0
2.390963240064397e-07  1.913335623967446e+01  1.913335623967446e+01  1.913335623967446e+01  1.913335623967446e+01  0
2.620395831933229e-07  1.870017912376749e+01  1.870017912376749e+01  1.870017912376749e+01  1.870017912376749e+01  0
2.871844368392758e-07  1.801250670416246e+01  1.801250670416246e+01  1.801250670416246e+01  1.801250670416246e+01  0
3.147421460438101e-07  1.740286097269685e+01  1.740286097269685e+01  1.740286097269685e+01  1.740286097269685e+01  0
3.449442441468511e-07  1.700676588850317e+01  1.700676588850317e+01  1.700676588850317e+01  1.700676588850317e+01  0
3.780444820169723e-07  1.702150386456904e+01  1.702150386456904e+01  1.702150386456904e+01  1.702150386456904e+01  0
4.143209600060391e-07  1.744920110668058e+01  1.744920110668058e+01  1.744920110668058e+01  1.744920110668058e+01  0
4.540784644824392e-07  1.813261345709100e+01  1.813261345709100e+01  1.813261345709100e+01  1.813261345709100e+01  0
4.976510285738970e-07  1.873446264220113e+01  1.873446264220113e+01  1.873446264220113e+01  1.873446264220113e+01  0
5.454047386346274e-07  1.914495265008386e+01  1.914495265008386e+01  1.914495265008386e+01  1.914495265008386e+01  0
5.977408100160992e-07  1.913284428735613e+01  1.913284428735613e+01  1.913284428735613e+01  1.913284428735613e+01  0
6.550989579833072e-07  1.869963425075970e+01  1.869963425075970e+01  1.869963425075970e+01  1.869963425075970e+01  0
7.179610920981894e-07  1.801194637141183e+01  1.801194637141183e+01  1.801194637141183e+01  1.801194637141183e+01  0
7.868553651095252e-07  1.740224407895412e+01  1.740224407895412e+01  1.740224407895412e+01  1.740224407895412e+01  0
8.623606103671279e-07  1.700619004463644e+01  1.700619004463644e+01  1.700619004463644e+01  1.700619004463644e+01  0
9.451112050424309e-07  1.702098188781007e+01  1.702098188781007e+01  1.702098188781007e+01  1.702098188781007e+01  0
1.035802400015098e-06  1.744872267396819e+01  1.744872267396819e+01  1.744872267396819e+01  1.744872267396819e+01  0
1.135196161206098e-06  1.813215049468405e+01  1.813215049468405e+01  1.813215049468405e+01  1.813215049468405e+01  0
1.244127571434742e-06  1.873412078143193e+01  1.873412078143193e+01  1.873412078143193e+01  1.873412078143193e+01  0
1.363511846586568e-06  1.914456734486008e+01  1.914456734486008e+01  1.914456734486008e+01  1.914456734486008e+01  0
1.494352025040248e-06  1.913236410477866e+01  1.913236410477866e+01  1.913236410477866e+01  1.913236410477866e+01  0
1.637747394958268e-06  1.869905469200707e+01  1.869905469200707e+01  1.869905469200707e+01  1.869905469200707e+01  0
1.794902730245473e-06  1.801129955018142e+01  1.801129955018142e+01  1.801129955018142e+01  1.801129955018142e+01  0
1.967138412773813e-06  1.740142775506460e+01  1.740142775506460e+01  1.740142775506460e+01  1.740142775506460e+01  0
2.155901525917819e-06  1.700545648686827e+01  1.700545648686827e+01  1.700545648686827e+01  1.700545648686827e+01  0
2.362778012606077e-06  1.702038104778595e+01  1.702038104778595e+01  1.702038104778595e+01  1.702038104778595e+01  0
2.589506000037745e-06  1.744824786467666e+01  1.744824786467666e+01  1.744824786467666e+01  1.744824786467666e+01  0
2.837990403015245e-06  1.813174411349775e+01  1.813174411349775e+01  1.813174411349775e+01  1.813174411349775e+01  0
3.110318928586857e-06  1.873401321225559e+01  1.873401321225559e+01  1.873401321225559e+01  1.873401321225559e+01  0
3.408779616466421e-06  1.914438427268343e+01  1.914438427268343e+01  1.914438427268343e+01  1.914438427268343e+01  0
3.735880062600620e-06  1.913195604564906e+01  1.913195604564906e+01  1.913195604564906e+01  1.913195604564906e+01  0
4.094368487395670e-06  1.869838701724811e+01  1.869838701724811e+01  1.869838701724811e+01  1.869838701724811e+01  0
4.487256825613684e-06  1.801043626762111e+01  1.801043626762111e+01  1.801043626762111e+01  1.801043626762111e+01  0
4.917846031934533e-06  1.740009767198612e+01  1.740009767198612e+01  1.740009767198612e+01  1.740009767198612e+01  0
5.389753814794549e-06  1.700429621921848e+01  1.700429621921848e+01  1.700429621921848e+01  1.700429621921848e+01  0
5.906945031515193e-06  1.701953718301678e+01  1.701953718301678e+01  1.701953718301678e+01  1.701953718301678e+01  0
6.473765000094363e-06  1.744773250711914e+01  1.744773250711914e+01  1.744773250711914e+01  1.744773250711914e+01  0
7.094976007538114e-06  1.813143575549111e+01  1.813143575549111e+01  1.813143575549111e+01  1.813143575549111e+01  0
7.775797321467140e-06  1.873429241537182e+01  1.873429241537182e+01  1.873429241537182e+01  1.873429241537182e+01  0
8.521949041166052e-06  1.914459154380602e+01  1.914459154380602e+01  1.914459154380602e+01  1.914459154380602e+01  0
9.339700156501548e-06  1.913168006041692e+01  1.913168006041692e+01  1.913168006041692e+01  1.913168006041692e+01  0
1.023592121848917e-05  1.869748760403579e+01  1.869748760403579e+01  1.869748760403579e+01  1.869748760403579e+01  0
1.121814206403421e-05  1.800902754522756e+01  1.800902754522756e+01  1.800902754522756e+01  1.800902754522756e+01  0
1.229461507983633e-05  1.739738872917470e+01  1.739738872917470e+01  1.739738872917470e+01  1.739738872917470e+01  0
1.347438453698637e-05  1.700186813740548e+01  1.700186813740548e+01  1.700186813740548e+01  1.700186813740548e+01  0
1.476736257878798e-05  1.701780029802784e+01  1.701780029802784e+01  1.701780029802784e+01  1.701780029802784e+01  0
1.618441250023591e-05  1.744680585773854e+01  1.744680585773854e+01  1.744680585773854e+01  1.744680585773854e+01  0
1.773744001884528e-05  1.813110010289329e+01  1.813110010289329e+01  1.813110010289329e+01  1.813110010289329e+01  0
1.943949330366785e-05  1.873428853591667e+01  1.873428853591667e+01  1.873428853591667e+01  1.873428853591667e+01  0
2.130487260291513e-05  1.914504401796110e+01  1.914504401796110e+01  1.914504401796110e+01  1.914504401796110e+01  0
2.334925039125387e-05  1.913142441155508e+01  1.913142441155508e+01  1.913142441155508e+01  1.913142441155508e+01  0
2.558980304622294e-05  1.869593333517737e+01  1.869593333517737e+01  1.869593333517737e+01  1.869593333517737e+01  0
2.804535516008552e-05  1.800622862136022e+01  1.800622862136022e+01  1.800622862136022e+01  1.800622862136022e+01  0
3.073653769959083e-05  1.739066222115953e+01  1.739066222115953e+01  1.739066222115953e+01  1.739066222115953e+01  0
3.368596134246593e-05  1.699505381394429e+01  1.699505381394429e+01  1.699505381394429e+01  1.699505381394429e+01  0
3.691840644696995e-05  1.701208015625264e+01  1.701208015625264e+01  1.701208015625264e+01  1.701208015625264e+01  0
4.046103125058977e-05  1.744292950043109e+01  1.744292950043109e+01  1.744292950043109e+01  1.744292950043109e+01  0
4.434360004711321e-05  1.812899184651866e+01  1.812899184651866e+01  1.812899184651866e+01  1.812899184651866e+01  0
4.859873325916964e-05  1.872571199263879e+01  1.872571199263879e+01  1.872571199263879e+01  1.872571199263879e+01  0
5.326218150728783e-05  1.914139098619056e+01  1.914139098619056e+01  1.914139098619056e+01  1.914139098619056e+01  0
5.837312597813469e-05  1.912914520891634e+01  1.912914520891634e+01  1.912914520891634e+01  1.912914520891634e+01  0
6.397450761555734e-05  1.869219398544518e+01  1.869219398544518e+01  1.869219398544518e+01  1.869219398544518e+01  0
7.011338790021381e-05  1.799977254792848e+01  1.799977254792848e+01  1.799977254792848e+01  1.799977254792848e+01  0
7.684134424897707e-05  1.737089984878150e+01  1.737089984878150e+01  1.737089984878150e+01  1.737089984878150e+01  0
8.421490335616483e-05  1.697061055765217e+01  1.697061055765217e+01  1.697061055765217e+01  1.697061055765217e+01  0
9.229601611742488e-05  1.698625056452207e+01  1.698625056452207e+01  1.698625056452207e+01  1.698625056452207e+01  0
1.011525781264744e-04  1.742009634852181e+01  1.742009634852181e+01  1.742009634852181e+01  1.742009634852181e+01  0
1.108590001177830e-04  1.811187670894257e+01  1.811187670894257e+01  1.811187670894257e+01  1.811187670894257e+01  0
1.214968331479241e-04  1.865636847729299e+01  1.865636847729299e+01  1.865636847729299e+01  1.865636847729299e+01  0
1.331554537682195e-04  1.910019720852817e+01  1.910019720852817e+01  1.910019720852817e+01  1.910019720852817e+01  0
1.459328149453367e-04  1.910853031030922e+01  1.910853031030922e+01  1.910853031030922e+01  1.910853031030922e+01  0
1.599362690388933e-04  1.867921255517146e+01  1.867921255517146e+01  1.867921255517146e+01  1.867921255517146e+01  0
1.752834697505345e-04  1.798333458685665e+01  1.798333458685665e+01  1.798333458685665e+01  1.798333458685665e+01  0
1.921033606224427e-04  1.755933209468679e+01  1.755933209468679e+01  1.755933209468679e+01  1.755933209468679e+01  0
2.105372583904121e-04  1.702278138801968e+01  1.702278138801968e+01  1.702278138801968e+01  1.702278138801968e+01  0
2.307400402935622e-04  1.694244110204453e+01  1.694244110204453e+01  1.694244110204453e+01  1.694244110204453e+01  0
2.528814453161860e-04  1.732827596947565e+01  1.732827596947565e+01  1.732827596947565e+01  1.732827596947565e+01  0
2.771475002944575e-04  1.801357659503199e+01  1.801357659503199e+01  1.801357659503199e+01  1.801357659503199e+01  0
3.037420828698102e-04  2.016864749275993e+01  2.016864749275993e+01  2.016864749275993e+01  2.016864749275993e+01  0
3.328886344205489e-04  2.021702723301602e+01  2.021702723301602e+01  2.021702723301602e+01  2.021702723301602e+01  0
3.648320373633417e-04  1.992815403306144e+01  1.992815403306144e+01  1.992815403306144e+01  1.992815403306144e+01  0
3.998406725972333e-04  1.925822254699204e+01  1.925822254699204e+01  1.925822254699204e+01  1.925822254699204e+01  0
4.382086743763362e-04  1.835138270308498e+01  1.835138270308498e+01  1.835138270308498e+01  1.835138270308498e+01  0
4.802584015561067e-04  2.211304508359530e+01  2.211304508359530e+01  2.211304508359530e+01  2.211304508359530e+01  0
5.263431459760303e-04  2.112664781963240e+01  2.112664781963240e+01  2.112664781963240e+01  2.112664781963240e+01  0
5.768501007339055e-04  2.038055159078799e+01  2.038055159078799e+01  2.038055159078799e+01  2.038055159078799e+01  0
6.322036132904651e-04  2.005018758667561e+01  2.005018758667561e+01  2.005018758667561e+01  2.005018758667561e+01  0
6.928687507361440e-04  2.009626165507308e+01  2.009626165507308e+01  2.009626165507308e+01  2.009626165507308e+01  0
7.593552071745256e-04  2.493733925627677e+01  2.493733925627677e+01  2.493733925627677e+01  2.493733925627677e+01  0
8.322215860513723e-04  2.511538179699381e+01  2.511538179699381e+01  2.511538179699381e+01  2.511538179699381e+01  0
9.120800934083544e-04  2.500285040473730e+01  2.500285040473730e+01  2.500285040473730e+01  2.500285040473730e+01  0
9.996016814930835e-04  2.446559686523912e+01  2.446559686523912e+01  2.446559686523912e+01  2.446559686523912e+01  0
1.095521685940841e-03  2.353022129766191e+01  2.353022129766191e+01  2.353022129766191e+01  2.353022129766191e+01  0
1.200646003890267e-03  2.517593360978502e+01  2.517593360978502e+01  2.517593360978502e+01  2.517593360978502e+01  0
1.315857864940076e-03  2.522334248576657e+01  2.522334248576657e+01  2.522334248576657e+01  2.522334248576657e+01  0
1.442125251834764e-03  2.512279370541131e+01  2.512279370541131e+01  2.512279370541131e+01  2.512279370541131e+01  0
1.580509033226163e-03  2.507355465779551e+01  2.507355465779551e+01  2.507355465779551e+01  2.507355465779551e+01  0
1.732171876840360e-03  2.517359355006307e+01  2.517359355006307e+01  2.517359355006307e+01  2.517359355006307e+01  0
1.898388017936314e-03  2.067447345408973e+01  2.067447345408973e+01  2.067447345408973e+01  2.067447345408973e+01  0
2.080553965128431e-03  2.218460850358428e+01  2.218460850358428e+01  2.218460850358428e+01  2.218460850358428e+01  0
2.280200233520886e-03  2.348021244072548e+01  2.348021244072548e+01  2.348021244072548e+01  2.348021244072548e+01  0
2.499004203732709e-03  2.444730820491856e+01  2.444730820491856e+01  2.444730820491856e+01  2.444730820491856e+01  0
2.738804214852102e-03  2.498516727051370e+01  2.498516727051370e+01  2.498516727051370e+01  2.498516727051370e+01  0
3.001615009725670e-03  1.375077437248866e+01  1.375077437248866e+01  1.375077437248866e+01  1.375077437248866e+01  0
3.289644662350192e-03  1.520340764280344e+01  1.520340764280344e+01  1.520340764280344e+01  1.520340764280344e+01  0
3.605313129586913e-03  1.666354494823456e+01  1.666354494823456e+01  1.666354494823456e+01  1.666354494823456e+01  0
3.951272583065411e-03  1.813683647120659e+01  1.813683647120659e+01  1.813683647120659e+01  1.813683647120659e+01  0
4.330429692100904e-03  1.963130808967424e+01  1.963130808967424e+01  1.963130808967424e+01  1.963130808967424e+01  0
4.745970044840788e-03  7.745259038078046e+00  7.745259038078046e+00  7.745259038078046e+00  7.745259038078046e+00  0
5.201384912821080e-03  8.913044319439443e+00  8.913044319439443e+00  8.913044319439443e+00  8.913044319439443e+00  0
5.700500583802218e-03  1.012352967823620e+01  1.012352967823620e+01  1.012352967823620e+01  1.012352967823620e+01  0
6.247510509331775e-03  1.137899412852166e+01  1.137899412852166e+01  1.137899412852166e+01  1.137899412852166e+01  0
6.847010537130258e-03  1.268027691993864e+01  1.268027691993864e+01  1.268027691993864e+01  1.268027691993864e+01  0
7.504037524314174e-03  3.581540842222303e+00  3.581540842222303e+00  3.581540842222303e+00  3.581540842222303e+00  0
8.224111655875478e-03  4.292345022797481e+00  4.292345022797481e+00  4.292345022797481e+00  4.292345022797481e+00  0
9.013282823967282e-03  5.079566596205809e+00  5.079566596205809e+00  5.079566596205809e+00  5.079566596205809e+00  0
9.878181457663525e-03  5.951730637870517e+00  5.951730637870517e+00  5.951730637870517e+00  5.951730637870517e+00  0
1.082607423025226e-02  6.915497753920450e+00  6.915497753920450e+00  6.915497753920450e+00  6.915497753920450e+00  0
1.186492511210197e-02  1.304238882143850e+00  1.304238882143850e+00  1.304238882143850e+00  1.304238882143850e+00  0
1.300346228205270e-02  1.631518522391921e+00  1.631518522391921e+00  1.631518522391921e+00  1.631518522391921e+00  0
1.425125145950555e-02  2.017762414475015e+00  2.017762414475015e+00  2.017762414475015e+00  2.017762414475015e+00  0
1.561877627332944e-02  2.470191241416968e+00  2.470191241416968e+00  2.470191241416968e+00  2.470191241416968e+00  0
1.711752634282565e-02  2.997655401454927e+00  2.997655401454927e+00  2.997655401454927e+00  2.997655401454927e+00  0
1.876009381078543e-02  4.599352581234998e-01  4.599352581234998e-01  4.599352581234998e-01  4.599352581234998e-01  0
2.056027913968870e-02  5.757675359960065e-01  5.757675359960065e-01  5.757675359960065e-01  5.757675359960065e-01  0
2.253320705991821e-02  7.202205813733491e-01  7.202205813733491e-01  7.202205813733491e-01  7.202205813733491e-01  0
2.469545364415881e-02  9.035113459817468e-01  9.035113459817468e-01  9.035113459817468e-01  9.035113459817468e-01  0
2.706518557563065e-02  1.136266505276356e+00  1.136266505276356e+00  1.136266505276356e+00  1.136266505276356e+00  0
2.966231278025492e-02  1.781597316026258e-01  1.781597316026258e-01  1.781597316026258e-01  1.781597316026258e-01  0
3.250865570513176e-02  2.244359667156885e-01  2.244359667156885e-01  2.244359667156885e-01  2.244359667156885e-01  0
3.562812864876387e-02  2.783382078967678e-01  2.783382078967678e-01  2.783382078967678e-01  2.783382078967678e-01  0
3.904694068332360e-02  3.412614634437711e-01  3.412614634437711e-01  3.412614634437711e-01  3.412614634437711e-01  0
4.279381585706412e-02  4.147410406997141e-01  4.147410406997141e-01  4.147410406997141e-01  4.147410406997141e-01  0
4.690023452696358e-02  8.704085099325144e-02  8.704085099325144e-02  8.704085099325144e-02  8.704085099325144e-02  0
5.140069784922174e-02  1.018290486446719e-01  1.018290486446719e-01  1.018290486446719e-01  1.018290486446719e-01  0
5.633301764979550e-02  1.189475992234773e-01  1.189475992234773e-01  1.189475992234773e-01  1.189475992234773e-01  0
6.173863411039702e-02  1.404823951725225e-01  1.404823951725225e-01  1.404823951725225e-01  1.404823951725225e-01  0
6.766296393907660e-02  1.687782590427655e-01  1.687782590427655e-01  1.687782590427655e-01  1.687782590427655e-01  0
7.415578195063731e-02  3.825673412274838e-02  3.825673412274838e-02  3.825673412274838e-02  3.825673412274838e-02  0
8.127163926282939e-02  4.752406481051844e-02  4.752406481051844e-02  4.752406481051844e-02  4.752406481051844e-02  0
8.907032162190968e-02  5.799142887791004e-02  5.799142887791004e-02  5.799142887791004e-02  5.799142887791004e-02  0
9.761735170830900e-02  6.953779115874802e-02  6.953779115874802e-02  6.953779115874802e-02  6.953779115874802e-02  0
1.069845396426603e-01  8.211767423180072e-02  8.211767423180072e-02  8.211767423180072e-02  8.211767423180072e-02  0
1.172505863174089e-01  9.429530626238468e-03  9.429530626238468e-03  9.429530626238468e-03  9.429530626238468e-03  0
1.285017446230543e-01  1.323873161550176e-02  1.323873161550176e-02  1.323873161550176e-02  1.323873161550176e-02  0
1.408325441244888e-01  1.794087889475686e-02  1.794087889475686e-02  1.794087889475686e-02  1.794087889475686e-02  0
1.543465852759926e-01  2.368081474975331e-02  2.368081474975331e-02  2.368081474975331e-02  2.368081474975331e-02  0
1.691574098476915e-01  3.069854744869218e-02  3.069854744869218e-02  3.069854744869218e-02  3.069854744869218e-02  0
1.853894548765933e-01  1.277513650584680e-03  1.277513650584680e-03  1.277513650584680e-03  1.277513650584680e-03  0
2.031790981570735e-01  1.938307600615320e-03  1.938307600615320e-03  1.938307600615320e-03  1.938307600615320e-03  0
2.226758040547742e-01  2.961093413167709e-03  2.961093413167709e-03  2.961093413167709e-03  2.961093413167709e-03  0
2.440433792707725e-01  4.495915756927359e-03  4.495915756927359e-03  4.495915756927359e-03  4.495915756927359e-03  0
2.674613491066508e-01  6.696059996965010e-03  6.696059996965010e-03  6.696059996965010e-03  6.696059996965010e-03  0
2.931264657935224e-01  2.403714668190753e-04  2.403714668190753e-04  2.403714668190753e-04  2.403714668190753e-04  0
3.212543615576359e-01  3.483368095307788e-04  3.483368095307788e-04  3.483368095307788e-04  3.483368095307788e-04  0
3.520813603112219e-01  4.886691583045364e-04  4.886691583045364e-04  4.886691583045364e-04  4.886691583045364e-04  0
3.858664631899815e-01  6.763926352627476e-04  6.763926352627476e-04  6.763926352627476e-04  6.763926352627476e-04  0
4.228935246192289e-01  9.459423549863156e-04  9.459423549863156e-04  9.459423549863156e-04  9.459423549863156e-04  0
4.634736371914833e-01  2.921802885446696e-05  2.921802885446696e-05  2.921802885446696e-05  2.921802885446696e-05  0
5.079477453926837e-01  4.558619672104366e-05  4.558619672104366e-05  4.558619672104366e-05  4.558619672104366e-05  0
5.566895101369356e-01  7.040900744827569e-05  7.040900744827569e-05  7.040900744827569e-05  7.040900744827569e-05  0
6.101084481769313e-01  1.077888584123460e-04  1.077888584123460e-04  1.077888584123460e-04  1.077888584123460e-04  0
6.686533727666270e-01  1.632618294240578e-04  1.632618294240578e-04  1.632618294240578e-04  1.632618294240578e-04  0
7.328161644838057e-01  2.089434812842392e-06  2.089434812842392e-06  2.089434812842392e-06  2.089434812842392e-06  0
8.031359038940895e-01  3.740644896508604e-06  3.740644896508604e-06  3.740644896508604e-06  3.740644896508604e-06  0
8.802034007780546e-01  6.314255063258116e-06  6.314255063258116e-06  6.314255063258116e-06  6.314255063258116e-06  0
9.646661579749534e-01  1.016829868436242e-05  1.016829868436242e-05  1.016829868436242e-05  1.016829868436242e-05  0
1.057233811548072e+00  1.588971765115677e-05  1.588971765115677e-05  1.588971765115677e-05  1.588971765115677e-05  0
1.158684092978708e+00  4.745456821325845e-08  4.745456821325845e-08  4.745456821325845e-08  4.745456821325845e-08  0
1.269869363481709e+00  1.144876087325986e-07  1.144876087325986e-07  1.144876087325986e-07  1.144876087325986e-07  0
1.391723775342339e+00  2.569000434925783e-07  2.569000434925783e-07  2.569000434925783e-07  2.569000434925783e-07  0
1.525271120442328e+00  5.373681640318739e-07  5.373681640318739e-07  5.373681640318739e-07  5.373681640318739e-07  0
1.671633431916567e+00  1.051530615398543e-06  1.051530615398543e-06  1.051530615398543e-06  1.051530615398543e-06  0
1.832040411209514e+00  5.198677961580901e-10  5.198677961580901e-10  5.198677961580901e-10  5.198677961580901e-10  0
2.007839759735224e+00  1.176514376665176e-09  1.176514376665176e-09  1.176514376665176e-09  1.176514376665176e-09  0
2.200508501945136e+00  2.611204746911870e-09  2.611204746911870e-09  2.611204746911870e-09  2.611204746911870e-09  0
2.411665394937383e+00  5.765773072950271e-09  5.765773072950271e-09  5.765773072950271e-09  5.765773072950271e-09  0
2.643084528870179e+00  1.279615544130051e-08  1.279615544130051e-08  1.279615544130051e-08  1.279615544130051e-08  0
