-2.643084528870179e+00  2.008744897301596e-05  2.008744897301596e-05  2.008744897301596e-05  2.008744897301596e-05  0
-2.411665394937383e+00  9.260973810578456e-06  9.260973810578456e-06  9.260973810578456e-06  9.260973810578456e-06  0
-2.200508501945136e+00  4.245618976926652e-06  4.245618976926652e-06  4.245618976926652e-06  4.245618976926652e-06  0
-2.007839759735224e+00  1.896630064907342e-06  1.896630064907342e-06  1.896630064907342e-06  1.896630064907342e-06  0
-1.832040411209514e+00  8.126214104002412e-07  8.126214104002412e-07  8.126214104002412e-07  8.126214104002412e-07  0
-1.671633431916567e+00  1.512208386524913e-03  1.512208386524913e-03  1.512208386524913e-03  1.512208386524913e-03  0
-1.525271120442328e+00  7.226073006018264e-04  7.226073006018264e-04  7.226073006018264e-04  7.226073006018264e-04  0
-1.391723775342339e+00  3.200973366182829e-04  3.200973366182829e-04  3.200973366182829e-04  3.200973366182829e-04  0
-1.269869363481709e+00  1.314959294549024e-04  1.314959294549024e-04  1.314959294549024e-04  1.314959294549024e-04  0
-1.158684092978708e+00  5.013307260066450e-05  5.013307260066450e-05  5.013307260066450e-05  5.013307260066450e-05  0
-1.057233811548072e+00  1.960765643111561e-02  1.960765643111561e-02  1.960765643111561e-02  1.960765643111561e-02  0
-9.646661579749534e-01  1.320883298719003e-02  1.320883298719003e-02  1.320883298719003e-02  1.320883298719003e-02  0
-8.802034007780546e-01  8.466635026751360e-03  8.466635026751360e-03  8.466635026751360e-03  8.466635026751360e-03  0
-8.031359038940895e-01  5.098264510342592e-03  5.098264510342592e-03  5.098264510342592e-03  5.098264510342592e-03  0
-7.328161644838057e-01  2.863173226339032e-03  2.863173226339032e-03  2.863173226339032e-03  2.863173226339032e-03  0
-6.686533727666270e-01  1.412536775274374e-01  1.412536775274374e-01  1.412536775274374e-01  1.412536775274374e-01  0
-6.101084481769313e-01  9.198094244406076e-02  9.198094244406076e-02  9.198094244406076e-02  9.198094244406076e-02  0
-5.566895101369356e-01  6.071241472866740e-02  6.071241472866740e-02  6.071241472866740e-02  6.071241472866740e-02  0
-5.079477453926837e-01  4.100224524928782e-02  4.100224524928782e-02  4.100224524928782e-02  4.100224524928782e-02  0
-4.634736371914833e-01  2.818484387653411e-02  2.818484387653411e-02  2.818484387653411e-02  2.818484387653411e-02  0
-4.228935246192289e-01  9.515844425543504e-01  9.515844425543504e-01  9.515844425543504e-01  9.515844425543504e-01  0
-3.858664631899815e-01  6.833302854262503e-01  6.833302854262503e-01  6.833302854262503e-01  6.833302854262503e-01  0
-3.520813603112219e-01  4.716553709330361e-01  4.716553709330361e-01  4.716553709330361e-01  4.716553709330361e-01  0
-3.212543615576359e-01  3.121687183379716e-01  3.121687183379716e-01  3.121687183379716e-01  3.121687183379716e-01  0
-2.931264657935224e-01  1.972273400420368e-01  1.972273400420368e-01  1.972273400420368e-01  1.972273400420368e-01  0
-2.674613491066508e-01  2.481450219137194e+00  2.481450219137194e+00  2.481450219137194e+00  2.481450219137194e+00  0
-2.440433792707725e-01  2.274552323250939e+00  2.274552323250939e+00  2.274552323250939e+00  2.274552323250939e+00  0
-2.226758040547742e-01  1.969806671549482e+00  1.969806671549482e+00  1.969806671549482e+00  1.969806671549482e+00  0
-2.031790981570735e-01  1.616928775101867e+00  1.616928775101867e+00  1.616928775101867e+00  1.616928775101867e+00  0
-1.853894548765933e-01  1.263536683101135e+00  1.263536683101135e+00  1.263536683101135e+00  1.263536683101135e+00  0
-1.691574098476915e-01  1.727366687049972e+00  1.727366687049972e+00  1.727366687049972e+00  1.727366687049972e+00  0
-1.543465852759926e-01  1.983954066094640e+00  1.983954066094640e+00  1.983954066094640e+00  1.983954066094640e+00  0
-1.408325441244888e-01  2.212895395729920e+00  2.212895395729920e+00  2.212895395729920e+00  2.212895395729920e+00  0
-1.285017446230543e-01  2.359407999684936e+00  2.359407999684936e+00  2.359407999684936e+00  2.359407999684936e+00  0
-1.172505863174089e-01  2.375578246742674e+00  2.375578246742674e+00  2.375578246742674e+00  2.375578246742674e+00  0
-1.069845396426603e-01  7.409327862225544e-01  7.409327862225544e-01  7.409327862225544e-01  7.409327862225544e-01  0
-9.761735170830900e-02  7.791163375404326e-01  7.791163375404326e-01  7.791163375404326e-01  7.791163375404326e-01  0
-8.907032162190968e-02  7.836381929444320e-01  7.836381929444320e-01  7.836381929444320e-01  7.836381929444320e-01  0
-8.127163926282939e-02  7.452534100309673e-01  7.452534100309673e-01  7.452534100309673e-01  7.452534100309673e-01  0
-7.415578195063731e-02  6.658690738949683e-01  6.658690738949683e-01  6.658690738949683e-01  6.658690738949683e-01  0
-6.766296393907660e-02  5.662908862363963e-01  5.662908862363963e-01  5.662908862363963e-01  5.662908862363963e-01  0
-6.173863411039702e-02  5.459155867109253e-01  5.459155867109253e-01  5.459155867109253e-01  5.459155867109253e-01  0
-5.633301764979550e-02  5.388682012424993e-01  5.388682012424993e-01  5.388682012424993e-01  5.388682012424993e-01  0
-5.140069784922174e-02  5.485356266809061e-01  5.485356266809061e-01  5.485356266809061e-01  5.485356266809061e-01  0
-4.690023452696358e-02  5.699740658516507e-01  5.699740658516507e-01  5.699740658516507e-01  5.699740658516507e-01  0
-4.279381585706412e-02  6.078698818667604e-01  6.078698818667604e-01  6.078698818667604e-01  6.078698818667604e-01  0
-3.904694068332360e-02  6.083852247740683e-01  6.083852247740683e-01  6.083852247740683e-01  6.083852247740683e-01  0
-3.562812864876387e-02  5.996446017181584e-01  5.996446017181584e-01  5.996446017181584e-01  5.996446017181584e-01  0
-3.250865570513176e-02  5.735608433173455e-01  5.735608433173455e-01  5.735608433173455e-01  5.735608433173455e-01  0
-2.966231278025492e-02  5.261475415135098e-01  5.261475415135098e-01  5.261475415135098e-01  5.261475415135098e-01  0
-2.706518557563065e-02  7.461653454852663e-01  7.461653454852663e-01  7.461653454852663e-01  7.461653454852663e-01  0
-2.469545364415881e-02  6.683569686255533e-01  6.683569686255533e-01  6.683569686255533e-01  6.683569686255533e-01  0
-2.253320705991821e-02  6.045527192737921e-01  6.045527192737921e-01  6.045527192737921e-01  6.045527192737921e-01  0
-2.056027913968870e-02  5.534284617688754e-01  5.534284617688754e-01  5.534284617688754e-01  5.534284617688754e-01  0
-1.876009381078543e-02  5.117861983905387e-01  5.117861983905387e-01  5.117861983905387e-01  5.117861983905387e-01  0
-1.711752634282565e-02  1.294653842112390e+00  1.294653842112390e+00  1.294653842112390e+00  1.294653842112390e+00  0
-1.561877627332944e-02  1.119635195976482e+00  1.119635195976482e+00  1.119635195976482e+00  1.119635195976482e+00  0
-1.425125145950555e-02  9.791844741399895e-01  9.791844741399895e-01  9.791844741399895e-01  9.791844741399895e-01  0
-1.300346228205270e-02  8.611111822335927e-01  8.611111822335927e-01  8.611111822335927e-01  8.611111822335927e-01  0
-1.186492511210197e-02  7.539095319930251e-01  7.539095319930251e-01  7.539095319930251e-01  7.539095319930251e-01  0
-1.082607423025226e-02  2.442316122661434e+00  2.442316122661434e+00  2.442316122661434e+00  2.442316122661434e+00  0
-9.878181457663525e-03  2.242554089452019e+00  2.242554089452019e+00  2.242554089452019e+00  2.242554089452019e+00  0
-9.013282823967282e-03  1.989181496021906e+00  1.989181496021906e+00  1.989181496021906e+00  1.989181496021906e+00  0
-8.224111655875478e-03  1.718345230601040e+00  1.718345230601040e+00  1.718345230601040e+00  1.718345230601040e+00  0
-7.504037524314174e-03  1.458050543482872e+00  1.458050543482872e+00  1.458050543482872e+00  1.458050543482872e+00  0
-6.847010537130258e-03  1.910387005054729e+00  1.910387005054729e+00  1.910387005054729e+00  1.910387005054729e+00  0
-6.247510509331775e-03  2.170902043025792e+00  2.170902043025792e+00  2.170902043025792e+00  2.170902043025792e+00  0
-5.700500583802218e-03  2.388349166657001e+00  2.388349166657001e+00  2.388349166657001e+00  2.388349166657001e+00  0
-5.201384912821080e-03  2.513870909365569e+00  2.513870909365569e+00  2.513870909365569e+00  2.513870909365569e+00  0
-4.745970044840788e-03  2.511662756362208e+00  2.511662756362208e+00  2.511662756362208e+00  2.511662756362208e+00  0
-4.330429692100904e-03  1.045652218292709e+00  1.045652218292709e+00  1.045652218292709e+00  1.045652218292709e+00  0
-3.951272583065411e-03  1.126029286424690e+00  1.126029286424690e+00  1.126029286424690e+00  1.126029286424690e+00  0
-3.605313129586913e-03  1.239049819947674e+00  1.239049819947674e+00  1.239049819947674e+00  1.239049819947674e+00  0
-3.289644662350192e-03  1.390639915636242e+00  1.390639915636242e+00  1.390639915636242e+00  1.390639915636242e+00  0
-3.001615009725670e-03  1.580241599812337e+00  1.580241599812337e+00  1.580241599812337e+00  1.580241599812337e+00  0
-2.738804214852102e-03  1.130444940934611e+00  1.130444940934611e+00  1.130444940934611e+00  1.130444940934611e+00  0
-2.499004203732709e-03  1.056724064311875e+00  1.056724064311875e+00  1.056724064311875e+00  1.056724064311875e+00  0
-2.280200233520886e-03  9.941295017012853e-01  9.941295017012853e-01  9.941295017012853e-01  9.941295017012853e-01  0
-2.080553965128431e-03  9.503694670882038e-01  9.503694670882038e-01  9.503694670882038e-01  9.503694670882038e-01  0
-1.898388017936314e-03  9.212525123886472e-01  9.212525123886472e-01  9.212525123886472e-01  9.212525123886472e-01  0
-1.732171876840360e-03  1.177433712283601e+00  1.177433712283601e+00  1.177433712283601e+00  1.177433712283601e+00  0
-1.580509033226163e-03  1.222765795036933e+00  1.222765795036933e+00  1.222765795036933e+00  1.222765795036933e+00  0
-1.442125251834764e-03  1.244986286044957e+00  1.244986286044957e+00  1.244986286044957e+00  1.244986286044957e+00  0
-1.315857864940076e-03  1.227336427476229e+00  1.227336427476229e+00  1.227336427476229e+00  1.227336427476229e+00  0
-1.200646003890267e-03  1.166807072992148e+00  1.166807072992148e+00  1.166807072992148e+00  1.166807072992148e+00  0
-1.095521685940841e-03  1.333128295417010e+00  1.333128295417010e+00  1.333128295417010e+00  1.333128295417010e+00  0
-9.996016814930835e-04  1.248850253681599e+00  1.248850253681599e+00  1.248850253681599e+00  1.248850253681599e+00  0
-9.120800934083544e-04  1.178535198288824e+00  1.178535198288824e+00  1.178535198288824e+00  1.178535198288824e+00  0
-8.322215860513723e-04  1.142191230687819e+00  1.142191230687819e+00  1.142191230687819e+00  1.142191230687819e+00  0
-7.593552071745256e-04  1.143937281352908e+00  1.143937281352908e+00  1.143937281352908e+00  1.143937281352908e+00  0
-6.928687507361440e-04  1.276708879452914e+00  1.276708879452914e+00  1.276708879452914e+00  1.276708879452914e+00  0
-6.322036132904651e-04  1.352561112965204e+00  1.352561112965204e+00  1.352561112965204e+00  1.352561112965204e+00  0
-5.768501007339055e-04  1.408799015891612e+00  1.408799015891612e+00  1.408799015891612e+00  1.408799015891612e+00  0
-5.263431459760303e-04  1.418561733311887e+00  1.418561733311887e+00  1.418561733311887e+00  1.418561733311887e+00  0
-4.802584015561067e-04  1.371223544839059e+00  1.371223544839059e+00  1.371223544839059e+00  1.371223544839059e+00  0
-4.382086743763362e-04  1.455229863776332e+00  1.455229863776332e+00  1.455229863776332e+00  1.455229863776332e+00  0
-3.998406725972333e-04  1.352421024680187e+00  1.352421024680187e+00  1.352421024680187e+00  1.352421024680187e+00  0
-3.648320373633417e-04  1.264686829927588e+00  1.264686829927588e+00  1.264686829927588e+00  1.264686829927588e+00  0
-3.328886344205489e-04  1.220427617917924e+00  1.220427617917924e+00  1.220427617917924e+00  1.220427617917924e+00  0
-3.037420828698102e-04  1.229098712840006e+00  1.229098712840006e+00  1.229098712840006e+00  1.229098712840006e+00  0
-2.771475002944575e-04  1.348958001556720e+00  1.348958001556720e+00  1.348958001556720e+00  1.348958001556720e+00  0
-2.528814453161860e-04  1.447138303146152e+00  1.447138303146152e+00  1.447138303146152e+00  1.447138303146152e+00  0
-2.307400402935622e-04  1.525187888953328e+00  1.525187888953328e+00  1.525187888953328e+00  1.525187888953328e+00  0
-2.105372583904121e-04  1.548689100944125e+00  1.548689100944125e+00  1.548689100944125e+00  1.548689100944125e+00  0
-1.921033606224427e-04  1.502483119585558e+00  1.502483119585558e+00  1.502483119585558e+00  1.502483119585558e+00  0
-1.752834697505345e-04  1.541681504893297e+00  1.541681504893297e+00  1.541681504893297e+00  1.541681504893297e+00  0
-1.599362690388933e-04  1.422057737926737e+00  1.422057737926737e+00  1.422057737926737e+00  1.422057737926737e+00  0
-1.459328149453367e-04  1.319935702813869e+00  1.319935702813869e+00  1.319935702813869e+00  1.319935702813869e+00  0
-1.331554537682195e-04  1.270313592876682e+00  1.270313592876682e+00  1.270313592876682e+00  1.270313592876682e+00  0
-1.214968331479241e-04  1.286132660092687e+00  1.286132660092687e+00  1.286132660092687e+00  1.286132660092687e+00  0
-1.108590001177830e-04  1.405608051879741e+00  1.405608051879741e+00  1.405608051879741e+00  1.405608051879741e+00  0
-1.011525781264744e-04  1.522176596906769e+00  1.522176596906769e+00  1.522176596906769e+00  1.522176596906769e+00  0
-9.229601611742488e-05  1.616660153100103e+00  1.616660153100103e+00  1.616660153100103e+00  1.616660153100103e+00  0
-8.421490335616483e-05  1.648836713643184e+00  1.648836713643184e+00  1.648836713643184e+00  1.648836713643184e+00  0
-7.684134424897707e-05  1.600539039220459e+00  1.600539039220459e+00  1.600539039220459e+00  1.600539039220459e+00  0
-7.011338790021381e-05  1.603302496633002e+00  1.603302496633002e+00  1.603302496633002e+00  1.603302496633002e+00  0
-6.397450761555734e-05  1.469962847594320e+00  1.469962847594320e+00  1.469962847594320e+00  1.469962847594320e+00  0
-5.837312597813469e-05  1.357216482506385e+00  1.357216482506385e+00  1.357216482506385e+00  1.357216482506385e+00  0
-5.326218150728783e-05  1.304949857298022e+00  1.304949857298022e+00  1.304949857298022e+00  1.304949857298022e+00  0
-4.859873325916964e-05  1.328274620348718e+00  1.328274620348718e+00  1.328274620348718e+00  1.328274620348718e+00  0
-4.434360004711321e-05  1.451006941402873e+00  1.451006941402873e+00  1.451006941402873e+00  1.451006941402873e+00  0
-4.046103125058977e-05  1.581757031689836e+00  1.581757031689836e+00  1.581757031689836e+00  1.581757031689836e+00  0
-3.691840644696995e-05  1.687567941508319e+00  1.687567941508319e+00  1.687567941508319e+00  1.687567941508319e+00  0
-3.368596134246593e-05  1.723967658105004e+00  1.723967658105004e+00  1.723967658105004e+00  1.723967658105004e+00  0
-3.073653769959083e-05  1.670923782153164e+00  1.670923782153164e+00  1.670923782153164e+00  1.670923782153164e+00  0
-2.804535516008552e-05  1.647232597002405e+00  1.647232597002405e+00  1.647232597002405e+00  1.647232597002405e+00  0
-2.558980304622294e-05  1.503374470464153e+00  1.503374470464153e+00  1.503374470464153e+00  1.503374470464153e+00  0
-2.334925039125387e-05  1.383473213969130e+00  1.383473213969130e+00  1.383473213969130e+00  1.383473213969130e+00  0
-2.130487260291513e-05  1.330770552377481e+00  1.330770552377481e+00  1.330770552377481e+00  1.330770552377481e+00  0
-1.943949330366785e-05  1.361436252514655e+00  1.361436252514655e+00  1.361436252514655e+00  1.361436252514655e+00  0
-1.773744001884528e-05  1.487901817022057e+00  1.487901817022057e+00  1.487901817022057e+00  1.487901817022057e+00  0
-1.618441250023591e-05  1.629268928004175e+00  1.629268928004175e+00  1.629268928004175e+00  1.629268928004175e+00  0
-1.476736257878798e-05  1.742470210968911e+00  1.742470210968911e+00  1.742470210968911e+00  1.742470210968911e+00  0
-1.347438453698637e-05  1.780070815727292e+00  1.780070815727292e+00  1.780070815727292e+00  1.780070815727292e+00  0
-1.229461507983633e-05  1.721073403931432e+00  1.721073403931432e+00  1.721073403931432e+00  1.721073403931432e+00  0
-1.121814206403421e-05  1.678736436389618e+00  1.678736436389618e+00  1.678736436389618e+00  1.678736436389618e+00  0
-1.023592121848917e-05  1.526983468093194e+00  1.526983468093194e+00  1.526983468093194e+00  1.526983468093194e+00  0
-9.339700156501548e-06  1.402519470903001e+00  1.402519470903001e+00  1.402519470903001e+00  1.402519470903001e+00  0
-8.521949041166052e-06  1.350784701951122e+00  1.350784701951122e+00  1.350784701951122e+00  1.350784701951122e+00  0
-7.775797321467140e-06  1.388225704305404e+00  1.388225704305404e+00  1.388225704305404e+00  1.388225704305404e+00  0
-7.094976007538114e-06  1.517256441764421e+00  1.517256441764421e+00  1.517256441764421e+00  1.517256441764421e+00  0
-6.473765000094363e-06  1.665448577480634e+00  1.665448577480634e+00  1.665448577480634e+00  1.665448577480634e+00  0
-5.906945031515193e-06  1.781024028937951e+00  1.781024028937951e+00  1.781024028937951e+00  1.781024028937951e+00  0
-5.389753814794549e-06  1.813540896987581e+00  1.813540896987581e+00  1.813540896987581e+00  1.813540896987581e+00  0
-4.917846031934533e-06  1.740261278412510e+00  1.740261278412510e+00  1.740261278412510e+00  1.740261278412510e+00  0
-4.487256825613684e-06  1.701513926948550e+00  1.701513926948550e+00  1.701513926948550e+00  1.701513926948550e+00  0
-4.094368487395670e-06  1.543857040831240e+00  1.543857040831240e+00  1.543857040831240e+00  1.543857040831240e+00  0
-3.735880062600620e-06  1.416614841997077e+00  1.416614841997077e+00  1.416614841997077e+00  1.416614841997077e+00  0
-3.408779616466421e-06  1.366626528742833e+00  1.366626528742833e+00  1.366626528742833e+00  1.366626528742833e+00  0
-3.110318928586857e-06  1.410138493813131e+00  1.410138493813131e+00  1.410138493813131e+00  1.410138493813131e+00  0
-2.837990403015245e-06  1.542006055400113e+00  1.542006055400113e+00  1.542006055400113e+00  1.542006055400113e+00  0
-2.589506000037745e-06  1.696103670891140e+00  1.696103670891140e+00  1.696103670891140e+00  1.696103670891140e+00  0
-2.362778012606077e-06  1.814618600399532e+00  1.814618600399532e+00  1.814618600399532e+00  1.814618600399532e+00  0
-2.155901525917819e-06  1.845793287965625e+00  1.845793287965625e+00  1.845793287965625e+00  1.845793287965625e+00  0
-1.967138412773813e-06  1.766950715549497e+00  1.766950715549497e+00  1.766950715549497e+00  1.766950715549497e+00  0
-1.794902730245473e-06  1.718715469233200e+00  1.718715469233200e+00  1.718715469233200e+00  1.718715469233200e+00  0
-1.637747394958268e-06  1.556525111574490e+00  1.556525111574490e+00  1.556525111574490e+00  1.556525111574490e+00  0
-1.494352025040248e-06  1.427577400601583e+00  1.427577400601583e+00  1.427577400601583e+00  1.427577400601583e+00  0
-1.363511846586568e-06  1.379595057370923e+00  1.379595057370923e+00  1.379595057370923e+00  1.379595057370923e+00  0
-1.244127571434742e-06  1.428374211524007e+00  1.428374211524007e+00  1.428374211524007e+00  1.428374211524007e+00  0
-1.135196161206098e-06  1.561465731529108e+00  1.561465731529108e+00  1.561465731529108e+00  1.561465731529108e+00  0
-1.035802400015098e-06  1.718174352836681e+00  1.718174352836681e+00  1.718174352836681e+00  1.718174352836681e+00  0
-9.451112050424309e-07  1.834294062427280e+00  1.834294062427280e+00  1.834294062427280e+00  1.834294062427280e+00  0
-8.623606103671279e-07  1.855278475192293e+00  1.855278475192293e+00  1.855278475192293e+00  1.855278475192293e+00  0
-7.868553651095252e-07  1.756008759711776e+00  1.756008759711776e+00  1.756008759711776e+00  1.756008759711776e+00  0
-7.179610920981894e-07  1.731629597729494e+00  1.731629597729494e+00  1.731629597729494e+00  1.731629597729494e+00  0
-6.550989579833072e-07  1.565988334254021e+00  1.565988334254021e+00  1.565988334254021e+00  1.565988334254021e+00  0
-5.977408100160992e-07  1.436136172741740e+00  1.436136172741740e+00  1.436136172741740e+00  1.436136172741740e+00  0
-5.454047386346274e-07  1.390329321167594e+00  1.390329321167594e+00  1.390329321167594e+00  1.390329321167594e+00  0
-4.976510285738970e-07  1.443780860404150e+00  1.443780860404150e+00  1.443780860404150e+00  1.443780860404150e+00  0
-4.540784644824392e-07  1.578797617105230e+00  1.578797617105230e+00  1.578797617105230e+00  1.578797617105230e+00  0
-4.143209600060391e-07  1.739052242916211e+00  1.739052242916211e+00  1.739052242916211e+00  1.739052242916211e+00  0
-3.780444820169723e-07  1.856328715907203e+00  1.856328715907203e+00  1.856328715907203e+00  1.856328715907203e+00  0
-3.449442441468511e-07  1.875547457552263e+00  1.875547457552263e+00  1.875547457552263e+00  1.875547457552263e+00  0
-3.147421460438101e-07  1.772018469873807e+00  1.772018469873807e+00  1.772018469873807e+00  1.772018469873807e+00  0
-2.871844368392758e-07  1.741381675481650e+00  1.741381675481650e+00  1.741381675481650e+00  1.741381675481650e+00  0
-2.620395831933229e-07  1.573086656539529e+00  1.573086656539529e+00  1.573086656539529e+00  1.573086656539529e+00  0
-2.390963240064397e-07  1.442836076395465e+00  1.442836076395465e+00  1.442836076395465e+00  1.442836076395465e+00  0
-2.181618954538510e-07  1.399185299748857e+00  1.399185299748857e+00  1.399185299748857e+00  1.399185299748857e+00  0
-1.990604114295588e-07  1.456711790737853e+00  1.456711790737853e+00  1.456711790737853e+00  1.456711790737853e+00  0
-1.816313857929757e-07  1.593177376468699e+00  1.593177376468699e+00  1.593177376468699e+00  1.593177376468699e+00  0
-1.657283840024157e-07  1.756203604853728e+00  1.756203604853728e+00  1.756203604853728e+00  1.756203604853728e+00  0
-1.512177928067889e-07  1.874115634800008e+00  1.874115634800008e+00  1.874115634800008e+00  1.874115634800008e+00  0
-1.379776976587405e-07  1.891506993216985e+00  1.891506993216985e+00  1.891506993216985e+00  1.891506993216985e+00  0
-1.258968584175240e-07  1.784171425395549e+00  1.784171425395549e+00  1.784171425395549e+00  1.784171425395549e+00  0
-1.148737747357103e-07  1.748603649984870e+00  1.748603649984870e+00  1.748603649984870e+00  1.748603649984870e+00  0
-1.048158332773291e-07  1.578242455902797e+00  1.578242455902797e+00  1.578242455902797e+00  1.578242455902797e+00  0
-9.563852960257586e-08  1.447928319017397e+00  1.447928319017397e+00  1.447928319017397e+00  1.447928319017397e+00  0
-8.726475818154038e-08  1.406354747395142e+00  1.406354747395142e+00  1.406354747395142e+00  1.406354747395142e+00  0
-7.962416457182352e-08  1.467451924404312e+00  1.467451924404312e+00  1.467451924404312e+00  1.467451924404312e+00  0
-7.265255431719029e-08  1.605150701490345e+00  1.605150701490345e+00  1.605150701490345e+00  1.605150701490345e+00  0
-6.629135360096627e-08  1.770319460890175e+00  1.770319460890175e+00  1.770319460890175e+00  1.770319460890175e+00  0
-6.048711712271557e-08  1.888460172282207e+00  1.888460172282207e+00  1.888460172282207e+00  1.888460172282207e+00  0
-5.519107906349619e-08  1.903982304628713e+00  1.903982304628713e+00  1.903982304628713e+00  1.903982304628713e+00  0
-5.035874336700961e-08  1.793179732335372e+00  1.793179732335372e+00  1.793179732335372e+00  1.793179732335372e+00  0
-4.594950989428412e-08  1.754054617401043e+00  1.754054617401043e+00  1.754054617401043e+00  1.754054617401043e+00  0
-4.192633331093166e-08  1.582041905901632e+00  1.582041905901632e+00  1.582041905901632e+00  1.582041905901632e+00  0
-3.825541184103035e-08  1.451856165800005e+00  1.451856165800005e+00  1.451856165800005e+00  1.451856165800005e+00  0
-3.490590327261615e-08  1.412219487855338e+00  1.412219487855338e+00  1.412219487855338e+00  1.412219487855338e+00  0
-3.184966582872941e-08  1.476424357086058e+00  1.476424357086058e+00  1.476424357086058e+00  1.476424357086058e+00  0
-2.906102172687611e-08  1.615310620555788e+00  1.615310620555788e+00  1.615310620555788e+00  1.615310620555788e+00  0
-2.651654144038651e-08  1.782181781552675e+00  1.782181781552675e+00  1.782181781552675e+00  1.782181781552675e+00  0
-2.419484684908623e-08  1.900298863412038e+00  1.900298863412038e+00  1.900298863412038e+00  1.900298863412038e+00  0
-2.207643162539847e-08  1.913989220834812e+00  1.913989220834812e+00  1.913989220834812e+00  1.913989220834812e+00  0
-2.014349734680384e-08  1.800051457730232e+00  1.800051457730232e+00  1.800051457730232e+00  1.800051457730232e+00  0
-1.837980395771364e-08  1.758206295789302e+00  1.758206295789302e+00  1.758206295789302e+00  1.758206295789302e+00  0
-1.677053332437266e-08  1.584843030321506e+00  1.584843030321506e+00  1.584843030321506e+00  1.584843030321506e+00  0
-1.530216473641213e-08  1.454914999558642e+00  1.454914999558642e+00  1.454914999558642e+00  1.454914999558642e+00  0
-1.396236130904646e-08  1.417096034226860e+00  1.417096034226860e+00  1.417096034226860e+00  1.417096034226860e+00  0
-1.273986633149176e-08  1.484055798068806e+00  1.484055798068806e+00  1.484055798068806e+00  1.484055798068806e+00  0
-1.162440869075045e-08  1.624078876346377e+00  1.624078876346377e+00  1.624078876346377e+00  1.624078876346377e+00  0
-1.060661657615460e-08  1.792350126912778e+00  1.792350126912778e+00  1.792350126912778e+00  1.792350126912778e+00  0
-9.677938739634492e-09  1.910277765533164e+00  1.910277765533164e+00  1.910277765533164e+00  1.910277765533164e+00  0
-8.830572650159389e-09  1.922183724952971e+00  1.922183724952971e+00  1.922183724952971e+00  1.922183724952971e+00  0
-8.057398938721539e-09  1.805374919943194e+00  1.805374919943194e+00  1.805374919943194e+00  1.805374919943194e+00  0
-7.351921583085459e-09  1.761340406527152e+00  1.761340406527152e+00  1.761340406527152e+00  1.761340406527152e+00  0
-6.708213329749065e-09  1.586822395682912e+00  1.586822395682912e+00  1.586822395682912e+00  1.586822395682912e+00  0
-6.120865894564855e-09  1.457241868426652e+00  1.457241868426652e+00  1.457241868426652e+00  1.457241868426652e+00  0
-5.584944523618584e-09  1.421162952432986e+00  1.421162952432986e+00  1.421162952432986e+00  1.421162952432986e+00  0
-5.095946532596706e-09  1.490636392387101e+00  1.490636392387101e+00  1.490636392387101e+00  1.490636392387101e+00  0
-4.649763476300179e-09  1.631783616955891e+00  1.631783616955891e+00  1.631783616955891e+00  1.631783616955891e+00  0
-4.242646630461842e-09  1.801291209382579e+00  1.801291209382579e+00  1.801291209382579e+00  1.801291209382579e+00  0
-3.871175495853797e-09  1.918923122647592e+00  1.918923122647592e+00  1.918923122647592e+00  1.918923122647592e+00  0
-3.532229060063756e-09  1.929060155568889e+00  1.929060155568889e+00  1.929060155568889e+00  1.929060155568889e+00  0
-3.222959575488616e-09  1.809537168575531e+00  1.809537168575531e+00  1.809537168575531e+00  1.809537168575531e+00  0
-2.940768633234184e-09  1.763650097375445e+00  1.763650097375445e+00  1.763650097375445e+00  1.763650097375445e+00  0
-2.683285331899626e-09  1.588029619607381e+00  1.588029619607381e+00  1.588029619607381e+00  1.588029619607381e+00  0
-2.448346357825942e-09  1.458847312491949e+00  1.458847312491949e+00  1.458847312491949e+00  1.458847312491949e+00  0
-2.233977809447434e-09  1.424503166521569e+00  1.424503166521569e+00  1.424503166521569e+00  1.424503166521569e+00  0
-2.038378613038682e-09  1.496402145190614e+00  1.496402145190614e+00  1.496402145190614e+00  1.496402145190614e+00  0
-1.859905390520071e-09  1.638614899466613e+00  1.638614899466613e+00  1.638614899466613e+00  1.638614899466613e+00  0
-1.697058652184737e-09  1.809435087946547e+00  1.809435087946547e+00  1.809435087946547e+00  1.809435087946547e+00  0
-1.548470198341519e-09  1.926782662353550e+00  1.926782662353550e+00  1.926782662353550e+00  1.926782662353550e+00  0
-1.412891624025502e-09  1.935142112730025e+00  1.935142112730025e+00  1.935142112730025e+00  1.935142112730025e+00  0
-1.289183830195446e-09  1.812932613634302e+00  1.812932613634302e+00  1.812932613634302e+00  1.812932613634302e+00  0
-1.176307453293673e-09  1.765511605796106e+00  1.765511605796106e+00  1.765511605796106e+00  1.765511605796106e+00  0
-1.073314132759850e-09  1.588518662574773e+00  1.588518662574773e+00  1.588518662574773e+00  1.588518662574773e+00  0
-9.793385431303769e-10  1.459597533172277e+00  1.459597533172277e+00  1.459597533172277e+00  1.459597533172277e+00  0
-8.935911237789734e-10  1.426983168190105e+00  1.426983168190105e+00  1.426983168190105e+00  1.426983168190105e+00  0
-8.153514452154729e-10  1.501378103708052e+00  1.501378103708052e+00  1.501378103708052e+00  1.501378103708052e+00  0
-7.439621562080285e-10  1.644102430417505e+00  1.644102430417505e+00  1.644102430417505e+00  1.644102430417505e+00  0
-6.788234608738945e-10  1.816768018901509e+00  1.816768018901509e+00  1.816768018901509e+00  1.816768018901509e+00  0
-6.193880793366075e-10  1.934259941661728e+00  1.934259941661728e+00  1.934259941661728e+00  1.934259941661728e+00  0
-5.651566496102009e-10  1.941033345571125e+00  1.941033345571125e+00  1.941033345571125e+00  1.941033345571125e+00  0
-5.156735320781784e-10  1.816108503604370e+00  1.816108503604370e+00  1.816108503604370e+00  1.816108503604370e+00  0
-4.705229813174694e-10  1.767936656021490e+00  1.767936656021490e+00  1.767936656021490e+00  1.767936656021490e+00  0
-4.293256531039402e-10  1.589147099183947e+00  1.589147099183947e+00  1.589147099183947e+00  1.589147099183947e+00  0
-3.917354172521507e-10  1.459865598468799e+00  1.459865598468799e+00  1.459865598468799e+00  1.459865598468799e+00  0
-3.574364495115894e-10  1.428538745964615e+00  1.428538745964615e+00  1.428538745964615e+00  1.428538745964615e+00  0
-3.261405780861892e-10  1.505347616292187e+00  1.505347616292187e+00  1.505347616292187e+00  1.505347616292187e+00  0
3.261405780861892e-10  1.598188367549380e+00  1.598188367549380e+00  1.598188367549380e+00  1.598188367549380e+00  0
3.574364495115894e-10  1.472452970515979e+00  1.472452970515979e+00  1.472452970515979e+00  1.472452970515979e+00  0
3.917354172521507e-10  1.446103253554358e+00  1.446103253554358e+00  1.446103253554358e+00  1.446103253554358e+00  0
4.293256531039402e-10  1.531270385113758e+00  1.531270385113758e+00  1.531270385113758e+00  1.531270385113758e+00  0
4.705229813174694e-10  1.696908562112144e+00  1.696908562112144e+00  1.696908562112144e+00  1.696908562112144e+00  0
5.156735320781784e-10  1.723730549245121e+00  1.723730549245121e+00  1.723730549245121e+00  1.723730549245121e+00  0
5.651566496102009e-10  1.917528958315362e+00  1.917528958315362e+00  1.917528958315362e+00  1.917528958315362e+00  0
6.193880793366075e-10  1.980538786574950e+00  1.980538786574950e+00  1.980538786574950e+00  1.980538786574950e+00  0
6.788234608738945e-10  1.913140014862519e+00  1.913140014862519e+00  1.913140014862519e+00  1.913140014862519e+00  0
7.439621562080285e-10  1.755342001768501e+00  1.755342001768501e+00  1.755342001768501e+00  1.755342001768501e+00  0
8.153514452154729e-10  1.599217380498876e+00  1.599217380498876e+00  1.599217380498876e+00  1.599217380498876e+00  0
8.935911237789734e-10  1.472752966750298e+00  1.472752966750298e+00  1.472752966750298e+00  1.472752966750298e+00  0
9.793385431303769e-10  1.445088261466374e+00  1.445088261466374e+00  1.445088261466374e+00  1.445088261466374e+00  0
1.073314132759850e-09  1.528892445382092e+00  1.528892445382092e+00  1.528892445382092e+00  1.528892445382092e+00  0
1.176307453293673e-09  1.693655486445102e+00  1.693655486445102e+00  1.693655486445102e+00  1.693655486445102e+00  0
1.289183830195446e-09  1.718411888205385e+00  1.718411888205385e+00  1.718411888205385e+00  1.718411888205385e+00  0
1.412891624025502e-09  1.913672383686377e+00  1.913672383686377e+00  1.913672383686377e+00  1.913672383686377e+00  0
1.548470198341519e-09  1.978576413265325e+00  1.978576413265325e+00  1.978576413265325e+00  1.978576413265325e+00  0
1.697058652184737e-09  1.912962665230178e+00  1.912962665230178e+00  1.912962665230178e+00  1.912962665230178e+00  0
1.859905390520071e-09  1.756303949877977e+00  1.756303949877977e+00  1.756303949877977e+00  1.756303949877977e+00  0
2.038378613038682e-09  1.600340878409171e+00  1.600340878409171e+00  1.600340878409171e+00  1.600340878409171e+00  0
2.233977809447434e-09  1.472982517999421e+00  1.472982517999421e+00  1.472982517999421e+00  1.472982517999421e+00  0
2.448346357825942e-09  1.443745256335121e+00  1.443745256335121e+00  1.443745256335121e+00  1.443745256335121e+00  0
2.683285331899626e-09  1.525937565744776e+00  1.525937565744776e+00  1.525937565744776e+00  1.525937565744776e+00  0
2.940768633234184e-09  1.689688339902469e+00  1.689688339902469e+00  1.689688339902469e+00  1.689688339902469e+00  0
3.222959575488616e-09  1.712195597594058e+00  1.712195597594058e+00  1.712195597594058e+00  1.712195597594058e+00  0
3.532229060063756e-09  1.909114465865784e+00  1.909114465865784e+00  1.909114465865784e+00  1.909114465865784e+00  0
3.871175495853797e-09  1.976184672574875e+00  1.976184672574875e+00  1.976184672574875e+00  1.976184672574875e+00  0
4.242646630461842e-09  1.912617605223697e+00  1.912617605223697e+00  1.912617605223697e+00  1.912617605223697e+00  0
4.649763476300179e-09  1.757255767957420e+00  1.757255767957420e+00  1.757255767957420e+00  1.757255767957420e+00  0
5.095946532596706e-09  1.601490339332861e+00  1.601490339332861e+00  1.601490339332861e+00  1.601490339332861e+00  0
5.584944523618584e-09  1.473133313886845e+00  1.473133313886845e+00  1.473133313886845e+00  1.473133313886845e+00  0
6.120865894564855e-09  1.442107764655060e+00  1.442107764655060e+00  1.442107764655060e+00  1.442107764655060e+00  0
6.708213329749065e-09  1.522453164428870e+00  1.522453164428870e+00  1.522453164428870e+00  1.522453164428870e+00  0
7.351921583085459e-09  1.685036752252907e+00  1.685036752252907e+00  1.685036752252907e+00  1.685036752252907e+00  0
8.057398938721539e-09  1.704949738470660e+00  1.704949738470660e+00  1.704949738470660e+00  1.704949738470660e+00  0
8.830572650159389e-09  1.903723779525623e+00  1.903723779525623e+00  1.903723779525623e+00  1.903723779525623e+00  0
9.677938739634492e-09  1.973248101882261e+00  1.973248101882261e+00  1.973248101882261e+00  1.973248101882261e+00  0
1.060661657615460e-08  1.912018561884246e+00  1.912018561884246e+00  1.912018561884246e+00  1.912018561884246e+00  0
1.162440869075045e-08  1.758149152326553e+00  1.758149152326553e+00  1.758149152326553e+00  1.758149152326553e+00  0
1.273986633149176e-08  1.602649089949181e+00  1.602649089949181e+00  1.602649089949181e+00  1.602649089949181e+00  0
1.396236130904646e-08  1.473203909691360e+00  1.473203909691360e+00  1.473203909691360e+00  1.473203909691360e+00  0
1.530216473641213e-08  1.440163963978872e+00  1.440163963978872e+00  1.440163963978872e+00  1.440163963978872e+00  0
1.677053332437266e-08  1.518397821069341e+00  1.518397821069341e+00  1.518397821069341e+00  1.518397821069341e+00  0
1.837980395771364e-08  1.679621426847075e+00  1.679621426847075e+00  1.679621426847075e+00  1.679621426847075e+00  0
2.014349734680384e-08  1.696449220188330e+00  1.696449220188330e+00  1.696449220188330e+00  1.696449220188330e+00  0
2.207643162539847e-08  1.897294554576023e+00  1.897294554576023e+00  1.897294554576023e+00  1.897294554576023e+00  0
2.419484684908623e-08  1.969605246779677e+00  1.969605246779677e+00  1.969605246779677e+00  1.969605246779677e+00  0
2.651654144038651e-08  1.911063571366731e+00  1.911063571366731e+00  1.911063571366731e+00  1.911063571366731e+00  0
2.906102172687611e-08  1.758942776735814e+00  1.758942776735814e+00  1.758942776735814e+00  1.758942776735814e+00  0
3.184966582872941e-08  1.603795403451598e+00  1.603795403451598e+00  1.603795403451598e+00  1.603795403451598e+00  0
3.490590327261615e-08  1.473176712438993e+00  1.473176712438993e+00  1.473176712438993e+00  1.473176712438993e+00  0
3.825541184103035e-08  1.437864440794682e+00  1.437864440794682e+00  1.437864440794682e+00  1.437864440794682e+00  0
4.192633331093166e-08  1.513669938553415e+00  1.513669938553415e+00  1.513669938553415e+00  1.513669938553415e+00  0
4.594950989428412e-08  1.673289437472259e+00  1.673289437472259e+00  1.673289437472259e+00  1.673289437472259e+00  0
5.035874336700961e-08  1.686370550709899e+00  1.686370550709899e+00  1.686370550709899e+00  1.686370550709899e+00  0
5.519107906349619e-08  1.889536915117807e+00  1.889536915117807e+00  1.889536915117807e+00  1.889536915117807e+00  0
6.048711712271557e-08  1.965034354729274e+00  1.965034354729274e+00  1.965034354729274e+00  1.965034354729274e+00  0
6.629135360096627e-08  1.909615925094548e+00  1.909615925094548e+00  1.909615925094548e+00  1.909615925094548e+00  0
7.265255431719029e-08  1.759578239439175e+00  1.759578239439175e+00  1.759578239439175e+00  1.759578239439175e+00  0
7.962416457182352e-08  1.604891887225824e+00  1.604891887225824e+00  1.604891887225824e+00  1.604891887225824e+00  0
8.726475818154038e-08  1.473017835509147e+00  1.473017835509147e+00  1.473017835509147e+00  1.473017835509147e+00  0
9.563852960257586e-08  1.435128336402796e+00  1.435128336402796e+00  1.435128336402796e+00  1.435128336402796e+00  0
1.048158332773291e-07  1.508114792603025e+00  1.508114792603025e+00  1.508114792603025e+00  1.508114792603025e+00  0
1.148737747357103e-07  1.665816792095354e+00  1.665816792095354e+00  1.665816792095354e+00  1.665816792095354e+00  0
1.258968584175240e-07  1.674254241580338e+00  1.674254241580338e+00  1.674254241580338e+00  1.674254241580338e+00  0
1.379776976587405e-07  1.880037664152386e+00  1.880037664152386e+00  1.880037664152386e+00  1.880037664152386e+00  0
1.512177928067889e-07  1.959217235029032e+00  1.959217235029032e+00  1.959217235029032e+00  1.959217235029032e+00  0
1.657283840024157e-07  1.907475426034800e+00  1.907475426034800e+00  1.907475426034800e+00  1.907475426034800e+00  0
1.816313857929757e-07  1.759961721156189e+00  1.759961721156189e+00  1.759961721156189e+00  1.759961721156189e+00  0
1.990604114295588e-07  1.605828746802322e+00  1.605828746802322e+00  1.605828746802322e+00  1.605828746802322e+00  0
2.181618954538510e-07  1.472638632719333e+00  1.472638632719333e+00  1.472638632719333e+00  1.472638632719333e+00  0
2.390963240064397e-07  1.431814717808316e+00  1.431814717808316e+00  1.431814717808316e+00  1.431814717808316e+00  0
2.620395831933229e-07  1.501497562669206e+00  1.501497562669206e+00  1.501497562669206e+00  1.501497562669206e+00  0
2.871844368392758e-07  1.656877665457009e+00  1.656877665457009e+00  1.656877665457009e+00  1.656877665457009e+00  0
3.147421460438101e-07  1.659365610660589e+00  1.659365610660589e+00  1.659365610660589e+00  1.659365610660589e+00  0
3.449442441468511e-07  1.868122743249885e+00  1.868122743249885e+00  1.868122743249885e+00  1.868122743249885e+00  0
3.780444820169723e-07  1.951613251117035e+00  1.951613251117035e+00  1.951613251117035e+00  1.951613251117035e+00  0
4.143209600060391e-07  1.904273252380688e+00  1.904273252380688e+00  1.904273252380688e+00  1.904273252380688e+00  0
4.540784644824392e-07  1.759885133365544e+00  1.759885133365544e+00  1.759885133365544e+00  1.759885133365544e+00  0
4.976510285738970e-07  1.605840968641553e+00  1.605840968641553e+00  1.605840968641553e+00  1.605840968641553e+00  0
5.454047386346274e-07  1.471450100959820e+00  1.471450100959820e+00  1.471450100959820e+00  1.471450100959820e+00  0
5.977408100160992e-07  1.427390715772956e+00  1.427390715772956e+00  1.427390715772956e+00  1.427390715772956e+00  0
6.550989579833072e-07  1.493251841146120e+00  1.493251841146120e+00  1.493251841146120e+00  1.493251841146120e+00  0
7.179610920981894e-07  1.645842219016457e+00  1.645842219016457e+00  1.645842219016457e+00  1.645842219016457e+00  0
7.868553651095252e-07  1.639961933893445e+00  1.639961933893445e+00  1.639961933893445e+00  1.639961933893445e+00  0
8.623606103671279e-07  1.852019924119911e+00  1.852019924119911e+00  1.852019924119911e+00  1.852019924119911e+00  0
9.451112050424309e-07  1.940594338972206e+00  1.940594338972206e+00  1.940594338972206e+00  1.940594338972206e+00  0
1.035802400015098e-06  1.898654342312720e+00  1.898654342312720e+00  1.898654342312720e+00  1.898654342312720e+00  0
1.135196161206098e-06  1.758313326820448e+00  1.758313326820448e+00  1.758313326820448e+00  1.758313326820448e+00  0
1.244127571434742e-06  1.605126627588149e+00  1.605126627588149e+00  1.605126627588149e+00  1.605126627588149e+00  0
1.363511846586568e-06  1.469489602311892e+00  1.469489602311892e+00  1.469489602311892e+00  1.469489602311892e+00  0
1.494352025040248e-06  1.421548269572071e+00  1.421548269572071e+00  1.421548269572071e+00  1.421548269572071e+00  0
1.637747394958268e-06  1.482621679002080e+00  1.482621679002080e+00  1.482621679002080e+00  1.482621679002080e+00  0
1.794902730245473e-06  1.631518369544441e+00  1.631518369544441e+00  1.631518369544441e+00  1.631518369544441e+00  0
1.967138412773813e-06  1.709932376601883e+00  1.709932376601883e+00  1.709932376601883e+00  1.709932376601883e+00  0
2.155901525917819e-06  1.879448003646786e+00  1.879448003646786e+00  1.879448003646786e+00  1.879448003646786e+00  0
2.362778012606077e-06  1.948586271229983e+00  1.948586271229983e+00  1.948586271229983e+00  1.948586271229983e+00  0
2.589506000037745e-06  1.900466488450164e+00  1.900466488450164e+00  1.900466488450164e+00  1.900466488450164e+00  0
2.837990403015245e-06  1.759385009273796e+00  1.759385009273796e+00  1.759385009273796e+00  1.759385009273796e+00  0
3.110318928586857e-06  1.603056805436471e+00  1.603056805436471e+00  1.603056805436471e+00  1.603056805436471e+00  0
3.408779616466421e-06  1.466422088159726e+00  1.466422088159726e+00  1.466422088159726e+00  1.466422088159726e+00  0
3.735880062600620e-06  1.414008407747457e+00  1.414008407747457e+00  1.414008407747457e+00  1.414008407747457e+00  0
4.094368487395670e-06  1.469222117435653e+00  1.469222117435653e+00  1.469222117435653e+00  1.469222117435653e+00  0
4.487256825613684e-06  1.613378312097332e+00  1.613378312097332e+00  1.613378312097332e+00  1.613378312097332e+00  0
4.917846031934533e-06  1.681361035760970e+00  1.681361035760970e+00  1.681361035760970e+00  1.681361035760970e+00  0
5.389753814794549e-06  1.853474971583795e+00  1.853474971583795e+00  1.853474971583795e+00  1.853474971583795e+00  0
5.906945031515193e-06  1.928979366857116e+00  1.928979366857116e+00  1.928979366857116e+00  1.928979366857116e+00  0
6.473765000094363e-06  1.888742070233091e+00  1.888742070233091e+00  1.888742070233091e+00  1.888742070233091e+00  0
7.094976007538114e-06  1.754265166814217e+00  1.754265166814217e+00  1.754265166814217e+00  1.754265166814217e+00  0
7.775797321467140e-06  1.597846969272602e+00  1.597846969272602e+00  1.597846969272602e+00  1.597846969272602e+00  0
8.521949041166052e-06  1.460929298626945e+00  1.460929298626945e+00  1.460929298626945e+00  1.460929298626945e+00  0
9.339700156501548e-06  1.403473986777883e+00  1.403473986777883e+00  1.403473986777883e+00  1.403473986777883e+00  0
1.023592121848917e-05  1.451434340940247e+00  1.451434340940247e+00  1.451434340940247e+00  1.451434340940247e+00  0
1.121814206403421e-05  1.589354562648547e+00  1.589354562648547e+00  1.589354562648547e+00  1.589354562648547e+00  0
1.229461507983633e-05  1.688763277874125e+00  1.688763277874125e+00  1.688763277874125e+00  1.688763277874125e+00  0
1.347438453698637e-05  1.840580746465017e+00  1.840580746465017e+00  1.840580746465017e+00  1.840580746465017e+00  0
1.476736257878798e-05  1.911088964949762e+00  1.911088964949762e+00  1.911088964949762e+00  1.911088964949762e+00  0
1.618441250023591e-05  1.874638991220781e+00  1.874638991220781e+00  1.874638991220781e+00  1.874638991220781e+00  0
1.773744001884528e-05  1.746316068547062e+00  1.746316068547062e+00  1.746316068547062e+00  1.746316068547062e+00  0
1.943949330366785e-05  1.586093905577290e+00  1.586093905577290e+00  1.586093905577290e+00  1.586093905577290e+00  0
2.130487260291513e-05  1.450475126589232e+00  1.450475126589232e+00  1.450475126589232e+00  1.450475126589232e+00  0
2.334925039125387e-05  1.387539192102251e+00  1.387539192102251e+00  1.387539192102251e+00  1.387539192102251e+00  0
2.558980304622294e-05  1.426364562289024e+00  1.426364562289024e+00  1.426364562289024e+00  1.426364562289024e+00  0
2.804535516008552e-05  1.555778907957668e+00  1.555778907957668e+00  1.555778907957668e+00  1.555778907957668e+00  0
3.073653769959083e-05  1.631678676185112e+00  1.631678676185112e+00  1.631678676185112e+00  1.631678676185112e+00  0
3.368596134246593e-05  1.784957447436029e+00  1.784957447436029e+00  1.784957447436029e+00  1.784957447436029e+00  0
3.691840644696995e-05  1.864657320041600e+00  1.864657320041600e+00  1.864657320041600e+00  1.864657320041600e+00  0
4.046103125058977e-05  1.841855267597559e+00  1.841855267597559e+00  1.841855267597559e+00  1.841855267597559e+00  0
4.434360004711321e-05  1.726723016732930e+00  1.726723016732930e+00  1.726723016732930e+00  1.726723016732930e+00  0
4.859873325916964e-05  1.560034922688261e+00  1.560034922688261e+00  1.560034922688261e+00  1.560034922688261e+00  0
5.326218150728783e-05  1.429260682566915e+00  1.429260682566915e+00  1.429260682566915e+00  1.429260682566915e+00  0
5.837312597813469e-05  1.361225614613969e+00  1.361225614613969e+00  1.361225614613969e+00  1.361225614613969e+00  0
6.397450761555734e-05  1.388735762330947e+00  1.388735762330947e+00  1.388735762330947e+00  1.388735762330947e+00  0
7.011338790021381e-05  1.506396336183989e+00  1.506396336183989e+00  1.506396336183989e+00  1.506396336183989e+00  0
7.684134424897707e-05  1.542847954796484e+00  1.542847954796484e+00  1.542847954796484e+00  1.542847954796484e+00  0
8.421490335616483e-05  1.695961964339013e+00  1.695961964339013e+00  1.695961964339013e+00  1.695961964339013e+00  0
9.229601611742488e-05  1.786778797040130e+00  1.786778797040130e+00  1.786778797040130e+00  1.786778797040130e+00  0
1.011525781264744e-04  1.782688685966871e+00  1.782688685966871e+00  1.782688685966871e+00  1.782688685966871e+00  0
1.108590001177830e-04  1.687280417570291e+00  1.687280417570291e+00  1.687280417570291e+00  1.687280417570291e+00  0
1.214968331479241e-04  1.501925543672182e+00  1.501925543672182e+00  1.501925543672182e+00  1.501925543672182e+00  0
1.331554537682195e-04  1.383489825149269e+00  1.383489825149269e+00  1.383489825149269e+00  1.383489825149269e+00  0
1.459328149453367e-04  1.313196146837091e+00  1.313196146837091e+00  1.313196146837091e+00  1.313196146837091e+00  0
1.599362690388933e-04  1.327766378307741e+00  1.327766378307741e+00  1.327766378307741e+00  1.327766378307741e+00  0
1.752834697505345e-04  1.429458787805027e+00  1.429458787805027e+00  1.429458787805027e+00  1.429458787805027e+00  0
1.921033606224427e-04  1.399409380945227e+00  1.399409380945227e+00  1.399409380945227e+00  1.399409380945227e+00  0
2.105372583904121e-04  1.548491392275843e+00  1.548491392275843e+00  1.548491392275843e+00  1.548491392275843e+00  0
2.307400402935622e-04  1.651372678227029e+00  1.651372678227029e+00  1.651372678227029e+00  1.651372678227029e+00  0
2.528814453161860e-04  1.672218086593878e+00  1.672218086593878e+00  1.672218086593878e+00  1.672218086593878e+00  0
2.771475002944575e-04  1.606238469704551e+00  1.606238469704551e+00  1.606238469704551e+00  1.606238469704551e+00  0
3.037420828698102e-04  1.376005423453519e+00  1.376005423453519e+00  1.376005423453519e+00  1.376005423453519e+00  0
3.328886344205489e-04  1.283353861973678e+00  1.283353861973678e+00  1.283353861973678e+00  1.283353861973678e+00  0
3.648320373633417e-04  1.218932056558390e+00  1.218932056558390e+00  1.218932056558390e+00  1.218932056558390e+00  0
3.998406725972333e-04  1.221880821471273e+00  1.221880821471273e+00  1.221880821471273e+00  1.221880821471273e+00  0
4.382086743763362e-04  1.303530822282576e+00  1.303530822282576e+00  1.303530822282576e+00  1.303530822282576e+00  0
4.802584015561067e-04  1.184886383155550e+00  1.184886383155550e+00  1.184886383155550e+00  1.184886383155550e+00  0
5.263431459760303e-04  1.316111189234072e+00  1.316111189234072e+00  1.316111189234072e+00  1.316111189234072e+00  0
5.768501007339055e-04  1.423898028966184e+00  1.423898028966184e+00  1.423898028966184e+00  1.423898028966184e+00  0
6.322036132904651e-04  1.471509196733298e+00  1.471509196733298e+00  1.471509196733298e+00  1.471509196733298e+00  0
6.928687507361440e-04  1.444757325994990e+00  1.444757325994990e+00  1.444757325994990e+00  1.444757325994990e+00  0
7.593552071745256e-04  1.134875603862624e+00  1.134875603862624e+00  1.134875603862624e+00  1.134875603862624e+00  0
8.322215860513723e-04  1.083355299921740e+00  1.083355299921740e+00  1.083355299921740e+00  1.083355299921740e+00  0
9.120800934083544e-04  1.038500026112930e+00  1.038500026112930e+00  1.038500026112930e+00  1.038500026112930e+00  0
9.996016814930835e-04  1.036832109750592e+00  1.036832109750592e+00  1.036832109750592e+00  1.036832109750592e+00  0
1.095521685940841e-03  1.097252204780648e+00  1.097252204780648e+00  1.097252204780648e+00  1.097252204780648e+00  0
1.200646003890267e-03  8.595123015891818e-01  8.595123015891818e-01  8.595123015891818e-01  8.595123015891818e-01  0
1.315857864940076e-03  9.671007820870733e-01  9.671007820870733e-01  9.671007820870733e-01  9.671007820870733e-01  0
1.442125251834764e-03  1.071190234581402e+00  1.071190234581402e+00  1.071190234581402e+00  1.071190234581402e+00  0
1.580509033226163e-03  1.140978719065681e+00  1.140978719065681e+00  1.140978719065681e+00  1.140978719065681e+00  0
1.732171876840360e-03  1.157139179986454e+00  1.157139179986454e+00  1.157139179986454e+00  1.157139179986454e+00  0
1.898388017936314e-03  7.796675847986707e-01  7.796675847986707e-01  7.796675847986707e-01  7.796675847986707e-01  0
2.080553965128431e-03  7.704663581373324e-01  7.704663581373324e-01  7.704663581373324e-01  7.704663581373324e-01  0
2.280200233520886e-03  7.534891574989037e-01  7.534891574989037e-01  7.534891574989037e-01  7.534891574989037e-01  0
2.499004203732709e-03  7.556280456409260e-01  7.556280456409260e-01  7.556280456409260e-01  7.556280456409260e-01  0
2.738804214852102e-03  7.971469516767730e-01  7.971469516767730e-01  7.971469516767730e-01  7.971469516767730e-01  0
3.001615009725670e-03  5.446827630213037e-01  5.446827630213037e-01  5.446827630213037e-01  5.446827630213037e-01  0
3.289644662350192e-03  6.025459005508409e-01  6.025459005508409e-01  6.025459005508409e-01  6.025459005508409e-01  0
3.605313129586913e-03  6.722771379288861e-01  6.722771379288861e-01  6.722771379288861e-01  6.722771379288861e-01  0
3.951272583065411e-03  7.343468905675669e-01  7.343468905675669e-01  7.343468905675669e-01  7.343468905675669e-01  0
4.330429692100904e-03  7.708269731379674e-01  7.708269731379674e-01  7.708269731379674e-01  7.708269731379674e-01  0
4.745970044840788e-03  5.688117275146584e-01  5.688117275146584e-01  5.688117275146584e-01  5.688117275146584e-01  0
5.201384912821080e-03  5.695379566209772e-01  5.695379566209772e-01  5.695379566209772e-01  5.695379566209772e-01  0
5.700500583802218e-03  5.522948810395166e-01  5.522948810395166e-01  5.522948810395166e-01  5.522948810395166e-01  0
6.247510509331775e-03  5.346234835906113e-01  5.346234835906113e-01  5.346234835906113e-01  5.346234835906113e-01  0
6.847010537130258e-03  5.348722790482716e-01  5.348722790482716e-01  5.348722790482716e-01  5.348722790482716e-01  0
7.504037524314174e-03  3.529369046974768e-01  3.529369046974768e-01  3.529369046974768e-01  3.529369046974768e-01  0
8.224111655875478e-03  4.045238788769596e-01  4.045238788769596e-01  4.045238788769596e-01  4.045238788769596e-01  0
9.013282823967282e-03  4.630965743423595e-01  4.630965743423595e-01  4.630965743423595e-01  4.630965743423595e-01  0
9.878181457663525e-03  5.179218580986011e-01  5.179218580986011e-01  5.179218580986011e-01  5.179218580986011e-01  0
1.082607423025226e-02  5.569252344106825e-01  5.569252344106825e-01  5.569252344106825e-01  5.569252344106825e-01  0
1.186492511210197e-02  3.074006164803900e-01  3.074006164803900e-01  3.074006164803900e-01  3.074006164803900e-01  0
1.300346228205270e-02  3.213032795872670e-01  3.213032795872670e-01  3.213032795872670e-01  3.213032795872670e-01  0
1.425125145950555e-02  3.267032906688412e-01  3.267032906688412e-01  3.267032906688412e-01  3.267032906688412e-01  0
1.561877627332944e-02  3.311425275835302e-01  3.311425275835302e-01  3.311425275835302e-01  3.311425275835302e-01  0
1.711752634282565e-02  3.438390232833143e-01  3.438390232833143e-01  3.438390232833143e-01  3.438390232833143e-01  0
1.876009381078543e-02  1.754754659481012e-01  1.754754659481012e-01  1.754754659481012e-01  1.754754659481012e-01  0
2.056027913968870e-02  2.010719373440271e-01  2.010719373440271e-01  2.010719373440271e-01  2.010719373440271e-01  0
2.253320705991821e-02  2.323330884895171e-01  2.323330884895171e-01  2.323330884895171e-01  2.323330884895171e-01  0
2.469545364415881e-02  2.650737273769653e-01  2.650737273769653e-01  2.650737273769653e-01  2.650737273769653e-01  0
2.706518557563065e-02  2.939207348599849e-01  2.939207348599849e-01  2.939207348599849e-01  2.939207348599849e-01  0
2.966231278025492e-02  2.044457149658959e-01  2.044457149658959e-01  2.044457149658959e-01  2.044457149658959e-01  0
3.250865570513176e-02  2.140223264558941e-01  2.140223264558941e-01  2.140223264558941e-01  2.140223264558941e-01  0
3.562812864876387e-02  2.146950338020721e-01  2.146950338020721e-01  2.146950338020721e-01  2.146950338020721e-01  0
3.904694068332360e-02  2.109305368459462e-01  2.109305368459462e-01  2.109305368459462e-01  2.109305368459462e-01  0
4.279381585706412e-02  2.088311164026254e-01  2.088311164026254e-01  2.088311164026254e-01  2.088311164026254e-01  0
4.690023452696358e-02  1.345512118449765e-01  1.345512118449765e-01  1.345512118449765e-01  1.345512118449765e-01  0
5.140069784922174e-02  1.463896367218979e-01  1.463896367218979e-01  1.463896367218979e-01  1.463896367218979e-01  0
5.633301764979550e-02  1.628207511933814e-01  1.628207511933814e-01  1.628207511933814e-01  1.628207511933814e-01  0
6.173863411039702e-02  1.817776969987425e-01  1.817776969987425e-01  1.817776969987425e-01  1.817776969987425e-01  0
6.766296393907660e-02  1.990740412160480e-01  1.990740412160480e-01  1.990740412160480e-01  1.990740412160480e-01  0
7.415578195063731e-02  1.904875903627199e-01  1.904875903627199e-01  1.904875903627199e-01  1.904875903627199e-01  0
8.127163926282939e-02  2.067900977624855e-01  2.067900977624855e-01  2.067900977624855e-01  2.067900977624855e-01  0
8.907032162190968e-02  2.116592324790589e-01  2.116592324790589e-01  2.116592324790589e-01  2.116592324790589e-01  0
9.761735170830900e-02  2.068189593673937e-01  2.068189593673937e-01  2.068189593673937e-01  2.068189593673937e-01  0
1.069845396426603e-01  1.969420759593256e-01  1.969420759593256e-01  1.969420759593256e-01  1.969420759593256e-01  0
1.172505863174089e-01  5.048920139844123e-01  5.048920139844123e-01  5.048920139844123e-01  5.048920139844123e-01  0
1.285017446230543e-01  5.042691355883295e-01  5.042691355883295e-01  5.042691355883295e-01  5.042691355883295e-01  0
1.408325441244888e-01  4.788785997016692e-01  4.788785997016692e-01  4.788785997016692e-01  4.788785997016692e-01  0
1.543465852759926e-01  4.380404028094695e-01  4.380404028094695e-01  4.380404028094695e-01  4.380404028094695e-01  0
1.691574098476915e-01  3.914971832043703e-01  3.914971832043703e-01  3.914971832043703e-01  3.914971832043703e-01  0
1.853894548765933e-01  2.995235702184735e-01  2.995235702184735e-01  2.995235702184735e-01  2.995235702184735e-01  0
2.031790981570735e-01  3.759107895168348e-01  3.759107895168348e-01  3.759107895168348e-01  3.759107895168348e-01  0
2.226758040547742e-01  4.493563779240644e-01  4.493563779240644e-01  4.493563779240644e-01  4.493563779240644e-01  0
2.440433792707725e-01  5.101717963247224e-01  5.101717963247224e-01  5.101717963247224e-01  5.101717963247224e-01  0
2.674613491066508e-01  5.491751729857089e-01  5.491751729857089e-01  5.491751729857089e-01  5.491751729857089e-01  0
2.931264657935224e-01  5.102791993440850e-02  5.102791993440850e-02  5.102791993440850e-02  5.102791993440850e-02  0
3.212543615576359e-01  7.949649881132102e-02  7.949649881132102e-02  7.949649881132102e-02  7.949649881132102e-02  0
3.520813603112219e-01  1.180470648779221e-01  1.180470648779221e-01  1.180470648779221e-01  1.180470648779221e-01  0
3.858664631899815e-01  1.677489780537465e-01  1.677489780537465e-01  1.677489780537465e-01  1.677489780537465e-01  0
4.228935246192289e-01  2.287024692233588e-01  2.287024692233588e-01  2.287024692233588e-01  2.287024692233588e-01  0
4.634736371914833e-01  1.085478920263133e-02  1.085478920263133e-02  1.085478920263133e-02  1.085478920263133e-02  0
5.079477453926837e-01  1.494032067682142e-02  1.494032067682142e-02  1.494032067682142e-02  1.494032067682142e-02  0
5.566895101369356e-01  2.061141620573904e-02  2.061141620573904e-02  2.061141620573904e-02  2.061141620573904e-02  0
6.101084481769313e-01  2.896391103450560e-02  2.896391103450560e-02  2.896391103450560e-02  2.896391103450560e-02  0
6.686533727666270e-01  4.157814215321941e-02  4.157814215321941e-02  4.157814215321941e-02  4.157814215321941e-02  0
7.328161644838057e-01  1.238142817924345e-03  1.238142817924345e-03  1.238142817924345e-03  1.238142817924345e-03  0
8.031359038940895e-01  2.196387401672570e-03  2.196387401672570e-03  2.196387401672570e-03  2.196387401672570e-03  0
8.802034007780546e-01  3.622044716003816e-03  3.622044716003816e-03  3.622044716003816e-03  3.622044716003816e-03  0
9.646661579749534e-01  5.572029271213015e-03  5.572029271213015e-03  5.572029271213015e-03  5.572029271213015e-03  0
1.057233811548072e+00  8.050903479657657e-03  8.050903479657657e-03  8.050903479657657e-03  8.050903479657657e-03  0
1.158684092978708e+00  2.624804243456986e-05  2.624804243456986e-05  2.624804243456986e-05  2.624804243456986e-05  0
1.269869363481709e+00  6.492909669973738e-05  6.492909669973738e-05  6.492909669973738e-05  6.492909669973738e-05  0
1.391723775342339e+00  1.524523771786736e-04  1.524523771786736e-04  1.524523771786736e-04  1.524523771786736e-04  0
1.525271120442328e+00  3.366308024018008e-04  3.366308024018008e-04  3.366308024018008e-04  3.366308024018008e-04  0
1.671633431916567e+00  6.949143034253007e-04  6.949143034253007e-04  6.949143034253007e-04  6.949143034253007e-04  0
1.832040411209514e+00  6.496845189908567e-07  6.496845189908567e-07  6.496845189908567e-07  6.496845189908567e-07  0
2.007839759735224e+00  1.453023585433052e-06  1.453023585433052e-06  1.453023585433052e-06  1.453023585433052e-06  0
2.200508501945136e+00  3.042092950453384e-06  3.042092950453384e-06  3.042092950453384e-06  3.042092950453384e-06  0
2.411665394937383e+00  6.009636964829487e-06  6.009636964829487e-06  6.009636964829487e-06  6.009636964829487e-06  0
2.643084528870179e+00  1.137667380600376e-05  1.137667380600376e-05  1.137667380600376e-05  1.137667380600376e-05  0
