-2.200508501945137e+00  1.006755512059861e-04  1.006755512059861e-04  1.006755512059861e-04  1.006755512059861e-04  0
-2.007839759735224e+00  5.435563602658945e-05  5.435563602658945e-05  5.435563602658945e-05  5.435563602658945e-05  0
-1.832040411209515e+00  2.959199549869407e-05  2.959199549869407e-05  2.959199549869407e-05  2.959199549869407e-05  0
-1.671633431916567e+00  1.585451649662163e-05  1.585451649662163e-05  1.585451649662163e-05  1.585451649662163e-05  0
-1.525271120442328e+00  8.186173172158937e-06  8.186173172158937e-06  8.186173172158937e-06  8.186173172158937e-06  0
-1.391723775342339e+00  3.766295850225450e-03  3.766295850225450e-03  3.766295850225450e-03  3.766295850225450e-03  0
-1.269869363481709e+00  2.095924317057896e-03  2.095924317057896e-03  2.095924317057896e-03  2.095924317057896e-03  0
-1.158684092978708e+00  1.096440465943089e-03  1.096440465943089e-03  1.096440465943089e-03  1.096440465943089e-03  0
-1.057233811548072e+00  5.408578015866932e-04  5.408578015866932e-04  5.408578015866932e-04  5.408578015866932e-04  0
-9.646661579749535e-01  2.528431227256323e-04  2.528431227256323e-04  2.528431227256323e-04  2.528431227256323e-04  0
-8.802034007780547e-01  2.854727548175022e-02  2.854727548175022e-02  2.854727548175022e-02  2.854727548175022e-02  0
-8.031359038940895e-01  2.059938526872461e-02  2.059938526872461e-02  2.059938526872461e-02  2.059938526872461e-02  0
-7.328161644838058e-01  1.430470385627422e-02  1.430470385627422e-02  1.430470385627422e-02  1.430470385627422e-02  0
-6.686533727666268e-01  9.453224488662022e-03  9.453224488662022e-03  9.453224488662022e-03  9.453224488662022e-03  0
-6.101084481769311e-01  5.895735148138287e-03  5.895735148138287e-03  5.895735148138287e-03  5.895735148138287e-03  0
-5.566895101369354e-01  1.243867199171445e-01  1.243867199171445e-01  1.243867199171445e-01  1.243867199171445e-01  0
-5.079477453926835e-01  9.604894957938548e-02  9.604894957938548e-02  9.604894957938548e-02  9.604894957938548e-02  0
-4.634736371914831e-01  7.175800376503619e-02  7.175800376503619e-02  7.175800376503619e-02  7.175800376503619e-02  0
-4.228935246192287e-01  5.228345737039919e-02  5.228345737039919e-02  5.228345737039919e-02  5.228345737039919e-02  0
-3.858664631899813e-01  3.737157914335276e-02  3.737157914335276e-02  3.737157914335276e-02  3.737157914335276e-02  0
-3.520813603112219e-01  2.314557153844042e-01  2.314557153844042e-01  2.314557153844042e-01  2.314557153844042e-01  0
-3.212543615576358e-01  2.223167651917983e-01  2.223167651917983e-01  2.223167651917983e-01  2.223167651917983e-01  0
-2.931264657935224e-01  2.022476795793579e-01  2.022476795793579e-01  2.022476795793579e-01  2.022476795793579e-01  0
-2.674613491066507e-01  1.737399631175902e-01  1.737399631175902e-01  1.737399631175902e-01  1.737399631175902e-01  0
-2.440433792707725e-01  1.405389752505203e-01  1.405389752505203e-01  1.405389752505203e-01  1.405389752505203e-01  0
-2.226758040547742e-01  1.472843482449182e-01  1.472843482449182e-01  1.472843482449182e-01  1.472843482449182e-01  0
-2.031790981570734e-01  1.514956092798858e-01  1.514956092798858e-01  1.514956092798858e-01  1.514956092798858e-01  0
-1.853894548765933e-01  1.539712182991426e-01  1.539712182991426e-01  1.539712182991426e-01  1.539712182991426e-01  0
-1.691574098476915e-01  1.509710617934927e-01  1.509710617934927e-01  1.509710617934927e-01  1.509710617934927e-01  0
-1.543465852759925e-01  1.406759529809438e-01  1.406759529809438e-01  1.406759529809438e-01  1.406759529809438e-01  0
-1.408325441244888e-01  1.818237401616705e-01  1.818237401616705e-01  1.818237401616705e-01  1.818237401616705e-01  0
-1.285017446230543e-01  1.586827402470210e-01  1.586827402470210e-01  1.586827402470210e-01  1.586827402470210e-01  0
-1.172505863174089e-01  1.316008754017295e-01  1.316008754017295e-01  1.316008754017295e-01  1.316008754017295e-01  0
-1.069845396426603e-01  1.049204782187475e-01  1.049204782187475e-01  1.049204782187475e-01  1.049204782187475e-01  0
-9.761735170830899e-02  8.168792760098831e-02  8.168792760098831e-02  8.168792760098831e-02  8.168792760098831e-02  0
-8.907032162190967e-02  2.208855279131439e-01  2.208855279131439e-01  2.208855279131439e-01  2.208855279131439e-01  0
-8.127163926282938e-02  2.130718631644608e-01  2.130718631644608e-01  2.130718631644608e-01  2.130718631644608e-01  0
-7.415578195063731e-02  2.114621727987235e-01  2.114621727987235e-01  2.114621727987235e-01  2.114621727987235e-01  0
-6.766296393907660e-02  2.085047604424445e-01  2.085047604424445e-01  2.085047604424445e-01  2.085047604424445e-01  0
-6.173863411039702e-02  1.983472854687021e-01  1.983472854687021e-01  1.983472854687021e-01  1.983472854687021e-01  0
-5.633301764979550e-02  3.870521559471821e-01  3.870521559471821e-01  3.870521559471821e-01  3.870521559471821e-01  0
-5.140069784922173e-02  3.398581439071922e-01  3.398581439071922e-01  3.398581439071922e-01  3.398581439071922e-01  0
-4.690023452696357e-02  2.800234498494366e-01  2.800234498494366e-01  2.800234498494366e-01  2.800234498494366e-01  0
-4.279381585706411e-02  2.167732887522581e-01  2.167732887522581e-01  2.167732887522581e-01  2.167732887522581e-01  0
-3.904694068332359e-02  1.585484260459945e-01  1.585484260459945e-01  1.585484260459945e-01  1.585484260459945e-01  0
-3.562812864876387e-02  4.800034295480554e-01  4.800034295480554e-01  4.800034295480554e-01  4.800034295480554e-01  0
-3.250865570513175e-02  4.516359219774163e-01  4.516359219774163e-01  4.516359219774163e-01  4.516359219774163e-01  0
-2.966231278025492e-02  4.410868740705216e-01  4.410868740705216e-01  4.410868740705216e-01  4.410868740705216e-01  0
-2.706518557563064e-02  4.345731611344840e-01  4.345731611344840e-01  4.345731611344840e-01  4.345731611344840e-01  0
-2.469545364415881e-02  4.188238602048411e-01  4.188238602048411e-01  4.188238602048411e-01  4.188238602048411e-01  0
-2.253320705991820e-02  8.425145985951480e-01  8.425145985951480e-01  8.425145985951480e-01  8.425145985951480e-01  0
-2.056027913968869e-02  7.674854542842389e-01  7.674854542842389e-01  7.674854542842389e-01  7.674854542842389e-01  0
-1.876009381078543e-02  6.699209395143797e-01  6.699209395143797e-01  6.699209395143797e-01  6.699209395143797e-01  0
-1.711752634282565e-02  5.649561302455922e-01  5.649561302455922e-01  5.649561302455922e-01  5.649561302455922e-01  0
-1.561877627332944e-02  4.690525655941613e-01  4.690525655941613e-01  4.690525655941613e-01  4.690525655941613e-01  0
-1.425125145950555e-02  1.049810942748288e+00  1.049810942748288e+00  1.049810942748288e+00  1.049810942748288e+00  0
-1.300346228205270e-02  9.742126765763927e-01  9.742126765763927e-01  9.742126765763927e-01  9.742126765763927e-01  0
-1.186492511210197e-02  9.319467647521322e-01  9.319467647521322e-01  9.319467647521322e-01  9.319467647521322e-01  0
-1.082607423025226e-02  9.075319831668919e-01  9.075319831668919e-01  9.075319831668919e-01  9.075319831668919e-01  0
-9.878181457663523e-03  8.782035818699789e-01  8.782035818699789e-01  8.782035818699789e-01  8.782035818699789e-01  0
-9.013282823967281e-03  1.457468467419056e+00  1.457468467419056e+00  1.457468467419056e+00  1.457468467419056e+00  0
-8.224111655875476e-03  1.441049827747847e+00  1.441049827747847e+00  1.441049827747847e+00  1.441049827747847e+00  0
-7.504037524314172e-03  1.364219050829213e+00  1.364219050829213e+00  1.364219050829213e+00  1.364219050829213e+00  0
-6.847010537130258e-03  1.241499722741836e+00  1.241499722741836e+00  1.241499722741836e+00  1.241499722741836e+00  0
-6.247510509331775e-03  1.100229438431338e+00  1.100229438431338e+00  1.100229438431338e+00  1.100229438431338e+00  0
-5.700500583802218e-03  1.303692832414926e+00  1.303692832414926e+00  1.303692832414926e+00  1.303692832414926e+00  0
-5.201384912821079e-03  1.281932130741444e+00  1.281932130741444e+00  1.281932130741444e+00  1.281932130741444e+00  0
-4.745970044840787e-03  1.302912108823463e+00  1.302912108823463e+00  1.302912108823463e+00  1.302912108823463e+00  0
-4.330429692100902e-03  1.355291015387543e+00  1.355291015387543e+00  1.355291015387543e+00  1.355291015387543e+00  0
-3.951272583065409e-03  1.410115698953750e+00  1.410115698953750e+00  1.410115698953750e+00  1.410115698953750e+00  0
-3.605313129586912e-03  1.320052066675210e+00  1.320052066675210e+00  1.320052066675210e+00  1.320052066675210e+00  0
-3.289644662350191e-03  1.394681663649526e+00  1.394681663649526e+00  1.394681663649526e+00  1.394681663649526e+00  0
-3.001615009725669e-03  1.416162359865770e+00  1.416162359865770e+00  1.416162359865770e+00  1.416162359865770e+00  0
-2.738804214852103e-03  1.384461762698074e+00  1.384461762698074e+00  1.384461762698074e+00  1.384461762698074e+00  0
-2.499004203732710e-03  1.319409626906627e+00  1.319409626906627e+00  1.319409626906627e+00  1.319409626906627e+00  0
-2.280200233520888e-03  1.162456842697442e+00  1.162456842697442e+00  1.162456842697442e+00  1.162456842697442e+00  0
-2.080553965128432e-03  1.096852049855976e+00  1.096852049855976e+00  1.096852049855976e+00  1.096852049855976e+00  0
-1.898388017936315e-03  1.088688072755712e+00  1.088688072755712e+00  1.088688072755712e+00  1.088688072755712e+00  0
-1.732171876840361e-03  1.139765986605628e+00  1.139765986605628e+00  1.139765986605628e+00  1.139765986605628e+00  0
-1.580509033226164e-03  1.228066056562067e+00  1.228066056562067e+00  1.228066056562067e+00  1.228066056562067e+00  0
-1.442125251834765e-03  1.298862635210943e+00  1.298862635210943e+00  1.298862635210943e+00  1.298862635210943e+00  0
-1.315857864940076e-03  1.369948701163004e+00  1.369948701163004e+00  1.369948701163004e+00  1.369948701163004e+00  0
-1.200646003890268e-03  1.383875748141775e+00  1.383875748141775e+00  1.383875748141775e+00  1.383875748141775e+00  0
-1.095521685940841e-03  1.333652781531873e+00  1.333652781531873e+00  1.333652781531873e+00  1.333652781531873e+00  0
-9.996016814930841e-04  1.238473628802346e+00  1.238473628802346e+00  1.238473628802346e+00  1.238473628802346e+00  0
-9.120800934083552e-04  1.299126999057660e+00  1.299126999057660e+00  1.299126999057660e+00  1.299126999057660e+00  0
-8.322215860513729e-04  1.187953375202246e+00  1.187953375202246e+00  1.187953375202246e+00  1.187953375202246e+00  0
-7.593552071745261e-04  1.133849974971165e+00  1.133849974971165e+00  1.133849974971165e+00  1.133849974971165e+00  0
-6.928687507361445e-04  1.149775250249012e+00  1.149775250249012e+00  1.149775250249012e+00  1.149775250249012e+00  0
-6.322036132904656e-04  1.218975009776593e+00  1.218975009776593e+00  1.218975009776593e+00  1.218975009776593e+00  0
-5.768501007339060e-04  1.377293685336226e+00  1.377293685336226e+00  1.377293685336226e+00  1.377293685336226e+00  0
-5.263431459760305e-04  1.489079399272205e+00  1.489079399272205e+00  1.489079399272205e+00  1.489079399272205e+00  0
-4.802584015561070e-04  1.540133381705057e+00  1.540133381705057e+00  1.540133381705057e+00  1.540133381705057e+00  0
-4.382086743763366e-04  1.510655930289371e+00  1.510655930289371e+00  1.510655930289371e+00  1.510655930289371e+00  0
-3.998406725972337e-04  1.413232644185375e+00  1.413232644185375e+00  1.413232644185375e+00  1.413232644185375e+00  0
-3.648320373633420e-04  1.342221447792295e+00  1.342221447792295e+00  1.342221447792295e+00  1.342221447792295e+00  0
-3.328886344205491e-04  1.221486715409732e+00  1.221486715409732e+00  1.221486715409732e+00  1.221486715409732e+00  0
-3.037420828698104e-04  1.158106012814694e+00  1.158106012814694e+00  1.158106012814694e+00  1.158106012814694e+00  0
-2.771475002944578e-04  1.175353886357932e+00  1.175353886357932e+00  1.175353886357932e+00  1.175353886357932e+00  0
-2.528814453161862e-04  1.263404768685386e+00  1.263404768685386e+00  1.263404768685386e+00  1.263404768685386e+00  0
-2.307400402935624e-04  1.352253653793648e+00  1.352253653793648e+00  1.352253653793648e+00  1.352253653793648e+00  0
-2.105372583904122e-04  1.480890698065089e+00  1.480890698065089e+00  1.480890698065089e+00  1.480890698065089e+00  0
-1.921033606224428e-04  1.553992931740119e+00  1.553992931740119e+00  1.553992931740119e+00  1.553992931740119e+00  0
-1.752834697505346e-04  1.544293825672765e+00  1.544293825672765e+00  1.544293825672765e+00  1.544293825672765e+00  0
-1.599362690388935e-04  1.457734739949536e+00  1.457734739949536e+00  1.457734739949536e+00  1.457734739949536e+00  0
-1.459328149453368e-04  1.345376959123790e+00  1.345376959123790e+00  1.345376959123790e+00  1.345376959123790e+00  0
-1.331554537682196e-04  1.215525579089129e+00  1.215525579089129e+00  1.215525579089129e+00  1.215525579089129e+00  0
-1.214968331479242e-04  1.139762297354687e+00  1.139762297354687e+00  1.139762297354687e+00  1.139762297354687e+00  0
-1.108590001177831e-04  1.146640289814832e+00  1.146640289814832e+00  1.146640289814832e+00  1.146640289814832e+00  0
-1.011525781264745e-04  1.231943257877798e+00  1.231943257877798e+00  1.231943257877798e+00  1.231943257877798e+00  0
-9.229601611742495e-05  1.334942333539590e+00  1.334942333539590e+00  1.334942333539590e+00  1.334942333539590e+00  0
-8.421490335616489e-05  1.468693068645490e+00  1.468693068645490e+00  1.468693068645490e+00  1.468693068645490e+00  0
-7.684134424897712e-05  1.549591929019036e+00  1.549591929019036e+00  1.549591929019036e+00  1.549591929019036e+00  0
-7.011338790021385e-05  1.547153728918605e+00  1.547153728918605e+00  1.547153728918605e+00  1.547153728918605e+00  0
-6.397450761555738e-05  1.463809992169997e+00  1.463809992169997e+00  1.463809992169997e+00  1.463809992169997e+00  0
-5.837312597813472e-05  1.345626778856533e+00  1.345626778856533e+00  1.345626778856533e+00  1.345626778856533e+00  0
-5.326218150728786e-05  1.211833873387745e+00  1.211833873387745e+00  1.211833873387745e+00  1.211833873387745e+00  0
-4.859873325916966e-05  1.130298534991366e+00  1.130298534991366e+00  1.130298534991366e+00  1.130298534991366e+00  0
-4.434360004711324e-05  1.131612751521459e+00  1.131612751521459e+00  1.131612751521459e+00  1.131612751521459e+00  0
-4.046103125058979e-05  1.213948763150508e+00  1.213948763150508e+00  1.213948763150508e+00  1.213948763150508e+00  0
-3.691840644696998e-05  1.327097291707592e+00  1.327097291707592e+00  1.327097291707592e+00  1.327097291707592e+00  0
-3.368596134246595e-05  1.462704782048055e+00  1.462704782048055e+00  1.462704782048055e+00  1.462704782048055e+00  0
-3.073653769959084e-05  1.546664886065364e+00  1.546664886065364e+00  1.546664886065364e+00  1.546664886065364e+00  0
-2.804535516008554e-05  1.547210680689539e+00  1.547210680689539e+00  1.547210680689539e+00  1.547210680689539e+00  0
-2.558980304622295e-05  1.465288216143558e+00  1.465288216143558e+00  1.465288216143558e+00  1.465288216143558e+00  0
-2.334925039125389e-05  1.345619306855130e+00  1.345619306855130e+00  1.345619306855130e+00  1.345619306855130e+00  0
-2.130487260291514e-05  1.210220945712994e+00  1.210220945712994e+00  1.210220945712994e+00  1.210220945712994e+00  0
-1.943949330366787e-05  1.126275102543535e+00  1.126275102543535e+00  1.126275102543535e+00  1.126275102543535e+00  0
-1.773744001884530e-05  1.125176731680106e+00  1.125176731680106e+00  1.125176731680106e+00  1.125176731680106e+00  0
-1.618441250023592e-05  1.206071273602365e+00  1.206071273602365e+00  1.206071273602365e+00  1.206071273602365e+00  0
-1.476736257878799e-05  1.323837245666736e+00  1.323837245666736e+00  1.323837245666736e+00  1.323837245666736e+00  0
-1.347438453698638e-05  1.460160308614604e+00  1.460160308614604e+00  1.460160308614604e+00  1.460160308614604e+00  0
-1.229461507983634e-05  1.545338245181695e+00  1.545338245181695e+00  1.545338245181695e+00  1.545338245181695e+00  0
-1.121814206403422e-05  1.547092905760385e+00  1.547092905760385e+00  1.547092905760385e+00  1.547092905760385e+00  0
-1.023592121848918e-05  1.465764978497090e+00  1.465764978497090e+00  1.465764978497090e+00  1.465764978497090e+00  0
-9.339700156501556e-06  1.345619371194938e+00  1.345619371194938e+00  1.345619371194938e+00  1.345619371194938e+00  0
-8.521949041166058e-06  1.209573001087007e+00  1.209573001087007e+00  1.209573001087007e+00  1.209573001087007e+00  0
-7.775797321467146e-06  1.124646560580727e+00  1.124646560580727e+00  1.124646560580727e+00  1.124646560580727e+00  0
-7.094976007538119e-06  1.122554598348584e+00  1.122554598348584e+00  1.122554598348584e+00  1.122554598348584e+00  0
-6.473765000094367e-06  1.202834511609135e+00  1.202834511609135e+00  1.202834511609135e+00  1.202834511609135e+00  0
-5.906945031515196e-06  1.322532608277508e+00  1.322532608277508e+00  1.322532608277508e+00  1.322532608277508e+00  0
-5.389753814794552e-06  1.459139715654159e+00  1.459139715654159e+00  1.459139715654159e+00  1.459139715654159e+00  0
-4.917846031934535e-06  1.544805408967950e+00  1.544805408967950e+00  1.544805408967950e+00  1.544805408967950e+00  0
-4.487256825613686e-06  1.547047086734922e+00  1.547047086734922e+00  1.547047086734922e+00  1.547047086734922e+00  0
-4.094368487395672e-06  1.465961920695624e+00  1.465961920695624e+00  1.465961920695624e+00  1.465961920695624e+00  0
-3.735880062600622e-06  1.345638783291119e+00  1.345638783291119e+00  1.345638783291119e+00  1.345638783291119e+00  0
-3.408779616466423e-06  1.209330401702710e+00  1.209330401702710e+00  1.209330401702710e+00  1.209330401702710e+00  0
-3.110318928586858e-06  1.124007950965271e+00  1.124007950965271e+00  1.124007950965271e+00  1.124007950965271e+00  0
-2.837990403015248e-06  1.121514009501587e+00  1.121514009501587e+00  1.121514009501587e+00  1.121514009501587e+00  0
-2.589506000037746e-06  1.201543177230586e+00  1.201543177230586e+00  1.201543177230586e+00  1.201543177230586e+00  0
-2.362778012606079e-06  1.322029170414045e+00  1.322029170414045e+00  1.322029170414045e+00  1.322029170414045e+00  0
-2.155901525917821e-06  1.458751432182147e+00  1.458751432182147e+00  1.458751432182147e+00  1.458751432182147e+00  0
-1.967138412773814e-06  1.544613473406911e+00  1.544613473406911e+00  1.544613473406911e+00  1.544613473406911e+00  0
-1.794902730245475e-06  1.547050430150205e+00  1.547050430150205e+00  1.547050430150205e+00  1.547050430150205e+00  0
-1.637747394958269e-06  1.466061800913291e+00  1.466061800913291e+00  1.466061800913291e+00  1.466061800913291e+00  0
-1.494352025040249e-06  1.345668583771686e+00  1.345668583771686e+00  1.345668583771686e+00  1.345668583771686e+00  0
-1.363511846586569e-06  1.209253019540352e+00  1.209253019540352e+00  1.209253019540352e+00  1.209253019540352e+00  0
-1.244127571434743e-06  1.123770345462184e+00  1.123770345462184e+00  1.123770345462184e+00  1.123770345462184e+00  0
-1.135196161206099e-06  1.121114832901431e+00  1.121114832901431e+00  1.121114832901431e+00  1.121114832901431e+00  0
-1.035802400015099e-06  1.201044029069015e+00  1.201044029069015e+00  1.201044029069015e+00  1.201044029069015e+00  0
-9.451112050424314e-07  1.321849338505461e+00  1.321849338505461e+00  1.321849338505461e+00  1.321849338505461e+00  0
-8.623606103671284e-07  1.458619833349868e+00  1.458619833349868e+00  1.458619833349868e+00  1.458619833349868e+00  0
-7.868553651095256e-07  1.544561823527952e+00  1.544561823527952e+00  1.544561823527952e+00  1.544561823527952e+00  0
-7.179610920981897e-07  1.547077003000841e+00  1.547077003000841e+00  1.547077003000841e+00  1.547077003000841e+00  0
-6.550989579833075e-07  1.466125756129501e+00  1.466125756129501e+00  1.466125756129501e+00  1.466125756129501e+00  0
-5.977408100160996e-07  1.345702971025151e+00  1.345702971025151e+00  1.345702971025151e+00  1.345702971025151e+00  0
-5.454047386346277e-07  1.209242230934324e+00  1.209242230934324e+00  1.209242230934324e+00  1.209242230934324e+00  0
-4.976510285738974e-07  1.123693970068568e+00  1.123693970068568e+00  1.123693970068568e+00  1.123693970068568e+00  0
-4.540784644824396e-07  1.120973663721798e+00  1.120973663721798e+00  1.120973663721798e+00  1.120973663721798e+00  0
-4.143209600060395e-07  1.200864046265695e+00  1.200864046265695e+00  1.200864046265695e+00  1.200864046265695e+00  0
-3.780444820169726e-07  1.321799455706312e+00  1.321799455706312e+00  1.321799455706312e+00  1.321799455706312e+00  0
-3.449442441468514e-07  1.458591516752892e+00  1.458591516752892e+00  1.458591516752892e+00  1.458591516752892e+00  0
-3.147421460438103e-07  1.544566922242999e+00  1.544566922242999e+00  1.544566922242999e+00  1.544566922242999e+00  0
-2.871844368392759e-07  1.547113443534825e+00  1.547113443534825e+00  1.547113443534825e+00  1.547113443534825e+00  0
-2.620395831933230e-07  1.466175810301601e+00  1.466175810301601e+00  1.466175810301601e+00  1.466175810301601e+00  0
-2.390963240064398e-07  1.345739263520974e+00  1.345739263520974e+00  1.345739263520974e+00  1.345739263520974e+00  0
-2.181618954538510e-07  1.209258163034762e+00  1.209258163034762e+00  1.209258163034762e+00  1.209258163034762e+00  0
-1.990604114295589e-07  1.123682222566045e+00  1.123682222566045e+00  1.123682222566045e+00  1.123682222566045e+00  0
-1.816313857929758e-07  1.120935932848771e+00  1.120935932848771e+00  1.120935932848771e+00  1.120935932848771e+00  0
-1.657283840024158e-07  1.200812101788983e+00  1.200812101788983e+00  1.200812101788983e+00  1.200812101788983e+00  0
-1.512177928067891e-07  1.321801635174557e+00  1.321801635174557e+00  1.321801635174557e+00  1.321801635174557e+00  0
-1.379776976587406e-07  1.458604611367098e+00  1.458604611367098e+00  1.458604611367098e+00  1.458604611367098e+00  0
-1.258968584175241e-07  1.544594821459056e+00  1.544594821459056e+00  1.544594821459056e+00  1.544594821459056e+00  0
-1.148737747357104e-07  1.547153920110931e+00  1.547153920110931e+00  1.547153920110931e+00  1.547153920110931e+00  0
-1.048158332773292e-07  1.466220371017469e+00  1.466220371017469e+00  1.466220371017469e+00  1.466220371017469e+00  0
-9.563852960257593e-08  1.345776330022704e+00  1.345776330022704e+00  1.345776330022704e+00  1.345776330022704e+00  0
-8.726475818154042e-08  1.209284797545726e+00  1.209284797545726e+00  1.209284797545726e+00  1.209284797545726e+00  0
-7.962416457182358e-08  1.123696349061945e+00  1.123696349061945e+00  1.123696349061945e+00  1.123696349061945e+00  0
-7.265255431719034e-08  1.120939616416185e+00  1.120939616416185e+00  1.120939616416185e+00  1.120939616416185e+00  0
-6.629135360096631e-08  1.200811433957601e+00  1.200811433957601e+00  1.200811433957601e+00  1.200811433957601e+00  0
-6.048711712271561e-08  1.321824652847354e+00  1.321824652847354e+00  1.321824652847354e+00  1.321824652847354e+00  0
-5.519107906349621e-08  1.458634284925333e+00  1.458634284925333e+00  1.458634284925333e+00  1.458634284925333e+00  0
-5.035874336700964e-08  1.544631852608719e+00  1.544631852608719e+00  1.544631852608719e+00  1.544631852608719e+00  0
-4.594950989428414e-08  1.547196014313932e+00  1.547196014313932e+00  1.547196014313932e+00  1.547196014313932e+00  0
-4.192633331093168e-08  1.466262721553123e+00  1.466262721553123e+00  1.466262721553123e+00  1.466262721553123e+00  0
-3.825541184103037e-08  1.345813708461841e+00  1.345813708461841e+00  1.345813708461841e+00  1.345813708461841e+00  0
-3.490590327261617e-08  1.209315715803624e+00  1.209315715803624e+00  1.209315715803624e+00  1.209315715803624e+00  0
-3.184966582872943e-08  1.123720829485201e+00  1.123720829485201e+00  1.123720829485201e+00  1.123720829485201e+00  0
-2.906102172687613e-08  1.120959872871227e+00  1.120959872871227e+00  1.120959872871227e+00  1.120959872871227e+00  0
-2.651654144038653e-08  1.200831287606963e+00  1.200831287606963e+00  1.200831287606963e+00  1.200831287606963e+00  0
-2.419484684908624e-08  1.321856006323988e+00  1.321856006323988e+00  1.321856006323988e+00  1.321856006323988e+00  0
-2.207643162539849e-08  1.458670587118584e+00  1.458670587118584e+00  1.458670587118584e+00  1.458670587118584e+00  0
-2.014349734680386e-08  1.544672524728764e+00  1.544672524728764e+00  1.544672524728764e+00  1.544672524728764e+00  0
-1.837980395771366e-08  1.547238724740497e+00  1.547238724740497e+00  1.547238724740497e+00  1.547238724740497e+00  0
-1.677053332437267e-08  1.466304120848701e+00  1.466304120848701e+00  1.466304120848701e+00  1.466304120848701e+00  0
-1.530216473641215e-08  1.345851212443587e+00  1.345851212443587e+00  1.345851212443587e+00  1.345851212443587e+00  0
-1.396236130904647e-08  1.209348348545691e+00  1.209348348545691e+00  1.209348348545691e+00  1.209348348545691e+00  0
-1.273986633149177e-08  1.123749452886558e+00  1.123749452886558e+00  1.123749452886558e+00  1.123749452886558e+00  0
-1.162440869075045e-08  1.120986760514425e+00  1.120986760514425e+00  1.120986760514425e+00  1.120986760514425e+00  0
-1.060661657615461e-08  1.200859352631767e+00  1.200859352631767e+00  1.200859352631767e+00  1.200859352631767e+00  0
-9.677938739634499e-09  1.321890688022352e+00  1.321890688022352e+00  1.321890688022352e+00  1.321890688022352e+00  0
-8.830572650159394e-09  1.458709523053781e+00  1.458709523053781e+00  1.458709523053781e+00  1.458709523053781e+00  0
-8.057398938721544e-09  1.544714608692261e+00  1.544714608692261e+00  1.544714608692261e+00  1.544714608692261e+00  0
-7.351921583085463e-09  1.547281580749531e+00  1.547281580749531e+00  1.547281580749531e+00  1.547281580749531e+00  0
-6.708213329749070e-09  1.466344930795600e+00  1.466344930795600e+00  1.466344930795600e+00  1.466344930795600e+00  0
-6.120865894564859e-09  1.345888767037520e+00  1.345888767037520e+00  1.345888767037520e+00  1.345888767037520e+00  0
-5.584944523618587e-09  1.209381667915219e+00  1.209381667915219e+00  1.209381667915219e+00  1.209381667915219e+00  0
-5.095946532596709e-09  1.123779734808517e+00  1.123779734808517e+00  1.123779734808517e+00  1.123779734808517e+00  0
-4.649763476300181e-09  1.121016302466538e+00  1.121016302466538e+00  1.121016302466538e+00  1.121016302466538e+00  0
-4.242646630461844e-09  1.200890704494904e+00  1.200890704494904e+00  1.200890704494904e+00  1.200890704494904e+00  0
-3.871175495853799e-09  1.321926675569286e+00  1.321926675569286e+00  1.321926675569286e+00  1.321926675569286e+00  0
-3.532229060063758e-09  1.458749443802409e+00  1.458749443802409e+00  1.458749443802409e+00  1.458749443802409e+00  0
-3.222959575488617e-09  1.544757089610067e+00  1.544757089610067e+00  1.544757089610067e+00  1.544757089610067e+00  0
-2.940768633234185e-09  1.547324119475977e+00  1.547324119475977e+00  1.547324119475977e+00  1.547324119475977e+00  0
-2.683285331899628e-09  1.466384731619406e+00  1.466384731619406e+00  1.466384731619406e+00  1.466384731619406e+00  0
-2.448346357825944e-09  1.345926342410112e+00  1.345926342410112e+00  1.345926342410112e+00  1.345926342410112e+00  0
-2.233977809447435e-09  1.209415263739089e+00  1.209415263739089e+00  1.209415263739089e+00  1.209415263739089e+00  0
-2.038378613038684e-09  1.123810683239549e+00  1.123810683239549e+00  1.123810683239549e+00  1.123810683239549e+00  0
-1.859905390520072e-09  1.121046910425143e+00  1.121046910425143e+00  1.121046910425143e+00  1.121046910425143e+00  0
-1.697058652184738e-09  1.200923376323829e+00  1.200923376323829e+00  1.200923376323829e+00  1.200923376323829e+00  0
-1.548470198341520e-09  1.321963050807967e+00  1.321963050807967e+00  1.321963050807967e+00  1.321963050807967e+00  0
-1.412891624025503e-09  1.458789398885411e+00  1.458789398885411e+00  1.458789398885411e+00  1.458789398885411e+00  0
-1.289183830195447e-09  1.544798855518990e+00  1.544798855518990e+00  1.544798855518990e+00  1.544798855518990e+00  0
-1.176307453293674e-09  1.547364580392256e+00  1.547364580392256e+00  1.547364580392256e+00  1.547364580392256e+00  0
-1.073314132759851e-09  1.466420115169394e+00  1.466420115169394e+00  1.466420115169394e+00  1.466420115169394e+00  0
-9.793385431303775e-10  1.345963933681579e+00  1.345963933681579e+00  1.345963933681579e+00  1.345963933681579e+00  0
-8.935911237789739e-10  1.209448981585073e+00  1.209448981585073e+00  1.209448981585073e+00  1.209448981585073e+00  0
-8.153514452154734e-10  1.123841913640517e+00  1.123841913640517e+00  1.123841913640517e+00  1.123841913640517e+00  0
-7.439621562080290e-10  1.121077963764112e+00  1.121077963764112e+00  1.121077963764112e+00  1.121077963764112e+00  0
-6.788234608738951e-10  1.200956598060767e+00  1.200956598060767e+00  1.200956598060767e+00  1.200956598060767e+00  0
-6.193880793366079e-10  1.321998243393450e+00  1.321998243393450e+00  1.321998243393450e+00  1.321998243393450e+00  0
-5.651566496102012e-10  1.458825812799618e+00  1.458825812799618e+00  1.458825812799618e+00  1.458825812799618e+00  0
-5.156735320781787e-10  1.544831723343524e+00  1.544831723343524e+00  1.544831723343524e+00  1.544831723343524e+00  0
-4.705229813174697e-10  1.547385011826088e+00  1.547385011826088e+00  1.547385011826088e+00  1.547385011826088e+00  0
-4.293256531039404e-10  1.466414263575843e+00  1.466414263575843e+00  1.466414263575843e+00  1.466414263575843e+00  0
-3.917354172521510e-10  1.346001629165031e+00  1.346001629165031e+00  1.346001629165031e+00  1.346001629165031e+00  0
-3.574364495115896e-10  1.209482872670739e+00  1.209482872670739e+00  1.209482872670739e+00  1.209482872670739e+00  0
-3.261405780861894e-10  1.123873410294520e+00  1.123873410294520e+00  1.123873410294520e+00  1.123873410294520e+00  0
-2.975848624832116e-10  1.121109378170328e+00  1.121109378170328e+00  1.121109378170328e+00  1.121109378170328e+00  0
-2.715293843495580e-10  1.200990249713974e+00  1.200990249713974e+00  1.200990249713974e+00  1.200990249713974e+00  0
2.715293843495580e-10  1.200990159229646e+00  1.200990159229646e+00  1.200990159229646e+00  1.200990159229646e+00  0
2.975848624832116e-10  1.121109303767946e+00  1.121109303767946e+00  1.121109303767946e+00  1.121109303767946e+00  0
3.261405780861894e-10  1.123873347415836e+00  1.123873347415836e+00  1.123873347415836e+00  1.123873347415836e+00  0
3.574364495115896e-10  1.209482815810122e+00  1.209482815810122e+00  1.209482815810122e+00  1.209482815810122e+00  0
3.917354172521510e-10  1.346001573808957e+00  1.346001573808957e+00  1.346001573808957e+00  1.346001573808957e+00  0
4.293256531039404e-10  1.466414124557569e+00  1.466414124557569e+00  1.466414124557569e+00  1.466414124557569e+00  0
4.705229813174697e-10  1.547384871840271e+00  1.547384871840271e+00  1.547384871840271e+00  1.547384871840271e+00  0
5.156735320781787e-10  1.544831587585793e+00  1.544831587585793e+00  1.544831587585793e+00  1.544831587585793e+00  0
5.651566496102012e-10  1.458825688091205e+00  1.458825688091205e+00  1.458825688091205e+00  1.458825688091205e+00  0
6.193880793366079e-10  1.321998135122029e+00  1.321998135122029e+00  1.321998135122029e+00  1.321998135122029e+00  0
6.788234608738951e-10  1.200956371855952e+00  1.200956371855952e+00  1.200956371855952e+00  1.200956371855952e+00  0
7.439621562080290e-10  1.121077777763113e+00  1.121077777763113e+00  1.121077777763113e+00  1.121077777763113e+00  0
8.153514452154734e-10  1.123841756448002e+00  1.123841756448002e+00  1.123841756448002e+00  1.123841756448002e+00  0
8.935911237789739e-10  1.209448839437311e+00  1.209448839437311e+00  1.209448839437311e+00  1.209448839437311e+00  0
9.793385431303775e-10  1.345963795295051e+00  1.345963795295051e+00  1.345963795295051e+00  1.345963795295051e+00  0
1.073314132759851e-09  1.466419767607169e+00  1.466419767607169e+00  1.466419767607169e+00  1.466419767607169e+00  0
1.176307453293674e-09  1.547364230424400e+00  1.547364230424400e+00  1.547364230424400e+00  1.547364230424400e+00  0
1.289183830195447e-09  1.544798516127941e+00  1.544798516127941e+00  1.544798516127941e+00  1.544798516127941e+00  0
1.412891624025503e-09  1.458789087120198e+00  1.458789087120198e+00  1.458789087120198e+00  1.458789087120198e+00  0
1.548470198341520e-09  1.321962780135579e+00  1.321962780135579e+00  1.321962780135579e+00  1.321962780135579e+00  0
1.697058652184738e-09  1.200922810826467e+00  1.200922810826467e+00  1.200922810826467e+00  1.200922810826467e+00  0
1.859905390520072e-09  1.121046445434685e+00  1.121046445434685e+00  1.121046445434685e+00  1.121046445434685e+00  0
2.038378613038684e-09  1.123810290268430e+00  1.123810290268430e+00  1.123810290268430e+00  1.123810290268430e+00  0
2.233977809447435e-09  1.209414908378887e+00  1.209414908378887e+00  1.209414908378887e+00  1.209414908378887e+00  0
2.448346357825944e-09  1.345925996452751e+00  1.345925996452751e+00  1.345925996452751e+00  1.345925996452751e+00  0
2.683285331899628e-09  1.466383862728884e+00  1.466383862728884e+00  1.466383862728884e+00  1.466383862728884e+00  0
2.940768633234185e-09  1.547323244575506e+00  1.547323244575506e+00  1.547323244575506e+00  1.547323244575506e+00  0
3.222959575488617e-09  1.544756241152939e+00  1.544756241152939e+00  1.544756241152939e+00  1.544756241152939e+00  0
3.532229060063758e-09  1.458748664408985e+00  1.458748664408985e+00  1.458748664408985e+00  1.458748664408985e+00  0
3.871175495853799e-09  1.321925998905604e+00  1.321925998905604e+00  1.321925998905604e+00  1.321925998905604e+00  0
4.242646630461844e-09  1.200889290787835e+00  1.200889290787835e+00  1.200889290787835e+00  1.200889290787835e+00  0
4.649763476300181e-09  1.121015140020117e+00  1.121015140020117e+00  1.121015140020117e+00  1.121015140020117e+00  0
5.095946532596709e-09  1.123778752405868e+00  1.123778752405868e+00  1.123778752405868e+00  1.123778752405868e+00  0
5.584944523618587e-09  1.209380779537605e+00  1.209380779537605e+00  1.209380779537605e+00  1.209380779537605e+00  0
6.120865894564859e-09  1.345887902166574e+00  1.345887902166574e+00  1.345887902166574e+00  1.345887902166574e+00  0
6.708213329749070e-09  1.466342758622303e+00  1.466342758622303e+00  1.466342758622303e+00  1.466342758622303e+00  0
7.351921583085463e-09  1.547279393554114e+00  1.547279393554114e+00  1.547279393554114e+00  1.547279393554114e+00  0
8.057398938721544e-09  1.544712487604367e+00  1.544712487604367e+00  1.544712487604367e+00  1.544712487604367e+00  0
8.830572650159394e-09  1.458707574620731e+00  1.458707574620731e+00  1.458707574620731e+00  1.458707574620731e+00  0
9.677938739634499e-09  1.321888996406778e+00  1.321888996406778e+00  1.321888996406778e+00  1.321888996406778e+00  0
1.060661657615461e-08  1.200855818453662e+00  1.200855818453662e+00  1.200855818453662e+00  1.200855818453662e+00  0
1.162440869075045e-08  1.120983854471050e+00  1.120983854471050e+00  1.120983854471050e+00  1.120983854471050e+00  0
1.273986633149177e-08  1.123746996941537e+00  1.123746996941537e+00  1.123746996941537e+00  1.123746996941537e+00  0
1.396236130904647e-08  1.209346127658335e+00  1.209346127658335e+00  1.209346127658335e+00  1.209346127658335e+00  0
1.530216473641215e-08  1.345849050322511e+00  1.345849050322511e+00  1.345849050322511e+00  1.345849050322511e+00  0
1.677053332437267e-08  1.466298690559021e+00  1.466298690559021e+00  1.466298690559021e+00  1.466298690559021e+00  0
1.837980395771366e-08  1.547233256899210e+00  1.547233256899210e+00  1.547233256899210e+00  1.547233256899210e+00  0
2.014349734680386e-08  1.544667222151206e+00  1.544667222151206e+00  1.544667222151206e+00  1.544667222151206e+00  0
2.207643162539849e-08  1.458665716164372e+00  1.458665716164372e+00  1.458665716164372e+00  1.458665716164372e+00  0
2.419484684908624e-08  1.321851777394125e+00  1.321851777394125e+00  1.321851777394125e+00  1.321851777394125e+00  0
2.651654144038653e-08  1.200822452377701e+00  1.200822452377701e+00  1.200822452377701e+00  1.200822452377701e+00  0
2.906102172687613e-08  1.120952607934373e+00  1.120952607934373e+00  1.120952607934373e+00  1.120952607934373e+00  0
3.184966582872943e-08  1.123714689768864e+00  1.123714689768864e+00  1.123714689768864e+00  1.123714689768864e+00  0
3.490590327261617e-08  1.209310163723624e+00  1.209310163723624e+00  1.209310163723624e+00  1.209310163723624e+00  0
3.825541184103037e-08  1.345808303300945e+00  1.345808303300945e+00  1.345808303300945e+00  1.345808303300945e+00  0
4.192633331093168e-08  1.466249146215255e+00  1.466249146215255e+00  1.466249146215255e+00  1.466249146215255e+00  0
4.594950989428414e-08  1.547182345107692e+00  1.547182345107692e+00  1.547182345107692e+00  1.547182345107692e+00  0
5.035874336700964e-08  1.544618596541526e+00  1.544618596541526e+00  1.544618596541526e+00  1.544618596541526e+00  0
5.519107906349621e-08  1.458622107870255e+00  1.458622107870255e+00  1.458622107870255e+00  1.458622107870255e+00  0
6.048711712271561e-08  1.321814080793813e+00  1.321814080793813e+00  1.321814080793813e+00  1.321814080793813e+00  0
6.629135360096631e-08  1.200789346374885e+00  1.200789346374885e+00  1.200789346374885e+00  1.200789346374885e+00  0
7.265255431719034e-08  1.120921454439686e+00  1.120921454439686e+00  1.120921454439686e+00  1.120921454439686e+00  0
7.962416457182358e-08  1.123681000087745e+00  1.123681000087745e+00  1.123681000087745e+00  1.123681000087745e+00  0
8.726475818154042e-08  1.209270917670697e+00  1.209270917670697e+00  1.209270917670697e+00  1.209270917670697e+00  0
9.563852960257593e-08  1.345762817481099e+00  1.345762817481099e+00  1.345762817481099e+00  1.345762817481099e+00  0
1.048158332773292e-07  1.466186433781784e+00  1.466186433781784e+00  1.466186433781784e+00  1.466186433781784e+00  0
1.148737747357104e-07  1.547119748253973e+00  1.547119748253973e+00  1.547119748253973e+00  1.547119748253973e+00  0
1.258968584175241e-07  1.544561682359139e+00  1.544561682359139e+00  1.544561682359139e+00  1.544561682359139e+00  0
1.379776976587406e-07  1.458574169611497e+00  1.458574169611497e+00  1.458574169611497e+00  1.458574169611497e+00  0
1.512177928067891e-07  1.321775205707284e+00  1.321775205707284e+00  1.321775205707284e+00  1.321775205707284e+00  0
1.657283840024158e-07  1.200756883749588e+00  1.200756883749588e+00  1.200756883749588e+00  1.200756883749588e+00  0
1.816313857929758e-07  1.120890528426571e+00  1.120890528426571e+00  1.120890528426571e+00  1.120890528426571e+00  0
1.990604114295589e-07  1.123643850616864e+00  1.123643850616864e+00  1.123643850616864e+00  1.123643850616864e+00  0
2.181618954538510e-07  1.209223464028367e+00  1.209223464028367e+00  1.209223464028367e+00  1.209223464028367e+00  0
2.390963240064398e-07  1.345705483106751e+00  1.345705483106751e+00  1.345705483106751e+00  1.345705483106751e+00  0
2.620395831933230e-07  1.466090970857928e+00  1.466090970857928e+00  1.466090970857928e+00  1.466090970857928e+00  0
2.871844368392759e-07  1.547028017818036e+00  1.547028017818036e+00  1.547028017818036e+00  1.547028017818036e+00  0
3.147421460438103e-07  1.544484077949319e+00  1.544484077949319e+00  1.544484077949319e+00  1.544484077949319e+00  0
3.449442441468514e-07  1.458515414918175e+00  1.458515414918175e+00  1.458515414918175e+00  1.458515414918175e+00  0
3.780444820169726e-07  1.321733383634803e+00  1.321733383634803e+00  1.321733383634803e+00  1.321733383634803e+00  0
4.143209600060395e-07  1.200726001539488e+00  1.200726001539488e+00  1.200726001539488e+00  1.200726001539488e+00  0
4.540784644824396e-07  1.120860151500924e+00  1.120860151500924e+00  1.120860151500924e+00  1.120860151500924e+00  0
4.976510285738974e-07  1.123598039507455e+00  1.123598039507455e+00  1.123598039507455e+00  1.123598039507455e+00  0
5.454047386346277e-07  1.209155484303560e+00  1.209155484303560e+00  1.209155484303560e+00  1.209155484303560e+00  0
5.977408100160996e-07  1.345618522579433e+00  1.345618522579433e+00  1.345618522579433e+00  1.345618522579433e+00  0
6.550989579833075e-07  1.465913672087050e+00  1.465913672087050e+00  1.465913672087050e+00  1.465913672087050e+00  0
7.179610920981897e-07  1.546863454958093e+00  1.546863454958093e+00  1.546863454958093e+00  1.546863454958093e+00  0
7.868553651095256e-07  1.544354726354463e+00  1.544354726354463e+00  1.544354726354463e+00  1.544354726354463e+00  0
8.623606103671284e-07  1.458429587340132e+00  1.458429587340132e+00  1.458429587340132e+00  1.458429587340132e+00  0
9.451112050424314e-07  1.321684161891572e+00  1.321684161891572e+00  1.321684161891572e+00  1.321684161891572e+00  0
1.035802400015099e-06  1.200698906304154e+00  1.200698906304154e+00  1.200698906304154e+00  1.200698906304154e+00  0
1.135196161206099e-06  1.120831034134554e+00  1.120831034134554e+00  1.120831034134554e+00  1.120831034134554e+00  0
1.244127571434743e-06  1.123530505500862e+00  1.123530505500862e+00  1.123530505500862e+00  1.123530505500862e+00  0
1.363511846586569e-06  1.209036150104657e+00  1.209036150104657e+00  1.209036150104657e+00  1.209036150104657e+00  0
1.494352025040249e-06  1.345457470658905e+00  1.345457470658905e+00  1.345457470658905e+00  1.345457470658905e+00  0
1.637747394958269e-06  1.465531661563398e+00  1.465531661563398e+00  1.465531661563398e+00  1.465531661563398e+00  0
1.794902730245475e-06  1.546516641107235e+00  1.546516641107235e+00  1.546516641107235e+00  1.546516641107235e+00  0
1.967138412773814e-06  1.544095795331746e+00  1.544095795331746e+00  1.544095795331746e+00  1.544095795331746e+00  0
2.155901525917821e-06  1.458275852483033e+00  1.458275852483033e+00  1.458275852483033e+00  1.458275852483033e+00  0
2.362778012606079e-06  1.321616235284042e+00  1.321616235284042e+00  1.321616235284042e+00  1.321616235284042e+00  0
2.589506000037746e-06  1.200680270672179e+00  1.200680270672179e+00  1.200680270672179e+00  1.200680270672179e+00  0
2.837990403015248e-06  1.120804372847118e+00  1.120804372847118e+00  1.120804372847118e+00  1.120804372847118e+00  0
3.110318928586858e-06  1.123408244133769e+00  1.123408244133769e+00  1.123408244133769e+00  1.123408244133769e+00  0
3.408779616466423e-06  1.208788189874570e+00  1.208788189874570e+00  1.208788189874570e+00  1.208788189874570e+00  0
3.735880062600622e-06  1.345111030447263e+00  1.345111030447263e+00  1.345111030447263e+00  1.345111030447263e+00  0
4.094368487395672e-06  1.464636968166646e+00  1.464636968166646e+00  1.464636968166646e+00  1.464636968166646e+00  0
4.487256825613686e-06  1.545713073129595e+00  1.545713073129595e+00  1.545713073129595e+00  1.545713073129595e+00  0
4.917846031934535e-06  1.543511572652718e+00  1.543511572652718e+00  1.543511572652718e+00  1.543511572652718e+00  0
5.389753814794552e-06  1.457950944422373e+00  1.457950944422373e+00  1.457950944422373e+00  1.457950944422373e+00  0
5.906945031515196e-06  1.321500273297131e+00  1.321500273297131e+00  1.321500273297131e+00  1.321500273297131e+00  0
6.473765000094367e-06  1.200676575054450e+00  1.200676575054450e+00  1.200676575054450e+00  1.200676575054450e+00  0
7.094976007538119e-06  1.120779590813063e+00  1.120779590813063e+00  1.120779590813063e+00  1.120779590813063e+00  0
7.775797321467146e-06  1.123146584551138e+00  1.123146584551138e+00  1.123146584551138e+00  1.123146584551138e+00  0
8.521949041166058e-06  1.208217191007827e+00  1.208217191007827e+00  1.208217191007827e+00  1.208217191007827e+00  0
9.339700156501556e-06  1.344300132102115e+00  1.344300132102115e+00  1.344300132102115e+00  1.344300132102115e+00  0
1.023592121848918e-05  1.462455021783862e+00  1.462455021783862e+00  1.462455021783862e+00  1.462455021783862e+00  0
1.121814206403422e-05  1.543760676672969e+00  1.543760676672969e+00  1.543760676672969e+00  1.543760676672969e+00  0
1.229461507983634e-05  1.542105831314462e+00  1.542105831314462e+00  1.542105831314462e+00  1.542105831314462e+00  0
1.347438453698638e-05  1.457189431736537e+00  1.457189431736537e+00  1.457189431736537e+00  1.457189431736537e+00  0
1.476736257878799e-05  1.321256371916575e+00  1.321256371916575e+00  1.321256371916575e+00  1.321256371916575e+00  0
1.618441250023592e-05  1.200672589830428e+00  1.200672589830428e+00  1.200672589830428e+00  1.200672589830428e+00  0
1.773744001884530e-05  1.120733719626624e+00  1.120733719626624e+00  1.120733719626624e+00  1.120733719626624e+00  0
1.943949330366787e-05  1.122520856332866e+00  1.122520856332866e+00  1.122520856332866e+00  1.122520856332866e+00  0
2.130487260291514e-05  1.206829708459004e+00  1.206829708459004e+00  1.206829708459004e+00  1.206829708459004e+00  0
2.334925039125389e-05  1.342322087392751e+00  1.342322087392751e+00  1.342322087392751e+00  1.342322087392751e+00  0
2.558980304622295e-05  1.457029300801593e+00  1.457029300801593e+00  1.457029300801593e+00  1.457029300801593e+00  0
2.804535516008554e-05  1.538898280409934e+00  1.538898280409934e+00  1.538898280409934e+00  1.538898280409934e+00  0
3.073653769959084e-05  1.538598031656347e+00  1.538598031656347e+00  1.538598031656347e+00  1.538598031656347e+00  0
3.368596134246595e-05  1.455284684826260e+00  1.455284684826260e+00  1.455284684826260e+00  1.455284684826260e+00  0
3.691840644696998e-05  1.320645329934020e+00  1.320645329934020e+00  1.320645329934020e+00  1.320645329934020e+00  0
4.046103125058979e-05  1.200436350288828e+00  1.200436350288828e+00  1.200436350288828e+00  1.200436350288828e+00  0
4.434360004711324e-05  1.120476886117833e+00  1.120476886117833e+00  1.120476886117833e+00  1.120476886117833e+00  0
4.859873325916966e-05  1.120889949961750e+00  1.120889949961750e+00  1.120889949961750e+00  1.120889949961750e+00  0
5.326218150728786e-05  1.203347488288402e+00  1.203347488288402e+00  1.203347488288402e+00  1.203347488288402e+00  0
5.837312597813472e-05  1.337390655206411e+00  1.337390655206411e+00  1.337390655206411e+00  1.337390655206411e+00  0
6.397450761555738e-05  1.443282343505872e+00  1.443282343505872e+00  1.443282343505872e+00  1.443282343505872e+00  0
7.011338790021385e-05  1.526502015953981e+00  1.526502015953981e+00  1.526502015953981e+00  1.526502015953981e+00  0
7.684134424897712e-05  1.529527267261152e+00  1.529527267261152e+00  1.529527267261152e+00  1.529527267261152e+00  0
8.421490335616489e-05  1.450199573809695e+00  1.450199573809695e+00  1.450199573809695e+00  1.450199573809695e+00  0
9.229601611742495e-05  1.318824391236210e+00  1.318824391236210e+00  1.318824391236210e+00  1.318824391236210e+00  0
1.011525781264745e-04  1.198204934760499e+00  1.198204934760499e+00  1.198204934760499e+00  1.198204934760499e+00  0
1.108590001177831e-04  1.118726833784001e+00  1.118726833784001e+00  1.118726833784001e+00  1.118726833784001e+00  0
1.214968331479242e-04  1.116166973243017e+00  1.116166973243017e+00  1.116166973243017e+00  1.116166973243017e+00  0
1.331554537682196e-04  1.194302206429528e+00  1.194302206429528e+00  1.194302206429528e+00  1.194302206429528e+00  0
1.459328149453368e-04  1.324858252071767e+00  1.324858252071767e+00  1.324858252071767e+00  1.324858252071767e+00  0
1.599362690388935e-04  1.407527466393091e+00  1.407527466393091e+00  1.407527466393091e+00  1.407527466393091e+00  0
1.752834697505346e-04  1.493752675633865e+00  1.493752675633865e+00  1.493752675633865e+00  1.493752675633865e+00  0
1.921033606224428e-04  1.504711198868448e+00  1.504711198868448e+00  1.504711198868448e+00  1.504711198868448e+00  0
2.105372583904122e-04  1.435222567217909e+00  1.435222567217909e+00  1.435222567217909e+00  1.435222567217909e+00  0
2.307400402935624e-04  1.312212613857788e+00  1.312212613857788e+00  1.312212613857788e+00  1.312212613857788e+00  0
2.528814453161862e-04  1.181763102497508e+00  1.181763102497508e+00  1.181763102497508e+00  1.181763102497508e+00  0
2.771475002944578e-04  1.106941901689954e+00  1.106941901689954e+00  1.106941901689954e+00  1.106941901689954e+00  0
3.037420828698104e-04  1.099924282157179e+00  1.099924282157179e+00  1.099924282157179e+00  1.099924282157179e+00  0
3.328886344205491e-04  1.169208370890660e+00  1.169208370890660e+00  1.169208370890660e+00  1.169208370890660e+00  0
3.648320373633420e-04  1.291905036915837e+00  1.291905036915837e+00  1.291905036915837e+00  1.291905036915837e+00  0
3.998406725972337e-04  1.302091282982669e+00  1.302091282982669e+00  1.302091282982669e+00  1.302091282982669e+00  0
4.382086743763366e-04  1.396763681140937e+00  1.396763681140937e+00  1.396763681140937e+00  1.396763681140937e+00  0
4.802584015561070e-04  1.427021947219361e+00  1.427021947219361e+00  1.427021947219361e+00  1.427021947219361e+00  0
5.263431459760305e-04  1.382306004173293e+00  1.382306004173293e+00  1.382306004173293e+00  1.382306004173293e+00  0
5.768501007339060e-04  1.281982144866999e+00  1.281982144866999e+00  1.281982144866999e+00  1.281982144866999e+00  0
6.322036132904656e-04  1.046509735659418e+00  1.046509735659418e+00  1.046509735659418e+00  1.046509735659418e+00  0
6.928687507361445e-04  1.004454570094400e+00  1.004454570094400e+00  1.004454570094400e+00  1.004454570094400e+00  0
7.593552071745261e-04  1.009262846184711e+00  1.009262846184711e+00  1.009262846184711e+00  1.009262846184711e+00  0
8.322215860513729e-04  1.074868057284896e+00  1.074868057284896e+00  1.074868057284896e+00  1.074868057284896e+00  0
9.120800934083552e-04  1.188943686827631e+00  1.188943686827631e+00  1.188943686827631e+00  1.188943686827631e+00  0
9.996016814930841e-04  9.806941605753293e-01  9.806941605753293e-01  9.806941605753293e-01  9.806941605753293e-01  0
1.095521685940841e-03  1.078867009006158e+00  1.078867009006158e+00  1.078867009006158e+00  1.078867009006158e+00  0
1.200646003890268e-03  1.137143379535733e+00  1.137143379535733e+00  1.137143379535733e+00  1.137143379535733e+00  0
1.315857864940076e-03  1.140381821114446e+00  1.140381821114446e+00  1.140381821114446e+00  1.140381821114446e+00  0
1.442125251834765e-03  1.095269183777442e+00  1.095269183777442e+00  1.095269183777442e+00  1.095269183777442e+00  0
1.580509033226164e-03  7.364488585612223e-01  7.364488585612223e-01  7.364488585612223e-01  7.364488585612223e-01  0
1.732171876840361e-03  7.241814719492516e-01  7.241814719492516e-01  7.241814719492516e-01  7.241814719492516e-01  0
1.898388017936315e-03  7.376636742782878e-01  7.376636742782878e-01  7.376636742782878e-01  7.376636742782878e-01  0
2.080553965128432e-03  7.908686993496449e-01  7.908686993496449e-01  7.908686993496449e-01  7.908686993496449e-01  0
2.280200233520888e-03  8.816577966734888e-01  8.816577966734888e-01  8.816577966734888e-01  8.816577966734888e-01  0
2.499004203732710e-03  7.488689166156900e-01  7.488689166156900e-01  7.488689166156900e-01  7.488689166156900e-01  0
2.738804214852103e-03  7.548154652878076e-01  7.548154652878076e-01  7.548154652878076e-01  7.548154652878076e-01  0
3.001615009725669e-03  7.686583406399737e-01  7.686583406399737e-01  7.686583406399737e-01  7.686583406399737e-01  0
3.289644662350191e-03  7.710372793258512e-01  7.710372793258512e-01  7.710372793258512e-01  7.710372793258512e-01  0
3.605313129586912e-03  7.545808384939134e-01  7.545808384939134e-01  7.545808384939134e-01  7.545808384939134e-01  0
3.951272583065409e-03  1.626623619894120e+00  1.626623619894120e+00  1.626623619894120e+00  1.626623619894120e+00  0
4.330429692100902e-03  1.382390288877637e+00  1.382390288877637e+00  1.382390288877637e+00  1.382390288877637e+00  0
4.745970044840787e-03  1.146110737808191e+00  1.146110737808191e+00  1.146110737808191e+00  1.146110737808191e+00  0
5.201384912821079e-03  9.592141436607607e-01  9.592141436607607e-01  9.592141436607607e-01  9.592141436607607e-01  0
5.700500583802218e-03  8.426389647004896e-01  8.426389647004896e-01  8.426389647004896e-01  8.426389647004896e-01  0
6.247510509331775e-03  2.318055214682454e+00  2.318055214682454e+00  2.318055214682454e+00  2.318055214682454e+00  0
6.847010537130258e-03  2.364494174933063e+00  2.364494174933063e+00  2.364494174933063e+00  2.364494174933063e+00  0
7.504037524314172e-03  2.324032753439859e+00  2.324032753439859e+00  2.324032753439859e+00  2.324032753439859e+00  0
8.224111655875476e-03  2.198843062053164e+00  2.198843062053164e+00  2.198843062053164e+00  2.198843062053164e+00  0
9.013282823967281e-03  2.001245903270962e+00  2.001245903270962e+00  2.001245903270962e+00  2.001245903270962e+00  0
9.878181457663523e-03  1.634768414023638e+00  1.634768414023638e+00  1.634768414023638e+00  1.634768414023638e+00  0
1.082607423025226e-02  1.802471978374243e+00  1.802471978374243e+00  1.802471978374243e+00  1.802471978374243e+00  0
1.186492511210197e-02  1.964176447962573e+00  1.964176447962573e+00  1.964176447962573e+00  1.964176447962573e+00  0
1.300346228205270e-02  2.117833439553130e+00  2.117833439553130e+00  2.117833439553130e+00  2.117833439553130e+00  0
1.425125145950555e-02  2.257153847799252e+00  2.257153847799252e+00  2.257153847799252e+00  2.257153847799252e+00  0
1.561877627332944e-02  1.355471471453358e+00  1.355471471453358e+00  1.355471471453358e+00  1.355471471453358e+00  0
1.711752634282565e-02  1.453928521081518e+00  1.453928521081518e+00  1.453928521081518e+00  1.453928521081518e+00  0
1.876009381078543e-02  1.539831692032588e+00  1.539831692032588e+00  1.539831692032588e+00  1.539831692032588e+00  0
2.056027913968869e-02  1.627719312020398e+00  1.627719312020398e+00  1.627719312020398e+00  1.627719312020398e+00  0
2.253320705991820e-02  1.730231926150547e+00  1.730231926150547e+00  1.730231926150547e+00  1.730231926150547e+00  0
2.469545364415881e-02  1.404962213503296e+00  1.404962213503296e+00  1.404962213503296e+00  1.404962213503296e+00  0
2.706518557563064e-02  1.536125342085506e+00  1.536125342085506e+00  1.536125342085506e+00  1.536125342085506e+00  0
2.966231278025492e-02  1.623470664582021e+00  1.623470664582021e+00  1.623470664582021e+00  1.623470664582021e+00  0
3.250865570513175e-02  1.671042463624247e+00  1.671042463624247e+00  1.671042463624247e+00  1.671042463624247e+00  0
3.562812864876387e-02  1.686540581159900e+00  1.686540581159900e+00  1.686540581159900e+00  1.686540581159900e+00  0
3.904694068332359e-02  2.312197259506880e+00  2.312197259506880e+00  2.312197259506880e+00  2.312197259506880e+00  0
4.279381585706411e-02  2.176896144222760e+00  2.176896144222760e+00  2.176896144222760e+00  2.176896144222760e+00  0
4.690023452696357e-02  2.029016435458218e+00  2.029016435458218e+00  2.029016435458218e+00  2.029016435458218e+00  0
5.140069784922173e-02  1.905023025772251e+00  1.905023025772251e+00  1.905023025772251e+00  1.905023025772251e+00  0
5.633301764979550e-02  1.820800004746805e+00  1.820800004746805e+00  1.820800004746805e+00  1.820800004746805e+00  0
6.173863411039702e-02  3.093245256813964e+00  3.093245256813964e+00  3.093245256813964e+00  3.093245256813964e+00  0
6.766296393907660e-02  3.151040093426253e+00  3.151040093426253e+00  3.151040093426253e+00  3.151040093426253e+00  0
7.415578195063731e-02  3.130186333779540e+00  3.130186333779540e+00  3.130186333779540e+00  3.130186333779540e+00  0
8.127163926282938e-02  3.028936201041233e+00  3.028936201041233e+00  3.028936201041233e+00  3.028936201041233e+00  0
8.907032162190967e-02  2.856266009240356e+00  2.856266009240356e+00  2.856266009240356e+00  2.856266009240356e+00  0
9.761735170830899e-02  2.404139930696592e+00  2.404139930696592e+00  2.404139930696592e+00  2.404139930696592e+00  0
1.069845396426603e-01  2.861778719688320e+00  2.861778719688320e+00  2.861778719688320e+00  2.861778719688320e+00  0
1.172505863174089e-01  3.223537061139185e+00  3.223537061139185e+00  3.223537061139185e+00  3.223537061139185e+00  0
1.285017446230543e-01  3.465013331875053e+00  3.465013331875053e+00  3.465013331875053e+00  3.465013331875053e+00  0
1.408325441244888e-01  3.587890918214592e+00  3.587890918214592e+00  3.587890918214592e+00  3.587890918214592e+00  0
1.543465852759925e-01  7.205281011557257e-01  7.205281011557257e-01  7.205281011557257e-01  7.205281011557257e-01  0
1.691574098476915e-01  9.578934675317471e-01  9.578934675317471e-01  9.578934675317471e-01  9.578934675317471e-01  0
1.853894548765933e-01  1.265639335433636e+00  1.265639335433636e+00  1.265639335433636e+00  1.265639335433636e+00  0
2.031790981570734e-01  1.644447859568379e+00  1.644447859568379e+00  1.644447859568379e+00  1.644447859568379e+00  0
2.226758040547742e-01  2.075177913025280e+00  2.075177913025280e+00  2.075177913025280e+00  2.075177913025280e+00  0
2.440433792707725e-01  1.425854860742079e-01  1.425854860742079e-01  1.425854860742079e-01  1.425854860742079e-01  0
2.674613491066507e-01  2.128143111307870e-01  2.128143111307870e-01  2.128143111307870e-01  2.128143111307870e-01  0
2.931264657935224e-01  3.014351105227754e-01  3.014351105227754e-01  3.014351105227754e-01  3.014351105227754e-01  0
3.212543615576358e-01  4.106804543095240e-01  4.106804543095240e-01  4.106804543095240e-01  4.106804543095240e-01  0
3.520813603112219e-01  5.472707392626408e-01  5.472707392626408e-01  5.472707392626408e-01  5.472707392626408e-01  0
3.858664631899813e-01  3.735719679153128e-02  3.735719679153128e-02  3.735719679153128e-02  3.735719679153128e-02  0
4.228935246192287e-01  4.652865628299788e-02  4.652865628299788e-02  4.652865628299788e-02  4.652865628299788e-02  0
4.634736371914831e-01  5.967486488374666e-02  5.967486488374666e-02  5.967486488374666e-02  5.967486488374666e-02  0
5.079477453926835e-01  8.025512432300000e-02  8.025512432300000e-02  8.025512432300000e-02  8.025512432300000e-02  0
5.566895101369354e-01  1.122695419959041e-01  1.122695419959041e-01  1.122695419959041e-01  1.122695419959041e-01  0
6.101084481769311e-01  7.679585217243112e-03  7.679585217243112e-03  7.679585217243112e-03  7.679585217243112e-03  0
6.686533727666268e-01  1.207525278644843e-02  1.207525278644843e-02  1.207525278644843e-02  1.207525278644843e-02  0
7.328161644838058e-01  1.762572239516518e-02  1.762572239516518e-02  1.762572239516518e-02  1.762572239516518e-02  0
8.031359038940895e-01  2.398621688646181e-02  2.398621688646181e-02  2.398621688646181e-02  2.398621688646181e-02  0
8.802034007780547e-01  3.070826170521115e-02  3.070826170521115e-02  3.070826170521115e-02  3.070826170521115e-02  0
9.646661579749535e-01  2.594736422965662e-04  2.594736422965662e-04  2.594736422965662e-04  2.594736422965662e-04  0
1.057233811548072e+00  5.947374939719026e-04  5.947374939719026e-04  5.947374939719026e-04  5.947374939719026e-04  0
1.158684092978708e+00  1.268325461362771e-03  1.268325461362771e-03  1.268325461362771e-03  1.268325461362771e-03  0
1.269869363481709e+00  2.511855662084713e-03  2.511855662084713e-03  2.511855662084713e-03  2.511855662084713e-03  0
1.391723775342339e+00  4.613900777258356e-03  4.613900777258356e-03  4.613900777258356e-03  4.613900777258356e-03  0
1.525271120442328e+00  3.988097355716399e-06  3.988097355716399e-06  3.988097355716399e-06  3.988097355716399e-06  0
1.671633431916567e+00  8.526319961018126e-06  8.526319961018126e-06  8.526319961018126e-06  8.526319961018126e-06  0
1.832040411209515e+00  1.783902604033292e-05  1.783902604033292e-05  1.783902604033292e-05  1.783902604033292e-05  0
2.007839759735224e+00  3.728221513885499e-05  3.728221513885499e-05  3.728221513885499e-05  3.728221513885499e-05  0
2.200508501945137e+00  7.930871157634225e-05  7.930871157634225e-05  7.930871157634225e-05  7.930871157634225e-05  0
