-1.525271120442328e+00  1.703938766949085e-05  1.703938766949085e-05  1.703938766949085e-05  1.703938766949085e-05  0
-1.391723775342339e+00  5.794624980260475e-06  5.794624980260475e-06  5.794624980260475e-06  5.794624980260475e-06  0
-1.269869363481709e+00  1.779526080008533e-06  1.779526080008533e-06  1.779526080008533e-06  1.779526080008533e-06  0
-1.158684092978708e+00  4.659300149327623e-07  4.659300149327623e-07  4.659300149327623e-07  4.659300149327623e-07  0
-1.057233811548072e+00  9.487148077617303e-08  9.487148077617303e-08  9.487148077617303e-08  9.487148077617303e-08  0
-9.646661579749536e-01  2.549600654727361e-03  2.549600654727361e-03  2.549600654727361e-03  2.549600654727361e-03  0
-8.802034007780548e-01  9.897788658969121e-04  9.897788658969121e-04  9.897788658969121e-04  9.897788658969121e-04  0
-8.031359038940896e-01  3.738206272059221e-04  3.738206272059221e-04  3.738206272059221e-04  3.738206272059221e-04  0
-7.328161644838059e-01  1.398960860157424e-04  1.398960860157424e-04  1.398960860157424e-04  1.398960860157424e-04  0
-6.686533727666268e-01  5.262421158109655e-05  5.262421158109655e-05  5.262421158109655e-05  5.262421158109655e-05  0
-6.101084481769313e-01  1.257120095847619e-01  1.257120095847619e-01  1.257120095847619e-01  1.257120095847619e-01  0
-5.566895101369356e-01  6.548227219947772e-02  6.548227219947772e-02  6.548227219947772e-02  6.548227219947772e-02  0
-5.079477453926836e-01  3.182051156320651e-02  3.182051156320651e-02  3.182051156320651e-02  3.182051156320651e-02  0
-4.634736371914833e-01  1.444565723623247e-02  1.444565723623247e-02  1.444565723623247e-02  1.444565723623247e-02  0
-4.228935246192288e-01  6.149175746916133e-03  6.149175746916133e-03  6.149175746916133e-03  6.149175746916133e-03  0
-3.858664631899814e-01  1.177506552911777e+00  1.177506552911777e+00  1.177506552911777e+00  1.177506552911777e+00  0
-3.520813603112219e-01  8.596218159225918e-01  8.596218159225918e-01  8.596218159225918e-01  8.596218159225918e-01  0
-3.212543615576358e-01  5.880164757956757e-01  5.880164757956757e-01  5.880164757956757e-01  5.880164757956757e-01  0
-2.931264657935224e-01  3.763220143874990e-01  3.763220143874990e-01  3.763220143874990e-01  3.763220143874990e-01  0
-2.674613491066507e-01  2.250258943136000e-01  2.250258943136000e-01  2.250258943136000e-01  2.250258943136000e-01  0
-2.440433792707725e-01  2.307131195792477e+00  2.307131195792477e+00  2.307131195792477e+00  2.307131195792477e+00  0
-2.226758040547742e-01  2.254184014980394e+00  2.254184014980394e+00  2.254184014980394e+00  2.254184014980394e+00  0
-2.031790981570734e-01  2.088574808042306e+00  2.088574808042306e+00  2.088574808042306e+00  2.088574808042306e+00  0
-1.853894548765933e-01  1.829562738992467e+00  1.829562738992467e+00  1.829562738992467e+00  1.829562738992467e+00  0
-1.691574098476915e-01  1.511284703547088e+00  1.511284703547088e+00  1.511284703547088e+00  1.511284703547088e+00  0
-1.543465852759926e-01  1.229133225588394e+00  1.229133225588394e+00  1.229133225588394e+00  1.229133225588394e+00  0
-1.408325441244888e-01  1.451489274624562e+00  1.451489274624562e+00  1.451489274624562e+00  1.451489274624562e+00  0
-1.285017446230543e-01  1.641288428119889e+00  1.641288428119889e+00  1.641288428119889e+00  1.641288428119889e+00  0
-1.172505863174090e-01  1.769812829041380e+00  1.769812829041380e+00  1.769812829041380e+00  1.769812829041380e+00  0
-1.069845396426603e-01  1.812799561642605e+00  1.812799561642605e+00  1.812799561642605e+00  1.812799561642605e+00  0
-9.761735170830896e-02  3.349792551865612e-01  3.349792551865612e-01  3.349792551865612e-01  3.349792551865612e-01  0
-8.907032162190963e-02  4.088278878829453e-01  4.088278878829453e-01  4.088278878829453e-01  4.088278878829453e-01  0
-8.127163926282933e-02  4.960327115156118e-01  4.960327115156118e-01  4.960327115156118e-01  4.960327115156118e-01  0
-7.415578195063728e-02  5.863079861609111e-01  5.863079861609111e-01  5.863079861609111e-01  5.863079861609111e-01  0
-6.766296393907657e-02  6.636126954868167e-01  6.636126954868167e-01  6.636126954868167e-01  6.636126954868167e-01  0
-6.173863411039700e-02  1.500580912367671e-01  1.500580912367671e-01  1.500580912367671e-01  1.500580912367671e-01  0
-5.633301764979549e-02  1.621724143917253e-01  1.621724143917253e-01  1.621724143917253e-01  1.621724143917253e-01  0
-5.140069784922172e-02  1.717107014767899e-01  1.717107014767899e-01  1.717107014767899e-01  1.717107014767899e-01  0
-4.690023452696356e-02  1.754882996451991e-01  1.754882996451991e-01  1.754882996451991e-01  1.754882996451991e-01  0
-4.279381585706410e-02  1.716914862216489e-01  1.716914862216489e-01  1.716914862216489e-01  1.716914862216489e-01  0
-3.904694068332359e-02  1.825006337338269e-01  1.825006337338269e-01  1.825006337338269e-01  1.825006337338269e-01  0
-3.562812864876386e-02  1.514476733315967e-01  1.514476733315967e-01  1.514476733315967e-01  1.514476733315967e-01  0
-3.250865570513174e-02  1.349504643368029e-01  1.349504643368029e-01  1.349504643368029e-01  1.349504643368029e-01  0
-2.966231278025492e-02  1.298797996526822e-01  1.298797996526822e-01  1.298797996526822e-01  1.298797996526822e-01  0
-2.706518557563063e-02  1.324459664984876e-01  1.324459664984876e-01  1.324459664984876e-01  1.324459664984876e-01  0
-2.469545364415880e-02  5.135203875365886e-01  5.135203875365886e-01  5.135203875365886e-01  5.135203875365886e-01  0
-2.253320705991819e-02  4.439477432753010e-01  4.439477432753010e-01  4.439477432753010e-01  4.439477432753010e-01  0
-2.056027913968868e-02  3.676597805632810e-01  3.676597805632810e-01  3.676597805632810e-01  3.676597805632810e-01  0
-1.876009381078543e-02  2.927846903818022e-01  2.927846903818022e-01  2.927846903818022e-01  2.927846903818022e-01  0
-1.711752634282564e-02  2.259407583728205e-01  2.259407583728205e-01  2.259407583728205e-01  2.259407583728205e-01  0
-1.561877627332943e-02  6.269217846415831e-01  6.269217846415831e-01  6.269217846415831e-01  6.269217846415831e-01  0
-1.425125145950554e-02  6.359517849719564e-01  6.359517849719564e-01  6.359517849719564e-01  6.359517849719564e-01  0
-1.300346228205270e-02  6.326974787608289e-01  6.326974787608289e-01  6.326974787608289e-01  6.326974787608289e-01  0
-1.186492511210197e-02  6.128472702444322e-01  6.128472702444322e-01  6.128472702444322e-01  6.128472702444322e-01  0
-1.082607423025225e-02  5.731539769139458e-01  5.731539769139458e-01  5.731539769139458e-01  5.731539769139458e-01  0
-9.878181457663520e-03  4.149579683165186e-01  4.149579683165186e-01  4.149579683165186e-01  4.149579683165186e-01  0
-9.013282823967277e-03  4.752355485347793e-01  4.752355485347793e-01  4.752355485347793e-01  4.752355485347793e-01  0
-8.224111655875473e-03  5.288329192642944e-01  5.288329192642944e-01  5.288329192642944e-01  5.288329192642944e-01  0
-7.504037524314169e-03  5.714681043990687e-01  5.714681043990687e-01  5.714681043990687e-01  5.714681043990687e-01  0
-6.847010537130255e-03  6.024261909888734e-01  6.024261909888734e-01  6.024261909888734e-01  6.024261909888734e-01  0
-6.247510509331773e-03  2.754980525297559e-01  2.754980525297559e-01  2.754980525297559e-01  2.754980525297559e-01  0
-5.700500583802216e-03  2.689488864808303e-01  2.689488864808303e-01  2.689488864808303e-01  2.689488864808303e-01  0
-5.201384912821078e-03  2.775251608598907e-01  2.775251608598907e-01  2.775251608598907e-01  2.775251608598907e-01  0
-4.745970044840786e-03  3.054707304924810e-01  3.054707304924810e-01  3.054707304924810e-01  3.054707304924810e-01  0
-4.330429692100900e-03  3.500703717748765e-01  3.500703717748765e-01  3.500703717748765e-01  3.500703717748765e-01  0
-3.951272583065408e-03  2.406955773103876e-01  2.406955773103876e-01  2.406955773103876e-01  2.406955773103876e-01  0
-3.605313129586911e-03  2.664613993176240e-01  2.664613993176240e-01  2.664613993176240e-01  2.664613993176240e-01  0
-3.289644662350189e-03  2.841674702441749e-01  2.841674702441749e-01  2.841674702441749e-01  2.841674702441749e-01  0
-3.001615009725668e-03  2.890930664463389e-01  2.890930664463389e-01  2.890930664463389e-01  2.890930664463389e-01  0
-2.738804214852102e-03  2.824918435974024e-01  2.824918435974024e-01  2.824918435974024e-01  2.824918435974024e-01  0
-2.499004203732710e-03  2.335299472895522e-01  2.335299472895522e-01  2.335299472895522e-01  2.335299472895522e-01  0
-2.280200233520887e-03  2.124634790003694e-01  2.124634790003694e-01  2.124634790003694e-01  2.124634790003694e-01  0
-2.080553965128431e-03  1.998757100095801e-01  1.998757100095801e-01  1.998757100095801e-01  1.998757100095801e-01  0
-1.898388017936315e-03  2.013410956998151e-01  2.013410956998151e-01  2.013410956998151e-01  2.013410956998151e-01  0
-1.732171876840360e-03  2.168514806973715e-01  2.168514806973715e-01  2.168514806973715e-01  2.168514806973715e-01  0
-1.580509033226163e-03  2.198608798897019e-01  2.198608798897019e-01  2.198608798897019e-01  2.198608798897019e-01  0
-1.442125251834764e-03  2.432222592840966e-01  2.432222592840966e-01  2.432222592840966e-01  2.432222592840966e-01  0
-1.315857864940076e-03  2.591772651796492e-01  2.591772651796492e-01  2.591772651796492e-01  2.591772651796492e-01  0
-1.200646003890267e-03  2.618239283326921e-01  2.618239283326921e-01  2.618239283326921e-01  2.618239283326921e-01  0
-1.095521685940841e-03  2.505976140035769e-01  2.505976140035769e-01  2.505976140035769e-01  2.505976140035769e-01  0
-9.996016814930839e-04  2.278392987006901e-01  2.278392987006901e-01  2.278392987006901e-01  2.278392987006901e-01  0
-9.120800934083548e-04  2.052712001011369e-01  2.052712001011369e-01  2.052712001011369e-01  2.052712001011369e-01  0
-8.322215860513725e-04  1.900033309584184e-01  1.900033309584184e-01  1.900033309584184e-01  1.900033309584184e-01  0
-7.593552071745259e-04  1.879782206804307e-01  1.879782206804307e-01  1.879782206804307e-01  1.879782206804307e-01  0
-6.928687507361442e-04  1.999347702520944e-01  1.999347702520944e-01  1.999347702520944e-01  1.999347702520944e-01  0
-6.322036132904654e-04  2.150971536471002e-01  2.150971536471002e-01  2.150971536471002e-01  2.150971536471002e-01  0
-5.768501007339059e-04  2.381954487355053e-01  2.381954487355053e-01  2.381954487355053e-01  2.381954487355053e-01  0
-5.263431459760304e-04  2.542989522605514e-01  2.542989522605514e-01  2.542989522605514e-01  2.542989522605514e-01  0
-4.802584015561070e-04  2.572520232819097e-01  2.572520232819097e-01  2.572520232819097e-01  2.572520232819097e-01  0
-4.382086743763364e-04  2.460679802829269e-01  2.460679802829269e-01  2.460679802829269e-01  2.460679802829269e-01  0
-3.998406725972335e-04  2.265652902801838e-01  2.265652902801838e-01  2.265652902801838e-01  2.265652902801838e-01  0
-3.648320373633419e-04  2.036755276921066e-01  2.036755276921066e-01  2.036755276921066e-01  2.036755276921066e-01  0
-3.328886344205490e-04  1.877344205985391e-01  1.877344205985391e-01  1.877344205985391e-01  1.877344205985391e-01  0
-3.037420828698103e-04  1.848141155537230e-01  1.848141155537230e-01  1.848141155537230e-01  1.848141155537230e-01  0
-2.771475002944577e-04  1.958939732337241e-01  1.958939732337241e-01  1.958939732337241e-01  1.958939732337241e-01  0
-2.528814453161862e-04  2.136541064678615e-01  2.136541064678615e-01  2.136541064678615e-01  2.136541064678615e-01  0
-2.307400402935623e-04  2.367369728694700e-01  2.367369728694700e-01  2.367369728694700e-01  2.367369728694700e-01  0
-2.105372583904122e-04  2.530059351943102e-01  2.530059351943102e-01  2.530059351943102e-01  2.530059351943102e-01  0
-1.921033606224428e-04  2.562366897012124e-01  2.562366897012124e-01  2.562366897012124e-01  2.562366897012124e-01  0
-1.752834697505346e-04  2.453315247568362e-01  2.453315247568362e-01  2.453315247568362e-01  2.453315247568362e-01  0
-1.599362690388934e-04  2.262200906807570e-01  2.262200906807570e-01  2.262200906807570e-01  2.262200906807570e-01  0
-1.459328149453367e-04  2.032237019072287e-01  2.032237019072287e-01  2.032237019072287e-01  2.032237019072287e-01  0
-1.331554537682196e-04  1.870553997143644e-01  1.870553997143644e-01  1.870553997143644e-01  1.870553997143644e-01  0
-1.214968331479241e-04  1.838383588651706e-01  1.838383588651706e-01  1.838383588651706e-01  1.838383588651706e-01  0
-1.108590001177830e-04  1.946401969824323e-01  1.946401969824323e-01  1.946401969824323e-01  1.946401969824323e-01  0
-1.011525781264745e-04  2.131437372662643e-01  2.131437372662643e-01  2.131437372662643e-01  2.131437372662643e-01  0
-9.229601611742493e-05  2.362290448173113e-01  2.362290448173113e-01  2.362290448173113e-01  2.362290448173113e-01  0
-8.421490335616486e-05  2.525617027490164e-01  2.525617027490164e-01  2.525617027490164e-01  2.525617027490164e-01  0
-7.684134424897711e-05  2.558827310986853e-01  2.558827310986853e-01  2.558827310986853e-01  2.558827310986853e-01  0
-7.011338790021382e-05  2.450408692960235e-01  2.450408692960235e-01  2.450408692960235e-01  2.450408692960235e-01  0
-6.397450761555736e-05  2.261182114775549e-01  2.261182114775549e-01  2.261182114775549e-01  2.261182114775549e-01  0
-5.837312597813469e-05  2.030773330241293e-01  2.030773330241293e-01  2.030773330241293e-01  2.030773330241293e-01  0
-5.326218150728784e-05  1.868208693500273e-01  1.868208693500273e-01  1.868208693500273e-01  1.868208693500273e-01  0
-4.859873325916965e-05  1.834929537102670e-01  1.834929537102670e-01  1.834929537102670e-01  1.834929537102670e-01  0
-4.434360004711322e-05  1.941952445406405e-01  1.941952445406405e-01  1.941952445406405e-01  1.941952445406405e-01  0
-4.046103125058979e-05  2.129571635438836e-01  2.129571635438836e-01  2.129571635438836e-01  2.129571635438836e-01  0
-3.691840644696997e-05  2.360473438797950e-01  2.360473438797950e-01  2.360473438797950e-01  2.360473438797950e-01  0
-3.368596134246595e-05  2.524083197609343e-01  2.524083197609343e-01  2.524083197609343e-01  2.524083197609343e-01  0
-3.073653769959084e-05  2.557672123078847e-01  2.557672123078847e-01  2.557672123078847e-01  2.557672123078847e-01  0
-2.804535516008553e-05  2.449519486631191e-01  2.449519486631191e-01  2.449519486631191e-01  2.449519486631191e-01  0
-2.558980304622295e-05  2.260864966872237e-01  2.260864966872237e-01  2.260864966872237e-01  2.260864966872237e-01  0
-2.334925039125388e-05  2.030267085664445e-01  2.030267085664445e-01  2.030267085664445e-01  2.030267085664445e-01  0
-2.130487260291513e-05  1.867351295461437e-01  1.867351295461437e-01  1.867351295461437e-01  1.867351295461437e-01  0
-1.943949330366786e-05  1.833645546564028e-01  1.833645546564028e-01  1.833645546564028e-01  1.833645546564028e-01  0
-1.773744001884529e-05  1.940300145878190e-01  1.940300145878190e-01  1.940300145878190e-01  1.940300145878190e-01  0
-1.618441250023591e-05  2.128885434237744e-01  2.128885434237744e-01  2.128885434237744e-01  2.128885434237744e-01  0
-1.476736257878799e-05  2.359817498205735e-01  2.359817498205735e-01  2.359817498205735e-01  2.359817498205735e-01  0
-1.347438453698638e-05  2.523548953620816e-01  2.523548953620816e-01  2.523548953620816e-01  2.523548953620816e-01  0
-1.229461507983634e-05  2.557295158292304e-01  2.557295158292304e-01  2.557295158292304e-01  2.557295158292304e-01  0
-1.121814206403421e-05  2.449254105623960e-01  2.449254105623960e-01  2.449254105623960e-01  2.449254105623960e-01  0
-1.023592121848918e-05  2.260779990147298e-01  2.260779990147298e-01  2.260779990147298e-01  2.260779990147298e-01  0
-9.339700156501553e-06  2.030101833081493e-01  2.030101833081493e-01  2.030101833081493e-01  2.030101833081493e-01  0
-8.521949041166055e-06  1.867044278086561e-01  1.867044278086561e-01  1.867044278086561e-01  1.867044278086561e-01  0
-7.775797321467145e-06  1.833171148178620e-01  1.833171148178620e-01  1.833171148178620e-01  1.833171148178620e-01  0
-7.094976007538116e-06  1.939685883811140e-01  1.939685883811140e-01  1.939685883811140e-01  1.939685883811140e-01  0
-6.473765000094365e-06  2.128650762137482e-01  2.128650762137482e-01  2.128650762137482e-01  2.128650762137482e-01  0
-5.906945031515196e-06  2.359602606623292e-01  2.359602606623292e-01  2.359602606623292e-01  2.359602606623292e-01  0
-5.389753814794551e-06  2.523393176339129e-01  2.523393176339129e-01  2.523393176339129e-01  2.523393176339129e-01  0
-4.917846031934535e-06  2.557218531636565e-01  2.557218531636565e-01  2.557218531636565e-01  2.557218531636565e-01  0
-4.487256825613684e-06  2.449250570326868e-01  2.449250570326868e-01  2.449250570326868e-01  2.449250570326868e-01  0
-4.094368487395672e-06  2.260784021746657e-01  2.260784021746657e-01  2.260784021746657e-01  2.260784021746657e-01  0
-3.735880062600621e-06  2.030069641946352e-01  2.030069641946352e-01  2.030069641946352e-01  2.030069641946352e-01  0
-3.408779616466422e-06  1.866952706647667e-01  1.866952706647667e-01  1.866952706647667e-01  1.866952706647667e-01  0
-3.110318928586858e-06  1.833012436188712e-01  1.833012436188712e-01  1.833012436188712e-01  1.833012436188712e-01  0
-2.837990403015247e-06  1.939473634543891e-01  1.939473634543891e-01  1.939473634543891e-01  1.939473634543891e-01  0
-2.589506000037746e-06  2.128593226046595e-01  2.128593226046595e-01  2.128593226046595e-01  2.128593226046595e-01  0
-2.362778012606078e-06  2.359557512099912e-01  2.359557512099912e-01  2.359557512099912e-01  2.359557512099912e-01  0
-2.155901525917820e-06  2.523375885782674e-01  2.523375885782674e-01  2.523375885782674e-01  2.523375885782674e-01  0
-1.967138412773814e-06  2.557236404326217e-01  2.557236404326217e-01  2.557236404326217e-01  2.557236404326217e-01  0
-1.794902730245474e-06  2.449301568853417e-01  2.449301568853417e-01  2.449301568853417e-01  2.449301568853417e-01  0
-1.637747394958271e-06  2.260823879606012e-01  2.260823879606012e-01  2.260823879606012e-01  2.260823879606012e-01  0
-1.494352025040251e-06  2.030091017368000e-01  2.030091017368000e-01  2.030091017368000e-01  2.030091017368000e-01  0
-1.363511846586571e-06  1.866947512536502e-01  1.866947512536502e-01  1.866947512536502e-01  1.866947512536502e-01  0
-1.244127571434745e-06  1.832979790103206e-01  1.832979790103206e-01  1.832979790103206e-01  1.832979790103206e-01  0
-1.135196161206100e-06  1.939421382926789e-01  1.939421382926789e-01  1.939421382926789e-01  1.939421382926789e-01  0
-1.035802400015100e-06  2.128605817281582e-01  2.128605817281582e-01  2.128605817281582e-01  2.128605817281582e-01  0
-9.451112050424327e-07  2.359578242895048e-01  2.359578242895048e-01  2.359578242895048e-01  2.359578242895048e-01  0
-8.623606103671294e-07  2.523408743984002e-01  2.523408743984002e-01  2.523408743984002e-01  2.523408743984002e-01  0
-7.868553651095268e-07  2.557280114684712e-01  2.557280114684712e-01  2.557280114684712e-01  2.557280114684712e-01  0
-7.179610920981906e-07  2.449349309092602e-01  2.449349309092602e-01  2.449349309092602e-01  2.449349309092602e-01  0
-6.550989579833085e-07  2.260878061913164e-01  2.260878061913164e-01  2.260878061913164e-01  2.260878061913164e-01  0
-5.977408100161003e-07  2.030133898099441e-01  2.030133898099441e-01  2.030133898099441e-01  2.030133898099441e-01  0
-5.454047386346284e-07  1.866977008719948e-01  1.866977008719948e-01  1.866977008719948e-01  1.866977008719948e-01  0
-4.976510285738981e-07  1.832997742839758e-01  1.832997742839758e-01  1.832997742839758e-01  1.832997742839758e-01  0
-4.540784644824401e-07  1.939433312841121e-01  1.939433312841121e-01  1.939433312841121e-01  1.939433312841121e-01  0
-4.143209600060400e-07  2.128646835501056e-01  2.128646835501056e-01  2.128646835501056e-01  2.128646835501056e-01  0
-3.780444820169731e-07  2.359626438004472e-01  2.359626438004472e-01  2.359626438004472e-01  2.359626438004472e-01  0
-3.449442441468518e-07  2.523464570447246e-01  2.523464570447246e-01  2.523464570447246e-01  2.523464570447246e-01  0
-3.147421460438107e-07  2.557340862037950e-01  2.557340862037950e-01  2.557340862037950e-01  2.557340862037950e-01  0
-2.871844368392763e-07  2.449409850867962e-01  2.449409850867962e-01  2.449409850867962e-01  2.449409850867962e-01  0
-2.620395831933234e-07  2.260937797038277e-01  2.260937797038277e-01  2.260937797038277e-01  2.260937797038277e-01  0
-2.390963240064401e-07  2.030185244057045e-01  2.030185244057045e-01  2.030185244057045e-01  2.030185244057045e-01  0
-2.181618954538513e-07  1.867020277733832e-01  1.867020277733832e-01  1.867020277733832e-01  1.867020277733832e-01  0
-1.990604114295592e-07  1.833035853198585e-01  1.833035853198585e-01  1.833035853198585e-01  1.833035853198585e-01  0
-1.816313857929761e-07  1.939470841478648e-01  1.939470841478648e-01  1.939470841478648e-01  1.939470841478648e-01  0
-1.657283840024160e-07  2.128699064863457e-01  2.128699064863457e-01  2.128699064863457e-01  2.128699064863457e-01  0
-1.512177928067893e-07  2.359685427631975e-01  2.359685427631975e-01  2.359685427631975e-01  2.359685427631975e-01  0
-1.379776976587407e-07  2.523529374613934e-01  2.523529374613934e-01  2.523529374613934e-01  2.523529374613934e-01  0
-1.258968584175243e-07  2.557408214557410e-01  2.557408214557410e-01  2.557408214557410e-01  2.557408214557410e-01  0
-1.148737747357105e-07  2.449475323996584e-01  2.449475323996584e-01  2.449475323996584e-01  2.449475323996584e-01  0
-1.048158332773293e-07  2.260999729942781e-01  2.260999729942781e-01  2.260999729942781e-01  2.260999729942781e-01  0
-9.563852960257603e-08  2.030239939718491e-01  2.030239939718491e-01  2.030239939718491e-01  2.030239939718491e-01  0
-8.726475818154052e-08  1.867068998541780e-01  1.867068998541780e-01  1.867068998541780e-01  1.867068998541780e-01  0
-7.962416457182368e-08  1.833081940189088e-01  1.833081940189088e-01  1.833081940189088e-01  1.833081940189088e-01  0
-7.265255431719042e-08  1.939518488105309e-01  1.939518488105309e-01  1.939518488105309e-01  1.939518488105309e-01  0
-6.629135360096640e-08  2.128755773779334e-01  2.128755773779334e-01  2.128755773779334e-01  2.128755773779334e-01  0
-6.048711712271569e-08  2.359748730601047e-01  2.359748730601047e-01  2.359748730601047e-01  2.359748730601047e-01  0
-5.519107906349629e-08  2.523597768517734e-01  2.523597768517734e-01  2.523597768517734e-01  2.523597768517734e-01  0
-5.035874336700971e-08  2.557478215884104e-01  2.557478215884104e-01  2.557478215884104e-01  2.557478215884104e-01  0
-4.594950989428420e-08  2.449542792902849e-01  2.449542792902849e-01  2.449542792902849e-01  2.449542792902849e-01  0
-4.192633331093174e-08  2.261062540435724e-01  2.261062540435724e-01  2.261062540435724e-01  2.261062540435724e-01  0
-3.825541184103042e-08  2.030295973627219e-01  2.030295973627219e-01  2.030295973627219e-01  2.030295973627219e-01  0
-3.490590327261621e-08  1.867119897846025e-01  1.867119897846025e-01  1.867119897846025e-01  1.867119897846025e-01  0
-3.184966582872947e-08  1.833131214477024e-01  1.833131214477024e-01  1.833131214477024e-01  1.833131214477024e-01  0
-2.906102172687617e-08  1.939570176982671e-01  1.939570176982671e-01  1.939570176982671e-01  1.939570176982671e-01  0
-2.651654144038656e-08  2.128814279094702e-01  2.128814279094702e-01  2.128814279094702e-01  2.128814279094702e-01  0
-2.419484684908628e-08  2.359813769255300e-01  2.359813769255300e-01  2.359813769255300e-01  2.359813769255300e-01  0
-2.207643162539852e-08  2.523667621922711e-01  2.523667621922711e-01  2.523667621922711e-01  2.523667621922711e-01  0
-2.014349734680389e-08  2.557549328478632e-01  2.557549328478632e-01  2.557549328478632e-01  2.557549328478632e-01  0
-1.837980395771368e-08  2.449611166720420e-01  2.449611166720420e-01  2.449611166720420e-01  2.449611166720420e-01  0
-1.677053332437270e-08  2.261125697550600e-01  2.261125697550600e-01  2.261125697550600e-01  2.261125697550600e-01  0
-1.530216473641217e-08  2.030352539725642e-01  2.030352539725642e-01  2.030352539725642e-01  2.030352539725642e-01  0
-1.396236130904649e-08  1.867171666507137e-01  1.867171666507137e-01  1.867171666507137e-01  1.867171666507137e-01  0
-1.273986633149179e-08  1.833181762223157e-01  1.833181762223157e-01  1.833181762223157e-01  1.833181762223157e-01  0
-1.162440869075047e-08  1.939623481314843e-01  1.939623481314843e-01  1.939623481314843e-01  1.939623481314843e-01  0
-1.060661657615463e-08  2.128873513363956e-01  2.128873513363956e-01  2.128873513363956e-01  2.128873513363956e-01  0
-9.677938739634512e-09  2.359879528186827e-01  2.359879528186827e-01  2.359879528186827e-01  2.359879528186827e-01  0
-8.830572650159406e-09  2.523738121392768e-01  2.523738121392768e-01  2.523738121392768e-01  2.523738121392768e-01  0
-8.057398938721554e-09  2.557621025135034e-01  2.557621025135034e-01  2.557621025135034e-01  2.557621025135034e-01  0
-7.351921583085473e-09  2.449680192900609e-01  2.449680192900609e-01  2.449680192900609e-01  2.449680192900609e-01  0
-6.708213329749079e-09  2.261188980849860e-01  2.261188980849860e-01  2.261188980849860e-01  2.261188980849860e-01  0
-6.120865894564868e-09  2.030409309334556e-01  2.030409309334556e-01  2.030409309334556e-01  2.030409309334556e-01  0
-5.584944523618594e-09  1.867223776036261e-01  1.867223776036261e-01  1.867223776036261e-01  1.867223776036261e-01  0
-5.095946532596716e-09  1.833232813717009e-01  1.833232813717009e-01  1.833232813717009e-01  1.833232813717009e-01  0
-4.649763476300187e-09  1.939677425987307e-01  1.939677425987307e-01  1.939677425987307e-01  1.939677425987307e-01  0
-4.242646630461849e-09  2.128933068659918e-01  2.128933068659918e-01  2.128933068659918e-01  2.128933068659918e-01  0
-3.871175495853804e-09  2.359945651880513e-01  2.359945651880513e-01  2.359945651880513e-01  2.359945651880513e-01  0
-3.532229060063762e-09  2.523809065819901e-01  2.523809065819901e-01  2.523809065819901e-01  2.523809065819901e-01  0
-3.222959575488621e-09  2.557693376390220e-01  2.557693376390220e-01  2.557693376390220e-01  2.557693376390220e-01  0
-2.940768633234189e-09  2.449750358668365e-01  2.449750358668365e-01  2.449750358668365e-01  2.449750358668365e-01  0
-2.683285331899631e-09  2.261252280029093e-01  2.261252280029093e-01  2.261252280029093e-01  2.261252280029093e-01  0
-2.448346357825947e-09  2.030466133577850e-01  2.030466133577850e-01  2.030466133577850e-01  2.030466133577850e-01  0
-2.233977809447438e-09  1.867276001399894e-01  1.867276001399894e-01  1.867276001399894e-01  1.867276001399894e-01  0
-2.038378613038686e-09  1.833284049237959e-01  1.833284049237959e-01  1.833284049237959e-01  1.833284049237959e-01  0
-1.859905390520075e-09  1.939731608665439e-01  1.939731608665439e-01  1.939731608665439e-01  1.939731608665439e-01  0
-1.697058652184740e-09  2.128992851323639e-01  2.128992851323639e-01  2.128992851323639e-01  2.128992851323639e-01  0
-1.548470198341522e-09  2.360012190482684e-01  2.360012190482684e-01  2.360012190482684e-01  2.360012190482684e-01  0
-1.412891624025505e-09  2.523880853809280e-01  2.523880853809280e-01  2.523880853809280e-01  2.523880853809280e-01  0
-1.289183830195449e-09  2.557767501884467e-01  2.557767501884467e-01  2.557767501884467e-01  2.557767501884467e-01  0
-1.176307453293676e-09  2.449824145929104e-01  2.449824145929104e-01  2.449824145929104e-01  2.449824145929104e-01  0
-1.073314132759852e-09  2.261315485874695e-01  2.261315485874695e-01  2.261315485874695e-01  2.261315485874695e-01  0
-9.793385431303785e-10  2.030522898290741e-01  2.030522898290741e-01  2.030522898290741e-01  2.030522898290741e-01  0
-8.935911237789750e-10  1.867328205839678e-01  1.867328205839678e-01  1.867328205839678e-01  1.867328205839678e-01  0
-8.153514452154745e-10  1.833335296907541e-01  1.833335296907541e-01  1.833335296907541e-01  1.833335296907541e-01  0
-7.439621562080298e-10  1.939785821473300e-01  1.939785821473300e-01  1.939785821473300e-01  1.939785821473300e-01  0
-6.788234608738959e-10  2.129053194013409e-01  2.129053194013409e-01  2.129053194013409e-01  2.129053194013409e-01  0
-6.193880793366086e-10  2.360080206095646e-01  2.360080206095646e-01  2.360080206095646e-01  2.360080206095646e-01  0
-5.651566496102019e-10  2.523956254271616e-01  2.523956254271616e-01  2.523956254271616e-01  2.523956254271616e-01  0
-5.156735320781795e-10  2.557849806846879e-01  2.557849806846879e-01  2.557849806846879e-01  2.557849806846879e-01  0
-4.705229813174702e-10  2.449915040544931e-01  2.449915040544931e-01  2.449915040544931e-01  2.449915040544931e-01  0
-4.293256531039410e-10  2.261378313757048e-01  2.261378313757048e-01  2.261378313757048e-01  2.261378313757048e-01  0
-3.917354172521515e-10  2.030579324636014e-01  2.030579324636014e-01  2.030579324636014e-01  2.030579324636014e-01  0
-3.574364495115900e-10  1.867380096250193e-01  1.867380096250193e-01  1.867380096250193e-01  1.867380096250193e-01  0
-3.261405780861898e-10  1.833386225010446e-01  1.833386225010446e-01  1.833386225010446e-01  1.833386225010446e-01  0
-2.975848624832120e-10  1.939839675141196e-01  1.939839675141196e-01  1.939839675141196e-01  1.939839675141196e-01  0
-2.715293843495584e-10  2.129119411459786e-01  2.129119411459786e-01  2.129119411459786e-01  2.129119411459786e-01  0
-2.477552317346435e-10  2.360163743973519e-01  2.360163743973519e-01  2.360163743973519e-01  2.360163743973519e-01  0
-2.260626598440808e-10  2.524069501068633e-01  2.524069501068633e-01  2.524069501068633e-01  2.524069501068633e-01  0
-2.062694128312718e-10  2.558017511493598e-01  2.558017511493598e-01  2.558017511493598e-01  2.558017511493598e-01  0
-1.882091925269881e-10  2.450184100901924e-01  2.450184100901924e-01  2.450184100901924e-01  2.450184100901924e-01  0
1.882091925269881e-10  2.372774251148760e-01  2.372774251148760e-01  2.372774251148760e-01  2.372774251148760e-01  0
2.062694128312718e-10  2.528949311337689e-01  2.528949311337689e-01  2.528949311337689e-01  2.528949311337689e-01  0
2.260626598440808e-10  2.554447554307810e-01  2.554447554307810e-01  2.554447554307810e-01  2.554447554307810e-01  0
2.477552317346435e-10  2.437633204173314e-01  2.437633204173314e-01  2.437633204173314e-01  2.437633204173314e-01  0
2.715293843495584e-10  2.222125573959489e-01  2.222125573959489e-01  2.222125573959489e-01  2.222125573959489e-01  0
2.975848624832120e-10  2.016232113143951e-01  2.016232113143951e-01  2.016232113143951e-01  2.016232113143951e-01  0
3.261405780861898e-10  1.862054862665709e-01  1.862054862665709e-01  1.862054862665709e-01  1.862054862665709e-01  0
3.574364495115900e-10  1.837111206513752e-01  1.837111206513752e-01  1.837111206513752e-01  1.837111206513752e-01  0
3.917354172521515e-10  1.953323916496510e-01  1.953323916496510e-01  1.953323916496510e-01  1.953323916496510e-01  0
4.293256531039410e-10  2.168063383322885e-01  2.168063383322885e-01  2.168063383322885e-01  2.168063383322885e-01  0
4.705229813174702e-10  2.372656476588253e-01  2.372656476588253e-01  2.372656476588253e-01  2.372656476588253e-01  0
5.156735320781795e-10  2.528852611925202e-01  2.528852611925202e-01  2.528852611925202e-01  2.528852611925202e-01  0
5.651566496102019e-10  2.554363704352458e-01  2.554363704352458e-01  2.554363704352458e-01  2.554363704352458e-01  0
6.193880793366086e-10  2.437559286461084e-01  2.437559286461084e-01  2.437559286461084e-01  2.437559286461084e-01  0
6.788234608738959e-10  2.222060758067128e-01  2.222060758067128e-01  2.222060758067128e-01  2.222060758067128e-01  0
7.439621562080298e-10  2.016175600183603e-01  2.016175600183603e-01  2.016175600183603e-01  2.016175600183603e-01  0
8.153514452154745e-10  1.862002648992195e-01  1.862002648992195e-01  1.862002648992195e-01  1.862002648992195e-01  0
8.935911237789750e-10  1.837059664333286e-01  1.837059664333286e-01  1.837059664333286e-01  1.837059664333286e-01  0
9.793385431303785e-10  1.953269087452149e-01  1.953269087452149e-01  1.953269087452149e-01  1.953269087452149e-01  0
1.073314132759852e-09  2.168002507929682e-01  2.168002507929682e-01  2.168002507929682e-01  2.168002507929682e-01  0
1.176307453293676e-09  2.372587952246243e-01  2.372587952246243e-01  2.372587952246243e-01  2.372587952246243e-01  0
1.289183830195449e-09  2.528780709240693e-01  2.528780709240693e-01  2.528780709240693e-01  2.528780709240693e-01  0
1.412891624025505e-09  2.554291624662413e-01  2.554291624662413e-01  2.554291624662413e-01  2.554291624662413e-01  0
1.548470198341522e-09  2.437490748672573e-01  2.437490748672573e-01  2.437490748672573e-01  2.437490748672573e-01  0
1.697058652184740e-09  2.221998385086776e-01  2.221998385086776e-01  2.221998385086776e-01  2.221998385086776e-01  0
1.859905390520075e-09  2.016119001270955e-01  2.016119001270955e-01  2.016119001270955e-01  2.016119001270955e-01  0
2.038378613038686e-09  1.861950383111794e-01  1.861950383111794e-01  1.861950383111794e-01  1.861950383111794e-01  0
2.233977809447438e-09  1.837008098273824e-01  1.837008098273824e-01  1.837008098273824e-01  1.837008098273824e-01  0
2.448346357825947e-09  1.953214257403331e-01  1.953214257403331e-01  1.953214257403331e-01  1.953214257403331e-01  0
2.683285331899631e-09  2.167941650317603e-01  2.167941650317603e-01  2.167941650317603e-01  2.167941650317603e-01  0
2.940768633234189e-09  2.372521190693388e-01  2.372521190693388e-01  2.372521190693388e-01  2.372521190693388e-01  0
3.222959575488621e-09  2.528709640372234e-01  2.528709640372234e-01  2.528709640372234e-01  2.528709640372234e-01  0
3.532229060063762e-09  2.554219894201291e-01  2.554219894201291e-01  2.554219894201291e-01  2.554219894201291e-01  0
3.871175495853804e-09  2.437422334717345e-01  2.437422334717345e-01  2.437422334717345e-01  2.437422334717345e-01  0
4.242646630461849e-09  2.221936043525492e-01  2.221936043525492e-01  2.221936043525492e-01  2.221936043525492e-01  0
4.649763476300187e-09  2.016062386832605e-01  2.016062386832605e-01  2.016062386832605e-01  2.016062386832605e-01  0
5.095946532596716e-09  1.861898108436985e-01  1.861898108436985e-01  1.861898108436985e-01  1.861898108436985e-01  0
5.584944523618594e-09  1.836956517129360e-01  1.836956517129360e-01  1.836956517129360e-01  1.836956517129360e-01  0
6.120865894564868e-09  1.953159399450604e-01  1.953159399450604e-01  1.953159399450604e-01  1.953159399450604e-01  0
6.708213329749079e-09  2.167880752938779e-01  2.167880752938779e-01  2.167880752938779e-01  2.167880752938779e-01  0
7.351921583085473e-09  2.372454376312897e-01  2.372454376312897e-01  2.372454376312897e-01  2.372454376312897e-01  0
8.057398938721554e-09  2.528638469509087e-01  2.528638469509087e-01  2.528638469509087e-01  2.528638469509087e-01  0
8.830572650159406e-09  2.554148057966089e-01  2.554148057966089e-01  2.554148057966089e-01  2.554148057966089e-01  0
9.677938739634512e-09  2.437353836440464e-01  2.437353836440464e-01  2.437353836440464e-01  2.437353836440464e-01  0
1.060661657615463e-08  2.221873645164923e-01  2.221873645164923e-01  2.221873645164923e-01  2.221873645164923e-01  0
1.162440869075047e-08  2.016005693574195e-01  2.016005693574195e-01  2.016005693574195e-01  2.016005693574195e-01  0
1.273986633149179e-08  1.861845773544174e-01  1.861845773544174e-01  1.861845773544174e-01  1.861845773544174e-01  0
1.396236130904649e-08  1.836904860896383e-01  1.836904860896383e-01  1.836904860896383e-01  1.836904860896383e-01  0
1.530216473641217e-08  1.953104434024329e-01  1.953104434024329e-01  1.953104434024329e-01  1.953104434024329e-01  0
1.677053332437270e-08  2.167819717069416e-01  2.167819717069416e-01  2.167819717069416e-01  2.167819717069416e-01  0
1.837980395771368e-08  2.372387175920681e-01  2.372387175920681e-01  2.372387175920681e-01  2.372387175920681e-01  0
2.014349734680389e-08  2.528566921584695e-01  2.528566921584695e-01  2.528566921584695e-01  2.528566921584695e-01  0
2.207643162539852e-08  2.554075905549336e-01  2.554075905549336e-01  2.554075905549336e-01  2.554075905549336e-01  0
2.419484684908628e-08  2.437285109563042e-01  2.437285109563042e-01  2.437285109563042e-01  2.437285109563042e-01  0
2.651654144038656e-08  2.221811101782222e-01  2.221811101782222e-01  2.221811101782222e-01  2.221811101782222e-01  0
2.906102172687617e-08  2.015948776027592e-01  2.015948776027592e-01  2.015948776027592e-01  2.015948776027592e-01  0
3.184966582872947e-08  1.861793264524655e-01  1.861793264524655e-01  1.861793264524655e-01  1.861793264524655e-01  0
3.490590327261621e-08  1.836852996538313e-01  1.836852996538313e-01  1.836852996538313e-01  1.836852996538313e-01  0
3.825541184103042e-08  1.953049181829157e-01  1.953049181829157e-01  1.953049181829157e-01  1.953049181829157e-01  0
4.192633331093174e-08  2.167758318287157e-01  2.167758318287157e-01  2.167758318287157e-01  2.167758318287157e-01  0
4.594950989428420e-08  2.372318972889008e-01  2.372318972889008e-01  2.372318972889008e-01  2.372318972889008e-01  0
5.035874336700971e-08  2.528494412273452e-01  2.528494412273452e-01  2.528494412273452e-01  2.528494412273452e-01  0
5.519107906349629e-08  2.554002954214753e-01  2.554002954214753e-01  2.554002954214753e-01  2.554002954214753e-01  0
6.048711712271569e-08  2.437215807799604e-01  2.437215807799604e-01  2.437215807799604e-01  2.437215807799604e-01  0
6.629135360096640e-08  2.221748194771141e-01  2.221748194771141e-01  2.221748194771141e-01  2.221748194771141e-01  0
7.265255431719042e-08  2.015891282248274e-01  2.015891282248274e-01  2.015891282248274e-01  2.015891282248274e-01  0
7.962416457182368e-08  1.861740307176342e-01  1.861740307176342e-01  1.861740307176342e-01  1.861740307176342e-01  0
8.726475818154052e-08  1.836800601025580e-01  1.836800601025580e-01  1.836800601025580e-01  1.836800601025580e-01  0
9.563852960257603e-08  1.952993203460905e-01  1.952993203460905e-01  1.952993203460905e-01  1.952993203460905e-01  0
1.048158332773293e-07  2.167696003945088e-01  2.167696003945088e-01  2.167696003945088e-01  2.167696003945088e-01  0
1.148737747357105e-07  2.372248249330208e-01  2.372248249330208e-01  2.372248249330208e-01  2.372248249330208e-01  0
1.258968584175243e-07  2.528419489989828e-01  2.528419489989828e-01  2.528419489989828e-01  2.528419489989828e-01  0
1.379776976587407e-07  2.553927998677410e-01  2.553927998677410e-01  2.553927998677410e-01  2.553927998677410e-01  0
1.512177928067893e-07  2.437145063517216e-01  2.437145063517216e-01  2.437145063517216e-01  2.437145063517216e-01  0
1.657283840024160e-07  2.221684374532115e-01  2.221684374532115e-01  2.221684374532115e-01  2.221684374532115e-01  0
1.816313857929761e-07  2.015832332843225e-01  2.015832332843225e-01  2.015832332843225e-01  2.015832332843225e-01  0
1.990604114295592e-07  1.861686216611444e-01  1.861686216611444e-01  1.861686216611444e-01  1.861686216611444e-01  0
2.181618954538513e-07  1.836746867474223e-01  1.836746867474223e-01  1.836746867474223e-01  1.836746867474223e-01  0
2.390963240064401e-07  1.952935401082143e-01  1.952935401082143e-01  1.952935401082143e-01  1.952935401082143e-01  0
2.620395831933234e-07  2.167631393018607e-01  2.167631393018607e-01  2.167631393018607e-01  2.167631393018607e-01  0
2.871844368392763e-07  2.372171204148733e-01  2.372171204148733e-01  2.372171204148733e-01  2.372171204148733e-01  0
3.147421460438107e-07  2.528338517878299e-01  2.528338517878299e-01  2.528338517878299e-01  2.528338517878299e-01  0
3.449442441468518e-07  2.553848017126687e-01  2.553848017126687e-01  2.553848017126687e-01  2.553848017126687e-01  0
3.780444820169731e-07  2.437070699134429e-01  2.437070699134429e-01  2.437070699134429e-01  2.437070699134429e-01  0
4.143209600060400e-07  2.221618259288330e-01  2.221618259288330e-01  2.221618259288330e-01  2.221618259288330e-01  0
4.540784644824401e-07  2.015769680211603e-01  2.015769680211603e-01  2.015769680211603e-01  2.015769680211603e-01  0
4.976510285738981e-07  1.861629243359801e-01  1.861629243359801e-01  1.861629243359801e-01  1.861629243359801e-01  0
5.454047386346284e-07  1.836689752129847e-01  1.836689752129847e-01  1.836689752129847e-01  1.836689752129847e-01  0
5.977408100161003e-07  1.952873011970379e-01  1.952873011970379e-01  1.952873011970379e-01  1.952873011970379e-01  0
6.550989579833085e-07  2.167561020621270e-01  2.167561020621270e-01  2.167561020621270e-01  2.167561020621270e-01  0
7.179610920981906e-07  2.372078224831524e-01  2.372078224831524e-01  2.372078224831524e-01  2.372078224831524e-01  0
7.868553651095268e-07  2.528242308629217e-01  2.528242308629217e-01  2.528242308629217e-01  2.528242308629217e-01  0
8.623606103671294e-07  2.553755369528543e-01  2.553755369528543e-01  2.553755369528543e-01  2.553755369528543e-01  0
9.451112050424327e-07  2.436987194554170e-01  2.436987194554170e-01  2.436987194554170e-01  2.436987194554170e-01  0
1.035802400015100e-06  2.221546329395809e-01  2.221546329395809e-01  2.221546329395809e-01  2.221546329395809e-01  0
1.135196161206100e-06  2.015697237264519e-01  2.015697237264519e-01  2.015697237264519e-01  2.015697237264519e-01  0
1.244127571434745e-06  1.861564661036651e-01  1.861564661036651e-01  1.861564661036651e-01  1.861564661036651e-01  0
1.363511846586571e-06  1.836623894260357e-01  1.836623894260357e-01  1.836623894260357e-01  1.836623894260357e-01  0
1.494352025040251e-06  1.952798955027748e-01  1.952798955027748e-01  1.952798955027748e-01  1.952798955027748e-01  0
1.637747394958271e-06  2.167476101048685e-01  2.167476101048685e-01  2.167476101048685e-01  2.167476101048685e-01  0
1.794902730245474e-06  2.371944733306563e-01  2.371944733306563e-01  2.371944733306563e-01  2.371944733306563e-01  0
1.967138412773814e-06  2.528107242556729e-01  2.528107242556729e-01  2.528107242556729e-01  2.528107242556729e-01  0
2.155901525917820e-06  2.553630268730774e-01  2.553630268730774e-01  2.553630268730774e-01  2.553630268730774e-01  0
2.362778012606078e-06  2.436880091056288e-01  2.436880091056288e-01  2.436880091056288e-01  2.436880091056288e-01  0
2.589506000037746e-06  2.221459205613073e-01  2.221459205613073e-01  2.221459205613073e-01  2.221459205613073e-01  0
2.837990403015247e-06  2.015600429339936e-01  2.015600429339936e-01  2.015600429339936e-01  2.015600429339936e-01  0
3.110318928586858e-06  1.861481026661537e-01  1.861481026661537e-01  1.861481026661537e-01  1.861481026661537e-01  0
3.408779616466422e-06  1.836535983756624e-01  1.836535983756624e-01  1.836535983756624e-01  1.836535983756624e-01  0
3.735880062600621e-06  1.952695345891521e-01  1.952695345891521e-01  1.952695345891521e-01  1.952695345891521e-01  0
4.094368487395672e-06  2.167354240758557e-01  2.167354240758557e-01  2.167354240758557e-01  2.167354240758557e-01  0
4.487256825613684e-06  2.371710918028216e-01  2.371710918028216e-01  2.371710918028216e-01  2.371710918028216e-01  0
4.917846031934535e-06  2.527875726775710e-01  2.527875726775710e-01  2.527875726775710e-01  2.527875726775710e-01  0
5.389753814794551e-06  2.553424543720869e-01  2.553424543720869e-01  2.553424543720869e-01  2.553424543720869e-01  0
5.906945031515196e-06  2.436714344377127e-01  2.436714344377127e-01  2.436714344377127e-01  2.436714344377127e-01  0
6.473765000094365e-06  2.221334298588628e-01  2.221334298588628e-01  2.221334298588628e-01  2.221334298588628e-01  0
7.094976007538116e-06  2.015448230315353e-01  2.015448230315353e-01  2.015448230315353e-01  2.015448230315353e-01  0
7.775797321467145e-06  1.861353895598550e-01  1.861353895598550e-01  1.861353895598550e-01  1.861353895598550e-01  0
8.521949041166055e-06  1.836395903859364e-01  1.836395903859364e-01  1.836395903859364e-01  1.836395903859364e-01  0
9.339700156501553e-06  1.952519947522598e-01  1.952519947522598e-01  1.952519947522598e-01  1.952519947522598e-01  0
1.023592121848918e-05  2.167141531202534e-01  2.167141531202534e-01  2.167141531202534e-01  2.167141531202534e-01  0
1.121814206403421e-05  2.371234040653930e-01  2.371234040653930e-01  2.371234040653930e-01  2.371234040653930e-01  0
1.229461507983634e-05  2.527411513156950e-01  2.527411513156950e-01  2.527411513156950e-01  2.527411513156950e-01  0
1.347438453698638e-05  2.553025753040329e-01  2.553025753040329e-01  2.553025753040329e-01  2.553025753040329e-01  0
1.476736257878799e-05  2.436409936661167e-01  2.436409936661167e-01  2.436409936661167e-01  2.436409936661167e-01  0
1.618441250023591e-05  2.221121872329544e-01  2.221121872329544e-01  2.221121872329544e-01  2.221121872329544e-01  0
1.773744001884529e-05  2.015161649302734e-01  2.015161649302734e-01  2.015161649302734e-01  2.015161649302734e-01  0
1.943949330366786e-05  1.861122928905466e-01  1.861122928905466e-01  1.861122928905466e-01  1.861122928905466e-01  0
2.130487260291513e-05  1.836131993110497e-01  1.836131993110497e-01  1.836131993110497e-01  1.836131993110497e-01  0
2.334925039125388e-05  1.952173946263824e-01  1.952173946263824e-01  1.952173946263824e-01  1.952173946263824e-01  0
2.558980304622295e-05  2.166712912084984e-01  2.166712912084984e-01  2.166712912084984e-01  2.166712912084984e-01  0
2.804535516008553e-05  2.370089790382466e-01  2.370089790382466e-01  2.370089790382466e-01  2.370089790382466e-01  0
3.073653769959084e-05  2.526339954656437e-01  2.526339954656437e-01  2.526339954656437e-01  2.526339954656437e-01  0
3.368596134246595e-05  2.552135953135413e-01  2.552135953135413e-01  2.552135953135413e-01  2.552135953135413e-01  0
3.691840644696997e-05  2.435757792948811e-01  2.435757792948811e-01  2.435757792948811e-01  2.435757792948811e-01  0
4.046103125058979e-05  2.220691630664189e-01  2.220691630664189e-01  2.220691630664189e-01  2.220691630664189e-01  0
4.434360004711322e-05  2.014550444945958e-01  2.014550444945958e-01  2.014550444945958e-01  2.014550444945958e-01  0
4.859873325916965e-05  1.860645511400746e-01  1.860645511400746e-01  1.860645511400746e-01  1.860645511400746e-01  0
5.326218150728784e-05  1.835575478176681e-01  1.835575478176681e-01  1.835575478176681e-01  1.835575478176681e-01  0
5.837312597813469e-05  1.951422845877998e-01  1.951422845877998e-01  1.951422845877998e-01  1.951422845877998e-01  0
6.397450761555736e-05  2.165769153407264e-01  2.165769153407264e-01  2.165769153407264e-01  2.165769153407264e-01  0
7.011338790021382e-05  2.367172067835847e-01  2.367172067835847e-01  2.367172067835847e-01  2.367172067835847e-01  0
7.684134424897711e-05  2.523706852464453e-01  2.523706852464453e-01  2.523706852464453e-01  2.523706852464453e-01  0
8.421490335616486e-05  2.550005112292260e-01  2.550005112292260e-01  2.550005112292260e-01  2.550005112292260e-01  0
9.229601611742493e-05  2.434233737231989e-01  2.434233737231989e-01  2.434233737231989e-01  2.434233737231989e-01  0
1.011525781264745e-04  2.219716306014944e-01  2.219716306014944e-01  2.219716306014944e-01  2.219716306014944e-01  0
1.108590001177830e-04  2.013269394504246e-01  2.013269394504246e-01  2.013269394504246e-01  2.013269394504246e-01  0
1.214968331479241e-04  1.859681232964380e-01  1.859681232964380e-01  1.859681232964380e-01  1.859681232964380e-01  0
1.331554537682196e-04  1.834412579091937e-01  1.834412579091937e-01  1.834412579091937e-01  1.834412579091937e-01  0
1.459328149453367e-04  1.949782018471340e-01  1.949782018471340e-01  1.949782018471340e-01  1.949782018471340e-01  0
1.599362690388934e-04  2.163652464656248e-01  2.163652464656248e-01  2.163652464656248e-01  2.163652464656248e-01  0
1.752834697505346e-04  2.361242422902803e-01  2.361242422902803e-01  2.361242422902803e-01  2.361242422902803e-01  0
1.921033606224428e-04  2.517991361389380e-01  2.517991361389380e-01  2.517991361389380e-01  2.517991361389380e-01  0
2.105372583904122e-04  2.545252818415481e-01  2.545252818415481e-01  2.545252818415481e-01  2.545252818415481e-01  0
2.307400402935623e-04  2.430821278997139e-01  2.430821278997139e-01  2.430821278997139e-01  2.430821278997139e-01  0
2.528814453161862e-04  2.217562859337425e-01  2.217562859337425e-01  2.217562859337425e-01  2.217562859337425e-01  0
2.771475002944577e-04  2.011482923388310e-01  2.011482923388310e-01  2.011482923388310e-01  2.011482923388310e-01  0
3.037420828698103e-04  1.858472524896163e-01  1.858472524896163e-01  1.858472524896163e-01  1.858472524896163e-01  0
3.328886344205490e-04  1.832551188814167e-01  1.832551188814167e-01  1.832551188814167e-01  1.832551188814167e-01  0
3.648320373633419e-04  1.946609698858957e-01  1.946609698858957e-01  1.946609698858957e-01  1.946609698858957e-01  0
3.998406725972335e-04  2.159178742200258e-01  2.159178742200258e-01  2.159178742200258e-01  2.159178742200258e-01  0
4.382086743763364e-04  2.349406995953127e-01  2.349406995953127e-01  2.349406995953127e-01  2.349406995953127e-01  0
4.802584015561070e-04  2.506321077099380e-01  2.506321077099380e-01  2.506321077099380e-01  2.506321077099380e-01  0
5.263431459760304e-04  2.535653775173201e-01  2.535653775173201e-01  2.535653775173201e-01  2.535653775173201e-01  0
5.768501007339059e-04  2.424236816433337e-01  2.424236816433337e-01  2.424236816433337e-01  2.424236816433337e-01  0
6.322036132904654e-04  2.213810366761604e-01  2.213810366761604e-01  2.213810366761604e-01  2.213810366761604e-01  0
6.928687507361442e-04  2.015677184509599e-01  2.015677184509599e-01  2.015677184509599e-01  2.015677184509599e-01  0
7.593552071745259e-04  1.862391183739304e-01  1.862391183739304e-01  1.862391183739304e-01  1.862391183739304e-01  0
8.322215860513725e-04  1.833390234239394e-01  1.833390234239394e-01  1.833390234239394e-01  1.833390234239394e-01  0
9.120800934083548e-04  1.943059989364490e-01  1.943059989364490e-01  1.943059989364490e-01  1.943059989364490e-01  0
9.996016814930839e-04  2.151532111773616e-01  2.151532111773616e-01  2.151532111773616e-01  2.151532111773616e-01  0
1.095521685940841e-03  2.337799376708428e-01  2.337799376708428e-01  2.337799376708428e-01  2.337799376708428e-01  0
1.200646003890267e-03  2.493108278630524e-01  2.493108278630524e-01  2.493108278630524e-01  2.493108278630524e-01  0
1.315857864940076e-03  2.525952793330018e-01  2.525952793330018e-01  2.525952793330018e-01  2.525952793330018e-01  0
1.442125251834764e-03  2.420378811049921e-01  2.420378811049921e-01  2.420378811049921e-01  2.420378811049921e-01  0
1.580509033226163e-03  2.215220999477030e-01  2.215220999477030e-01  2.215220999477030e-01  2.215220999477030e-01  0
1.732171876840360e-03  2.077050681274093e-01  2.077050681274093e-01  2.077050681274093e-01  2.077050681274093e-01  0
1.898388017936315e-03  1.913029902763489e-01  1.913029902763489e-01  1.913029902763489e-01  1.913029902763489e-01  0
2.080553965128431e-03  1.867196637507007e-01  1.867196637507007e-01  1.867196637507007e-01  1.867196637507007e-01  0
2.280200233520887e-03  1.958710740638095e-01  1.958710740638095e-01  1.958710740638095e-01  1.958710740638095e-01  0
2.499004203732710e-03  2.151954973464320e-01  2.151954973464320e-01  2.151954973464320e-01  2.151954973464320e-01  0
2.738804214852102e-03  2.426715964990358e-01  2.426715964990358e-01  2.426715964990358e-01  2.426715964990358e-01  0
3.001615009725668e-03  2.558798403929005e-01  2.558798403929005e-01  2.558798403929005e-01  2.558798403929005e-01  0
3.289644662350189e-03  2.587260593576108e-01  2.587260593576108e-01  2.587260593576108e-01  2.587260593576108e-01  0
3.605313129586911e-03  2.485416792754783e-01  2.485416792754783e-01  2.485416792754783e-01  2.485416792754783e-01  0
3.951272583065408e-03  2.282630452505491e-01  2.282630452505491e-01  2.282630452505491e-01  2.282630452505491e-01  0
4.330429692100900e-03  2.583323125674082e-01  2.583323125674082e-01  2.583323125674082e-01  2.583323125674082e-01  0
4.745970044840786e-03  2.337796514560118e-01  2.337796514560118e-01  2.337796514560118e-01  2.337796514560118e-01  0
5.201384912821078e-03  2.190441211272877e-01  2.190441211272877e-01  2.190441211272877e-01  2.190441211272877e-01  0
5.700500583802216e-03  2.182713695463381e-01  2.182713695463381e-01  2.182713695463381e-01  2.182713695463381e-01  0
6.247510509331773e-03  2.296036133092976e-01  2.296036133092976e-01  2.296036133092976e-01  2.296036133092976e-01  0
6.847010537130255e-03  3.957405209685348e-01  3.957405209685348e-01  3.957405209685348e-01  3.957405209685348e-01  0
7.504037524314169e-03  3.789092958554097e-01  3.789092958554097e-01  3.789092958554097e-01  3.789092958554097e-01  0
8.224111655875473e-03  3.588386208736981e-01  3.588386208736981e-01  3.588386208736981e-01  3.588386208736981e-01  0
9.013282823967277e-03  3.319767152101459e-01  3.319767152101459e-01  3.319767152101459e-01  3.319767152101459e-01  0
9.878181457663520e-03  2.985173741344446e-01  2.985173741344446e-01  2.985173741344446e-01  2.985173741344446e-01  0
1.082607423025225e-02  4.640441106773577e-01  4.640441106773577e-01  4.640441106773577e-01  4.640441106773577e-01  0
1.186492511210197e-02  4.690243440203642e-01  4.690243440203642e-01  4.690243440203642e-01  4.690243440203642e-01  0
1.300346228205270e-02  4.581227811474934e-01  4.581227811474934e-01  4.581227811474934e-01  4.581227811474934e-01  0
1.425125145950554e-02  4.393316625245620e-01  4.393316625245620e-01  4.393316625245620e-01  4.393316625245620e-01  0
1.561877627332943e-02  4.196458290075866e-01  4.196458290075866e-01  4.196458290075866e-01  4.196458290075866e-01  0
1.711752634282564e-02  2.048537669445242e-01  2.048537669445242e-01  2.048537669445242e-01  2.048537669445242e-01  0
1.876009381078543e-02  2.676687287878823e-01  2.676687287878823e-01  2.676687287878823e-01  2.676687287878823e-01  0
2.056027913968868e-02  3.329355620479937e-01  3.329355620479937e-01  3.329355620479937e-01  3.329355620479937e-01  0
2.253320705991819e-02  3.919492283163759e-01  3.919492283163759e-01  3.919492283163759e-01  3.919492283163759e-01  0
2.469545364415880e-02  4.360589879251928e-01  4.360589879251928e-01  4.360589879251928e-01  4.360589879251928e-01  0
2.706518557563063e-02  6.632529190191443e-02  6.632529190191443e-02  6.632529190191443e-02  6.632529190191443e-02  0
2.966231278025492e-02  7.541518156647947e-02  7.541518156647947e-02  7.541518156647947e-02  7.541518156647947e-02  0
3.250865570513174e-02  9.185549961454165e-02  9.185549961454165e-02  9.185549961454165e-02  9.185549961454165e-02  0
3.562812864876386e-02  1.189033154402028e-01  1.189033154402028e-01  1.189033154402028e-01  1.189033154402028e-01  0
3.904694068332359e-02  1.589109253631930e-01  1.589109253631930e-01  1.589109253631930e-01  1.589109253631930e-01  0
4.279381585706410e-02  6.283751398005484e-02  6.283751398005484e-02  6.283751398005484e-02  6.283751398005484e-02  0
4.690023452696356e-02  6.585933652890565e-02  6.585933652890565e-02  6.585933652890565e-02  6.585933652890565e-02  0
5.140069784922172e-02  6.688807618385872e-02  6.688807618385872e-02  6.688807618385872e-02  6.688807618385872e-02  0
5.633301764979549e-02  6.664513960655780e-02  6.664513960655780e-02  6.664513960655780e-02  6.664513960655780e-02  0
6.173863411039700e-02  6.652772534546429e-02  6.652772534546429e-02  6.652772534546429e-02  6.652772534546429e-02  0
6.766296393907657e-02  1.655921226561493e-01  1.655921226561493e-01  1.655921226561493e-01  1.655921226561493e-01  0
7.415578195063728e-02  1.405200892845558e-01  1.405200892845558e-01  1.405200892845558e-01  1.405200892845558e-01  0
8.127163926282933e-02  1.178025869820617e-01  1.178025869820617e-01  1.178025869820617e-01  1.178025869820617e-01  0
8.907032162190963e-02  1.001228927043417e-01  1.001228927043417e-01  1.001228927043417e-01  1.001228927043417e-01  0
9.761735170830896e-02  8.808346980055051e-02  8.808346980055051e-02  8.808346980055051e-02  8.808346980055051e-02  0
1.069845396426603e-01  1.286150327718957e+00  1.286150327718957e+00  1.286150327718957e+00  1.286150327718957e+00  0
1.172505863174090e-01  1.135312022009693e+00  1.135312022009693e+00  1.135312022009693e+00  1.135312022009693e+00  0
1.285017446230543e-01  9.398024541612121e-01  9.398024541612121e-01  9.398024541612121e-01  9.398024541612121e-01  0
1.408325441244888e-01  7.329869764148289e-01  7.329869764148289e-01  7.329869764148289e-01  7.329869764148289e-01  0
1.543465852759926e-01  5.423717763011190e-01  5.423717763011190e-01  5.423717763011190e-01  5.423717763011190e-01  0
1.691574098476915e-01  9.340902759798873e-01  9.340902759798873e-01  9.340902759798873e-01  9.340902759798873e-01  0
1.853894548765933e-01  1.154548720197328e+00  1.154548720197328e+00  1.154548720197328e+00  1.154548720197328e+00  0
2.031790981570734e-01  1.331517834963699e+00  1.331517834963699e+00  1.331517834963699e+00  1.331517834963699e+00  0
2.226758040547742e-01  1.432403124605291e+00  1.432403124605291e+00  1.432403124605291e+00  1.432403124605291e+00  0
2.440433792707725e-01  1.437890080877676e+00  1.437890080877676e+00  1.437890080877676e+00  1.437890080877676e+00  0
2.674613491066507e-01  1.222924740189313e-01  1.222924740189313e-01  1.222924740189313e-01  1.222924740189313e-01  0
2.931264657935224e-01  2.078272055856724e-01  2.078272055856724e-01  2.078272055856724e-01  2.078272055856724e-01  0
3.212543615576358e-01  3.329372618498186e-01  3.329372618498186e-01  3.329372618498186e-01  3.329372618498186e-01  0
3.520813603112219e-01  5.014021753696546e-01  5.014021753696546e-01  5.014021753696546e-01  5.014021753696546e-01  0
3.858664631899814e-01  7.080594508261525e-01  7.080594508261525e-01  7.080594508261525e-01  7.080594508261525e-01  0
4.228935246192288e-01  3.968824888563639e-03  3.968824888563639e-03  3.968824888563639e-03  3.968824888563639e-03  0
4.634736371914833e-01  8.686645391606844e-03  8.686645391606844e-03  8.686645391606844e-03  8.686645391606844e-03  0
5.079477453926836e-01  1.814763254848855e-02  1.814763254848855e-02  1.814763254848855e-02  1.814763254848855e-02  0
5.566895101369356e-01  3.610619560644521e-02  3.610619560644521e-02  3.610619560644521e-02  3.610619560644521e-02  0
6.101084481769313e-01  6.828133689621535e-02  6.828133689621535e-02  6.828133689621535e-02  6.828133689621535e-02  0
6.686533727666268e-01  4.618605524183462e-05  4.618605524183462e-05  4.618605524183462e-05  4.618605524183462e-05  0
7.328161644838059e-01  1.198376371007140e-04  1.198376371007140e-04  1.198376371007140e-04  1.198376371007140e-04  0
8.031359038940896e-01  3.040608496837416e-04  3.040608496837416e-04  3.040608496837416e-04  3.040608496837416e-04  0
8.802034007780548e-01  7.489512016407166e-04  7.489512016407166e-04  7.489512016407166e-04  7.489512016407166e-04  0
9.646661579749536e-01  1.779078352200125e-03  1.779078352200125e-03  1.779078352200125e-03  1.779078352200125e-03  0
1.057233811548072e+00  4.184079674079628e-07  4.184079674079628e-07  4.184079674079628e-07  4.184079674079628e-07  0
1.158684092978708e+00  1.105237998717386e-06  1.105237998717386e-06  1.105237998717386e-06  1.105237998717386e-06  0
1.269869363481709e+00  3.002052195913748e-06  3.002052195913748e-06  3.002052195913748e-06  3.002052195913748e-06  0
1.391723775342339e+00  8.095357054938323e-06  8.095357054938323e-06  8.095357054938323e-06  8.095357054938323e-06  0
1.525271120442328e+00  2.130118181066287e-05  2.130118181066287e-05  2.130118181066287e-05  2.130118181066287e-05  0
