-2.20050850194513714086e+00 4.60178697201004717476e-04 4.60178697201004717476e-04 4.60178697201004717476e-04 4.60178697201004717476e-04 0
-2.00783975973522421654e+00 5.20209402464880425396e-04 5.20209402464880425396e-04 5.20209402464880425396e-04 5.20209402464880425396e-04 0
-1.83204041120951499622e+00 4.75251714451244741243e-04 4.75251714451244741243e-04 4.75251714451244741243e-04 4.75251714451244741243e-04 0
-1.67163343191656688091e+00 6.88430205745651276755e-04 6.88430205745651276755e-04 6.88430205745651276755e-04 6.88430205745651276755e-04 0
-1.52527112044232815435e+00 5.12784705270122862820e-04 5.12784705270122862820e-04 5.12784705270122862820e-04 5.12784705270122862820e-04 0
-1.39172377534233904228e+00 1.19742924345372361503e-03 1.19742924345372361503e-03 1.19742924345372361503e-03 1.19742924345372361503e-03 0
-1.26986936348170909028e+00 2.13193461196338560765e-03 2.13193461196338560765e-03 2.13193461196338560765e-03 2.13193461196338560765e-03 0
-1.15868409297870789132e+00 4.03941172654946958898e-03 4.03941172654946958898e-03 4.03941172654946958898e-03 4.03941172654946958898e-03 0
-1.05723381154807194449e+00 5.82325271112994063971e-03 5.82325271112994063971e-03 5.82325271112994063971e-03 5.82325271112994063971e-03 0
-9.64666157974953475396e-01 9.29089809478936788645e-03 9.29089809478936788645e-03 9.29089809478936788645e-03 9.29089809478936788645e-03 0
-8.80203400778054700915e-01 1.31907630693499037383e-02 1.31907630693499037383e-02 1.31907630693499037383e-02 1.31907630693499037383e-02 0
-8.03135903894089508981e-01 1.97049725033019811071e-02 1.97049725033019811071e-02 1.97049725033019811071e-02 1.97049725033019811071e-02 0
-7.32816164483805709828e-01 2.73125792623185800756e-02 2.73125792623185800756e-02 2.73125792623185800756e-02 2.73125792623185800756e-02 0
-6.68653372766626730161e-01 3.93574584403016056178e-02 3.93574584403016056178e-02 3.93574584403016056178e-02 3.93574584403016056178e-02 0
-6.10108448176931106310e-01 5.04203289009060445780e-02 5.04203289009060445780e-02 5.04203289009060445780e-02 5.04203289009060445780e-02 0
-5.56689510136935350459e-01 7.72422832970221934223e-02 7.72422832970221934223e-02 7.72422832970221934223e-02 7.72422832970221934223e-02 0
-5.07947745392683502885e-01 1.15178390990200413269e-01 1.15178390990200413269e-01 1.15178390990200413269e-01 1.15178390990200413269e-01 0
-4.63473637191483156528e-01 1.69743697775514762460e-01 1.69743697775514762460e-01 1.69743697775514762460e-01 1.69743697775514762460e-01 0
-4.22893524619228744488e-01 2.25541998168236584865e-01 2.25541998168236584865e-01 2.25541998168236584865e-01 2.25541998168236584865e-01 0
-3.85866463189981301340e-01 2.97199981188680628641e-01 2.97199981188680628641e-01 2.97199981188680628641e-01 2.97199981188680628641e-01 0
-3.52081360311221891468e-01 3.93404058596841132989e-01 3.93404058596841132989e-01 3.93404058596841132989e-01 3.93404058596841132989e-01 0
-3.21254361557635814695e-01 5.20372583608454730708e-01 5.20372583608454730708e-01 5.20372583608454730708e-01 5.20372583608454730708e-01 0
-2.93126465793522417158e-01 6.73383090258438010700e-01 6.73383090258438010700e-01 6.73383090258438010700e-01 6.73383090258438010700e-01 0
-2.67461349106650703167e-01 7.98586169023315028959e-01 7.98586169023315028959e-01 7.98586169023315028959e-01 7.98586169023315028959e-01 0
-2.44043379270772520240e-01 9.12317351047061242397e-01 9.12317351047061242397e-01 9.12317351047061242397e-01 9.12317351047061242397e-01 0
-2.22675804054774217899e-01 1.03072740456221434435e+00 1.03072740456221434435e+00 1.03072740456221434435e+00 1.03072740456221434435e+00 0
-2.03179098157073412256e-01 1.12639267830039813134e+00 1.12639267830039813134e+00 1.12639267830039813134e+00 1.12639267830039813134e+00 0
-1.85389454876593307020e-01 1.20735219118824188556e+00 1.20735219118824188556e+00 1.20735219118824188556e+00 1.20735219118824188556e+00 0
-1.69157409847691508897e-01 1.23816802908169343311e+00 1.23816802908169343311e+00 1.23816802908169343311e+00 1.23816802908169343311e+00 0
-1.54346585275992514985e-01 1.21073021203332231721e+00 1.21073021203332231721e+00 1.21073021203332231721e+00 1.21073021203332231721e+00 0
-1.40832544124488812098e-01 1.15766369007788694212e+00 1.15766369007788694212e+00 1.15766369007788694212e+00 1.15766369007788694212e+00 0
-1.28501744623054303673e-01 1.06410875311034081037e+00 1.06410875311034081037e+00 1.06410875311034081037e+00 1.06410875311034081037e+00 0
-1.17250586317408908577e-01 9.33840571532023711043e-01 9.33840571532023711043e-01 9.33840571532023711043e-01 9.33840571532023711043e-01 0
-1.06984539642660303471e-01 8.08366784959420270340e-01 8.08366784959420270340e-01 8.08366784959420270340e-01 8.08366784959420270340e-01 0
-9.76173517083089858914e-02 7.36923881672231106954e-01 7.36923881672231106954e-01 7.36923881672231106954e-01 7.36923881672231106954e-01 0
-8.90703216219096705064e-02 6.05569774587291553836e-01 6.05569774587291553836e-01 6.05569774587291553836e-01 6.05569774587291553836e-01 0
-8.12716392628293760048e-02 6.05634741588333302964e-01 6.05634741588333302964e-01 6.05634741588333302964e-01 6.05634741588333302964e-01 0
-7.41557819506373228080e-02 5.12325215567752456636e-01 5.12325215567752456636e-01 5.12325215567752456636e-01 5.12325215567752456636e-01 0
-6.76629639390766007834e-02 5.12047439691802219741e-01 5.12047439691802219741e-01 5.12047439691802219741e-01 5.12047439691802219741e-01 0
-6.17386341103970184840e-02 4.82326147873196997562e-01 4.82326147873196997562e-01 4.82326147873196997562e-01 4.82326147873196997562e-01 0
-5.63330176497955012471e-02 4.83704977620971365848e-01 4.83704977620971365848e-01 4.83704977620971365848e-01 4.83704977620971365848e-01 0
-5.14006978492217297960e-02 4.68053330101170950162e-01 4.68053330101170950162e-01 4.68053330101170950162e-01 4.68053330101170950162e-01 0
-4.69002345269635689817e-02 4.71051353065048861168e-01 4.71051353065048861168e-01 4.71051353065048861168e-01 4.71051353065048861168e-01 0
-4.27938158570641130618e-02 4.69462394359875578864e-01 4.69462394359875578864e-01 4.69462394359875578864e-01 4.69462394359875578864e-01 0
-3.90469406833235874177e-02 4.72581644032306069647e-01 4.72581644032306069647e-01 4.72581644032306069647e-01 4.72581644032306069647e-01 0
-3.56281286487638709781e-02 4.78961214380062005880e-01 4.78961214380062005880e-01 4.78961214380062005880e-01 4.78961214380062005880e-01 0
-3.25086557051317490141e-02 4.83824713556496643907e-01 4.83824713556496643907e-01 4.83824713556496643907e-01 4.83824713556496643907e-01 0
-2.96623127802549194088e-02 4.96330068990582407018e-01 4.96330068990582407018e-01 4.96330068990582407018e-01 4.96330068990582407018e-01 0
-2.70651855756306389256e-02 5.00817802662955058324e-01 5.00817802662955058324e-01 5.00817802662955058324e-01 5.00817802662955058324e-01 0
-2.46954536441588087814e-02 5.13192481148639023658e-01 5.13192481148639023658e-01 5.13192481148639023658e-01 5.13192481148639023658e-01 0
-2.25332070599182018866e-02 5.19132140247015372303e-01 5.19132140247015372303e-01 5.19132140247015372303e-01 5.19132140247015372303e-01 0
-2.05602791396886919184e-02 5.47505975148213086534e-01 5.47505975148213086534e-01 5.47505975148213086534e-01 5.47505975148213086534e-01 0
-1.87600938107854303682e-02 5.62460926173766639913e-01 5.62460926173766639913e-01 5.62460926173766639913e-01 5.62460926173766639913e-01 0
-1.71175263428256507758e-02 5.93671909313259638097e-01 5.93671909313259638097e-01 5.93671909313259638097e-01 5.93671909313259638097e-01 0
-1.56187762733294398243e-02 6.09355406886870509808e-01 6.09355406886870509808e-01 6.09355406886870509808e-01 6.09355406886870509808e-01 0
-1.42512514595055511668e-02 6.52221279118965768795e-01 6.52221279118965768795e-01 6.52221279118965768795e-01 6.52221279118965768795e-01 0
-1.30034622820527009934e-02 6.90499659179709124324e-01 6.90499659179709124324e-01 6.90499659179709124324e-01 6.90499659179709124324e-01 0
-1.18649251121019701921e-02 7.45235045467324774826e-01 7.45235045467324774826e-01 7.45235045467324774826e-01 7.45235045467324774826e-01 0
-1.08260742302522597336e-02 7.86679283385924299488e-01 7.86679283385924299488e-01 7.86679283385924299488e-01 7.86679283385924299488e-01 0
-9.87818145766352143089e-03 8.38571541740930848086e-01 8.38571541740930848086e-01 8.38571541740930848086e-01 8.38571541740930848086e-01 0
-9.01328282396728075465e-03 8.87559500277567692272e-01 8.87559500277567692272e-01 8.87559500277567692272e-01 8.87559500277567692272e-01 0
-8.22411165587547642042e-03 9.50171184495866349984e-01 9.50171184495866349984e-01 9.50171184495866349984e-01 9.50171184495866349984e-01 0
-7.50403752431417180035e-03 1.00536452355548044935e+00 1.00536452355548044935e+00 1.00536452355548044935e+00 1.00536452355548044935e+00 0
-6.84701053713025840214e-03 1.04894918265712577821e+00 1.04894918265712577821e+00 1.04894918265712577821e+00 1.04894918265712577821e+00 0
-6.24751050933177506236e-03 1.08971268698029910560e+00 1.08971268698029910560e+00 1.08971268698029910560e+00 1.08971268698029910560e+00 0
-5.70050058380221821158e-03 1.09911342257862965077e+00 1.09911342257862965077e+00 1.09911342257862965077e+00 1.09911342257862965077e+00 0
-5.20138491282107900959e-03 1.08563009606832427956e+00 1.08563009606832427956e+00 1.08563009606832427956e+00 1.08563009606832427956e+00 0
-4.74597004484078686254e-03 1.05843977113561704684e+00 1.05843977113561704684e+00 1.05843977113561704684e+00 1.05843977113561704684e+00 0
-4.33042969210090198523e-03 1.05063521196644482636e+00 1.05063521196644482636e+00 1.05063521196644482636e+00 1.05063521196644482636e+00 0
-3.95127258306540891930e-03 1.04850425857566764698e+00 1.04850425857566764698e+00 1.04850425857566764698e+00 1.04850425857566764698e+00 0
-3.60531312958691212839e-03 1.02352818623574326473e+00 1.02352818623574326473e+00 1.02352818623574326473e+00 1.02352818623574326473e+00 0
-3.28964466235019117532e-03 9.80798806040030113351e-01 9.80798806040030113351e-01 9.80798806040030113351e-01 9.80798806040030113351e-01 0
-3.00161500972566906709e-03 9.32899474461903799316e-01 9.32899474461903799316e-01 9.32899474461903799316e-01 9.32899474461903799316e-01 0
-2.73880421485210318738e-03 9.16750945009722761903e-01 9.16750945009722761903e-01 9.16750945009722761903e-01 9.16750945009722761903e-01 0
-2.49900420373270993821e-03 9.09717954993028543598e-01 9.09717954993028543598e-01 9.09717954993028543598e-01 9.09717954993028543598e-01 0
-2.28020023352088797852e-03 9.07476236648054546130e-01 9.07476236648054546130e-01 9.07476236648054546130e-01 9.07476236648054546130e-01 0
-2.08055396512843221099e-03 9.07648210349366602046e-01 9.07648210349366602046e-01 9.07648210349366602046e-01 9.07648210349366602046e-01 0
-1.89838801793631517870e-03 9.22542612716482857138e-01 9.22542612716482857138e-01 9.22542612716482857138e-01 9.22542612716482857138e-01 0
-1.73217187684036096756e-03 9.43393775566177539282e-01 9.43393775566177539282e-01 9.43393775566177539282e-01 9.43393775566177539282e-01 0
-1.58050903322616391466e-03 9.67692855132262885753e-01 9.67692855132262885753e-01 9.67692855132262885753e-01 9.67692855132262885753e-01 0
-1.44212525183476511156e-03 9.85811401950735244348e-01 9.85811401950735244348e-01 9.85811401950735244348e-01 9.85811401950735244348e-01 0
-1.31585786494007607982e-03 1.01005233439152264374e+00 1.01005233439152264374e+00 1.01005233439152264374e+00 1.01005233439152264374e+00 0
-1.20064600389026797378e-03 1.02894973015812540851e+00 1.02894973015812540851e+00 1.02894973015812540851e+00 1.02894973015812540851e+00 0
-1.09552168594084092801e-03 1.04886842851467454452e+00 1.04886842851467454452e+00 1.04886842851467454452e+00 1.04886842851467454452e+00 0
-9.99601681493084105387e-04 1.05312376539152219301e+00 1.05312376539152219301e+00 1.05312376539152219301e+00 1.05312376539152219301e+00 0
-9.12080093408355169725e-04 1.07418131952104545235e+00 1.07418131952104545235e+00 1.07418131952104545235e+00 1.07418131952104545235e+00 0
-8.32221586051372971132e-04 1.08616023044977572098e+00 1.08616023044977572098e+00 1.08616023044977572098e+00 1.08616023044977572098e+00 0
-7.59355207174526093163e-04 1.11296504931828499352e+00 1.11296504931828499352e+00 1.11296504931828499352e+00 1.11296504931828499352e+00 0
-6.92868750736144387026e-04 1.11773802061835159094e+00 1.11773802061835159094e+00 1.11773802061835159094e+00 1.11773802061835159094e+00 0
-6.32203613290465522498e-04 1.13663236905731190873e+00 1.13663236905731190873e+00 1.13663236905731190873e+00 1.13663236905731190873e+00 0
-5.76850100733905979573e-04 1.14284324566805506329e+00 1.14284324566805506329e+00 1.14284324566805506329e+00 1.14284324566805506329e+00 0
-5.26343145976030496978e-04 1.16757758301328817829e+00 1.16757758301328817829e+00 1.16757758301328817829e+00 1.16757758301328817829e+00 0
-4.80258401556107005197e-04 1.17848363790512067339e+00 1.17848363790512067339e+00 1.17848363790512067339e+00 1.17848363790512067339e+00 0
-4.38208674376336609728e-04 1.20088149525765408576e+00 1.20088149525765408576e+00 1.20088149525765408576e+00 1.20088149525765408576e+00 0
-3.99840672597233707207e-04 1.20418581345074282574e+00 1.20418581345074282574e+00 1.20418581345074282574e+00 1.20418581345074282574e+00 0
3.99840672597233707207e-04 1.20839464425873321929e+00 1.20839464425873321929e+00 1.20839464425873321929e+00 1.20839464425873321929e+00 0
4.38208674376336609728e-04 1.19855183403530807240e+00 1.19855183403530807240e+00 1.19855183403530807240e+00 1.19855183403530807240e+00 0
4.80258401556107005197e-04 1.17474545068910818379e+00 1.17474545068910818379e+00 1.17474545068910818379e+00 1.17474545068910818379e+00 0
5.26343145976030496978e-04 1.17199643138668774256e+00 1.17199643138668774256e+00 1.17199643138668774256e+00 1.17199643138668774256e+00 0
5.76850100733905979573e-04 1.15027887306015585978e+00 1.15027887306015585978e+00 1.15027887306015585978e+00 1.15027887306015585978e+00 0
6.32203613290465522498e-04 1.14315856236786794753e+00 1.14315856236786794753e+00 1.14315856236786794753e+00 1.14315856236786794753e+00 0
6.92868750736144387026e-04 1.11495568596103966641e+00 1.11495568596103966641e+00 1.11495568596103966641e+00 1.11495568596103966641e+00 0
7.59355207174526093163e-04 1.10600230552433487219e+00 1.10600230552433487219e+00 1.10600230552433487219e+00 1.10600230552433487219e+00 0
8.32221586051372971132e-04 1.09039858834841218993e+00 1.09039858834841218993e+00 1.09039858834841218993e+00 1.09039858834841218993e+00 0
9.12080093408355169725e-04 1.08650617116394276884e+00 1.08650617116394276884e+00 1.08650617116394276884e+00 1.08650617116394276884e+00 0
9.99601681493084105387e-04 1.06514003313008576157e+00 1.06514003313008576157e+00 1.06514003313008576157e+00 1.06514003313008576157e+00 0
1.09552168594084092801e-03 1.04762321896605170579e+00 1.04762321896605170579e+00 1.04762321896605170579e+00 1.04762321896605170579e+00 0
1.20064600389026797378e-03 1.02406841039335172461e+00 1.02406841039335172461e+00 1.02406841039335172461e+00 1.02406841039335172461e+00 0
1.31585786494007607982e-03 1.01558476541892672707e+00 1.01558476541892672707e+00 1.01558476541892672707e+00 1.01558476541892672707e+00 0
1.44212525183476511156e-03 9.94863842838082157449e-01 9.94863842838082157449e-01 9.94863842838082157449e-01 9.94863842838082157449e-01 0
1.58050903322616391466e-03 9.77303365728996786821e-01 9.77303365728996786821e-01 9.77303365728996786821e-01 9.77303365728996786821e-01 0
1.73217187684036096756e-03 9.51144315455067612675e-01 9.51144315455067612675e-01 9.51144315455067612675e-01 9.51144315455067612675e-01 0
1.89838801793631517870e-03 9.27030150870684410691e-01 9.27030150870684410691e-01 9.27030150870684410691e-01 9.27030150870684410691e-01 0
2.08055396512843221099e-03 9.05087603716390853847e-01 9.05087603716390853847e-01 9.05087603716390853847e-01 9.05087603716390853847e-01 0
2.28020023352088797852e-03 9.02129419519580921794e-01 9.02129419519580921794e-01 9.02129419519580921794e-01 9.02129419519580921794e-01 0
2.49900420373270993821e-03 9.09551306977176565738e-01 9.09551306977176565738e-01 9.09551306977176565738e-01 9.09551306977176565738e-01 0
2.73880421485210318738e-03 9.44590927111438327657e-01 9.44590927111438327657e-01 9.44590927111438327657e-01 9.44590927111438327657e-01 0
3.00161500972566906709e-03 9.66795503453761972956e-01 9.66795503453761972956e-01 9.66795503453761972956e-01 9.66795503453761972956e-01 0
3.28964466235019117532e-03 9.71728659071416478454e-01 9.71728659071416478454e-01 9.71728659071416478454e-01 9.71728659071416478454e-01 0
3.60531312958691212839e-03 9.90114530383124913371e-01 9.90114530383124913371e-01 9.90114530383124913371e-01 9.90114530383124913371e-01 0
3.95127258306540891930e-03 1.01885242719861524030e+00 1.01885242719861524030e+00 1.01885242719861524030e+00 1.01885242719861524030e+00 0
4.33042969210090198523e-03 1.06880698769197390874e+00 1.06880698769197390874e+00 1.06880698769197390874e+00 1.06880698769197390874e+00 0
4.74597004484078686254e-03 1.09464145602076423636e+00 1.09464145602076423636e+00 1.09464145602076423636e+00 1.09464145602076423636e+00 0
5.20138491282107900959e-03 1.08946275159534500254e+00 1.08946275159534500254e+00 1.08946275159534500254e+00 1.08946275159534500254e+00 0
5.70050058380221821158e-03 1.08429754235243658300e+00 1.08429754235243658300e+00 1.08429754235243658300e+00 1.08429754235243658300e+00 0
6.24751050933177506236e-03 1.06923062116104894415e+00 1.06923062116104894415e+00 1.06923062116104894415e+00 1.06923062116104894415e+00 0
6.84701053713025840214e-03 1.03431008969229543126e+00 1.03431008969229543126e+00 1.03431008969229543126e+00 1.03431008969229543126e+00 0
7.50403752431417180035e-03 9.96941431836444125203e-01 9.96941431836444125203e-01 9.96941431836444125203e-01 9.96941431836444125203e-01 0
8.22411165587547642042e-03 9.50852375447278630460e-01 9.50852375447278630460e-01 9.50852375447278630460e-01 9.50852375447278630460e-01 0
9.01328282396728075465e-03 8.93764260096932772193e-01 8.93764260096932772193e-01 8.93764260096932772193e-01 8.93764260096932772193e-01 0
9.87818145766352143089e-03 8.42767336537160738352e-01 8.42767336537160738352e-01 8.42767336537160738352e-01 8.42767336537160738352e-01 0
1.08260742302522597336e-02 7.74796582225619534512e-01 7.74796582225619534512e-01 7.74796582225619534512e-01 7.74796582225619534512e-01 0
1.18649251121019701921e-02 7.28244564596921661881e-01 7.28244564596921661881e-01 7.28244564596921661881e-01 7.28244564596921661881e-01 0
1.30034622820527009934e-02 6.86029326419430707240e-01 6.86029326419430707240e-01 6.86029326419430707240e-01 6.86029326419430707240e-01 0
1.42512514595055511668e-02 6.53652581801304366493e-01 6.53652581801304366493e-01 6.53652581801304366493e-01 6.53652581801304366493e-01 0
1.56187762733294398243e-02 6.10995809515432752868e-01 6.10995809515432752868e-01 6.10995809515432752868e-01 6.10995809515432752868e-01 0
1.71175263428256507758e-02 5.88170657099153615377e-01 5.88170657099153615377e-01 5.88170657099153615377e-01 5.88170657099153615377e-01 0
1.87600938107854303682e-02 5.54607946464964363109e-01 5.54607946464964363109e-01 5.54607946464964363109e-01 5.54607946464964363109e-01 0
2.05602791396886919184e-02 5.44906890528853105060e-01 5.44906890528853105060e-01 5.44906890528853105060e-01 5.44906890528853105060e-01 0
2.25332070599182018866e-02 5.18921224196057906397e-01 5.18921224196057906397e-01 5.18921224196057906397e-01 5.18921224196057906397e-01 0
2.46954536441588087814e-02 5.12102002472883066631e-01 5.12102002472883066631e-01 5.12102002472883066631e-01 5.12102002472883066631e-01 0
2.70651855756306389256e-02 4.96407348171887086163e-01 4.96407348171887086163e-01 4.96407348171887086163e-01 4.96407348171887086163e-01 0
2.96623127802549194088e-02 4.90557949804409587635e-01 4.90557949804409587635e-01 4.90557949804409587635e-01 4.90557949804409587635e-01 0
3.25086557051317490141e-02 4.79917351657740798299e-01 4.79917351657740798299e-01 4.79917351657740798299e-01 4.79917351657740798299e-01 0
3.56281286487638709781e-02 4.76436224065112767789e-01 4.76436224065112767789e-01 4.76436224065112767789e-01 4.76436224065112767789e-01 0
3.90469406833235874177e-02 4.70137621500508806616e-01 4.70137621500508806616e-01 4.70137621500508806616e-01 4.70137621500508806616e-01 0
4.27938158570641130618e-02 4.65961293515142371824e-01 4.65961293515142371824e-01 4.65961293515142371824e-01 4.65961293515142371824e-01 0
4.69002345269635689817e-02 4.68557286411283413496e-01 4.68557286411283413496e-01 4.68557286411283413496e-01 4.68557286411283413496e-01 0
5.14006978492217297960e-02 4.66106784692148834459e-01 4.66106784692148834459e-01 4.66106784692148834459e-01 4.66106784692148834459e-01 0
5.63330176497955012471e-02 4.78690452090126172813e-01 4.78690452090126172813e-01 4.78690452090126172813e-01 4.78690452090126172813e-01 0
6.17386341103970184840e-02 4.76771708573041741452e-01 4.76771708573041741452e-01 4.76771708573041741452e-01 4.76771708573041741452e-01 0
6.76629639390766007834e-02 5.13216018308459309694e-01 5.13216018308459309694e-01 5.13216018308459309694e-01 5.13216018308459309694e-01 0
7.41557819506373228080e-02 5.13141384941284028898e-01 5.13141384941284028898e-01 5.13141384941284028898e-01 5.13141384941284028898e-01 0
8.12716392628293760048e-02 5.88333796525568830660e-01 5.88333796525568830660e-01 5.88333796525568830660e-01 5.88333796525568830660e-01 0
8.90703216219096705064e-02 5.88448641819133255737e-01 5.88448641819133255737e-01 5.88448641819133255737e-01 5.88448641819133255737e-01 0
9.76173517083089858914e-02 7.22329770487969979875e-01 7.22329770487969979875e-01 7.22329770487969979875e-01 7.22329770487969979875e-01 0
1.06984539642660303471e-01 8.14450305169111765657e-01 8.14450305169111765657e-01 8.14450305169111765657e-01 8.14450305169111765657e-01 0
1.17250586317408908577e-01 9.51230506018212573771e-01 9.51230506018212573771e-01 9.51230506018212573771e-01 9.51230506018212573771e-01 0
1.28501744623054303673e-01 1.05432984701792165083e+00 1.05432984701792165083e+00 1.05432984701792165083e+00 1.05432984701792165083e+00 0
1.40832544124488812098e-01 1.13184201277704987731e+00 1.13184201277704987731e+00 1.13184201277704987731e+00 1.13184201277704987731e+00 0
1.54346585275992514985e-01 1.17885416579345547738e+00 1.17885416579345547738e+00 1.17885416579345547738e+00 1.17885416579345547738e+00 0
1.69157409847691508897e-01 1.20988083408820767950e+00 1.20988083408820767950e+00 1.20988083408820767950e+00 1.20988083408820767950e+00 0
1.85389454876593307020e-01 1.18634470516272316765e+00 1.18634470516272316765e+00 1.18634470516272316765e+00 1.18634470516272316765e+00 0
2.03179098157073412256e-01 1.13761786131438458192e+00 1.13761786131438458192e+00 1.13761786131438458192e+00 1.13761786131438458192e+00 0
2.22675804054774217899e-01 1.05759384888612051334e+00 1.05759384888612051334e+00 1.05759384888612051334e+00 1.05759384888612051334e+00 0
2.44043379270772520240e-01 9.30956939923919812863e-01 9.30956939923919812863e-01 9.30956939923919812863e-01 9.30956939923919812863e-01 0
2.67461349106650703167e-01 7.65046571257516627718e-01 7.65046571257516627718e-01 7.65046571257516627718e-01 7.65046571257516627718e-01 0
2.93126465793522417158e-01 6.21420923912209932638e-01 6.21420923912209932638e-01 6.21420923912209932638e-01 6.21420923912209932638e-01 0
3.21254361557635814695e-01 5.12988515768073360945e-01 5.12988515768073360945e-01 5.12988515768073360945e-01 5.12988515768073360945e-01 0
3.52081360311221891468e-01 4.11290704471132806397e-01 4.11290704471132806397e-01 4.11290704471132806397e-01 4.11290704471132806397e-01 0
3.85866463189981301340e-01 3.19279062253040646358e-01 3.19279062253040646358e-01 3.19279062253040646358e-01 3.19279062253040646358e-01 0
4.22893524619228744488e-01 2.20419777126421218005e-01 2.20419777126421218005e-01 2.20419777126421218005e-01 2.20419777126421218005e-01 0
4.63473637191483156528e-01 1.54026928478907559894e-01 1.54026928478907559894e-01 1.54026928478907559894e-01 1.54026928478907559894e-01 0
5.07947745392683502885e-01 1.11745545387360561973e-01 1.11745545387360561973e-01 1.11745545387360561973e-01 1.11745545387360561973e-01 0
5.56689510136935350459e-01 7.93570097566014681645e-02 7.93570097566014681645e-02 7.93570097566014681645e-02 7.93570097566014681645e-02 0
6.10108448176931106310e-01 5.33584178739860276464e-02 5.33584178739860276464e-02 5.33584178739860276464e-02 5.33584178739860276464e-02 0
6.68653372766626730161e-01 3.87832632887013736833e-02 3.87832632887013736833e-02 3.87832632887013736833e-02 3.87832632887013736833e-02 0
7.32816164483805709828e-01 2.53184849106889882375e-02 2.53184849106889882375e-02 2.53184849106889882375e-02 2.53184849106889882375e-02 0
8.03135903894089508981e-01 1.92924667581399374161e-02 1.92924667581399374161e-02 1.92924667581399374161e-02 1.92924667581399374161e-02 0
8.80203400778054700915e-01 1.36584476354570018980e-02 1.36584476354570018980e-02 1.36584476354570018980e-02 1.36584476354570018980e-02 0
9.64666157974953475396e-01 9.89953347088847780688e-03 9.89953347088847780688e-03 9.89953347088847780688e-03 9.89953347088847780688e-03 0
1.05723381154807194449e+00 5.72709166227883953448e-03 5.72709166227883953448e-03 5.72709166227883953448e-03 5.72709166227883953448e-03 0
1.15868409297870789132e+00 3.70221423573976592819e-03 3.70221423573976592819e-03 3.70221423573976592819e-03 3.70221423573976592819e-03 0
1.26986936348170909028e+00 2.06356871056229953729e-03 2.06356871056229953729e-03 2.06356871056229953729e-03 2.06356871056229953729e-03 0
1.39172377534233904228e+00 1.22618535509498843145e-03 1.22618535509498843145e-03 1.22618535509498843145e-03 1.22618535509498843145e-03 0
1.52527112044232815435e+00 5.67348806367524690145e-04 5.67348806367524690145e-04 5.67348806367524690145e-04 5.67348806367524690145e-04 0
1.67163343191656688091e+00 7.44009883739543795463e-04 7.44009883739543795463e-04 7.44009883739543795463e-04 7.44009883739543795463e-04 0
1.83204041120951499622e+00 5.15143092771680444729e-04 5.15143092771680444729e-04 5.15143092771680444729e-04 5.15143092771680444729e-04 0
2.00783975973522421654e+00 5.58205870737914374401e-04 5.58205870737914374401e-04 5.58205870737914374401e-04 5.58205870737914374401e-04 0
2.20050850194513714086e+00 5.01442492486772555503e-04 5.01442492486772555503e-04 5.01442492486772555503e-04 5.01442492486772555503e-04 0
