-1.525271120442328e+00  1.073167107253651e-03  1.073167107253651e-03  1.073167107253651e-03  1.073167107253651e-03  0
-1.391723775342339e+00  5.091191862992411e-04  5.091191862992411e-04  5.091191862992411e-04  5.091191862992411e-04  0
-1.269869363481709e+00  2.414852249262976e-04  2.414852249262976e-04  2.414852249262976e-04  2.414852249262976e-04  0
-1.158684092978708e+00  1.181913999695056e-04  1.181913999695056e-04  1.181913999695056e-04  1.181913999695056e-04  0
-1.057233811548072e+00  6.065905420031058e-05  6.065905420031058e-05  6.065905420031058e-05  6.065905420031058e-05  0
-9.646661579749536e-01  1.928165139290428e-02  1.928165139290428e-02  1.928165139290428e-02  1.928165139290428e-02  0
-8.802034007780548e-01  1.338159561994167e-02  1.338159561994167e-02  1.338159561994167e-02  1.338159561994167e-02  0
-8.031359038940896e-01  8.674128336110771e-03  8.674128336110771e-03  8.674128336110771e-03  8.674128336110771e-03  0
-7.328161644838059e-01  5.237424326294026e-03  5.237424326294026e-03  5.237424326294026e-03  5.237424326294026e-03  0
-6.686533727666268e-01  2.944653163220658e-03  2.944653163220658e-03  2.944653163220658e-03  2.944653163220658e-03  0
-6.101084481769313e-01  7.142783442799570e-02  7.142783442799570e-02  7.142783442799570e-02  7.142783442799570e-02  0
-5.566895101369356e-01  5.429928988411490e-02  5.429928988411490e-02  5.429928988411490e-02  5.429928988411490e-02  0
-5.079477453926836e-01  4.271423197656626e-02  4.271423197656626e-02  4.271423197656626e-02  4.271423197656626e-02  0
-4.634736371914833e-01  3.373631967647709e-02  3.373631967647709e-02  3.373631967647709e-02  3.373631967647709e-02  0
-4.228935246192288e-01  2.594642348036615e-02  2.594642348036615e-02  2.594642348036615e-02  2.594642348036615e-02  0
-3.858664631899814e-01  3.771169667809179e-01  3.771169667809179e-01  3.771169667809179e-01  3.771169667809179e-01  0
-3.520813603112219e-01  2.817697640496908e-01  2.817697640496908e-01  2.817697640496908e-01  2.817697640496908e-01  0
-3.212543615576358e-01  1.979811219244204e-01  1.979811219244204e-01  1.979811219244204e-01  1.979811219244204e-01  0
-2.931264657935224e-01  1.314207084928593e-01  1.314207084928593e-01  1.314207084928593e-01  1.314207084928593e-01  0
-2.674613491066507e-01  8.323696865840818e-02  8.323696865840818e-02  8.323696865840818e-02  8.323696865840818e-02  0
-2.440433792707725e-01  6.729136381854225e-01  6.729136381854225e-01  6.729136381854225e-01  6.729136381854225e-01  0
-2.226758040547742e-01  6.653868726293695e-01  6.653868726293695e-01  6.653868726293695e-01  6.653868726293695e-01  0
-2.031790981570734e-01  6.273050418902998e-01  6.273050418902998e-01  6.273050418902998e-01  6.273050418902998e-01  0
-1.853894548765933e-01  5.602950535631818e-01  5.602950535631818e-01  5.602950535631818e-01  5.602950535631818e-01  0
-1.691574098476915e-01  4.715006125438878e-01  4.715006125438878e-01  4.715006125438878e-01  4.715006125438878e-01  0
-1.543465852759926e-01  4.029030225451538e-01  4.029030225451538e-01  4.029030225451538e-01  4.029030225451538e-01  0
-1.408325441244888e-01  4.415589055490325e-01  4.415589055490325e-01  4.415589055490325e-01  4.415589055490325e-01  0
-1.285017446230543e-01  4.709928965580409e-01  4.709928965580409e-01  4.709928965580409e-01  4.709928965580409e-01  0
-1.172505863174090e-01  4.849757551508445e-01  4.849757551508445e-01  4.849757551508445e-01  4.849757551508445e-01  0
-1.069845396426603e-01  4.802918392091883e-01  4.802918392091883e-01  4.802918392091883e-01  4.802918392091883e-01  0
-9.761735170830896e-02  2.740235011613177e-01  2.740235011613177e-01  2.740235011613177e-01  2.740235011613177e-01  0
-8.907032162190963e-02  2.643668420955107e-01  2.643668420955107e-01  2.643668420955107e-01  2.643668420955107e-01  0
-8.127163926282933e-02  2.570513958342533e-01  2.570513958342533e-01  2.570513958342533e-01  2.570513958342533e-01  0
-7.415578195063728e-02  2.545104177958187e-01  2.545104177958187e-01  2.545104177958187e-01  2.545104177958187e-01  0
-6.766296393907657e-02  2.554325776077318e-01  2.554325776077318e-01  2.554325776077318e-01  2.554325776077318e-01  0
-6.173863411039700e-02  2.669555277051687e-01  2.669555277051687e-01  2.669555277051687e-01  2.669555277051687e-01  0
-5.633301764979549e-02  2.710582686206384e-01  2.710582686206384e-01  2.710582686206384e-01  2.710582686206384e-01  0
-5.140069784922172e-02  2.750595964978778e-01  2.750595964978778e-01  2.750595964978778e-01  2.750595964978778e-01  0
-4.690023452696356e-02  2.716539916104680e-01  2.716539916104680e-01  2.716539916104680e-01  2.716539916104680e-01  0
-4.279381585706410e-02  2.561274864624201e-01  2.561274864624201e-01  2.561274864624201e-01  2.561274864624201e-01  0
-3.904694068332359e-02  3.281029165554107e-01  3.281029165554107e-01  3.281029165554107e-01  3.281029165554107e-01  0
-3.562812864876386e-02  2.978721533472304e-01  2.978721533472304e-01  2.978721533472304e-01  2.978721533472304e-01  0
-3.250865570513174e-02  2.600521031181564e-01  2.600521031181564e-01  2.600521031181564e-01  2.600521031181564e-01  0
-2.966231278025492e-02  2.210935302827790e-01  2.210935302827790e-01  2.210935302827790e-01  2.210935302827790e-01  0
-2.706518557563063e-02  1.861399935034240e-01  1.861399935034240e-01  1.861399935034240e-01  1.861399935034240e-01  0
-2.469545364415880e-02  3.593602342951787e-01  3.593602342951787e-01  3.593602342951787e-01  3.593602342951787e-01  0
-2.253320705991819e-02  3.548817247110209e-01  3.548817247110209e-01  3.548817247110209e-01  3.548817247110209e-01  0
-2.056027913968868e-02  3.573401222525158e-01  3.573401222525158e-01  3.573401222525158e-01  3.573401222525158e-01  0
-1.876009381078543e-02  3.572552742603315e-01  3.572552742603315e-01  3.572552742603315e-01  3.572552742603315e-01  0
-1.711752634282564e-02  3.463788374789228e-01  3.463788374789228e-01  3.463788374789228e-01  3.463788374789228e-01  0
-1.561877627332943e-02  5.492614392308338e-01  5.492614392308338e-01  5.492614392308338e-01  5.492614392308338e-01  0
-1.425125145950554e-02  4.971955584016947e-01  4.971955584016947e-01  4.971955584016947e-01  4.971955584016947e-01  0
-1.300346228205270e-02  4.351925641213648e-01  4.351925641213648e-01  4.351925641213648e-01  4.351925641213648e-01  0
-1.186492511210197e-02  3.735673357967262e-01  3.735673357967262e-01  3.735673357967262e-01  3.735673357967262e-01  0
-1.082607423025225e-02  3.204831577812100e-01  3.204831577812100e-01  3.204831577812100e-01  3.204831577812100e-01  0
-9.878181457663520e-03  6.476687745280666e-01  6.476687745280666e-01  6.476687745280666e-01  6.476687745280666e-01  0
-9.013282823967277e-03  6.142194092314404e-01  6.142194092314404e-01  6.142194092314404e-01  6.142194092314404e-01  0
-8.224111655875473e-03  6.003359979594679e-01  6.003359979594679e-01  6.003359979594679e-01  6.003359979594679e-01  0
-7.504037524314169e-03  5.904391916421985e-01  5.904391916421985e-01  5.904391916421985e-01  5.904391916421985e-01  0
-6.847010537130255e-03  5.696361867269667e-01  5.696361867269667e-01  5.696361867269667e-01  5.696361867269667e-01  0
-6.247510509331773e-03  9.985938773834729e-01  9.985938773834729e-01  9.985938773834729e-01  9.985938773834729e-01  0
-5.700500583802216e-03  9.433124246460499e-01  9.433124246460499e-01  9.433124246460499e-01  9.433124246460499e-01  0
-5.201384912821078e-03  8.558288303860762e-01  8.558288303860762e-01  8.558288303860762e-01  8.558288303860762e-01  0
-4.745970044840786e-03  7.560581447114512e-01  7.560581447114512e-01  7.560581447114512e-01  7.560581447114512e-01  0
-4.330429692100900e-03  6.644663230299385e-01  6.644663230299385e-01  6.644663230299385e-01  6.644663230299385e-01  0
-3.951272583065408e-03  1.085351891790708e+00  1.085351891790708e+00  1.085351891790708e+00  1.085351891790708e+00  0
-3.605313129586911e-03  1.015142545967598e+00  1.015142545967598e+00  1.015142545967598e+00  1.015142545967598e+00  0
-3.289644662350189e-03  1.000902828377585e+00  1.000902828377585e+00  1.000902828377585e+00  1.000902828377585e+00  0
-3.001615009725668e-03  1.012350115561353e+00  1.012350115561353e+00  1.012350115561353e+00  1.012350115561353e+00  0
-2.738804214852102e-03  1.014313636898488e+00  1.014313636898488e+00  1.014313636898488e+00  1.014313636898488e+00  0
-2.499004203732710e-03  1.782434399668385e+00  1.782434399668385e+00  1.782434399668385e+00  1.782434399668385e+00  0
-2.280200233520887e-03  1.705605945870772e+00  1.705605945870772e+00  1.705605945870772e+00  1.705605945870772e+00  0
-2.080553965128431e-03  1.554128730766793e+00  1.554128730766793e+00  1.554128730766793e+00  1.554128730766793e+00  0
-1.898388017936315e-03  1.363598208139337e+00  1.363598208139337e+00  1.363598208139337e+00  1.363598208139337e+00  0
-1.732171876840360e-03  1.180213179400342e+00  1.180213179400342e+00  1.180213179400342e+00  1.180213179400342e+00  0
-1.580509033226163e-03  1.856576971609545e+00  1.856576971609545e+00  1.856576971609545e+00  1.856576971609545e+00  0
-1.442125251834764e-03  1.741501879601414e+00  1.741501879601414e+00  1.741501879601414e+00  1.741501879601414e+00  0
-1.315857864940076e-03  1.723941512707977e+00  1.723941512707977e+00  1.723941512707977e+00  1.723941512707977e+00  0
-1.200646003890267e-03  1.763990800338588e+00  1.763990800338588e+00  1.763990800338588e+00  1.763990800338588e+00  0
-1.095521685940841e-03  1.800654171118526e+00  1.800654171118526e+00  1.800654171118526e+00  1.800654171118526e+00  0
-9.996016814930839e-04  2.641455326273634e+00  2.641455326273634e+00  2.641455326273634e+00  2.641455326273634e+00  0
-9.120800934083548e-04  2.634135585915764e+00  2.634135585915764e+00  2.634135585915764e+00  2.634135585915764e+00  0
-8.322215860513725e-04  2.497755719578459e+00  2.497755719578459e+00  2.497755719578459e+00  2.497755719578459e+00  0
-7.593552071745259e-04  2.268685052350729e+00  2.268685052350729e+00  2.268685052350729e+00  2.268685052350729e+00  0
-6.928687507361442e-04  2.015503235056037e+00  2.015503235056037e+00  2.015503235056037e+00  2.015503235056037e+00  0
-6.322036132904654e-04  2.491423393378851e+00  2.491423393378851e+00  2.491423393378851e+00  2.491423393378851e+00  0
-5.768501007339059e-04  2.338390151840042e+00  2.338390151840042e+00  2.338390151840042e+00  2.338390151840042e+00  0
-5.263431459760304e-04  2.329863744064369e+00  2.329863744064369e+00  2.329863744064369e+00  2.329863744064369e+00  0
-4.802584015561070e-04  2.432063426020112e+00  2.432063426020112e+00  2.432063426020112e+00  2.432063426020112e+00  0
-4.382086743763364e-04  2.565891503797355e+00  2.565891503797355e+00  2.565891503797355e+00  2.565891503797355e+00  0
-3.998406725972335e-04  3.212710663532013e+00  3.212710663532013e+00  3.212710663532013e+00  3.212710663532013e+00  0
-3.648320373633419e-04  3.300409837542119e+00  3.300409837542119e+00  3.300409837542119e+00  3.300409837542119e+00  0
-3.328886344205490e-04  3.218846651692822e+00  3.218846651692822e+00  3.218846651692822e+00  3.218846651692822e+00  0
-3.037420828698103e-04  2.990506471484588e+00  2.990506471484588e+00  2.990506471484588e+00  2.990506471484588e+00  0
-2.771475002944577e-04  2.693087404111028e+00  2.693087404111028e+00  2.693087404111028e+00  2.693087404111028e+00  0
-2.528814453161862e-04  2.897144733670840e+00  2.897144733670840e+00  2.897144733670840e+00  2.897144733670840e+00  0
-2.307400402935623e-04  2.702022190281943e+00  2.702022190281943e+00  2.702022190281943e+00  2.702022190281943e+00  0
-2.105372583904122e-04  2.682299285020964e+00  2.682299285020964e+00  2.682299285020964e+00  2.682299285020964e+00  0
-1.921033606224428e-04  2.821676268974108e+00  2.821676268974108e+00  2.821676268974108e+00  2.821676268974108e+00  0
-1.752834697505346e-04  3.038588719264495e+00  3.038588719264495e+00  3.038588719264495e+00  3.038588719264495e+00  0
-1.599362690388934e-04  3.512160796346798e+00  3.512160796346798e+00  3.512160796346798e+00  3.512160796346798e+00  0
-1.459328149453367e-04  3.679056801513468e+00  3.679056801513468e+00  3.679056801513468e+00  3.679056801513468e+00  0
-1.331554537682196e-04  3.655692991621726e+00  3.655692991621726e+00  3.655692991621726e+00  3.655692991621726e+00  0
-1.214968331479241e-04  3.444818277299104e+00  3.444818277299104e+00  3.444818277299104e+00  3.444818277299104e+00  0
-1.108590001177830e-04  3.120339070031535e+00  3.120339070031535e+00  3.120339070031535e+00  3.120339070031535e+00  0
-1.011525781264745e-04  3.135334497851305e+00  3.135334497851305e+00  3.135334497851305e+00  3.135334497851305e+00  0
-9.229601611742493e-05  2.901638145245408e+00  2.901638145245408e+00  2.901638145245408e+00  2.901638145245408e+00  0
-8.421490335616486e-05  2.857443731030010e+00  2.857443731030010e+00  2.857443731030010e+00  2.857443731030010e+00  0
-7.684134424897711e-05  3.004922514222240e+00  3.004922514222240e+00  3.004922514222240e+00  3.004922514222240e+00  0
-7.011338790021382e-05  3.268890710853587e+00  3.268890710853587e+00  3.268890710853587e+00  3.268890710853587e+00  0
-6.397450761555736e-05  3.656055581799708e+00  3.656055581799708e+00  3.656055581799708e+00  3.656055581799708e+00  0
-5.837312597813469e-05  3.878834942064751e+00  3.878834942064751e+00  3.878834942064751e+00  3.878834942064751e+00  0
-5.326218150728784e-05  3.904638613084319e+00  3.904638613084319e+00  3.904638613084319e+00  3.904638613084319e+00  0
-4.859873325916965e-05  3.719653242569836e+00  3.719653242569836e+00  3.719653242569836e+00  3.719653242569836e+00  0
-4.434360004711322e-05  3.390448841204996e+00  3.390448841204996e+00  3.390448841204996e+00  3.390448841204996e+00  0
-4.046103125058979e-05  3.278808837307364e+00  3.278808837307364e+00  3.278808837307364e+00  3.278808837307364e+00  0
-3.691840644696997e-05  3.015020419436192e+00  3.015020419436192e+00  3.015020419436192e+00  3.015020419436192e+00  0
-3.368596134246595e-05  2.945078808863850e+00  2.945078808863850e+00  2.945078808863850e+00  2.945078808863850e+00  0
-3.073653769959084e-05  3.085990024085673e+00  3.085990024085673e+00  3.085990024085673e+00  3.085990024085673e+00  0
-2.804535516008553e-05  3.370831306829503e+00  3.370831306829503e+00  3.370831306829503e+00  3.370831306829503e+00  0
-2.558980304622295e-05  3.724385175560262e+00  3.724385175560262e+00  3.724385175560262e+00  3.724385175560262e+00  0
-2.334925039125388e-05  3.983912221662026e+00  3.983912221662026e+00  3.983912221662026e+00  3.983912221662026e+00  0
-2.130487260291513e-05  4.045646164544449e+00  4.045646164544449e+00  4.045646164544449e+00  4.045646164544449e+00  0
-1.943949330366786e-05  3.883119576603885e+00  3.883119576603885e+00  3.883119576603885e+00  3.883119576603885e+00  0
-1.773744001884529e-05  3.555340582980216e+00  3.555340582980216e+00  3.555340582980216e+00  3.555340582980216e+00  0
-1.618441250023591e-05  3.370929632868089e+00  3.370929632868089e+00  3.370929632868089e+00  3.370929632868089e+00  0
-1.476736257878799e-05  3.085084126605765e+00  3.085084126605765e+00  3.085084126605765e+00  3.085084126605765e+00  0
-1.347438453698638e-05  2.993065275695487e+00  2.993065275695487e+00  2.993065275695487e+00  2.993065275695487e+00  0
-1.229461507983634e-05  3.122920610527294e+00  3.122920610527294e+00  3.122920610527294e+00  3.122920610527294e+00  0
-1.121814206403421e-05  3.415191581230255e+00  3.415191581230255e+00  3.415191581230255e+00  3.415191581230255e+00  0
-1.023592121848918e-05  3.753315779202137e+00  3.753315779202137e+00  3.753315779202137e+00  3.753315779202137e+00  0
-9.339700156501553e-06  4.030902075661129e+00  4.030902075661129e+00  4.030902075661129e+00  4.030902075661129e+00  0
-8.521949041166055e-06  4.104814272174088e+00  4.104814272174088e+00  4.104814272174088e+00  4.104814272174088e+00  0
-7.775797321467145e-06  3.933276299875009e+00  3.933276299875009e+00  3.933276299875009e+00  3.933276299875009e+00  0
-7.094976007538116e-06  3.560668219128097e+00  3.560668219128097e+00  3.560668219128097e+00  3.560668219128097e+00  0
-6.473765000094365e-06  3.434009376949415e+00  3.434009376949415e+00  3.434009376949415e+00  3.434009376949415e+00  0
-5.906945031515196e-06  3.132136649587907e+00  3.132136649587907e+00  3.132136649587907e+00  3.132136649587907e+00  0
-5.389753814794551e-06  3.022368163013516e+00  3.022368163013516e+00  3.022368163013516e+00  3.022368163013516e+00  0
-4.917846031934535e-06  3.140949998810847e+00  3.140949998810847e+00  3.140949998810847e+00  3.140949998810847e+00  0
-4.487256825613684e-06  3.434594087045487e+00  3.434594087045487e+00  3.434594087045487e+00  3.434594087045487e+00  0
-4.094368487395672e-06  3.770161623721498e+00  3.770161623721498e+00  3.770161623721498e+00  3.770161623721498e+00  0
-3.735880062600621e-06  4.065079349653617e+00  4.065079349653617e+00  4.065079349653617e+00  4.065079349653617e+00  0
-3.408779616466422e-06  4.158930583025891e+00  4.158930583025891e+00  4.158930583025891e+00  4.158930583025891e+00  0
-3.110318928586858e-06  4.002917089867511e+00  4.002917089867511e+00  4.002917089867511e+00  4.002917089867511e+00  0
-2.837990403015247e-06  3.635973744532341e+00  3.635973744532341e+00  3.635973744532341e+00  3.635973744532341e+00  0
-2.589506000037746e-06  3.480049013596978e+00  3.480049013596978e+00  3.480049013596978e+00  3.480049013596978e+00  0
-2.362778012606078e-06  3.166197685165242e+00  3.166197685165242e+00  3.166197685165242e+00  3.166197685165242e+00  0
-2.155901525917820e-06  3.042161263456189e+00  3.042161263456189e+00  3.042161263456189e+00  3.042161263456189e+00  0
-1.967138412773814e-06  3.150428356207452e+00  3.150428356207452e+00  3.150428356207452e+00  3.150428356207452e+00  0
-1.794902730245474e-06  3.442745001305981e+00  3.442745001305981e+00  3.442745001305981e+00  3.442745001305981e+00  0
-1.637747394958271e-06  3.778945907621443e+00  3.778945907621443e+00  3.778945907621443e+00  3.778945907621443e+00  0
-1.494352025040251e-06  4.086427869528237e+00  4.086427869528237e+00  4.086427869528237e+00  4.086427869528237e+00  0
-1.363511846586571e-06  4.195551669737464e+00  4.195551669737464e+00  4.195551669737464e+00  4.195551669737464e+00  0
-1.244127571434745e-06  4.052089008701087e+00  4.052089008701087e+00  4.052089008701087e+00  4.052089008701087e+00  0
-1.135196161206100e-06  3.690519430480808e+00  3.690519430480808e+00  3.690519430480808e+00  3.690519430480808e+00  0
-1.035802400015100e-06  3.515300769947109e+00  3.515300769947109e+00  3.515300769947109e+00  3.515300769947109e+00  0
-9.451112050424327e-07  3.192311298764713e+00  3.192311298764713e+00  3.192311298764713e+00  3.192311298764713e+00  0
-8.623606103671294e-07  3.056762828079038e+00  3.056762828079038e+00  3.056762828079038e+00  3.056762828079038e+00  0
-7.868553651095268e-07  3.156033479268132e+00  3.156033479268132e+00  3.156033479268132e+00  3.156033479268132e+00  0
-7.179610920981906e-07  3.446002877577651e+00  3.446002877577651e+00  3.446002877577651e+00  3.446002877577651e+00  0
-6.550989579833085e-07  3.775543960369653e+00  3.775543960369653e+00  3.775543960369653e+00  3.775543960369653e+00  0
-5.977408100161003e-07  4.080570250050081e+00  4.080570250050081e+00  4.080570250050081e+00  4.080570250050081e+00  0
-5.454047386346284e-07  4.175681267319104e+00  4.175681267319104e+00  4.175681267319104e+00  4.175681267319104e+00  0
-4.976510285738981e-07  3.990379267953633e+00  3.990379267953633e+00  3.990379267953633e+00  3.990379267953633e+00  0
-4.540784644824401e-07  3.538373458163969e+00  3.538373458163969e+00  3.538373458163969e+00  3.538373458163969e+00  0
-4.143209600060400e-07  3.543357587989330e+00  3.543357587989330e+00  3.543357587989330e+00  3.543357587989330e+00  0
-3.780444820169731e-07  3.213183969219402e+00  3.213183969219402e+00  3.213183969219402e+00  3.213183969219402e+00  0
-3.449442441468518e-07  3.068167346540706e+00  3.068167346540706e+00  3.068167346540706e+00  3.068167346540706e+00  0
-3.147421460438107e-07  3.159623707394076e+00  3.159623707394076e+00  3.159623707394076e+00  3.159623707394076e+00  0
-2.871844368392763e-07  3.446880876813589e+00  3.446880876813589e+00  3.446880876813589e+00  3.446880876813589e+00  0
-2.620395831933234e-07  3.778043966481706e+00  3.778043966481706e+00  3.778043966481706e+00  3.778043966481706e+00  0
-2.390963240064401e-07  4.090952195112650e+00  4.090952195112650e+00  4.090952195112650e+00  4.090952195112650e+00  0
-2.181618954538513e-07  4.196726615590594e+00  4.196726615590594e+00  4.196726615590594e+00  4.196726615590594e+00  0
-1.990604114295592e-07  4.021571213667677e+00  4.021571213667677e+00  4.021571213667677e+00  4.021571213667677e+00  0
-1.816313857929761e-07  3.576265564904859e+00  3.576265564904859e+00  3.576265564904859e+00  3.576265564904859e+00  0
-1.657283840024160e-07  3.565046560471063e+00  3.565046560471063e+00  3.565046560471063e+00  3.565046560471063e+00  0
-1.512177928067893e-07  3.229415092440776e+00  3.229415092440776e+00  3.229415092440776e+00  3.229415092440776e+00  0
-1.379776976587407e-07  3.076798357797741e+00  3.076798357797741e+00  3.076798357797741e+00  3.076798357797741e+00  0
-1.258968584175243e-07  3.161723641348820e+00  3.161723641348820e+00  3.161723641348820e+00  3.161723641348820e+00  0
-1.148737747357105e-07  3.446423781891908e+00  3.446423781891908e+00  3.446423781891908e+00  3.446423781891908e+00  0
-1.048158332773293e-07  3.777653306628344e+00  3.777653306628344e+00  3.777653306628344e+00  3.777653306628344e+00  0
-9.563852960257603e-08  4.096687091429744e+00  4.096687091429744e+00  4.096687091429744e+00  4.096687091429744e+00  0
-8.726475818154052e-08  4.211209812325579e+00  4.211209812325579e+00  4.211209812325579e+00  4.211209812325579e+00  0
-7.962416457182368e-08  4.044701640739113e+00  4.044701640739113e+00  4.044701640739113e+00  4.044701640739113e+00  0
-7.265255431719042e-08  3.605433478216877e+00  3.605433478216877e+00  3.605433478216877e+00  3.605433478216877e+00  0
-6.629135360096640e-08  3.582720265525284e+00  3.582720265525284e+00  3.582720265525284e+00  3.582720265525284e+00  0
-6.048711712271569e-08  3.242498719795724e+00  3.242498719795724e+00  3.242498719795724e+00  3.242498719795724e+00  0
-5.519107906349629e-08  3.083258408528982e+00  3.083258408528982e+00  3.083258408528982e+00  3.083258408528982e+00  0
-5.035874336700971e-08  3.162226708563550e+00  3.162226708563550e+00  3.162226708563550e+00  3.162226708563550e+00  0
-4.594950989428420e-08  3.444156619504978e+00  3.444156619504978e+00  3.444156619504978e+00  3.444156619504978e+00  0
-4.192633331093174e-08  3.776466244845622e+00  3.776466244845622e+00  3.776466244845622e+00  3.776466244845622e+00  0
-3.825541184103042e-08  4.100488190914565e+00  4.100488190914565e+00  4.100488190914565e+00  4.100488190914565e+00  0
-3.490590327261621e-08  4.222370235017112e+00  4.222370235017112e+00  4.222370235017112e+00  4.222370235017112e+00  0
-3.184966582872947e-08  4.063294084746516e+00  4.063294084746516e+00  4.063294084746516e+00  4.063294084746516e+00  0
-2.906102172687617e-08  3.629367240905576e+00  3.629367240905576e+00  3.629367240905576e+00  3.629367240905576e+00  0
-2.651654144038656e-08  3.597588677899558e+00  3.597588677899558e+00  3.597588677899558e+00  3.597588677899558e+00  0
-2.419484684908628e-08  3.253547842983362e+00  3.253547842983362e+00  3.253547842983362e+00  3.253547842983362e+00  0
-2.207643162539852e-08  3.088624222967693e+00  3.088624222967693e+00  3.088624222967693e+00  3.088624222967693e+00  0
-2.014349734680389e-08  3.162343528925065e+00  3.162343528925065e+00  3.162343528925065e+00  3.162343528925065e+00  0
-1.837980395771368e-08  3.441647172302458e+00  3.441647172302458e+00  3.441647172302458e+00  3.441647172302458e+00  0
-1.677053332437270e-08  3.774863343049299e+00  3.774863343049299e+00  3.774863343049299e+00  3.774863343049299e+00  0
-1.530216473641217e-08  4.103034538890507e+00  4.103034538890507e+00  4.103034538890507e+00  4.103034538890507e+00  0
-1.396236130904649e-08  4.231204049947785e+00  4.231204049947785e+00  4.231204049947785e+00  4.231204049947785e+00  0
-1.273986633149179e-08  4.078587364844932e+00  4.078587364844932e+00  4.078587364844932e+00  4.078587364844932e+00  0
-1.162440869075047e-08  3.649407572705994e+00  3.649407572705994e+00  3.649407572705994e+00  3.649407572705994e+00  0
-1.060661657615463e-08  3.610250908924372e+00  3.610250908924372e+00  3.610250908924372e+00  3.610250908924372e+00  0
-9.677938739634512e-09  3.262994026770817e+00  3.262994026770817e+00  3.262994026770817e+00  3.262994026770817e+00  0
-8.830572650159406e-09  3.093154432491349e+00  3.093154432491349e+00  3.093154432491349e+00  3.093154432491349e+00  0
-8.057398938721554e-09  3.162236345141015e+00  3.162236345141015e+00  3.162236345141015e+00  3.162236345141015e+00  0
-7.351921583085473e-09  3.439096853661936e+00  3.439096853661936e+00  3.439096853661936e+00  3.439096853661936e+00  0
-6.708213329749079e-09  3.772997729696648e+00  3.772997729696648e+00  3.772997729696648e+00  3.772997729696648e+00  0
-6.120865894564868e-09  4.104679862792749e+00  4.104679862792749e+00  4.104679862792749e+00  4.104679862792749e+00  0
-5.584944523618594e-09  4.238285457261203e+00  4.238285457261203e+00  4.238285457261203e+00  4.238285457261203e+00  0
-5.095946532596716e-09  4.091333173630515e+00  4.091333173630515e+00  4.091333173630515e+00  4.091333173630515e+00  0
-4.649763476300187e-09  3.666393861803763e+00  3.666393861803763e+00  3.666393861803763e+00  3.666393861803763e+00  0
-4.242646630461849e-09  3.621112623969408e+00  3.621112623969408e+00  3.621112623969408e+00  3.621112623969408e+00  0
-3.871175495853804e-09  3.271109459373448e+00  3.271109459373448e+00  3.271109459373448e+00  3.271109459373448e+00  0
-3.532229060063762e-09  3.096982583210637e+00  3.096982583210637e+00  3.096982583210637e+00  3.096982583210637e+00  0
-3.222959575488621e-09  3.161951557385209e+00  3.161951557385209e+00  3.161951557385209e+00  3.161951557385209e+00  0
-2.940768633234189e-09  3.436558689762139e+00  3.436558689762139e+00  3.436558689762139e+00  3.436558689762139e+00  0
-2.683285331899631e-09  3.770970034305462e+00  3.770970034305462e+00  3.770970034305462e+00  3.770970034305462e+00  0
-2.448346357825947e-09  4.105677077978612e+00  4.105677077978612e+00  4.105677077978612e+00  4.105677077978612e+00  0
-2.233977809447438e-09  4.244024053739058e+00  4.244024053739058e+00  4.244024053739058e+00  4.244024053739058e+00  0
-2.038378613038686e-09  4.102062236335279e+00  4.102062236335279e+00  4.102062236335279e+00  4.102062236335279e+00  0
-1.859905390520075e-09  3.680913541759802e+00  3.680913541759802e+00  3.680913541759802e+00  3.680913541759802e+00  0
-1.697058652184740e-09  3.630429301993668e+00  3.630429301993668e+00  3.630429301993668e+00  3.630429301993668e+00  0
-1.548470198341522e-09  3.278047844860907e+00  3.278047844860907e+00  3.278047844860907e+00  3.278047844860907e+00  0
-1.412891624025505e-09  3.100170167926361e+00  3.100170167926361e+00  3.100170167926361e+00  3.100170167926361e+00  0
-1.289183830195449e-09  3.161501766959166e+00  3.161501766959166e+00  3.161501766959166e+00  3.161501766959166e+00  0
-1.176307453293676e-09  3.434063120215411e+00  3.434063120215411e+00  3.434063120215411e+00  3.434063120215411e+00  0
-1.073314132759852e-09  3.768887741261167e+00  3.768887741261167e+00  3.768887741261167e+00  3.768887741261167e+00  0
-9.793385431303785e-10  4.106246339398964e+00  4.106246339398964e+00  4.106246339398964e+00  4.106246339398964e+00  0
-8.935911237789750e-10  4.248734899376391e+00  4.248734899376391e+00  4.248734899376391e+00  4.248734899376391e+00  0
-8.153514452154745e-10  4.111149625427291e+00  4.111149625427291e+00  4.111149625427291e+00  4.111149625427291e+00  0
-7.439621562080298e-10  3.693356741826513e+00  3.693356741826513e+00  3.693356741826513e+00  3.693356741826513e+00  0
-6.788234608738959e-10  3.638244509921537e+00  3.638244509921537e+00  3.638244509921537e+00  3.638244509921537e+00  0
-6.193880793366086e-10  3.283793903227777e+00  3.283793903227777e+00  3.283793903227777e+00  3.283793903227777e+00  0
-5.651566496102019e-10  3.102675021208944e+00  3.102675021208944e+00  3.102675021208944e+00  3.102675021208944e+00  0
-5.156735320781795e-10  3.160859272862679e+00  3.160859272862679e+00  3.160859272862679e+00  3.160859272862679e+00  0
-4.705229813174702e-10  3.431639594097228e+00  3.431639594097228e+00  3.431639594097228e+00  3.431639594097228e+00  0
-4.293256531039410e-10  3.771728098267221e+00  3.771728098267221e+00  3.771728098267221e+00  3.771728098267221e+00  0
-3.917354172521515e-10  4.118759377473470e+00  4.118759377473470e+00  4.118759377473470e+00  4.118759377473470e+00  0
-3.574364495115900e-10  4.281240810313094e+00  4.281240810313094e+00  4.281240810313094e+00  4.281240810313094e+00  0
-3.261405780861898e-10  4.180986166132437e+00  4.180986166132437e+00  4.180986166132437e+00  4.180986166132437e+00  0
-2.975848624832120e-10  3.828751063671604e+00  3.828751063671604e+00  3.828751063671604e+00  3.828751063671604e+00  0
-2.715293843495584e-10  3.644187801405226e+00  3.644187801405226e+00  3.644187801405226e+00  3.644187801405226e+00  0
-2.477552317346435e-10  3.288041345822828e+00  3.288041345822828e+00  3.288041345822828e+00  3.288041345822828e+00  0
-2.260626598440808e-10  3.104313947325768e+00  3.104313947325768e+00  3.104313947325768e+00  3.104313947325768e+00  0
-2.062694128312718e-10  3.160006631871778e+00  3.160006631871778e+00  3.160006631871778e+00  3.160006631871778e+00  0
-1.882091925269881e-10  3.429449053055904e+00  3.429449053055904e+00  3.429449053055904e+00  3.429449053055904e+00  0
1.882091925269881e-10  3.257387509324901e+00  3.257387509324901e+00  3.257387509324901e+00  3.257387509324901e+00  0
2.062694128312718e-10  3.090637652555266e+00  3.090637652555266e+00  3.090637652555266e+00  3.090637652555266e+00  0
2.260626598440808e-10  3.156987292033389e+00  3.156987292033389e+00  3.156987292033389e+00  3.156987292033389e+00  0
2.477552317346435e-10  3.434561308265230e+00  3.434561308265230e+00  3.434561308265230e+00  3.434561308265230e+00  0
2.715293843495584e-10  3.818670103125787e+00  3.818670103125787e+00  3.818670103125787e+00  3.818670103125787e+00  0
2.975848624832120e-10  3.924363078329825e+00  3.924363078329825e+00  3.924363078329825e+00  3.924363078329825e+00  0
3.261405780861898e-10  4.195192354825851e+00  4.195192354825851e+00  4.195192354825851e+00  4.195192354825851e+00  0
3.574364495115900e-10  4.181943038686998e+00  4.181943038686998e+00  4.181943038686998e+00  4.181943038686998e+00  0
3.917354172521515e-10  3.929038026870534e+00  3.929038026870534e+00  3.929038026870534e+00  3.929038026870534e+00  0
4.293256531039410e-10  3.556187938382580e+00  3.556187938382580e+00  3.556187938382580e+00  3.556187938382580e+00  0
4.705229813174702e-10  3.251009418479935e+00  3.251009418479935e+00  3.251009418479935e+00  3.251009418479935e+00  0
5.156735320781795e-10  3.089135597614047e+00  3.089135597614047e+00  3.089135597614047e+00  3.089135597614047e+00  0
5.651566496102019e-10  3.157197514565556e+00  3.157197514565556e+00  3.157197514565556e+00  3.157197514565556e+00  0
6.193880793366086e-10  3.433571004433419e+00  3.433571004433419e+00  3.433571004433419e+00  3.433571004433419e+00  0
6.788234608738959e-10  3.815294069826300e+00  3.815294069826300e+00  3.815294069826300e+00  3.815294069826300e+00  0
7.439621562080298e-10  3.916017886073646e+00  3.916017886073646e+00  3.916017886073646e+00  3.916017886073646e+00  0
8.153514452154745e-10  4.180843838062791e+00  4.180843838062791e+00  4.180843838062791e+00  4.180843838062791e+00  0
8.935911237789750e-10  4.165387145195647e+00  4.165387145195647e+00  4.165387145195647e+00  4.165387145195647e+00  0
9.793385431303785e-10  3.914851614001618e+00  3.914851614001618e+00  3.914851614001618e+00  3.914851614001618e+00  0
1.073314132759852e-09  3.547617246605204e+00  3.547617246605204e+00  3.547617246605204e+00  3.547617246605204e+00  0
1.176307453293676e-09  3.241704426968662e+00  3.241704426968662e+00  3.241704426968662e+00  3.241704426968662e+00  0
1.289183830195449e-09  3.086182786912528e+00  3.086182786912528e+00  3.086182786912528e+00  3.086182786912528e+00  0
1.412891624025505e-09  3.157864672426239e+00  3.157864672426239e+00  3.157864672426239e+00  3.157864672426239e+00  0
1.548470198341522e-09  3.433471568190602e+00  3.433471568190602e+00  3.433471568190602e+00  3.433471568190602e+00  0
1.697058652184740e-09  3.810161419459656e+00  3.810161419459656e+00  3.810161419459656e+00  3.810161419459656e+00  0
1.859905390520075e-09  3.908867180504759e+00  3.908867180504759e+00  3.908867180504759e+00  3.908867180504759e+00  0
2.038378613038686e-09  4.167114047387438e+00  4.167114047387438e+00  4.167114047387438e+00  4.167114047387438e+00  0
2.233977809447438e-09  4.147551134743902e+00  4.147551134743902e+00  4.147551134743902e+00  4.147551134743902e+00  0
2.448346357825947e-09  3.896959274119742e+00  3.896959274119742e+00  3.896959274119742e+00  3.896959274119742e+00  0
2.683285331899631e-09  3.533903359170948e+00  3.533903359170948e+00  3.533903359170948e+00  3.533903359170948e+00  0
2.940768633234189e-09  3.229995146002564e+00  3.229995146002564e+00  3.229995146002564e+00  3.229995146002564e+00  0
3.222959575488621e-09  3.080381427976474e+00  3.080381427976474e+00  3.080381427976474e+00  3.080381427976474e+00  0
3.532229060063762e-09  3.156220436516902e+00  3.156220436516902e+00  3.156220436516902e+00  3.156220436516902e+00  0
3.871175495853804e-09  3.432575356164824e+00  3.432575356164824e+00  3.432575356164824e+00  3.432575356164824e+00  0
4.242646630461849e-09  3.806153386155378e+00  3.806153386155378e+00  3.806153386155378e+00  3.806153386155378e+00  0
4.649763476300187e-09  3.900841183172813e+00  3.900841183172813e+00  3.900841183172813e+00  3.900841183172813e+00  0
5.095946532596716e-09  4.152891839106310e+00  4.152891839106310e+00  4.152891839106310e+00  4.152891839106310e+00  0
5.584944523618594e-09  4.129216617281419e+00  4.129216617281419e+00  4.129216617281419e+00  4.129216617281419e+00  0
6.120865894564868e-09  3.877931642309897e+00  3.877931642309897e+00  3.877931642309897e+00  3.877931642309897e+00  0
6.708213329749079e-09  3.517855311353649e+00  3.517855311353649e+00  3.517855311353649e+00  3.517855311353649e+00  0
7.351921583085473e-09  3.216685839726069e+00  3.216685839726069e+00  3.216685839726069e+00  3.216685839726069e+00  0
8.057398938721554e-09  3.072653676261651e+00  3.072653676261651e+00  3.072653676261651e+00  3.072653676261651e+00  0
8.830572650159406e-09  3.152433877822281e+00  3.152433877822281e+00  3.152433877822281e+00  3.152433877822281e+00  0
9.677938739634512e-09  3.429636928913186e+00  3.429636928913186e+00  3.429636928913186e+00  3.429636928913186e+00  0
1.060661657615463e-08  3.800623231487793e+00  3.800623231487793e+00  3.800623231487793e+00  3.800623231487793e+00  0
1.162440869075047e-08  3.890654770100975e+00  3.890654770100975e+00  3.890654770100975e+00  3.890654770100975e+00  0
1.273986633149179e-08  4.136532459481581e+00  4.136532459481581e+00  4.136532459481581e+00  4.136532459481581e+00  0
1.396236130904649e-08  4.108905231962261e+00  4.108905231962261e+00  4.108905231962261e+00  4.108905231962261e+00  0
1.530216473641217e-08  3.857066827780683e+00  3.857066827780683e+00  3.857066827780683e+00  3.857066827780683e+00  0
1.677053332437270e-08  3.499928790716487e+00  3.499928790716487e+00  3.499928790716487e+00  3.499928790716487e+00  0
1.837980395771368e-08  3.201377323836987e+00  3.201377323836987e+00  3.201377323836987e+00  3.201377323836987e+00  0
2.014349734680389e-08  3.063154241114500e+00  3.063154241114500e+00  3.063154241114500e+00  3.063154241114500e+00  0
2.207643162539852e-08  3.146862877693951e+00  3.146862877693951e+00  3.146862877693951e+00  3.146862877693951e+00  0
2.419484684908628e-08  3.424737859950854e+00  3.424737859950854e+00  3.424737859950854e+00  3.424737859950854e+00  0
2.651654144038656e-08  3.792950645720382e+00  3.792950645720382e+00  3.792950645720382e+00  3.792950645720382e+00  0
2.906102172687617e-08  3.877529741153759e+00  3.877529741153759e+00  3.877529741153759e+00  3.877529741153759e+00  0
3.184966582872947e-08  4.116849718555790e+00  4.116849718555790e+00  4.116849718555790e+00  4.116849718555790e+00  0
3.490590327261621e-08  4.085268832195073e+00  4.085268832195073e+00  4.085268832195073e+00  4.085268832195073e+00  0
3.825541184103042e-08  3.833196627685316e+00  3.833196627685316e+00  3.833196627685316e+00  3.833196627685316e+00  0
4.192633331093174e-08  3.479459918724472e+00  3.479459918724472e+00  3.479459918724472e+00  3.479459918724472e+00  0
4.594950989428420e-08  3.183486005172473e+00  3.183486005172473e+00  3.183486005172473e+00  3.183486005172473e+00  0
5.035874336700971e-08  3.051663154385112e+00  3.051663154385112e+00  3.051663154385112e+00  3.051663154385112e+00  0
5.519107906349629e-08  3.139467095238510e+00  3.139467095238510e+00  3.139467095238510e+00  3.139467095238510e+00  0
6.048711712271569e-08  3.417758749748309e+00  3.417758749748309e+00  3.417758749748309e+00  3.417758749748309e+00  0
6.629135360096640e-08  3.782686687986279e+00  3.782686687986279e+00  3.782686687986279e+00  3.782686687986279e+00  0
7.265255431719042e-08  3.860353499306100e+00  3.860353499306100e+00  3.860353499306100e+00  3.860353499306100e+00  0
7.962416457182368e-08  4.092503138104351e+00  4.092503138104351e+00  4.092503138104351e+00  4.092503138104351e+00  0
8.726475818154052e-08  4.056911592805041e+00  4.056911592805041e+00  4.056911592805041e+00  4.056911592805041e+00  0
9.563852960257603e-08  3.805079630177930e+00  3.805079630177930e+00  3.805079630177930e+00  3.805079630177930e+00  0
1.048158332773293e-07  3.455543259571862e+00  3.455543259571862e+00  3.455543259571862e+00  3.455543259571862e+00  0
1.148737747357105e-07  3.162162723254765e+00  3.162162723254765e+00  3.162162723254765e+00  3.162162723254765e+00  0
1.258968584175243e-07  3.037616109932177e+00  3.037616109932177e+00  3.037616109932177e+00  3.037616109932177e+00  0
1.379776976587407e-07  3.129783882564785e+00  3.129783882564785e+00  3.129783882564785e+00  3.129783882564785e+00  0
1.512177928067893e-07  3.408137096393779e+00  3.408137096393779e+00  3.408137096393779e+00  3.408137096393779e+00  0
1.657283840024160e-07  3.769013086033289e+00  3.769013086033289e+00  3.769013086033289e+00  3.769013086033289e+00  0
1.816313857929761e-07  3.837390665989921e+00  3.837390665989921e+00  3.837390665989921e+00  3.837390665989921e+00  0
1.990604114295592e-07  4.061607787402858e+00  4.061607787402858e+00  4.061607787402858e+00  4.061607787402858e+00  0
2.181618954538513e-07  4.022007569930615e+00  4.022007569930615e+00  4.022007569930615e+00  4.022007569930615e+00  0
2.390963240064401e-07  3.771142743019415e+00  3.771142743019415e+00  3.771142743019415e+00  3.771142743019415e+00  0
2.620395831933234e-07  3.426977859407752e+00  3.426977859407752e+00  3.426977859407752e+00  3.426977859407752e+00  0
2.871844368392763e-07  3.136569469943630e+00  3.136569469943630e+00  3.136569469943630e+00  3.136569469943630e+00  0
3.147421460438107e-07  3.020287557633425e+00  3.020287557633425e+00  3.020287557633425e+00  3.020287557633425e+00  0
3.449442441468518e-07  3.117003575053404e+00  3.117003575053404e+00  3.117003575053404e+00  3.117003575053404e+00  0
3.780444820169731e-07  3.394805897683330e+00  3.394805897683330e+00  3.394805897683330e+00  3.394805897683330e+00  0
4.143209600060400e-07  3.750518893884802e+00  3.750518893884802e+00  3.750518893884802e+00  3.750518893884802e+00  0
4.540784644824401e-07  3.806919812903343e+00  3.806919812903343e+00  3.806919812903343e+00  3.806919812903343e+00  0
4.976510285738981e-07  4.022418471124555e+00  4.022418471124555e+00  4.022418471124555e+00  4.022418471124555e+00  0
5.454047386346284e-07  3.978934241858665e+00  3.978934241858665e+00  3.978934241858665e+00  3.978934241858665e+00  0
5.977408100161003e-07  3.730014003069460e+00  3.730014003069460e+00  3.730014003069460e+00  3.730014003069460e+00  0
6.550989579833085e-07  3.392689478864860e+00  3.392689478864860e+00  3.392689478864860e+00  3.392689478864860e+00  0
7.179610920981906e-07  3.106220044119294e+00  3.106220044119294e+00  3.106220044119294e+00  3.106220044119294e+00  0
7.868553651095268e-07  2.999399186550948e+00  2.999399186550948e+00  2.999399186550948e+00  2.999399186550948e+00  0
8.623606103671294e-07  3.100773724208688e+00  3.100773724208688e+00  3.100773724208688e+00  3.100773724208688e+00  0
9.451112050424327e-07  3.377117918847638e+00  3.377117918847638e+00  3.377117918847638e+00  3.377117918847638e+00  0
1.035802400015100e-06  3.726166879361410e+00  3.726166879361410e+00  3.726166879361410e+00  3.726166879361410e+00  0
1.135196161206100e-06  3.834786442978924e+00  3.834786442978924e+00  3.834786442978924e+00  3.834786442978924e+00  0
1.244127571434745e-06  4.007298692855731e+00  4.007298692855731e+00  4.007298692855731e+00  4.007298692855731e+00  0
1.363511846586571e-06  3.941958571822320e+00  3.941958571822320e+00  3.941958571822320e+00  3.941958571822320e+00  0
1.494352025040251e-06  3.687240925729188e+00  3.687240925729188e+00  3.687240925729188e+00  3.687240925729188e+00  0
1.637747394958271e-06  3.354542941282250e+00  3.354542941282250e+00  3.354542941282250e+00  3.354542941282250e+00  0
1.794902730245474e-06  3.069941659963330e+00  3.069941659963330e+00  3.069941659963330e+00  3.069941659963330e+00  0
1.967138412773814e-06  2.973968513661313e+00  2.973968513661313e+00  2.973968513661313e+00  2.973968513661313e+00  0
2.155901525917820e-06  3.079919110489308e+00  3.079919110489308e+00  3.079919110489308e+00  3.079919110489308e+00  0
2.362778012606078e-06  3.353456085097541e+00  3.353456085097541e+00  3.353456085097541e+00  3.353456085097541e+00  0
2.589506000037746e-06  3.693861742987889e+00  3.693861742987889e+00  3.693861742987889e+00  3.693861742987889e+00  0
2.837990403015247e-06  3.783949260325295e+00  3.783949260325295e+00  3.783949260325295e+00  3.783949260325295e+00  0
3.110318928586858e-06  3.944839210252158e+00  3.944839210252158e+00  3.944839210252158e+00  3.944839210252158e+00  0
3.408779616466422e-06  3.876125778183416e+00  3.876125778183416e+00  3.876125778183416e+00  3.876125778183416e+00  0
3.735880062600621e-06  3.626626520095398e+00  3.626626520095398e+00  3.626626520095398e+00  3.626626520095398e+00  0
4.094368487395672e-06  3.305333470468674e+00  3.305333470468674e+00  3.305333470468674e+00  3.305333470468674e+00  0
4.487256825613684e-06  3.027105132483420e+00  3.027105132483420e+00  3.027105132483420e+00  3.027105132483420e+00  0
4.917846031934535e-06  2.943235285477212e+00  2.943235285477212e+00  2.943235285477212e+00  2.943235285477212e+00  0
5.389753814794551e-06  3.053052019591794e+00  3.053052019591794e+00  3.053052019591794e+00  3.053052019591794e+00  0
5.906945031515196e-06  3.321544190680811e+00  3.321544190680811e+00  3.321544190680811e+00  3.321544190680811e+00  0
6.473765000094365e-06  3.650496412429752e+00  3.650496412429752e+00  3.650496412429752e+00  3.650496412429752e+00  0
7.094976007538116e-06  3.715524910263393e+00  3.715524910263393e+00  3.715524910263393e+00  3.715524910263393e+00  0
7.775797321467145e-06  3.864411042479038e+00  3.864411042479038e+00  3.864411042479038e+00  3.864411042479038e+00  0
8.521949041166055e-06  3.794038940554845e+00  3.794038940554845e+00  3.794038940554845e+00  3.794038940554845e+00  0
9.339700156501553e-06  3.552963568285531e+00  3.552963568285531e+00  3.552963568285531e+00  3.552963568285531e+00  0
1.023592121848918e-05  3.246633365514743e+00  3.246633365514743e+00  3.246633365514743e+00  3.246633365514743e+00  0
1.121814206403421e-05  2.975794489802538e+00  2.975794489802538e+00  2.975794489802538e+00  2.975794489802538e+00  0
1.229461507983634e-05  2.905672630778534e+00  2.905672630778534e+00  2.905672630778534e+00  2.905672630778534e+00  0
1.347438453698638e-05  3.018279896553719e+00  3.018279896553719e+00  3.018279896553719e+00  3.018279896553719e+00  0
1.476736257878799e-05  3.278712008987799e+00  3.278712008987799e+00  3.278712008987799e+00  3.278712008987799e+00  0
1.618441250023591e-05  3.592658048202083e+00  3.592658048202083e+00  3.592658048202083e+00  3.592658048202083e+00  0
1.773744001884529e-05  3.661647417622372e+00  3.661647417622372e+00  3.661647417622372e+00  3.661647417622372e+00  0
1.943949330366786e-05  3.779341070446728e+00  3.779341070446728e+00  3.779341070446728e+00  3.779341070446728e+00  0
2.130487260291513e-05  3.699514712830341e+00  3.699514712830341e+00  3.699514712830341e+00  3.699514712830341e+00  0
2.334925039125388e-05  3.466241920071941e+00  3.466241920071941e+00  3.466241920071941e+00  3.466241920071941e+00  0
2.558980304622295e-05  3.177386791618567e+00  3.177386791618567e+00  3.177386791618567e+00  3.177386791618567e+00  0
2.804535516008553e-05  2.913925758183367e+00  2.913925758183367e+00  2.913925758183367e+00  2.913925758183367e+00  0
3.073653769959084e-05  2.858671626349173e+00  2.858671626349173e+00  2.858671626349173e+00  2.858671626349173e+00  0
3.368596134246595e-05  2.971542067056020e+00  2.971542067056020e+00  2.971542067056020e+00  2.971542067056020e+00  0
3.691840644696997e-05  3.219101015769622e+00  3.219101015769622e+00  3.219101015769622e+00  3.219101015769622e+00  0
4.046103125058979e-05  3.513032519929878e+00  3.513032519929878e+00  3.513032519929878e+00  3.513032519929878e+00  0
4.434360004711322e-05  3.535412767734468e+00  3.535412767734468e+00  3.535412767734468e+00  3.535412767734468e+00  0
4.859873325916965e-05  3.641916346591230e+00  3.641916346591230e+00  3.641916346591230e+00  3.641916346591230e+00  0
5.326218150728784e-05  3.567953676850843e+00  3.567953676850843e+00  3.567953676850843e+00  3.567953676850843e+00  0
5.837312597813469e-05  3.354624882209511e+00  3.354624882209511e+00  3.354624882209511e+00  3.354624882209511e+00  0
6.397450761555736e-05  3.092107603537399e+00  3.092107603537399e+00  3.092107603537399e+00  3.092107603537399e+00  0
7.011338790021382e-05  2.840486580178629e+00  2.840486580178629e+00  2.840486580178629e+00  2.840486580178629e+00  0
7.684134424897711e-05  2.799899013898932e+00  2.799899013898932e+00  2.799899013898932e+00  2.799899013898932e+00  0
8.421490335616486e-05  2.908542176166881e+00  2.908542176166881e+00  2.908542176166881e+00  2.908542176166881e+00  0
9.229601611742493e-05  3.136429894289973e+00  3.136429894289973e+00  3.136429894289973e+00  3.136429894289973e+00  0
1.011525781264745e-04  3.404006605815834e+00  3.404006605815834e+00  3.404006605815834e+00  3.404006605815834e+00  0
1.108590001177830e-04  3.365472061684659e+00  3.365472061684659e+00  3.365472061684659e+00  3.365472061684659e+00  0
1.214968331479241e-04  3.465140273259434e+00  3.465140273259434e+00  3.465140273259434e+00  3.465140273259434e+00  0
1.331554537682196e-04  3.404583886434279e+00  3.404583886434279e+00  3.404583886434279e+00  3.404583886434279e+00  0
1.459328149453367e-04  3.219969057607517e+00  3.219969057607517e+00  3.219969057607517e+00  3.219969057607517e+00  0
1.599362690388934e-04  2.991020061308876e+00  2.991020061308876e+00  2.991020061308876e+00  2.991020061308876e+00  0
1.752834697505346e-04  2.753232619296923e+00  2.753232619296923e+00  2.753232619296923e+00  2.753232619296923e+00  0
1.921033606224428e-04  2.725057329281818e+00  2.725057329281818e+00  2.725057329281818e+00  2.725057329281818e+00  0
2.105372583904122e-04  2.823176639453860e+00  2.823176639453860e+00  2.823176639453860e+00  2.823176639453860e+00  0
2.307400402935623e-04  3.023414039704366e+00  3.023414039704366e+00  3.023414039704366e+00  3.023414039704366e+00  0
2.528814453161862e-04  3.258011908576587e+00  3.258011908576587e+00  3.258011908576587e+00  3.258011908576587e+00  0
2.771475002944577e-04  3.151040410188048e+00  3.151040410188048e+00  3.151040410188048e+00  3.151040410188048e+00  0
3.037420828698103e-04  3.252101447337138e+00  3.252101447337138e+00  3.252101447337138e+00  3.252101447337138e+00  0
3.328886344205490e-04  3.214390199680317e+00  3.214390199680317e+00  3.214390199680317e+00  3.214390199680317e+00  0
3.648320373633419e-04  3.067142913103534e+00  3.067142913103534e+00  3.067142913103534e+00  3.067142913103534e+00  0
3.998406725972335e-04  2.877158021636723e+00  2.877158021636723e+00  2.877158021636723e+00  2.877158021636723e+00  0
4.382086743763364e-04  2.661471085678612e+00  2.661471085678612e+00  2.661471085678612e+00  2.661471085678612e+00  0
4.802584015561070e-04  2.637652421656931e+00  2.637652421656931e+00  2.637652421656931e+00  2.637652421656931e+00  0
5.263431459760304e-04  2.714964654353242e+00  2.714964654353242e+00  2.714964654353242e+00  2.714964654353242e+00  0
5.768501007339059e-04  2.878306162983892e+00  2.878306162983892e+00  2.878306162983892e+00  2.878306162983892e+00  0
6.322036132904654e-04  3.074349921773647e+00  3.074349921773647e+00  3.074349921773647e+00  3.074349921773647e+00  0
6.928687507361442e-04  2.860811556019478e+00  2.860811556019478e+00  2.860811556019478e+00  2.860811556019478e+00  0
7.593552071745259e-04  2.992348927675445e+00  2.992348927675445e+00  2.992348927675445e+00  2.992348927675445e+00  0
8.322215860513725e-04  3.003177195722465e+00  3.003177195722465e+00  3.003177195722465e+00  3.003177195722465e+00  0
9.120800934083548e-04  2.911183317854596e+00  2.911183317854596e+00  2.911183317854596e+00  2.911183317854596e+00  0
9.996016814930839e-04  2.767660819917665e+00  2.767660819917665e+00  2.767660819917665e+00  2.767660819917665e+00  0
1.095521685940841e-03  2.442771718619303e+00  2.442771718619303e+00  2.442771718619303e+00  2.442771718619303e+00  0
1.200646003890267e-03  2.454188728513635e+00  2.454188728513635e+00  2.454188728513635e+00  2.454188728513635e+00  0
1.315857864940076e-03  2.525651781198474e+00  2.525651781198474e+00  2.525651781198474e+00  2.525651781198474e+00  0
1.442125251834764e-03  2.660320765548819e+00  2.660320765548819e+00  2.660320765548819e+00  2.660320765548819e+00  0
1.580509033226163e-03  2.827073453266067e+00  2.827073453266067e+00  2.827073453266067e+00  2.827073453266067e+00  0
1.732171876840360e-03  2.150144200671450e+00  2.150144200671450e+00  2.150144200671450e+00  2.150144200671450e+00  0
1.898388017936315e-03  2.342594822442683e+00  2.342594822442683e+00  2.342594822442683e+00  2.342594822442683e+00  0
2.080553965128431e-03  2.466653316836406e+00  2.466653316836406e+00  2.466653316836406e+00  2.466653316836406e+00  0
2.280200233520887e-03  2.511261936908959e+00  2.511261936908959e+00  2.511261936908959e+00  2.511261936908959e+00  0
2.499004203732710e-03  2.492549309709497e+00  2.492549309709497e+00  2.492549309709497e+00  2.492549309709497e+00  0
2.738804214852102e-03  2.430886040718981e+00  2.430886040718981e+00  2.430886040718981e+00  2.430886040718981e+00  0
3.001615009725668e-03  2.261112920417267e+00  2.261112920417267e+00  2.261112920417267e+00  2.261112920417267e+00  0
3.289644662350189e-03  2.148492088578159e+00  2.148492088578159e+00  2.148492088578159e+00  2.148492088578159e+00  0
3.605313129586911e-03  2.124671635574781e+00  2.124671635574781e+00  2.124671635574781e+00  2.124671635574781e+00  0
3.951272583065408e-03  2.186613195151639e+00  2.186613195151639e+00  2.186613195151639e+00  2.186613195151639e+00  0
4.330429692100900e-03  2.693715015933297e+00  2.693715015933297e+00  2.693715015933297e+00  2.693715015933297e+00  0
4.745970044840786e-03  2.889236542051243e+00  2.889236542051243e+00  2.889236542051243e+00  2.889236542051243e+00  0
5.201384912821078e-03  2.964489716154480e+00  2.964489716154480e+00  2.964489716154480e+00  2.964489716154480e+00  0
5.700500583802216e-03  2.912415456286120e+00  2.912415456286120e+00  2.912415456286120e+00  2.912415456286120e+00  0
6.247510509331773e-03  2.754255521013528e+00  2.754255521013528e+00  2.754255521013528e+00  2.754255521013528e+00  0
6.847010537130255e-03  1.329477905745713e+00  1.329477905745713e+00  1.329477905745713e+00  1.329477905745713e+00  0
7.504037524314169e-03  1.587407974579414e+00  1.587407974579414e+00  1.587407974579414e+00  1.587407974579414e+00  0
8.224111655875473e-03  1.880046779419273e+00  1.880046779419273e+00  1.880046779419273e+00  1.880046779419273e+00  0
9.013282823967277e-03  2.192365757415045e+00  2.192365757415045e+00  2.192365757415045e+00  2.192365757415045e+00  0
9.878181457663520e-03  2.495097805608935e+00  2.495097805608935e+00  2.495097805608935e+00  2.495097805608935e+00  0
1.082607423025225e-02  7.201837840887144e-01  7.201837840887144e-01  7.201837840887144e-01  7.201837840887144e-01  0
1.186492511210197e-02  8.156439008571642e-01  8.156439008571642e-01  8.156439008571642e-01  8.156439008571642e-01  0
1.300346228205270e-02  9.258009791605388e-01  9.258009791605388e-01  9.258009791605388e-01  9.258009791605388e-01  0
1.425125145950554e-02  1.056506858833049e+00  1.056506858833049e+00  1.056506858833049e+00  1.056506858833049e+00  0
1.561877627332943e-02  1.211211475430293e+00  1.211211475430293e+00  1.211211475430293e+00  1.211211475430293e+00  0
1.711752634282564e-02  6.467224111803308e-01  6.467224111803308e-01  6.467224111803308e-01  6.467224111803308e-01  0
1.876009381078543e-02  6.909587053512667e-01  6.909587053512667e-01  6.909587053512667e-01  6.909587053512667e-01  0
2.056027913968868e-02  7.223978728970835e-01  7.223978728970835e-01  7.223978728970835e-01  7.223978728970835e-01  0
2.253320705991819e-02  7.466474872211218e-01  7.466474872211218e-01  7.466474872211218e-01  7.466474872211218e-01  0
2.469545364415880e-02  7.702705018686956e-01  7.702705018686956e-01  7.702705018686956e-01  7.702705018686956e-01  0
2.706518557563063e-02  5.305377700639915e-01  5.305377700639915e-01  5.305377700639915e-01  5.305377700639915e-01  0
2.966231278025492e-02  5.535379305774750e-01  5.535379305774750e-01  5.535379305774750e-01  5.535379305774750e-01  0
3.250865570513174e-02  5.828824239202491e-01  5.828824239202491e-01  5.828824239202491e-01  5.828824239202491e-01  0
3.562812864876386e-02  6.176038994457517e-01  6.176038994457517e-01  6.176038994457517e-01  6.176038994457517e-01  0
3.904694068332359e-02  6.538414209510242e-01  6.538414209510242e-01  6.538414209510242e-01  6.538414209510242e-01  0
4.279381585706410e-02  5.832060158467394e-01  5.832060158467394e-01  5.832060158467394e-01  5.832060158467394e-01  0
4.690023452696356e-02  6.374162693855173e-01  6.374162693855173e-01  6.374162693855173e-01  6.374162693855173e-01  0
5.140069784922172e-02  6.637991447320275e-01  6.637991447320275e-01  6.637991447320275e-01  6.637991447320275e-01  0
5.633301764979549e-02  6.665475648696081e-01  6.665475648696081e-01  6.665475648696081e-01  6.665475648696081e-01  0
6.173863411039700e-02  6.559834165826587e-01  6.559834165826587e-01  6.559834165826587e-01  6.559834165826587e-01  0
6.766296393907657e-02  8.486140833651865e-01  8.486140833651865e-01  8.486140833651865e-01  8.486140833651865e-01  0
7.415578195063728e-02  7.954882768018414e-01  7.954882768018414e-01  7.954882768018414e-01  7.954882768018414e-01  0
8.127163926282933e-02  7.464588266084412e-01  7.464588266084412e-01  7.464588266084412e-01  7.464588266084412e-01  0
8.907032162190963e-02  7.154564138198860e-01  7.154564138198860e-01  7.154564138198860e-01  7.154564138198860e-01  0
9.761735170830896e-02  7.050046129405330e-01  7.050046129405330e-01  7.050046129405330e-01  7.050046129405330e-01  0
1.069845396426603e-01  1.398482323000472e+00  1.398482323000472e+00  1.398482323000472e+00  1.398482323000472e+00  0
1.172505863174090e-01  1.446876411049431e+00  1.446876411049431e+00  1.446876411049431e+00  1.446876411049431e+00  0
1.285017446230543e-01  1.437458055541834e+00  1.437458055541834e+00  1.437458055541834e+00  1.437458055541834e+00  0
1.408325441244888e-01  1.371466261217858e+00  1.371466261217858e+00  1.371466261217858e+00  1.371466261217858e+00  0
1.543465852759926e-01  1.260409324139244e+00  1.260409324139244e+00  1.260409324139244e+00  1.260409324139244e+00  0
1.691574098476915e-01  1.511478462558127e+00  1.511478462558127e+00  1.511478462558127e+00  1.511478462558127e+00  0
1.853894548765933e-01  1.803435534088834e+00  1.803435534088834e+00  1.803435534088834e+00  1.803435534088834e+00  0
2.031790981570734e-01  2.024517490051025e+00  2.024517490051025e+00  2.024517490051025e+00  2.024517490051025e+00  0
2.226758040547742e-01  2.151505951469069e+00  2.151505951469069e+00  2.151505951469069e+00  2.151505951469069e+00  0
2.440433792707725e-01  2.180243241196473e+00  2.180243241196473e+00  2.180243241196473e+00  2.180243241196473e+00  0
2.674613491066507e-01  2.291408970707628e-01  2.291408970707628e-01  2.291408970707628e-01  2.291408970707628e-01  0
2.931264657935224e-01  3.832742375040137e-01  3.832742375040137e-01  3.832742375040137e-01  3.832742375040137e-01  0
3.212543615576358e-01  5.991105671134604e-01  5.991105671134604e-01  5.991105671134604e-01  5.991105671134604e-01  0
3.520813603112219e-01  8.734749960400335e-01  8.734749960400335e-01  8.734749960400335e-01  8.734749960400335e-01  0
3.858664631899814e-01  1.187959704099868e+00  1.187959704099868e+00  1.187959704099868e+00  1.187959704099868e+00  0
4.228935246192288e-01  5.523804642149246e-02  5.523804642149246e-02  5.523804642149246e-02  5.523804642149246e-02  0
4.634736371914833e-01  7.289278002927989e-02  7.289278002927989e-02  7.289278002927989e-02  7.289278002927989e-02  0
5.079477453926836e-01  9.559502666653098e-02  9.559502666653098e-02  9.559502666653098e-02  9.559502666653098e-02  0
5.566895101369356e-01  1.291347400794655e-01  1.291347400794655e-01  1.291347400794655e-01  1.291347400794655e-01  0
6.101084481769313e-01  1.839915717413094e-01  1.839915717413094e-01  1.839915717413094e-01  1.839915717413094e-01  0
6.686533727666268e-01  6.165701330837322e-03  6.165701330837322e-03  6.165701330837322e-03  6.165701330837322e-03  0
7.328161644838059e-01  1.097732263452831e-02  1.097732263452831e-02  1.097732263452831e-02  1.097732263452831e-02  0
8.031359038940896e-01  1.815848610225392e-02  1.815848610225392e-02  1.815848610225392e-02  1.815848610225392e-02  0
8.802034007780548e-01  2.795652410075204e-02  2.795652410075204e-02  2.795652410075204e-02  2.795652410075204e-02  0
9.646661579749536e-01  4.024246490536029e-02  4.024246490536029e-02  4.024246490536029e-02  4.024246490536029e-02  0
1.057233811548072e+00  1.216421847138941e-04  1.216421847138941e-04  1.216421847138941e-04  1.216421847138941e-04  0
1.158684092978708e+00  2.683264948300340e-04  2.683264948300340e-04  2.683264948300340e-04  2.683264948300340e-04  0
1.269869363481709e+00  5.978362182534632e-04  5.978362182534632e-04  5.978362182534632e-04  5.978362182534632e-04  0
1.391723775342339e+00  1.316519303404119e-03  1.316519303404119e-03  1.316519303404119e-03  1.316519303404119e-03  0
1.525271120442328e+00  2.804570881109782e-03  2.804570881109782e-03  2.804570881109782e-03  2.804570881109782e-03  0
