-2.643084528870179e+00  2.083208259691445e-05  2.083208259691445e-05  2.083208259691445e-05  2.083208259691445e-05  0
-2.411665394937383e+00  1.056295922102649e-05  1.056295922102649e-05  1.056295922102649e-05  1.056295922102649e-05  0
-2.200508501945136e+00  5.191384975952047e-06  5.191384975952047e-06  5.191384975952047e-06  5.191384975952047e-06  0
-2.007839759735224e+00  2.430042063883757e-06  2.430042063883757e-06  2.430042063883757e-06  2.430042063883757e-06  0
-1.832040411209514e+00  1.072587810104309e-06  1.072587810104309e-06  1.072587810104309e-06  1.072587810104309e-06  0
-1.671633431916567e+00  1.316888372836178e-03  1.316888372836178e-03  1.316888372836178e-03  1.316888372836178e-03  0
-1.525271120442328e+00  6.324729076509753e-04  6.324729076509753e-04  6.324729076509753e-04  6.324729076509753e-04  0
-1.391723775342339e+00  2.834230007346908e-04  2.834230007346908e-04  2.834230007346908e-04  2.834230007346908e-04  0
-1.269869363481709e+00  1.189074927647198e-04  1.189074927647198e-04  1.189074927647198e-04  1.189074927647198e-04  0
-1.158684092978708e+00  4.695502679909822e-05  4.695502679909822e-05  4.695502679909822e-05  4.695502679909822e-05  0
-1.057233811548072e+00  1.677550432751665e-02  1.677550432751665e-02  1.677550432751665e-02  1.677550432751665e-02  0
-9.646661579749534e-01  1.136758745085974e-02  1.136758745085974e-02  1.136758745085974e-02  1.136758745085974e-02  0
-8.802034007780546e-01  7.293846548954457e-03  7.293846548954457e-03  7.293846548954457e-03  7.293846548954457e-03  0
-8.031359038940895e-01  4.385485467384967e-03  4.385485467384967e-03  4.385485467384967e-03  4.385485467384967e-03  0
-7.328161644838057e-01  2.456712970780112e-03  2.456712970780112e-03  2.456712970780112e-03  2.456712970780112e-03  0
-6.686533727666270e-01  1.079958365627426e-01  1.079958365627426e-01  1.079958365627426e-01  1.079958365627426e-01  0
-6.101084481769313e-01  7.286460839240345e-02  7.286460839240345e-02  7.286460839240345e-02  7.286460839240345e-02  0
-5.566895101369356e-01  4.967247670983683e-02  4.967247670983683e-02  4.967247670983683e-02  4.967247670983683e-02  0
-5.079477453926837e-01  3.443675012173540e-02  3.443675012173540e-02  3.443675012173540e-02  3.443675012173540e-02  0
-4.634736371914833e-01  2.409204155804487e-02  2.409204155804487e-02  2.409204155804487e-02  2.409204155804487e-02  0
-4.228935246192289e-01  5.851746133508892e-01  5.851746133508892e-01  5.851746133508892e-01  5.851746133508892e-01  0
-3.858664631899815e-01  4.379354553551554e-01  4.379354553551554e-01  4.379354553551554e-01  4.379354553551554e-01  0
-3.520813603112219e-01  3.146443944702179e-01  3.146443944702179e-01  3.146443944702179e-01  3.146443944702179e-01  0
-3.212543615576359e-01  2.158121014712146e-01  2.158121014712146e-01  2.158121014712146e-01  2.158121014712146e-01  0
-2.931264657935224e-01  1.404508452242013e-01  1.404508452242013e-01  1.404508452242013e-01  1.404508452242013e-01  0
-2.674613491066508e-01  1.371772163468584e+00  1.371772163468584e+00  1.371772163468584e+00  1.371772163468584e+00  0
-2.440433792707725e-01  1.259800273091426e+00  1.259800273091426e+00  1.259800273091426e+00  1.259800273091426e+00  0
-2.226758040547742e-01  1.103021394945868e+00  1.103021394945868e+00  1.103021394945868e+00  1.103021394945868e+00  0
-2.031790981570735e-01  9.242390709950730e-01  9.242390709950730e-01  9.242390709950730e-01  9.242390709950730e-01  0
-1.853894548765933e-01  7.439066582279351e-01  7.439066582279351e-01  7.439066582279351e-01  7.439066582279351e-01  0
-1.691574098476915e-01  1.071076392861944e+00  1.071076392861944e+00  1.071076392861944e+00  1.071076392861944e+00  0
-1.543465852759926e-01  1.177141148829987e+00  1.177141148829987e+00  1.177141148829987e+00  1.177141148829987e+00  0
-1.408325441244888e-01  1.265752235300084e+00  1.265752235300084e+00  1.265752235300084e+00  1.265752235300084e+00  0
-1.285017446230543e-01  1.307927843106915e+00  1.307927843106915e+00  1.307927843106915e+00  1.307927843106915e+00  0
-1.172505863174089e-01  1.280442586067470e+00  1.280442586067470e+00  1.280442586067470e+00  1.280442586067470e+00  0
-1.069845396426603e-01  6.039349925300506e-01  6.039349925300506e-01  6.039349925300506e-01  6.039349925300506e-01  0
-9.761735170830900e-02  6.213698212818585e-01  6.213698212818585e-01  6.213698212818585e-01  6.213698212818585e-01  0
-8.907032162190968e-02  6.049293262381777e-01  6.049293262381777e-01  6.049293262381777e-01  6.049293262381777e-01  0
-8.127163926282939e-02  5.525042971077994e-01  5.525042971077994e-01  5.525042971077994e-01  5.525042971077994e-01  0
-7.415578195063731e-02  4.716219643450298e-01  4.716219643450298e-01  4.716219643450298e-01  4.716219643450298e-01  0
-6.766296393907660e-02  4.898891963699487e-01  4.898891963699487e-01  4.898891963699487e-01  4.898891963699487e-01  0
-6.173863411039702e-02  4.696193920807812e-01  4.696193920807812e-01  4.696193920807812e-01  4.696193920807812e-01  0
-5.633301764979550e-02  4.709094339639116e-01  4.709094339639116e-01  4.709094339639116e-01  4.709094339639116e-01  0
-5.140069784922174e-02  4.935225460224173e-01  4.935225460224173e-01  4.935225460224173e-01  4.935225460224173e-01  0
-4.690023452696358e-02  5.272717834818301e-01  5.272717834818301e-01  5.272717834818301e-01  5.272717834818301e-01  0
-4.279381585706412e-02  5.274921779635600e-01  5.274921779635600e-01  5.274921779635600e-01  5.274921779635600e-01  0
-3.904694068332360e-02  5.441175985832208e-01  5.441175985832208e-01  5.441175985832208e-01  5.441175985832208e-01  0
-3.562812864876387e-02  5.404561859632581e-01  5.404561859632581e-01  5.404561859632581e-01  5.404561859632581e-01  0
-3.250865570513176e-02  5.087008444830141e-01  5.087008444830141e-01  5.087008444830141e-01  5.087008444830141e-01  0
-2.966231278025492e-02  4.498138388712933e-01  4.498138388712933e-01  4.498138388712933e-01  4.498138388712933e-01  0
-2.706518557563065e-02  5.624810367389508e-01  5.624810367389508e-01  5.624810367389508e-01  5.624810367389508e-01  0
-2.469545364415881e-02  5.098352149272037e-01  5.098352149272037e-01  5.098352149272037e-01  5.098352149272037e-01  0
-2.253320705991821e-02  4.716176151818788e-01  4.716176151818788e-01  4.716176151818788e-01  4.716176151818788e-01  0
-2.056027913968870e-02  4.545216897677133e-01  4.545216897677133e-01  4.545216897677133e-01  4.545216897677133e-01  0
-1.876009381078543e-02  4.557422189948866e-01  4.557422189948866e-01  4.557422189948866e-01  4.557422189948866e-01  0
-1.711752634282565e-02  6.434394046458429e-01  6.434394046458429e-01  6.434394046458429e-01  6.434394046458429e-01  0
-1.561877627332944e-02  6.548453820318150e-01  6.548453820318150e-01  6.548453820318150e-01  6.548453820318150e-01  0
-1.425125145950555e-02  6.532995949816190e-01  6.532995949816190e-01  6.532995949816190e-01  6.532995949816190e-01  0
-1.300346228205270e-02  6.255879397031553e-01  6.255879397031553e-01  6.255879397031553e-01  6.255879397031553e-01  0
-1.186492511210197e-02  5.674472453866253e-01  5.674472453866253e-01  5.674472453866253e-01  5.674472453866253e-01  0
-1.082607423025226e-02  7.456270648270247e-01  7.456270648270247e-01  7.456270648270247e-01  7.456270648270247e-01  0
-9.878181457663525e-03  6.691096404903202e-01  6.691096404903202e-01  6.691096404903202e-01  6.691096404903202e-01  0
-9.013282823967282e-03  5.910849729598273e-01  5.910849729598273e-01  5.910849729598273e-01  5.910849729598273e-01  0
-8.224111655875478e-03  5.241021396447938e-01  5.241021396447938e-01  5.241021396447938e-01  5.241021396447938e-01  0
-7.504037524314174e-03  4.729927308283185e-01  4.729927308283185e-01  4.729927308283185e-01  4.729927308283185e-01  0
-6.847010537130258e-03  8.721248900382527e-01  8.721248900382527e-01  8.721248900382527e-01  8.721248900382527e-01  0
-6.247510509331775e-03  8.569898267374672e-01  8.569898267374672e-01  8.569898267374672e-01  8.569898267374672e-01  0
-5.700500583802218e-03  8.465696239858418e-01  8.465696239858418e-01  8.465696239858418e-01  8.465696239858418e-01  0
-5.201384912821080e-03  8.215733179227566e-01  8.215733179227566e-01  8.215733179227566e-01  8.215733179227566e-01  0
-4.745970044840788e-03  7.680010657506275e-01  7.680010657506275e-01  7.680010657506275e-01  7.680010657506275e-01  0
-4.330429692100904e-03  1.057579193801077e+00  1.057579193801077e+00  1.057579193801077e+00  1.057579193801077e+00  0
-3.951272583065411e-03  9.867392461752318e-01  9.867392461752318e-01  9.867392461752318e-01  9.867392461752318e-01  0
-3.605313129586913e-03  8.891205738426305e-01  8.891205738426305e-01  8.891205738426305e-01  8.891205738426305e-01  0
-3.289644662350192e-03  7.797366999448962e-01  7.797366999448962e-01  7.797366999448962e-01  7.797366999448962e-01  0
-3.001615009725670e-03  6.737382932058826e-01  6.737382932058826e-01  6.737382932058826e-01  6.737382932058826e-01  0
-2.738804214852102e-03  1.309695572707030e+00  1.309695572707030e+00  1.309695572707030e+00  1.309695572707030e+00  0
-2.499004203732709e-03  1.239561271776523e+00  1.239561271776523e+00  1.239561271776523e+00  1.239561271776523e+00  0
-2.280200233520886e-03  1.187691056044382e+00  1.187691056044382e+00  1.187691056044382e+00  1.187691056044382e+00  0
-2.080553965128431e-03  1.145407472377254e+00  1.145407472377254e+00  1.145407472377254e+00  1.145407472377254e+00  0
-1.898388017936314e-03  1.095101564654276e+00  1.095101564654276e+00  1.095101564654276e+00  1.095101564654276e+00  0
-1.732171876840360e-03  1.761648356111563e+00  1.761648356111563e+00  1.761648356111563e+00  1.761648356111563e+00  0
-1.580509033226163e-03  1.647212815414131e+00  1.647212815414131e+00  1.647212815414131e+00  1.647212815414131e+00  0
-1.442125251834764e-03  1.523816211642614e+00  1.523816211642614e+00  1.523816211642614e+00  1.523816211642614e+00  0
-1.315857864940076e-03  1.388188587688940e+00  1.388188587688940e+00  1.388188587688940e+00  1.388188587688940e+00  0
-1.200646003890267e-03  1.246659579973393e+00  1.246659579973393e+00  1.246659579973393e+00  1.246659579973393e+00  0
-1.095521685940841e-03  2.398600055742082e+00  2.398600055742082e+00  2.398600055742082e+00  2.398600055742082e+00  0
-9.996016814930835e-04  2.222921317635720e+00  2.222921317635720e+00  2.222921317635720e+00  2.222921317635720e+00  0
-9.120800934083544e-04  2.059641101639174e+00  2.059641101639174e+00  2.059641101639174e+00  2.059641101639174e+00  0
-8.322215860513723e-04  1.922273239092403e+00  1.922273239092403e+00  1.922273239092403e+00  1.922273239092403e+00  0
-7.593552071745256e-04  1.806006048089126e+00  1.806006048089126e+00  1.806006048089126e+00  1.806006048089126e+00  0
-6.928687507361440e-04  2.244011369411237e+00  2.244011369411237e+00  2.244011369411237e+00  2.244011369411237e+00  0
-6.322036132904651e-04  2.465673870809744e+00  2.465673870809744e+00  2.465673870809744e+00  2.465673870809744e+00  0
-5.768501007339055e-04  2.593530570262765e+00  2.593530570262765e+00  2.593530570262765e+00  2.593530570262765e+00  0
-5.263431459760303e-04  2.607690208765394e+00  2.607690208765394e+00  2.607690208765394e+00  2.607690208765394e+00  0
-4.802584015561067e-04  2.509398531926812e+00  2.509398531926812e+00  2.509398531926812e+00  2.509398531926812e+00  0
-4.382086743763362e-04  1.067809773122885e+00  1.067809773122885e+00  1.067809773122885e+00  1.067809773122885e+00  0
-3.998406725972333e-04  1.190316532297066e+00  1.190316532297066e+00  1.190316532297066e+00  1.190316532297066e+00  0
-3.648320373633417e-04  1.395237230394303e+00  1.395237230394303e+00  1.395237230394303e+00  1.395237230394303e+00  0
-3.328886344205489e-04  1.659908601654250e+00  1.659908601654250e+00  1.659908601654250e+00  1.659908601654250e+00  0
-3.037420828698102e-04  1.948891801111643e+00  1.948891801111643e+00  1.948891801111643e+00  1.948891801111643e+00  0
-2.771475002944575e-04  1.369585061615002e+00  1.369585061615002e+00  1.369585061615002e+00  1.369585061615002e+00  0
-2.528814453161860e-04  1.266642959258778e+00  1.266642959258778e+00  1.266642959258778e+00  1.266642959258778e+00  0
-2.307400402935622e-04  1.152323242187391e+00  1.152323242187391e+00  1.152323242187391e+00  1.152323242187391e+00  0
-2.105372583904121e-04  1.058139466336270e+00  1.058139466336270e+00  1.058139466336270e+00  1.058139466336270e+00  0
-1.921033606224427e-04  1.015450788811529e+00  1.015450788811529e+00  1.015450788811529e+00  1.015450788811529e+00  0
-1.752834697505345e-04  2.097863680927009e+00  2.097863680927009e+00  2.097863680927009e+00  2.097863680927009e+00  0
-1.599362690388933e-04  1.824446784811601e+00  1.824446784811601e+00  1.824446784811601e+00  1.824446784811601e+00  0
-1.459328149453367e-04  1.654075480750809e+00  1.654075480750809e+00  1.654075480750809e+00  1.654075480750809e+00  0
-1.331554537682195e-04  1.552259487352607e+00  1.552259487352607e+00  1.552259487352607e+00  1.552259487352607e+00  0
-1.214968331479241e-04  1.471685358372166e+00  1.471685358372166e+00  1.471685358372166e+00  1.471685358372166e+00  0
-1.108590001177830e-04  3.553475481103260e+00  3.553475481103260e+00  3.553475481103260e+00  3.553475481103260e+00  0
-1.011525781264744e-04  3.453028293355347e+00  3.453028293355347e+00  3.453028293355347e+00  3.453028293355347e+00  0
-9.229601611742488e-05  3.197398728452127e+00  3.197398728452127e+00  3.197398728452127e+00  3.197398728452127e+00  0
-8.421490335616483e-05  2.828425618211396e+00  2.828425618211396e+00  2.828425618211396e+00  2.828425618211396e+00  0
-7.684134424897707e-05  2.426582675978084e+00  2.426582675978084e+00  2.426582675978084e+00  2.426582675978084e+00  0
-7.011338790021381e-05  4.090724223148803e+00  4.090724223148803e+00  4.090724223148803e+00  4.090724223148803e+00  0
-6.397450761555734e-05  3.729645420174638e+00  3.729645420174638e+00  3.729645420174638e+00  3.729645420174638e+00  0
-5.837312597813469e-05  3.549091849890959e+00  3.549091849890959e+00  3.549091849890959e+00  3.549091849890959e+00  0
-5.326218150728783e-05  3.528646494741922e+00  3.528646494741922e+00  3.528646494741922e+00  3.528646494741922e+00  0
-4.859873325916964e-05  3.577958111239914e+00  3.577958111239914e+00  3.577958111239914e+00  3.577958111239914e+00  0
-4.434360004711321e-05  5.014848702632311e+00  5.014848702632311e+00  5.014848702632311e+00  5.014848702632311e+00  0
-4.046103125058977e-05  5.228225807571767e+00  5.228225807571767e+00  5.228225807571767e+00  5.228225807571767e+00  0
-3.691840644696995e-05  5.205468494454391e+00  5.205468494454391e+00  5.205468494454391e+00  5.205468494454391e+00  0
-3.368596134246593e-05  4.934476404993109e+00  4.934476404993109e+00  4.934476404993109e+00  4.934476404993109e+00  0
-3.073653769959083e-05  4.502196319746115e+00  4.502196319746115e+00  4.502196319746115e+00  4.502196319746115e+00  0
-2.804535516008552e-05  5.002452958499583e+00  5.002452958499583e+00  5.002452958499583e+00  5.002452958499583e+00  0
-2.558980304622294e-05  4.583983027892661e+00  4.583983027892661e+00  4.583983027892661e+00  4.583983027892661e+00  0
-2.334925039125387e-05  4.390577957777587e+00  4.390577957777587e+00  4.390577957777587e+00  4.390577957777587e+00  0
-2.130487260291513e-05  4.463314991495079e+00  4.463314991495079e+00  4.463314991495079e+00  4.463314991495079e+00  0
-1.943949330366785e-05  4.725588167271459e+00  4.725588167271459e+00  4.725588167271459e+00  4.725588167271459e+00  0
-1.773744001884528e-05  5.335763153542136e+00  5.335763153542136e+00  5.335763153542136e+00  5.335763153542136e+00  0
-1.618441250023591e-05  5.755270092298214e+00  5.755270092298214e+00  5.755270092298214e+00  5.755270092298214e+00  0
-1.476736257878798e-05  5.940024117818803e+00  5.940024117818803e+00  5.940024117818803e+00  5.940024117818803e+00  0
-1.347438453698637e-05  5.816732351605437e+00  5.816732351605437e+00  5.816732351605437e+00  5.816732351605437e+00  0
-1.229461507983633e-05  5.437998520122911e+00  5.437998520122911e+00  5.437998520122911e+00  5.437998520122911e+00  0
-1.121814206403421e-05  5.265902735780977e+00  5.265902735780977e+00  5.265902735780977e+00  5.265902735780977e+00  0
-1.023592121848917e-05  4.782878559934003e+00  4.782878559934003e+00  4.782878559934003e+00  4.782878559934003e+00  0
-9.339700156501548e-06  4.523690703471219e+00  4.523690703471219e+00  4.523690703471219e+00  4.523690703471219e+00  0
-8.521949041166052e-06  4.578274771584447e+00  4.578274771584447e+00  4.578274771584447e+00  4.578274771584447e+00  0
-7.775797321467140e-06  4.907294112663929e+00  4.907294112663929e+00  4.907294112663929e+00  4.907294112663929e+00  0
-7.094976007538114e-06  5.342109030108719e+00  5.342109030108719e+00  5.342109030108719e+00  5.342109030108719e+00  0
-6.473765000094363e-06  5.842026051698288e+00  5.842026051698288e+00  5.842026051698288e+00  5.842026051698288e+00  0
-5.906945031515193e-06  6.121989922071879e+00  6.121989922071879e+00  6.121989922071879e+00  6.121989922071879e+00  0
-5.389753814794549e-06  6.075437222278715e+00  6.075437222278715e+00  6.075437222278715e+00  6.075437222278715e+00  0
-4.917846031934533e-06  5.726704315308660e+00  5.726704315308660e+00  5.726704315308660e+00  5.726704315308660e+00  0
-4.487256825613684e-06  5.346580748088527e+00  5.346580748088527e+00  5.346580748088527e+00  5.346580748088527e+00  0
-4.094368487395670e-06  4.827024705469419e+00  4.827024705469419e+00  4.827024705469419e+00  4.827024705469419e+00  0
-3.735880062600620e-06  4.521717061628545e+00  4.521717061628545e+00  4.521717061628545e+00  4.521717061628545e+00  0
-3.408779616466421e-06  4.543208407374590e+00  4.543208407374590e+00  4.543208407374590e+00  4.543208407374590e+00  0
-3.110318928586857e-06  4.874088979638564e+00  4.874088979638564e+00  4.874088979638564e+00  4.874088979638564e+00  0
-2.837990403015245e-06  5.319902283738587e+00  5.319902283738587e+00  5.319902283738587e+00  5.319902283738587e+00  0
-2.589506000037745e-06  5.849492712044848e+00  5.849492712044848e+00  5.849492712044848e+00  5.849492712044848e+00  0
-2.362778012606077e-06  6.168238799667675e+00  6.168238799667675e+00  6.168238799667675e+00  6.168238799667675e+00  0
-2.155901525917819e-06  6.155194007059621e+00  6.155194007059621e+00  6.155194007059621e+00  6.155194007059621e+00  0
-1.967138412773813e-06  5.820473249981059e+00  5.820473249981059e+00  5.820473249981059e+00  5.820473249981059e+00  0
-1.794902730245473e-06  5.375052656527824e+00  5.375052656527824e+00  5.375052656527824e+00  5.375052656527824e+00  0
-1.637747394958268e-06  4.839304634250986e+00  4.839304634250986e+00  4.839304634250986e+00  4.839304634250986e+00  0
-1.494352025040248e-06  4.512039501616018e+00  4.512039501616018e+00  4.512039501616018e+00  4.512039501616018e+00  0
-1.363511846586568e-06  4.515049336552832e+00  4.515049336552832e+00  4.515049336552832e+00  4.515049336552832e+00  0
-1.244127571434742e-06  4.840718422145830e+00  4.840718422145830e+00  4.840718422145830e+00  4.840718422145830e+00  0
-1.135196161206098e-06  5.306889165335330e+00  5.306889165335330e+00  5.306889165335330e+00  5.306889165335330e+00  0
-1.035802400015098e-06  5.847795213788364e+00  5.847795213788364e+00  5.847795213788364e+00  5.847795213788364e+00  0
-9.451112050424309e-07  6.182085522898282e+00  6.182085522898282e+00  6.182085522898282e+00  6.182085522898282e+00  0
-8.623606103671279e-07  6.182961568481251e+00  6.182961568481251e+00  6.182961568481251e+00  6.182961568481251e+00  0
-7.868553651095252e-07  5.854401723068741e+00  5.854401723068741e+00  5.854401723068741e+00  5.854401723068741e+00  0
-7.179610920981894e-07  5.385935240179100e+00  5.385935240179100e+00  5.385935240179100e+00  5.385935240179100e+00  0
-6.550989579833072e-07  4.843481852023772e+00  4.843481852023772e+00  4.843481852023772e+00  4.843481852023772e+00  0
-5.977408100160992e-07  4.506873734262395e+00  4.506873734262395e+00  4.506873734262395e+00  4.506873734262395e+00  0
-5.454047386346274e-07  4.501604556081911e+00  4.501604556081911e+00  4.501604556081911e+00  4.501604556081911e+00  0
-4.976510285738970e-07  4.824120517798882e+00  4.824120517798882e+00  4.824120517798882e+00  4.824120517798882e+00  0
-4.540784644824392e-07  5.301083384559816e+00  5.301083384559816e+00  5.301083384559816e+00  5.301083384559816e+00  0
-4.143209600060391e-07  5.846423001626830e+00  5.846423001626830e+00  5.846423001626830e+00  5.846423001626830e+00  0
-3.780444820169723e-07  6.186933910006672e+00  6.186933910006672e+00  6.186933910006672e+00  6.186933910006672e+00  0
-3.449442441468511e-07  6.193465604440327e+00  6.193465604440327e+00  6.193465604440327e+00  6.193465604440327e+00  0
-3.147421460438101e-07  5.867473770317195e+00  5.867473770317195e+00  5.867473770317195e+00  5.867473770317195e+00  0
-2.871844368392758e-07  5.390284940311358e+00  5.390284940311358e+00  5.390284940311358e+00  5.390284940311358e+00  0
-2.620395831933229e-07  4.845107668881335e+00  4.845107668881335e+00  4.845107668881335e+00  4.845107668881335e+00  0
-2.390963240064397e-07  4.504669024307349e+00  4.504669024307349e+00  4.504669024307349e+00  4.504669024307349e+00  0
-2.181618954538510e-07  4.495943924485089e+00  4.495943924485089e+00  4.495943924485089e+00  4.495943924485089e+00  0
-1.990604114295588e-07  4.817024829517612e+00  4.817024829517612e+00  4.817024829517612e+00  4.817024829517612e+00  0
-1.816313857929757e-07  5.298738418320350e+00  5.298738418320350e+00  5.298738418320350e+00  5.298738418320350e+00  0
-1.657283840024157e-07  5.845843546640728e+00  5.845843546640728e+00  5.845843546640728e+00  5.845843546640728e+00  0
-1.512177928067889e-07  6.188847541980208e+00  6.188847541980208e+00  6.188847541980208e+00  6.188847541980208e+00  0
-1.379776976587405e-07  6.197655935588237e+00  6.197655935588237e+00  6.197655935588237e+00  6.197655935588237e+00  0
-1.258968584175240e-07  5.872704751708812e+00  5.872704751708812e+00  5.872704751708812e+00  5.872704751708812e+00  0
-1.148737747357103e-07  5.392100317343631e+00  5.392100317343631e+00  5.392100317343631e+00  5.392100317343631e+00  0
-1.048158332773291e-07  4.845819247680154e+00  4.845819247680154e+00  4.845819247680154e+00  4.845819247680154e+00  0
-9.563852960257586e-08  4.503828661041037e+00  4.503828661041037e+00  4.503828661041037e+00  4.503828661041037e+00  0
-8.726475818154038e-08  4.493697751131616e+00  4.493697751131616e+00  4.493697751131616e+00  4.493697751131616e+00  0
-7.962416457182352e-08  4.814180811841023e+00  4.814180811841023e+00  4.814180811841023e+00  4.814180811841023e+00  0
-7.265255431719029e-08  5.297871302895976e+00  5.297871302895976e+00  5.297871302895976e+00  5.297871302895976e+00  0
-6.629135360096627e-08  5.845689040124495e+00  5.845689040124495e+00  5.845689040124495e+00  5.845689040124495e+00  0
-6.048711712271557e-08  6.189695874733304e+00  6.189695874733304e+00  6.189695874733304e+00  6.189695874733304e+00  0
-5.519107906349619e-08  6.199417427401476e+00  6.199417427401476e+00  6.199417427401476e+00  6.199417427401476e+00  0
-5.035874336700961e-08  5.874880173116682e+00  5.874880173116682e+00  5.874880173116682e+00  5.874880173116682e+00  0
-4.594950989428412e-08  5.392914547696193e+00  5.392914547696193e+00  5.392914547696193e+00  5.392914547696193e+00  0
-4.192633331093166e-08  4.846181969533725e+00  4.846181969533725e+00  4.846181969533725e+00  4.846181969533725e+00  0
-3.825541184103035e-08  4.503562601860377e+00  4.503562601860377e+00  4.503562601860377e+00  4.503562601860377e+00  0
-3.490590327261615e-08  4.492865431350088e+00  4.492865431350088e+00  4.492865431350088e+00  4.492865431350088e+00  0
-3.184966582872941e-08  4.813110004908101e+00  4.813110004908101e+00  4.813110004908101e+00  4.813110004908101e+00  0
-2.906102172687611e-08  5.297610422220491e+00  5.297610422220491e+00  5.297610422220491e+00  5.297610422220491e+00  0
-2.651654144038651e-08  5.845721949254392e+00  5.845721949254392e+00  5.845721949254392e+00  5.845721949254392e+00  0
-2.419484684908623e-08  6.190135667096113e+00  6.190135667096113e+00  6.190135667096113e+00  6.190135667096113e+00  0
-2.207643162539847e-08  6.200223012513692e+00  6.200223012513692e+00  6.200223012513692e+00  6.200223012513692e+00  0
-2.014349734680384e-08  5.875846358527382e+00  5.875846358527382e+00  5.875846358527382e+00  5.875846358527382e+00  0
-1.837980395771364e-08  5.393330343339713e+00  5.393330343339713e+00  5.393330343339713e+00  5.393330343339713e+00  0
-1.677053332437266e-08  4.846407850958672e+00  4.846407850958672e+00  4.846407850958672e+00  4.846407850958672e+00  0
-1.530216473641213e-08  4.503530850292576e+00  4.503530850292576e+00  4.503530850292576e+00  4.503530850292576e+00  0
-1.396236130904646e-08  4.492606382875511e+00  4.492606382875511e+00  4.492606382875511e+00  4.492606382875511e+00  0
-1.273986633149176e-08  4.812760170111398e+00  4.812760170111398e+00  4.812760170111398e+00  4.812760170111398e+00  0
-1.162440869075045e-08  5.297594461419239e+00  5.297594461419239e+00  5.297594461419239e+00  5.297594461419239e+00  0
-1.060661657615460e-08  5.845832607735813e+00  5.845832607735813e+00  5.845832607735813e+00  5.845832607735813e+00  0
-9.677938739634492e-09  6.190414802232977e+00  6.190414802232977e+00  6.190414802232977e+00  6.190414802232977e+00  0
-8.830572650159389e-09  6.200648579829087e+00  6.200648579829087e+00  6.200648579829087e+00  6.200648579829087e+00  0
-8.057398938721539e-09  5.876330576904107e+00  5.876330576904107e+00  5.876330576904107e+00  5.876330576904107e+00  0
-7.351921583085459e-09  5.393587093637888e+00  5.393587093637888e+00  5.393587093637888e+00  5.393587093637888e+00  0
-6.708213329749065e-09  4.846579435107380e+00  4.846579435107380e+00  4.846579435107380e+00  4.846579435107380e+00  0
-6.120865894564855e-09  4.503593565587851e+00  4.503593565587851e+00  4.503593565587851e+00  4.503593565587851e+00  0
-5.584944523618584e-09  4.492577894695058e+00  4.492577894695058e+00  4.492577894695058e+00  4.492577894695058e+00  0
-5.095946532596706e-09  4.812700614734675e+00  4.812700614734675e+00  4.812700614734675e+00  4.812700614734675e+00  0
-4.649763476300179e-09  5.297676787468059e+00  5.297676787468059e+00  5.297676787468059e+00  5.297676787468059e+00  0
-4.242646630461842e-09  5.845974612122832e+00  5.845974612122832e+00  5.845974612122832e+00  5.845974612122832e+00  0
-3.871175495853797e-09  6.190629619426701e+00  6.190629619426701e+00  6.190629619426701e+00  6.190629619426701e+00  0
-3.532229060063756e-09  6.200921396565800e+00  6.200921396565800e+00  6.200921396565800e+00  6.200921396565800e+00  0
-3.222959575488616e-09  5.876619976190744e+00  5.876619976190744e+00  5.876619976190744e+00  5.876619976190744e+00  0
-2.940768633234184e-09  5.393780290606788e+00  5.393780290606788e+00  5.393780290606788e+00  5.393780290606788e+00  0
-2.683285331899626e-09  4.846729384472485e+00  4.846729384472485e+00  4.846729384472485e+00  4.846729384472485e+00  0
-2.448346357825942e-09  4.503694202774622e+00  4.503694202774622e+00  4.503694202774622e+00  4.503694202774622e+00  0
-2.233977809447434e-09  4.492641849529831e+00  4.492641849529831e+00  4.492641849529831e+00  4.492641849529831e+00  0
-2.038378613038682e-09  4.812757494420829e+00  4.812757494420829e+00  4.812757494420829e+00  4.812757494420829e+00  0
-1.859905390520071e-09  5.297797986144319e+00  5.297797986144319e+00  5.297797986144319e+00  5.297797986144319e+00  0
-1.697058652184737e-09  5.846127851948039e+00  5.846127851948039e+00  5.846127851948039e+00  5.846127851948039e+00  0
-1.548470198341519e-09  6.190815417095616e+00  6.190815417095616e+00  6.190815417095616e+00  6.190815417095616e+00  0
-1.412891624025502e-09  6.201125644272943e+00  6.201125644272943e+00  6.201125644272943e+00  6.201125644272943e+00  0
-1.289183830195446e-09  5.876815985692707e+00  5.876815985692707e+00  5.876815985692707e+00  5.876815985692707e+00  0
-1.176307453293673e-09  5.393948149870773e+00  5.393948149870773e+00  5.393948149870773e+00  5.393948149870773e+00  0
-1.073314132759850e-09  4.846870774562063e+00  4.846870774562063e+00  4.846870774562063e+00  4.846870774562063e+00  0
-9.793385431303769e-10  4.503810120724654e+00  4.503810120724654e+00  4.503810120724654e+00  4.503810120724654e+00  0
-8.935911237789734e-10  4.492742917171530e+00  4.492742917171530e+00  4.492742917171530e+00  4.492742917171530e+00  0
-8.153514452154729e-10  4.812861110575512e+00  4.812861110575512e+00  4.812861110575512e+00  4.812861110575512e+00  0
-7.439621562080285e-10  5.297930048463622e+00  5.297930048463622e+00  5.297930048463622e+00  5.297930048463622e+00  0
-6.788234608738945e-10  5.846272972451435e+00  5.846272972451435e+00  5.846272972451435e+00  5.846272972451435e+00  0
-6.193880793366075e-10  6.190958897225462e+00  6.190958897225462e+00  6.190958897225462e+00  6.190958897225462e+00  0
-5.651566496102009e-10  6.201233864077417e+00  6.201233864077417e+00  6.201233864077417e+00  6.201233864077417e+00  0
-5.156735320781784e-10  5.876833483164003e+00  5.876833483164003e+00  5.876833483164003e+00  5.876833483164003e+00  0
-4.705229813174694e-10  5.394106504676830e+00  5.394106504676830e+00  5.394106504676830e+00  5.394106504676830e+00  0
-4.293256531039402e-10  4.847009443884373e+00  4.847009443884373e+00  4.847009443884373e+00  4.847009443884373e+00  0
-3.917354172521507e-10  4.503932944251479e+00  4.503932944251479e+00  4.503932944251479e+00  4.503932944251479e+00  0
-3.574364495115894e-10  4.492859730371078e+00  4.492859730371078e+00  4.492859730371078e+00  4.492859730371078e+00  0
-3.261405780861892e-10  4.812984435726973e+00  4.812984435726973e+00  4.812984435726973e+00  4.812984435726973e+00  0
3.261405780861892e-10  4.812984435730908e+00  4.812984435730908e+00  4.812984435730908e+00  4.812984435730908e+00  0
3.574364495115894e-10  4.492859730374309e+00  4.492859730374309e+00  4.492859730374309e+00  4.492859730374309e+00  0
3.917354172521507e-10  4.503932944254204e+00  4.503932944254204e+00  4.503932944254204e+00  4.503932944254204e+00  0
4.293256531039402e-10  4.847009443886834e+00  4.847009443886834e+00  4.847009443886834e+00  4.847009443886834e+00  0
4.705229813174694e-10  5.394106504679221e+00  5.394106504679221e+00  5.394106504679221e+00  5.394106504679221e+00  0
5.156735320781784e-10  5.876833483169890e+00  5.876833483169890e+00  5.876833483169890e+00  5.876833483169890e+00  0
5.651566496102009e-10  6.201233864083364e+00  6.201233864083364e+00  6.201233864083364e+00  6.201233864083364e+00  0
6.193880793366075e-10  6.190958897231298e+00  6.190958897231298e+00  6.190958897231298e+00  6.190958897231298e+00  0
6.788234608738945e-10  5.846272972456919e+00  5.846272972456919e+00  5.846272972456919e+00  5.846272972456919e+00  0
7.439621562080285e-10  5.297930048468552e+00  5.297930048468552e+00  5.297930048468552e+00  5.297930048468552e+00  0
8.153514452154729e-10  4.812861110585402e+00  4.812861110585402e+00  4.812861110585402e+00  4.812861110585402e+00  0
8.935911237789734e-10  4.492742917179659e+00  4.492742917179659e+00  4.492742917179659e+00  4.492742917179659e+00  0
9.793385431303769e-10  4.503810120731527e+00  4.503810120731527e+00  4.503810120731527e+00  4.503810120731527e+00  0
1.073314132759850e-09  4.846870774568273e+00  4.846870774568273e+00  4.846870774568273e+00  4.846870774568273e+00  0
1.176307453293673e-09  5.393948149876820e+00  5.393948149876820e+00  5.393948149876820e+00  5.393948149876820e+00  0
1.289183830195446e-09  5.876815985707397e+00  5.876815985707397e+00  5.876815985707397e+00  5.876815985707397e+00  0
1.412891624025502e-09  6.201125644287790e+00  6.201125644287790e+00  6.201125644287790e+00  6.201125644287790e+00  0
1.548470198341519e-09  6.190815417110202e+00  6.190815417110202e+00  6.190815417110202e+00  6.190815417110202e+00  0
1.697058652184737e-09  5.846127851961745e+00  5.846127851961745e+00  5.846127851961745e+00  5.846127851961745e+00  0
1.859905390520071e-09  5.297797986156615e+00  5.297797986156615e+00  5.297797986156615e+00  5.297797986156615e+00  0
2.038378613038682e-09  4.812757494445516e+00  4.812757494445516e+00  4.812757494445516e+00  4.812757494445516e+00  0
2.233977809447434e-09  4.492641849550134e+00  4.492641849550134e+00  4.492641849550134e+00  4.492641849550134e+00  0
2.448346357825942e-09  4.503694202791781e+00  4.503694202791781e+00  4.503694202791781e+00  4.503694202791781e+00  0
2.683285331899626e-09  4.846729384487998e+00  4.846729384487998e+00  4.846729384487998e+00  4.846729384487998e+00  0
2.940768633234184e-09  5.393780290621889e+00  5.393780290621889e+00  5.393780290621889e+00  5.393780290621889e+00  0
3.222959575488616e-09  5.876619976227489e+00  5.876619976227489e+00  5.876619976227489e+00  5.876619976227489e+00  0
3.532229060063756e-09  6.200921396602912e+00  6.200921396602912e+00  6.200921396602912e+00  6.200921396602912e+00  0
3.871175495853797e-09  6.190629619463162e+00  6.190629619463162e+00  6.190629619463162e+00  6.190629619463162e+00  0
4.242646630461842e-09  5.845974612157094e+00  5.845974612157094e+00  5.845974612157094e+00  5.845974612157094e+00  0
4.649763476300179e-09  5.297676787498811e+00  5.297676787498811e+00  5.297676787498811e+00  5.297676787498811e+00  0
5.095946532596706e-09  4.812700614796355e+00  4.812700614796355e+00  4.812700614796355e+00  4.812700614796355e+00  0
5.584944523618584e-09  4.492577894745781e+00  4.492577894745781e+00  4.492577894745781e+00  4.492577894745781e+00  0
6.120865894564855e-09  4.503593565630719e+00  4.503593565630719e+00  4.503593565630719e+00  4.503593565630719e+00  0
6.708213329749065e-09  4.846579435146141e+00  4.846579435146141e+00  4.846579435146141e+00  4.846579435146141e+00  0
7.351921583085459e-09  5.393587093675623e+00  5.393587093675623e+00  5.393587093675623e+00  5.393587093675623e+00  0
8.057398938721539e-09  5.876330576995919e+00  5.876330576995919e+00  5.876330576995919e+00  5.876330576995919e+00  0
8.830572650159389e-09  6.200648579921837e+00  6.200648579921837e+00  6.200648579921837e+00  6.200648579921837e+00  0
9.677938739634492e-09  6.190414802324086e+00  6.190414802324086e+00  6.190414802324086e+00  6.190414802324086e+00  0
1.060661657615460e-08  5.845832607821430e+00  5.845832607821430e+00  5.845832607821430e+00  5.845832607821430e+00  0
1.162440869075045e-08  5.297594461496077e+00  5.297594461496077e+00  5.297594461496077e+00  5.297594461496077e+00  0
1.273986633149176e-08  4.812760170265601e+00  4.812760170265601e+00  4.812760170265601e+00  4.812760170265601e+00  0
1.396236130904646e-08  4.492606383002306e+00  4.492606383002306e+00  4.492606383002306e+00  4.492606383002306e+00  0
1.530216473641213e-08  4.503530850399724e+00  4.503530850399724e+00  4.503530850399724e+00  4.503530850399724e+00  0
1.677053332437266e-08  4.846407851055556e+00  4.846407851055556e+00  4.846407851055556e+00  4.846407851055556e+00  0
1.837980395771364e-08  5.393330343434032e+00  5.393330343434032e+00  5.393330343434032e+00  5.393330343434032e+00  0
2.014349734680384e-08  5.875846358756887e+00  5.875846358756887e+00  5.875846358756887e+00  5.875846358756887e+00  0
2.207643162539847e-08  6.200223012745528e+00  6.200223012745528e+00  6.200223012745528e+00  6.200223012745528e+00  0
2.419484684908623e-08  6.190135667323846e+00  6.190135667323846e+00  6.190135667323846e+00  6.190135667323846e+00  0
2.651654144038651e-08  5.845721949468408e+00  5.845721949468408e+00  5.845721949468408e+00  5.845721949468408e+00  0
2.906102172687611e-08  5.297610422412567e+00  5.297610422412567e+00  5.297610422412567e+00  5.297610422412567e+00  0
3.184966582872941e-08  4.813110005293519e+00  4.813110005293519e+00  4.813110005293519e+00  4.813110005293519e+00  0
3.490590327261615e-08  4.492865431667028e+00  4.492865431667028e+00  4.492865431667028e+00  4.492865431667028e+00  0
3.825541184103035e-08  4.503562602128230e+00  4.503562602128230e+00  4.503562602128230e+00  4.503562602128230e+00  0
4.192633331093166e-08  4.846181969775929e+00  4.846181969775929e+00  4.846181969775929e+00  4.846181969775929e+00  0
4.594950989428412e-08  5.392914547931970e+00  5.392914547931970e+00  5.392914547931970e+00  5.392914547931970e+00  0
5.035874336700961e-08  5.874880173690262e+00  5.874880173690262e+00  5.874880173690262e+00  5.874880173690262e+00  0
5.519107906349619e-08  6.199417427980862e+00  6.199417427980862e+00  6.199417427980862e+00  6.199417427980862e+00  0
6.048711712271557e-08  6.189695875302431e+00  6.189695875302431e+00  6.189695875302431e+00  6.189695875302431e+00  0
6.629135360096627e-08  5.845689040659357e+00  5.845689040659357e+00  5.845689040659357e+00  5.845689040659357e+00  0
7.265255431719029e-08  5.297871303376048e+00  5.297871303376048e+00  5.297871303376048e+00  5.297871303376048e+00  0
7.962416457182352e-08  4.814180812804586e+00  4.814180812804586e+00  4.814180812804586e+00  4.814180812804586e+00  0
8.726475818154038e-08  4.493697751924052e+00  4.493697751924052e+00  4.493697751924052e+00  4.493697751924052e+00  0
9.563852960257586e-08  4.503828661710726e+00  4.503828661710726e+00  4.503828661710726e+00  4.503828661710726e+00  0
1.048158332773291e-07  4.845819248285630e+00  4.845819248285630e+00  4.845819248285630e+00  4.845819248285630e+00  0
1.148737747357103e-07  5.392100317932951e+00  5.392100317932951e+00  5.392100317932951e+00  5.392100317932951e+00  0
1.258968584175240e-07  5.872704753142050e+00  5.872704753142050e+00  5.872704753142050e+00  5.872704753142050e+00  0
1.379776976587405e-07  6.197655937035851e+00  6.197655937035851e+00  6.197655937035851e+00  6.197655937035851e+00  0
1.512177928067889e-07  6.188847543402245e+00  6.188847543402245e+00  6.188847543402245e+00  6.188847543402245e+00  0
1.657283840024157e-07  5.845843547977325e+00  5.845843547977325e+00  5.845843547977325e+00  5.845843547977325e+00  0
1.816313857929757e-07  5.298738419520205e+00  5.298738419520205e+00  5.298738419520205e+00  5.298738419520205e+00  0
1.990604114295588e-07  4.817024831927081e+00  4.817024831927081e+00  4.817024831927081e+00  4.817024831927081e+00  0
2.181618954538510e-07  4.495943926467086e+00  4.495943926467086e+00  4.495943926467086e+00  4.495943926467086e+00  0
2.390963240064397e-07  4.504669025982258e+00  4.504669025982258e+00  4.504669025982258e+00  4.504669025982258e+00  0
2.620395831933229e-07  4.845107670395222e+00  4.845107670395222e+00  4.845107670395222e+00  4.845107670395222e+00  0
2.871844368392758e-07  5.390284941784346e+00  5.390284941784346e+00  5.390284941784346e+00  5.390284941784346e+00  0
3.147421460438101e-07  5.867473773896776e+00  5.867473773896776e+00  5.867473773896776e+00  5.867473773896776e+00  0
3.449442441468511e-07  6.193465608055036e+00  6.193465608055036e+00  6.193465608055036e+00  6.193465608055036e+00  0
3.780444820169723e-07  6.186933913557935e+00  6.186933913557935e+00  6.186933913557935e+00  6.186933913557935e+00  0
4.143209600060391e-07  5.846423004965709e+00  5.846423004965709e+00  5.846423004965709e+00  5.846423004965709e+00  0
4.540784644824392e-07  5.301083387558200e+00  5.301083387558200e+00  5.301083387558200e+00  5.301083387558200e+00  0
4.976510285738970e-07  4.824120523826680e+00  4.824120523826680e+00  4.824120523826680e+00  4.824120523826680e+00  0
5.454047386346274e-07  4.501604561043080e+00  4.501604561043080e+00  4.501604561043080e+00  4.501604561043080e+00  0
5.977408100160992e-07  4.506873738454429e+00  4.506873738454429e+00  4.506873738454429e+00  4.506873738454429e+00  0
6.550989579833072e-07  4.843481855810126e+00  4.843481855810126e+00  4.843481855810126e+00  4.843481855810126e+00  0
7.179610920981894e-07  5.385935243860078e+00  5.385935243860078e+00  5.385935243860078e+00  5.385935243860078e+00  0
7.868553651095252e-07  5.854401731996938e+00  5.854401731996938e+00  5.854401731996938e+00  5.854401731996938e+00  0
8.623606103671279e-07  6.182961577492096e+00  6.182961577492096e+00  6.182961577492096e+00  6.182961577492096e+00  0
9.451112050424309e-07  6.182085531753392e+00  6.182085531753392e+00  6.182085531753392e+00  6.182085531753392e+00  0
1.035802400015098e-06  5.847795222120044e+00  5.847795222120044e+00  5.847795222120044e+00  5.847795222120044e+00  0
1.135196161206098e-06  5.306889172824164e+00  5.306889172824164e+00  5.306889172824164e+00  5.306889172824164e+00  0
1.244127571434742e-06  4.840718437240652e+00  4.840718437240652e+00  4.840718437240652e+00  4.840718437240652e+00  0
1.363511846586568e-06  4.515049348994687e+00  4.515049348994687e+00  4.515049348994687e+00  4.515049348994687e+00  0
1.494352025040248e-06  4.512039512126958e+00  4.512039512126958e+00  4.512039512126958e+00  4.512039512126958e+00  0
1.637747394958268e-06  4.839304643728682e+00  4.839304643728682e+00  4.839304643728682e+00  4.839304643728682e+00  0
1.794902730245473e-06  5.375052665722818e+00  5.375052665722818e+00  5.375052665722818e+00  5.375052665722818e+00  0
1.967138412773813e-06  5.820473272173311e+00  5.820473272173311e+00  5.820473272173311e+00  5.820473272173311e+00  0
2.155901525917819e-06  6.155194029426444e+00  6.155194029426444e+00  6.155194029426444e+00  6.155194029426444e+00  0
2.362778012606077e-06  6.168238821662322e+00  6.168238821662322e+00  6.168238821662322e+00  6.168238821662322e+00  0
2.589506000037745e-06  5.849492732776754e+00  5.849492732776754e+00  5.849492732776754e+00  5.849492732776754e+00  0
2.837990403015245e-06  5.319902302415246e+00  5.319902302415246e+00  5.319902302415246e+00  5.319902302415246e+00  0
3.110318928586857e-06  4.874089017470634e+00  4.874089017470634e+00  4.874089017470634e+00  4.874089017470634e+00  0
3.408779616466421e-06  4.543208438678296e+00  4.543208438678296e+00  4.543208438678296e+00  4.543208438678296e+00  0
3.735880062600620e-06  4.521717088072896e+00  4.521717088072896e+00  4.521717088072896e+00  4.521717088072896e+00  0
4.094368487395670e-06  4.827024729225843e+00  4.827024729225843e+00  4.827024729225843e+00  4.827024729225843e+00  0
4.487256825613684e-06  5.346580771026290e+00  5.346580771026290e+00  5.346580771026290e+00  5.346580771026290e+00  0
4.917846031934533e-06  5.726704369929924e+00  5.726704369929924e+00  5.726704369929924e+00  5.726704369929924e+00  0
5.389753814794549e-06  6.075437277144223e+00  6.075437277144223e+00  6.075437277144223e+00  6.075437277144223e+00  0
5.906945031515193e-06  6.121989976100771e+00  6.121989976100771e+00  6.121989976100771e+00  6.121989976100771e+00  0
6.473765000094363e-06  5.842026102842744e+00  5.842026102842744e+00  5.842026102842744e+00  5.842026102842744e+00  0
7.094976007538114e-06  5.342109076433670e+00  5.342109076433670e+00  5.342109076433670e+00  5.342109076433670e+00  0
7.775797321467140e-06  4.907294206771247e+00  4.907294206771247e+00  4.907294206771247e+00  4.907294206771247e+00  0
8.521949041166052e-06  4.578274850295275e+00  4.578274850295275e+00  4.578274850295275e+00  4.578274850295275e+00  0
9.339700156501548e-06  4.523690770112376e+00  4.523690770112376e+00  4.523690770112376e+00  4.523690770112376e+00  0
1.023592121848917e-05  4.782878619421693e+00  4.782878619421693e+00  4.782878619421693e+00  4.782878619421693e+00  0
1.121814206403421e-05  5.265902792661924e+00  5.265902792661924e+00  5.265902792661924e+00  5.265902792661924e+00  0
1.229461507983633e-05  5.437998649862888e+00  5.437998649862888e+00  5.437998649862888e+00  5.437998649862888e+00  0
1.347438453698637e-05  5.816732481179041e+00  5.816732481179041e+00  5.816732481179041e+00  5.816732481179041e+00  0
1.476736257878798e-05  5.940024245876008e+00  5.940024245876008e+00  5.940024245876008e+00  5.940024245876008e+00  0
1.618441250023591e-05  5.755270214710882e+00  5.755270214710882e+00  5.755270214710882e+00  5.755270214710882e+00  0
1.773744001884528e-05  5.335763265817963e+00  5.335763265817963e+00  5.335763265817963e+00  5.335763265817963e+00  0
1.943949330366785e-05  4.725588386383626e+00  4.725588386383626e+00  4.725588386383626e+00  4.725588386383626e+00  0
2.130487260291513e-05  4.463315180320941e+00  4.463315180320941e+00  4.463315180320941e+00  4.463315180320941e+00  0
2.334925039125387e-05  4.390578120036259e+00  4.390578120036259e+00  4.390578120036259e+00  4.390578120036259e+00  0
2.558980304622294e-05  4.583983172397334e+00  4.583983172397334e+00  4.583983172397334e+00  4.583983172397334e+00  0
2.804535516008552e-05  5.002453094999133e+00  5.002453094999133e+00  5.002453094999133e+00  5.002453094999133e+00  0
3.073653769959083e-05  4.502196584310020e+00  4.502196584310020e+00  4.502196584310020e+00  4.502196584310020e+00  0
3.368596134246593e-05  4.934476670744905e+00  4.934476670744905e+00  4.934476670744905e+00  4.934476670744905e+00  0
3.691840644696995e-05  5.205468761294020e+00  5.205468761294020e+00  5.205468761294020e+00  5.205468761294020e+00  0
4.046103125058977e-05  5.228226068966737e+00  5.228226068966737e+00  5.228226068966737e+00  5.228226068966737e+00  0
4.434360004711321e-05  5.014848949370309e+00  5.014848949370309e+00  5.014848949370309e+00  5.014848949370309e+00  0
4.859873325916964e-05  3.577958497805260e+00  3.577958497805260e+00  3.577958497805260e+00  3.577958497805260e+00  0
5.326218150728783e-05  3.528646848558345e+00  3.528646848558345e+00  3.528646848558345e+00  3.528646848558345e+00  0
5.837312597813469e-05  3.549092168276323e+00  3.549092168276323e+00  3.549092168276323e+00  3.549092168276323e+00  0
6.397450761555734e-05  3.729645710979885e+00  3.729645710979885e+00  3.729645710979885e+00  3.729645710979885e+00  0
7.011338790021381e-05  4.090724500097101e+00  4.090724500097101e+00  4.090724500097101e+00  4.090724500097101e+00  0
7.684134424897707e-05  2.426583008623712e+00  2.426583008623712e+00  2.426583008623712e+00  2.426583008623712e+00  0
8.421490335616483e-05  2.828425970556007e+00  2.828425970556007e+00  2.828425970556007e+00  2.828425970556007e+00  0
9.229601611742488e-05  3.197399102803876e+00  3.197399102803876e+00  3.197399102803876e+00  3.197399102803876e+00  0
1.011525781264744e-04  3.453028682783343e+00  3.453028682783343e+00  3.453028682783343e+00  3.453028682783343e+00  0
1.108590001177830e-04  3.553475871753972e+00  3.553475871753972e+00  3.553475871753972e+00  3.553475871753972e+00  0
1.214968331479241e-04  1.471685666005064e+00  1.471685666005064e+00  1.471685666005064e+00  1.471685666005064e+00  0
1.331554537682195e-04  1.552259808130450e+00  1.552259808130450e+00  1.552259808130450e+00  1.552259808130450e+00  0
1.459328149453367e-04  1.654075800538345e+00  1.654075800538345e+00  1.654075800538345e+00  1.654075800538345e+00  0
1.599362690388933e-04  1.824447101388599e+00  1.824447101388599e+00  1.824447101388599e+00  1.824447101388599e+00  0
1.752834697505345e-04  2.097864002759850e+00  2.097864002759850e+00  2.097864002759850e+00  2.097864002759850e+00  0
1.921033606224427e-04  1.015450633993521e+00  1.015450633993521e+00  1.015450633993521e+00  1.015450633993521e+00  0
2.105372583904121e-04  1.058139444447869e+00  1.058139444447869e+00  1.058139444447869e+00  1.058139444447869e+00  0
2.307400402935622e-04  1.152323336410174e+00  1.152323336410174e+00  1.152323336410174e+00  1.152323336410174e+00  0
2.528814453161860e-04  1.266643148034169e+00  1.266643148034169e+00  1.266643148034169e+00  1.266643148034169e+00  0
2.771475002944575e-04  1.369585318856088e+00  1.369585318856088e+00  1.369585318856088e+00  1.369585318856088e+00  0
3.037420828698102e-04  1.948890972866630e+00  1.948890972866630e+00  1.948890972866630e+00  1.948890972866630e+00  0
3.328886344205489e-04  1.659907876519858e+00  1.659907876519858e+00  1.659907876519858e+00  1.659907876519858e+00  0
3.648320373633417e-04  1.395236638734789e+00  1.395236638734789e+00  1.395236638734789e+00  1.395236638734789e+00  0
3.998406725972333e-04  1.190316088788447e+00  1.190316088788447e+00  1.190316088788447e+00  1.190316088788447e+00  0
4.382086743763362e-04  1.067809481191454e+00  1.067809481191454e+00  1.067809481191454e+00  1.067809481191454e+00  0
4.802584015561067e-04  2.509398044364463e+00  2.509398044364463e+00  2.509398044364463e+00  2.509398044364463e+00  0
5.263431459760303e-04  2.607689569663679e+00  2.607689569663679e+00  2.607689569663679e+00  2.607689569663679e+00  0
5.768501007339055e-04  2.593529806065476e+00  2.593529806065476e+00  2.593529806065476e+00  2.593529806065476e+00  0
6.322036132904651e-04  2.465673025362916e+00  2.465673025362916e+00  2.465673025362916e+00  2.465673025362916e+00  0
6.928687507361440e-04  2.244010496234883e+00  2.244010496234883e+00  2.244010496234883e+00  2.244010496234883e+00  0
7.593552071745256e-04  1.806006018850091e+00  1.806006018850091e+00  1.806006018850091e+00  1.806006018850091e+00  0
8.322215860513723e-04  1.922273173298011e+00  1.922273173298011e+00  1.922273173298011e+00  1.922273173298011e+00  0
9.120800934083544e-04  2.059640975118659e+00  2.059640975118659e+00  2.059640975118659e+00  2.059640975118659e+00  0
9.996016814930835e-04  2.222921101845849e+00  2.222921101845849e+00  2.222921101845849e+00  2.222921101845849e+00  0
1.095521685940841e-03  2.398599723114875e+00  2.398599723114875e+00  2.398599723114875e+00  2.398599723114875e+00  0
1.200646003890267e-03  1.246659579329734e+00  1.246659579329734e+00  1.246659579329734e+00  1.246659579329734e+00  0
1.315857864940076e-03  1.388188585015498e+00  1.388188585015498e+00  1.388188585015498e+00  1.388188585015498e+00  0
1.442125251834764e-03  1.523816203726595e+00  1.523816203726595e+00  1.523816203726595e+00  1.523816203726595e+00  0
1.580509033226163e-03  1.647212799674747e+00  1.647212799674747e+00  1.647212799674747e+00  1.647212799674747e+00  0
1.732171876840360e-03  1.761648327889979e+00  1.761648327889979e+00  1.761648327889979e+00  1.761648327889979e+00  0
1.898388017936314e-03  1.095101554009440e+00  1.095101554009440e+00  1.095101554009440e+00  1.095101554009440e+00  0
2.080553965128431e-03  1.145407459762630e+00  1.145407459762630e+00  1.145407459762630e+00  1.145407459762630e+00  0
2.280200233520886e-03  1.187691043557306e+00  1.187691043557306e+00  1.187691043557306e+00  1.187691043557306e+00  0
2.499004203732709e-03  1.239561258671146e+00  1.239561258671146e+00  1.239561258671146e+00  1.239561258671146e+00  0
2.738804214852102e-03  1.309695554754258e+00  1.309695554754258e+00  1.309695554754258e+00  1.309695554754258e+00  0
3.001615009725670e-03  6.737382215319004e-01  6.737382215319004e-01  6.737382215319004e-01  6.737382215319004e-01  0
3.289644662350192e-03  7.797366502369172e-01  7.797366502369172e-01  7.797366502369172e-01  7.797366502369172e-01  0
3.605313129586913e-03  8.891205386315878e-01  8.891205386315878e-01  8.891205386315878e-01  8.891205386315878e-01  0
3.951272583065411e-03  9.867392165421257e-01  9.867392165421257e-01  9.867392165421257e-01  9.867392165421257e-01  0
4.330429692100904e-03  1.057579162657888e+00  1.057579162657888e+00  1.057579162657888e+00  1.057579162657888e+00  0
4.745970044840788e-03  7.680010470910900e-01  7.680010470910900e-01  7.680010470910900e-01  7.680010470910900e-01  0
5.201384912821080e-03  8.215732928216479e-01  8.215732928216479e-01  8.215732928216479e-01  8.215732928216479e-01  0
5.700500583802218e-03  8.465695951747415e-01  8.465695951747415e-01  8.465695951747415e-01  8.465695951747415e-01  0
6.247510509331775e-03  8.569897980724317e-01  8.569897980724317e-01  8.569897980724317e-01  8.569897980724317e-01  0
6.847010537130258e-03  8.721248650239043e-01  8.721248650239043e-01  8.721248650239043e-01  8.721248650239043e-01  0
7.504037524314174e-03  4.729926979824778e-01  4.729926979824778e-01  4.729926979824778e-01  4.729926979824778e-01  0
8.224111655875478e-03  5.241021136166594e-01  5.241021136166594e-01  5.241021136166594e-01  5.241021136166594e-01  0
9.013282823967282e-03  5.910849520931605e-01  5.910849520931605e-01  5.910849520931605e-01  5.910849520931605e-01  0
9.878181457663525e-03  6.691096213800872e-01  6.691096213800872e-01  6.691096213800872e-01  6.691096213800872e-01  0
1.082607423025226e-02  7.456270433427341e-01  7.456270433427341e-01  7.456270433427341e-01  7.456270433427341e-01  0
1.186492511210197e-02  5.674472275809535e-01  5.674472275809535e-01  5.674472275809535e-01  5.674472275809535e-01  0
1.300346228205270e-02  6.255879167098040e-01  6.255879167098040e-01  6.255879167098040e-01  6.255879167098040e-01  0
1.425125145950555e-02  6.532995681562488e-01  6.532995681562488e-01  6.532995681562488e-01  6.532995681562488e-01  0
1.561877627332944e-02  6.548453536976871e-01  6.548453536976871e-01  6.548453536976871e-01  6.548453536976871e-01  0
1.711752634282565e-02  6.434393774849767e-01  6.434393774849767e-01  6.434393774849767e-01  6.434393774849767e-01  0
1.876009381078543e-02  4.557421974934583e-01  4.557421974934583e-01  4.557421974934583e-01  4.557421974934583e-01  0
2.056027913968870e-02  4.545216707109958e-01  4.545216707109958e-01  4.545216707109958e-01  4.545216707109958e-01  0
2.253320705991821e-02  4.716175979872105e-01  4.716175979872105e-01  4.716175979872105e-01  4.716175979872105e-01  0
2.469545364415881e-02  5.098351980123204e-01  5.098351980123204e-01  5.098351980123204e-01  5.098351980123204e-01  0
2.706518557563065e-02  5.624810180222440e-01  5.624810180222440e-01  5.624810180222440e-01  5.624810180222440e-01  0
2.966231278025492e-02  4.498138211629567e-01  4.498138211629567e-01  4.498138211629567e-01  4.498138211629567e-01  0
3.250865570513176e-02  5.087008226033352e-01  5.087008226033352e-01  5.087008226033352e-01  5.087008226033352e-01  0
3.562812864876387e-02  5.404561610435725e-01  5.404561610435725e-01  5.404561610435725e-01  5.404561610435725e-01  0
3.904694068332360e-02  5.441175723854460e-01  5.441175723854460e-01  5.441175723854460e-01  5.441175723854460e-01  0
4.279381585706412e-02  5.274921524374128e-01  5.274921524374128e-01  5.274921524374128e-01  5.274921524374128e-01  0
4.690023452696358e-02  5.272717530564370e-01  5.272717530564370e-01  5.272717530564370e-01  5.272717530564370e-01  0
5.140069784922174e-02  4.935225190382880e-01  4.935225190382880e-01  4.935225190382880e-01  4.935225190382880e-01  0
5.633301764979550e-02  4.709094101731028e-01  4.709094101731028e-01  4.709094101731028e-01  4.709094101731028e-01  0
6.173863411039702e-02  4.696193701939234e-01  4.696193701939234e-01  4.696193701939234e-01  4.696193701939234e-01  0
6.766296393907660e-02  4.898891745814006e-01  4.898891745814006e-01  4.898891745814006e-01  4.898891745814006e-01  0
7.415578195063731e-02  4.716219405757545e-01  4.716219405757545e-01  4.716219405757545e-01  4.716219405757545e-01  0
8.127163926282939e-02  5.525042680436839e-01  5.525042680436839e-01  5.525042680436839e-01  5.525042680436839e-01  0
8.907032162190968e-02  6.049292932603686e-01  6.049292932603686e-01  6.049292932603686e-01  6.049292932603686e-01  0
9.761735170830900e-02  6.213697865303272e-01  6.213697865303272e-01  6.213697865303272e-01  6.213697865303272e-01  0
1.069845396426603e-01  6.039349583978062e-01  6.039349583978062e-01  6.039349583978062e-01  6.039349583978062e-01  0
1.172505863174089e-01  1.280442506634800e+00  1.280442506634800e+00  1.280442506634800e+00  1.280442506634800e+00  0
1.285017446230543e-01  1.307927762102374e+00  1.307927762102374e+00  1.307927762102374e+00  1.307927762102374e+00  0
1.408325441244888e-01  1.265752157405319e+00  1.265752157405319e+00  1.265752157405319e+00  1.265752157405319e+00  0
1.543465852759926e-01  1.177141077208643e+00  1.177141077208643e+00  1.177141077208643e+00  1.177141077208643e+00  0
1.691574098476915e-01  1.071076328656421e+00  1.071076328656421e+00  1.071076328656421e+00  1.071076328656421e+00  0
1.853894548765933e-01  7.439066151368268e-01  7.439066151368268e-01  7.439066151368268e-01  7.439066151368268e-01  0
2.031790981570735e-01  9.242390168357724e-01  9.242390168357724e-01  9.242390168357724e-01  9.242390168357724e-01  0
2.226758040547742e-01  1.103021329493408e+00  1.103021329493408e+00  1.103021329493408e+00  1.103021329493408e+00  0
2.440433792707725e-01  1.259800197407449e+00  1.259800197407449e+00  1.259800197407449e+00  1.259800197407449e+00  0
2.674613491066508e-01  1.371772080161791e+00  1.371772080161791e+00  1.371772080161791e+00  1.371772080161791e+00  0
2.931264657935224e-01  1.404508374523080e-01  1.404508374523080e-01  1.404508374523080e-01  1.404508374523080e-01  0
3.212543615576359e-01  2.158120894322142e-01  2.158120894322142e-01  2.158120894322142e-01  2.158120894322142e-01  0
3.520813603112219e-01  3.146443767719587e-01  3.146443767719587e-01  3.146443767719587e-01  3.146443767719587e-01  0
3.858664631899815e-01  4.379354304887149e-01  4.379354304887149e-01  4.379354304887149e-01  4.379354304887149e-01  0
4.228935246192289e-01  5.851745797484919e-01  5.851745797484919e-01  5.851745797484919e-01  5.851745797484919e-01  0
4.634736371914833e-01  2.409204054929949e-02  2.409204054929949e-02  2.409204054929949e-02  2.409204054929949e-02  0
5.079477453926837e-01  3.443674861345854e-02  3.443674861345854e-02  3.443674861345854e-02  3.443674861345854e-02  0
5.566895101369356e-01  4.967247441405529e-02  4.967247441405529e-02  4.967247441405529e-02  4.967247441405529e-02  0
6.101084481769313e-01  7.286460484021745e-02  7.286460484021745e-02  7.286460484021745e-02  7.286460484021745e-02  0
6.686533727666270e-01  1.079958310556973e-01  1.079958310556973e-01  1.079958310556973e-01  1.079958310556973e-01  0
7.328161644838057e-01  2.456712879070396e-03  2.456712879070396e-03  2.456712879070396e-03  2.456712879070396e-03  0
8.031359038940895e-01  4.385485302880915e-03  4.385485302880915e-03  4.385485302880915e-03  4.385485302880915e-03  0
8.802034007780546e-01  7.293846273114394e-03  7.293846273114394e-03  7.293846273114394e-03  7.293846273114394e-03  0
9.646661579749534e-01  1.136758701442092e-02  1.136758701442092e-02  1.136758701442092e-02  1.136758701442092e-02  0
1.057233811548072e+00  1.677550366567497e-02  1.677550366567497e-02  1.677550366567497e-02  1.677550366567497e-02  0
1.158684092978708e+00  4.695502561072199e-05  4.695502561072199e-05  4.695502561072199e-05  4.695502561072199e-05  0
1.269869363481709e+00  1.189074893410260e-04  1.189074893410260e-04  1.189074893410260e-04  1.189074893410260e-04  0
1.391723775342339e+00  2.834229919519547e-04  2.834229919519547e-04  2.834229919519547e-04  2.834229919519547e-04  0
1.525271120442328e+00  6.324728871818284e-04  6.324728871818284e-04  6.324728871818284e-04  6.324728871818284e-04  0
1.671633431916567e+00  1.316888329063096e-03  1.316888329063096e-03  1.316888329063096e-03  1.316888329063096e-03  0
1.832040411209514e+00  1.072587801375836e-06  1.072587801375836e-06  1.072587801375836e-06  1.072587801375836e-06  0
2.007839759735224e+00  2.430042040293191e-06  2.430042040293191e-06  2.430042040293191e-06  2.430042040293191e-06  0
2.200508501945136e+00  5.191384912371832e-06  5.191384912371832e-06  5.191384912371832e-06  5.191384912371832e-06  0
2.411665394937383e+00  1.056295905046323e-05  1.056295905046323e-05  1.056295905046323e-05  1.056295905046323e-05  0
2.643084528870179e+00  2.083208214329446e-05  2.083208214329446e-05  2.083208214329446e-05  2.083208214329446e-05  0
