-1.832040411209515e+00  9.687301237190867e-04  9.687301237190867e-04  9.687301237190867e-04  9.687301237190867e-04  0
-1.671633431916567e+00  4.431850264068707e-04  4.431850264068707e-04  4.431850264068707e-04  4.431850264068707e-04  0
-1.525271120442328e+00  2.023764773620771e-04  2.023764773620771e-04  2.023764773620771e-04  2.023764773620771e-04  0
-1.391723775342339e+00  9.339819032332089e-05  9.339819032332089e-05  9.339819032332089e-05  9.339819032332089e-05  0
-1.269869363481709e+00  4.363940127698312e-05  4.363940127698312e-05  4.363940127698312e-05  4.363940127698312e-05  0
-1.158684092978708e+00  2.401758750421303e-02  2.401758750421303e-02  2.401758750421303e-02  2.401758750421303e-02  0
-1.057233811548072e+00  1.471951818512414e-02  1.471951818512414e-02  1.471951818512414e-02  1.471951818512414e-02  0
-9.646661579749534e-01  8.449262598666910e-03  8.449262598666910e-03  8.449262598666910e-03  8.449262598666910e-03  0
-8.802034007780547e-01  4.525916425896969e-03  4.525916425896969e-03  4.525916425896969e-03  4.525916425896969e-03  0
-8.031359038940895e-01  2.259338070079831e-03  2.259338070079831e-03  2.259338070079831e-03  2.259338070079831e-03  0
-7.328161644838057e-01  1.659396875300911e-01  1.659396875300911e-01  1.659396875300911e-01  1.659396875300911e-01  0
-6.686533727666266e-01  1.140288823039720e-01  1.140288823039720e-01  1.140288823039720e-01  1.140288823039720e-01  0
-6.101084481769311e-01  7.938922332649107e-02  7.938922332649107e-02  7.938922332649107e-02  7.938922332649107e-02  0
-5.566895101369354e-01  5.503540496073132e-02  5.503540496073132e-02  5.503540496073132e-02  5.503540496073132e-02  0
-5.079477453926834e-01  3.716833082281860e-02  3.716833082281860e-02  3.716833082281860e-02  3.716833082281860e-02  0
-4.634736371914831e-01  1.001627258164538e+00  1.001627258164538e+00  1.001627258164538e+00  1.001627258164538e+00  0
-4.228935246192287e-01  7.398313789447127e-01  7.398313789447127e-01  7.398313789447127e-01  7.398313789447127e-01  0
-3.858664631899813e-01  5.137895278555248e-01  5.137895278555248e-01  5.137895278555248e-01  5.137895278555248e-01  0
-3.520813603112218e-01  3.372420813194044e-01  3.372420813194044e-01  3.372420813194044e-01  3.372420813194044e-01  0
-3.212543615576358e-01  2.113111262352585e-01  2.113111262352585e-01  2.113111262352585e-01  2.113111262352585e-01  0
-2.931264657935223e-01  1.842024119023800e+00  1.842024119023800e+00  1.842024119023800e+00  1.842024119023800e+00  0
-2.674613491066506e-01  1.818685741425295e+00  1.818685741425295e+00  1.818685741425295e+00  1.818685741425295e+00  0
-2.440433792707724e-01  1.707369594413779e+00  1.707369594413779e+00  1.707369594413779e+00  1.707369594413779e+00  0
-2.226758040547742e-01  1.514931585046611e+00  1.514931585046611e+00  1.514931585046611e+00  1.514931585046611e+00  0
-2.031790981570734e-01  1.263749419563426e+00  1.263749419563426e+00  1.263749419563426e+00  1.263749419563426e+00  0
-1.853894548765933e-01  9.231808477769852e-01  9.231808477769852e-01  9.231808477769852e-01  9.231808477769852e-01  0
-1.691574098476915e-01  9.908467173971528e-01  9.908467173971528e-01  9.908467173971528e-01  9.908467173971528e-01  0
-1.543465852759925e-01  1.014090172370375e+00  1.014090172370375e+00  1.014090172370375e+00  1.014090172370375e+00  0
-1.408325441244888e-01  9.819694351535676e-01  9.819694351535676e-01  9.819694351535676e-01  9.819694351535676e-01  0
-1.285017446230543e-01  8.965140821482196e-01  8.965140821482196e-01  8.965140821482196e-01  8.965140821482196e-01  0
-1.172505863174089e-01  5.359504950382580e-01  5.359504950382580e-01  5.359504950382580e-01  5.359504950382580e-01  0
-1.069845396426603e-01  5.315277384484044e-01  5.315277384484044e-01  5.315277384484044e-01  5.315277384484044e-01  0
-9.761735170830897e-02  5.385801655567332e-01  5.385801655567332e-01  5.385801655567332e-01  5.385801655567332e-01  0
-8.907032162190966e-02  5.594770882328967e-01  5.594770882328967e-01  5.594770882328967e-01  5.594770882328967e-01  0
-8.127163926282936e-02  5.882225325514775e-01  5.882225325514775e-01  5.882225325514775e-01  5.882225325514775e-01  0
-7.415578195063730e-02  5.078466746872961e-01  5.078466746872961e-01  5.078466746872961e-01  5.078466746872961e-01  0
-6.766296393907659e-02  5.139126682370669e-01  5.139126682370669e-01  5.139126682370669e-01  5.139126682370669e-01  0
-6.173863411039701e-02  5.169277078031157e-01  5.169277078031157e-01  5.169277078031157e-01  5.169277078031157e-01  0
-5.633301764979549e-02  5.060213079211742e-01  5.060213079211742e-01  5.060213079211742e-01  5.060213079211742e-01  0
-5.140069784922172e-02  4.741705081376890e-01  4.741705081376890e-01  4.741705081376890e-01  4.741705081376890e-01  0
-4.690023452696357e-02  5.543404845332686e-01  5.543404845332686e-01  5.543404845332686e-01  5.543404845332686e-01  0
-4.279381585706411e-02  5.176005505321997e-01  5.176005505321997e-01  5.176005505321997e-01  5.176005505321997e-01  0
-3.904694068332359e-02  4.723912487708384e-01  4.723912487708384e-01  4.723912487708384e-01  4.723912487708384e-01  0
-3.562812864876386e-02  4.244606537961185e-01  4.244606537961185e-01  4.244606537961185e-01  4.244606537961185e-01  0
-3.250865570513174e-02  3.790624884241915e-01  3.790624884241915e-01  3.790624884241915e-01  3.790624884241915e-01  0
-2.966231278025492e-02  6.371234950406601e-01  6.371234950406601e-01  6.371234950406601e-01  6.371234950406601e-01  0
-2.706518557563063e-02  6.073838549916635e-01  6.073838549916635e-01  6.073838549916635e-01  6.073838549916635e-01  0
-2.469545364415880e-02  5.906155644769523e-01  5.906155644769523e-01  5.906155644769523e-01  5.906155644769523e-01  0
-2.253320705991820e-02  5.775306585828670e-01  5.775306585828670e-01  5.775306585828670e-01  5.775306585828670e-01  0
-2.056027913968869e-02  5.573203065496014e-01  5.573203065496014e-01  5.573203065496014e-01  5.573203065496014e-01  0
-1.876009381078543e-02  1.025165567629164e+00  1.025165567629164e+00  1.025165567629164e+00  1.025165567629164e+00  0
-1.711752634282564e-02  9.133528185325781e-01  9.133528185325781e-01  9.133528185325781e-01  9.133528185325781e-01  0
-1.561877627332944e-02  8.004518710869697e-01  8.004518710869697e-01  8.004518710869697e-01  8.004518710869697e-01  0
-1.425125145950554e-02  6.876521913959309e-01  6.876521913959309e-01  6.876521913959309e-01  6.876521913959309e-01  0
-1.300346228205270e-02  5.786250184001329e-01  5.786250184001329e-01  5.786250184001329e-01  5.786250184001329e-01  0
-1.186492511210197e-02  2.079903838956922e+00  2.079903838956922e+00  2.079903838956922e+00  2.079903838956922e+00  0
-1.082607423025225e-02  1.715569482149605e+00  1.715569482149605e+00  1.715569482149605e+00  1.715569482149605e+00  0
-9.878181457663521e-03  1.438906674050989e+00  1.438906674050989e+00  1.438906674050989e+00  1.438906674050989e+00  0
-9.013282823967279e-03  1.236769373781846e+00  1.236769373781846e+00  1.236769373781846e+00  1.236769373781846e+00  0
-8.224111655875475e-03  1.084391658094048e+00  1.084391658094048e+00  1.084391658094048e+00  1.084391658094048e+00  0
-7.504037524314171e-03  4.198034866459863e+00  4.198034866459863e+00  4.198034866459863e+00  4.198034866459863e+00  0
-6.847010537130257e-03  3.850178678530675e+00  3.850178678530675e+00  3.850178678530675e+00  3.850178678530675e+00  0
-6.247510509331774e-03  3.421041717727948e+00  3.421041717727948e+00  3.421041717727948e+00  3.421041717727948e+00  0
-5.700500583802218e-03  2.933607890836845e+00  2.933607890836845e+00  2.933607890836845e+00  2.933607890836845e+00  0
-5.201384912821079e-03  2.434136125353879e+00  2.434136125353879e+00  2.434136125353879e+00  2.434136125353879e+00  0
-4.745970044840788e-03  5.945942997617797e+00  5.945942997617797e+00  5.945942997617797e+00  5.945942997617797e+00  0
-4.330429692100902e-03  5.451312774656404e+00  5.451312774656404e+00  5.451312774656404e+00  5.451312774656404e+00  0
-3.951272583065410e-03  5.037438094775609e+00  5.037438094775609e+00  5.037438094775609e+00  5.037438094775609e+00  0
-3.605313129586913e-03  4.713947037504463e+00  4.713947037504463e+00  4.713947037504463e+00  4.713947037504463e+00  0
-3.289644662350191e-03  4.435815597529655e+00  4.435815597529655e+00  4.435815597529655e+00  4.435815597529655e+00  0
-3.001615009725671e-03  6.909490061826594e+00  6.909490061826594e+00  6.909490061826594e+00  6.909490061826594e+00  0
-2.738804214852105e-03  7.049527567931937e+00  7.049527567931937e+00  7.049527567931937e+00  7.049527567931937e+00  0
-2.499004203732712e-03  7.015240627092161e+00  7.015240627092161e+00  7.015240627092161e+00  7.015240627092161e+00  0
-2.280200233520889e-03  6.752607475517603e+00  6.752607475517603e+00  6.752607475517603e+00  6.752607475517603e+00  0
-2.080553965128434e-03  6.285790744657686e+00  6.285790744657686e+00  6.285790744657686e+00  6.285790744657686e+00  0
-1.898388017936316e-03  7.075487473559092e+00  7.075487473559092e+00  7.075487473559092e+00  7.075487473559092e+00  0
-1.732171876840362e-03  6.854865993807510e+00  6.854865993807510e+00  6.854865993807510e+00  6.854865993807510e+00  0
-1.580509033226165e-03  6.678123063589358e+00  6.678123063589358e+00  6.678123063589358e+00  6.678123063589358e+00  0
-1.442125251834766e-03  6.634339036986379e+00  6.634339036986379e+00  6.634339036986379e+00  6.634339036986379e+00  0
-1.315857864940077e-03  6.722220253458169e+00  6.722220253458169e+00  6.722220253458169e+00  6.722220253458169e+00  0
-1.200646003890268e-03  5.869794683790316e+00  5.869794683790316e+00  5.869794683790316e+00  5.869794683790316e+00  0
-1.095521685940842e-03  6.308233640792129e+00  6.308233640792129e+00  6.308233640792129e+00  6.308233640792129e+00  0
-9.996016814930845e-04  6.728355181951624e+00  6.728355181951624e+00  6.728355181951624e+00  6.728355181951624e+00  0
-9.120800934083555e-04  6.968399233353907e+00  6.968399233353907e+00  6.968399233353907e+00  6.968399233353907e+00  0
-8.322215860513732e-04  6.940778255295157e+00  6.940778255295157e+00  6.940778255295157e+00  6.940778255295157e+00  0
-7.593552071745265e-04  6.317059721361377e+00  6.317059721361377e+00  6.317059721361377e+00  6.317059721361377e+00  0
-6.928687507361448e-04  5.970648827474544e+00  5.970648827474544e+00  5.970648827474544e+00  5.970648827474544e+00  0
-6.322036132904660e-04  5.626876692955811e+00  5.626876692955811e+00  5.626876692955811e+00  5.626876692955811e+00  0
-5.768501007339063e-04  5.446728060557507e+00  5.446728060557507e+00  5.446728060557507e+00  5.446728060557507e+00  0
-5.263431459760308e-04  5.516942666474703e+00  5.516942666474703e+00  5.516942666474703e+00  5.516942666474703e+00  0
-4.802584015561073e-04  5.234352937705649e+00  5.234352937705649e+00  5.234352937705649e+00  5.234352937705649e+00  0
-4.382086743763368e-04  5.655513331716370e+00  5.655513331716370e+00  5.655513331716370e+00  5.655513331716370e+00  0
-3.998406725972339e-04  6.119042766047084e+00  6.119042766047084e+00  6.119042766047084e+00  6.119042766047084e+00  0
-3.648320373633422e-04  6.438664896306566e+00  6.438664896306566e+00  6.438664896306566e+00  6.438664896306566e+00  0
-3.328886344205493e-04  6.490228362995578e+00  6.490228362995578e+00  6.490228362995578e+00  6.490228362995578e+00  0
-3.037420828698106e-04  6.100205715974708e+00  6.100205715974708e+00  6.100205715974708e+00  6.100205715974708e+00  0
-2.771475002944579e-04  5.783101974509087e+00  5.783101974509087e+00  5.783101974509087e+00  5.783101974509087e+00  0
-2.528814453161864e-04  5.382945271799455e+00  5.382945271799455e+00  5.382945271799455e+00  5.382945271799455e+00  0
-2.307400402935626e-04  5.091101820675195e+00  5.091101820675195e+00  5.091101820675195e+00  5.091101820675195e+00  0
-2.105372583904124e-04  5.043493434909348e+00  5.043493434909348e+00  5.043493434909348e+00  5.043493434909348e+00  0
-1.921033606224429e-04  4.547803037333210e+00  4.547803037333210e+00  4.547803037333210e+00  4.547803037333210e+00  0
-1.752834697505347e-04  4.977147269948322e+00  4.977147269948322e+00  4.977147269948322e+00  4.977147269948322e+00  0
-1.599362690388935e-04  5.520500978751397e+00  5.520500978751397e+00  5.520500978751397e+00  5.520500978751397e+00  0
-1.459328149453369e-04  5.972604683065039e+00  5.972604683065039e+00  5.972604683065039e+00  5.972604683065039e+00  0
-1.331554537682197e-04  6.168155036837527e+00  6.168155036837527e+00  6.168155036837527e+00  6.168155036837527e+00  0
-1.214968331479242e-04  5.706709588188602e+00  5.706709588188602e+00  5.706709588188602e+00  5.706709588188602e+00  0
-1.108590001177832e-04  5.362942708082540e+00  5.362942708082540e+00  5.362942708082540e+00  5.362942708082540e+00  0
-1.011525781264745e-04  4.896094717298098e+00  4.896094717298098e+00  4.896094717298098e+00  4.896094717298098e+00  0
-9.229601611742502e-05  4.508766536524290e+00  4.508766536524290e+00  4.508766536524290e+00  4.508766536524290e+00  0
-8.421490335616494e-05  4.368108078891013e+00  4.368108078891013e+00  4.368108078891013e+00  4.368108078891013e+00  0
-7.684134424897716e-05  4.234496782079392e+00  4.234496782079392e+00  4.234496782079392e+00  4.234496782079392e+00  0
-7.011338790021387e-05  4.607276739404496e+00  4.607276739404496e+00  4.607276739404496e+00  4.607276739404496e+00  0
-6.397450761555741e-05  5.120016295925980e+00  5.120016295925980e+00  5.120016295925980e+00  5.120016295925980e+00  0
-5.837312597813476e-05  5.572329592469865e+00  5.572329592469865e+00  5.572329592469865e+00  5.572329592469865e+00  0
-5.326218150728788e-05  5.791476951878164e+00  5.791476951878164e+00  5.791476951878164e+00  5.791476951878164e+00  0
-4.859873325916970e-05  5.578826597803006e+00  5.578826597803006e+00  5.578826597803006e+00  5.578826597803006e+00  0
-4.434360004711327e-05  5.235393425514311e+00  5.235393425514311e+00  5.235393425514311e+00  5.235393425514311e+00  0
-4.046103125058982e-05  4.749930474644225e+00  4.749930474644225e+00  4.749930474644225e+00  4.749930474644225e+00  0
-3.691840644697001e-05  4.321178927042223e+00  4.321178927042223e+00  4.321178927042223e+00  4.321178927042223e+00  0
-3.368596134246598e-05  4.121309066776961e+00  4.121309066776961e+00  4.121309066776961e+00  4.121309066776961e+00  0
-3.073653769959087e-05  4.126626497448318e+00  4.126626497448318e+00  4.126626497448318e+00  4.126626497448318e+00  0
-2.804535516008556e-05  4.477825661281091e+00  4.477825661281091e+00  4.477825661281091e+00  4.477825661281091e+00  0
-2.558980304622297e-05  4.977629366183611e+00  4.977629366183611e+00  4.977629366183611e+00  4.977629366183611e+00  0
-2.334925039125391e-05  5.428322207532270e+00  5.428322207532270e+00  5.428322207532270e+00  5.428322207532270e+00  0
-2.130487260291516e-05  5.654548212830429e+00  5.654548212830429e+00  5.654548212830429e+00  5.654548212830429e+00  0
-1.943949330366788e-05  5.530654263332570e+00  5.530654263332570e+00  5.530654263332570e+00  5.530654263332570e+00  0
-1.773744001884531e-05  5.189076281264764e+00  5.189076281264764e+00  5.189076281264764e+00  5.189076281264764e+00  0
-1.618441250023593e-05  4.698972067635003e+00  4.698972067635003e+00  4.698972067635003e+00  4.698972067635003e+00  0
-1.476736257878800e-05  4.257108232677044e+00  4.257108232677044e+00  4.257108232677044e+00  4.257108232677044e+00  0
-1.347438453698639e-05  4.036714342003110e+00  4.036714342003110e+00  4.036714342003110e+00  4.036714342003110e+00  0
-1.229461507983635e-05  4.085759847247472e+00  4.085759847247472e+00  4.085759847247472e+00  4.085759847247472e+00  0
-1.121814206403422e-05  4.428539262007460e+00  4.428539262007460e+00  4.428539262007460e+00  4.428539262007460e+00  0
-1.023592121848919e-05  4.923185245078688e+00  4.923185245078688e+00  4.923185245078688e+00  4.923185245078688e+00  0
-9.339700156501563e-06  5.373260335151711e+00  5.373260335151711e+00  5.373260335151711e+00  5.373260335151711e+00  0
-8.521949041166063e-06  5.602807985916081e+00  5.602807985916081e+00  5.602807985916081e+00  5.602807985916081e+00  0
-7.775797321467151e-06  5.511782425991029e+00  5.511782425991029e+00  5.511782425991029e+00  5.511782425991029e+00  0
-7.094976007538122e-06  5.171136665240367e+00  5.171136665240367e+00  5.171136665240367e+00  5.171136665240367e+00  0
-6.473765000094370e-06  4.679519688440490e+00  4.679519688440490e+00  4.679519688440490e+00  4.679519688440490e+00  0
-5.906945031515201e-06  4.232873319856835e+00  4.232873319856835e+00  4.232873319856835e+00  4.232873319856835e+00  0
-5.389753814794556e-06  4.004748983373569e+00  4.004748983373569e+00  4.004748983373569e+00  4.004748983373569e+00  0
-4.917846031934539e-06  4.069788881556965e+00  4.069788881556965e+00  4.069788881556965e+00  4.069788881556965e+00  0
-4.487256825613690e-06  4.409223050479271e+00  4.409223050479271e+00  4.409223050479271e+00  4.409223050479271e+00  0
-4.094368487395675e-06  4.901792268321656e+00  4.901792268321656e+00  4.901792268321656e+00  4.901792268321656e+00  0
-3.735880062600625e-06  5.351584189985688e+00  5.351584189985688e+00  5.351584189985688e+00  5.351584189985688e+00  0
-3.408779616466425e-06  5.582440836685759e+00  5.582440836685759e+00  5.582440836685759e+00  5.582440836685759e+00  0
-3.110318928586861e-06  5.504395398381212e+00  5.504395398381212e+00  5.504395398381212e+00  5.504395398381212e+00  0
-2.837990403015249e-06  5.164139940647625e+00  5.164139940647625e+00  5.164139940647625e+00  5.164139940647625e+00  0
-2.589506000037748e-06  4.671953715665402e+00  4.671953715665402e+00  4.671953715665402e+00  4.671953715665402e+00  0
-2.362778012606080e-06  4.223447409527529e+00  4.223447409527529e+00  4.223447409527529e+00  4.223447409527529e+00  0
-2.155901525917822e-06  3.992289997901437e+00  3.992289997901437e+00  3.992289997901437e+00  3.992289997901437e+00  0
-1.967138412773816e-06  4.063536300967158e+00  4.063536300967158e+00  4.063536300967158e+00  4.063536300967158e+00  0
-1.794902730245476e-06  4.401642307192627e+00  4.401642307192627e+00  4.401642307192627e+00  4.401642307192627e+00  0
-1.637747394958270e-06  4.893387921226388e+00  4.893387921226388e+00  4.893387921226388e+00  4.893387921226388e+00  0
-1.494352025040250e-06  5.343068941756366e+00  5.343068941756366e+00  5.343068941756366e+00  5.343068941756366e+00  0
-1.363511846586570e-06  5.574448975467234e+00  5.574448975467234e+00  5.574448975467234e+00  5.574448975467234e+00  0
-1.244127571434744e-06  5.501571534097065e+00  5.501571534097065e+00  5.501571534097065e+00  5.501571534097065e+00  0
-1.135196161206100e-06  5.161468220748900e+00  5.161468220748900e+00  5.161468220748900e+00  5.161468220748900e+00  0
-1.035802400015099e-06  4.669050228545051e+00  4.669050228545051e+00  4.669050228545051e+00  4.669050228545051e+00  0
-9.451112050424321e-07  4.219799390889470e+00  4.219799390889470e+00  4.219799390889470e+00  4.219799390889470e+00  0
-8.623606103671289e-07  3.987433353988154e+00  3.987433353988154e+00  3.987433353988154e+00  3.987433353988154e+00  0
-7.868553651095264e-07  4.061134716059694e+00  4.061134716059694e+00  4.061134716059694e+00  4.061134716059694e+00  0
-7.179610920981903e-07  4.398717456280728e+00  4.398717456280728e+00  4.398717456280728e+00  4.398717456280728e+00  0
-6.550989579833081e-07  4.890144138817162e+00  4.890144138817162e+00  4.890144138817162e+00  4.890144138817162e+00  0
-5.977408100161000e-07  5.339789739930723e+00  5.339789739930723e+00  5.339789739930723e+00  5.339789739930723e+00  0
-5.454047386346280e-07  5.571383415456538e+00  5.571383415456538e+00  5.571383415456538e+00  5.571383415456538e+00  0
-4.976510285738977e-07  5.500568528036637e+00  5.500568528036637e+00  5.500568528036637e+00  5.500568528036637e+00  0
-4.540784644824398e-07  5.160518885820309e+00  5.160518885820309e+00  5.160518885820309e+00  5.160518885820309e+00  0
-4.143209600060397e-07  4.667998041518480e+00  4.667998041518480e+00  4.667998041518480e+00  4.667998041518480e+00  0
-3.780444820169729e-07  4.218440616273391e+00  4.218440616273391e+00  4.218440616273391e+00  4.218440616273391e+00  0
-3.449442441468515e-07  3.985587330866182e+00  3.985587330866182e+00  3.985587330866182e+00  3.985587330866182e+00  0
-3.147421460438105e-07  4.060268009211533e+00  4.060268009211533e+00  4.060268009211533e+00  4.060268009211533e+00  0
-2.871844368392761e-07  4.397649164022397e+00  4.397649164022397e+00  4.397649164022397e+00  4.397649164022397e+00  0
-2.620395831933232e-07  4.888959345332958e+00  4.888959345332958e+00  4.888959345332958e+00  4.888959345332958e+00  0
-2.390963240064400e-07  5.338600763190461e+00  5.338600763190461e+00  5.338600763190461e+00  5.338600763190461e+00  0
-2.181618954538512e-07  5.570284860023397e+00  5.570284860023397e+00  5.570284860023397e+00  5.570284860023397e+00  0
-1.990604114295591e-07  5.500293437770361e+00  5.500293437770361e+00  5.500293437770361e+00  5.500293437770361e+00  0
-1.816313857929760e-07  5.160257560363349e+00  5.160257560363349e+00  5.160257560363349e+00  5.160257560363349e+00  0
-1.657283840024159e-07  4.667684454651228e+00  4.667684454651228e+00  4.667684454651228e+00  4.667684454651228e+00  0
-1.512177928067892e-07  4.217994309563648e+00  4.217994309563648e+00  4.217994309563648e+00  4.217994309563648e+00  0
-1.379776976587407e-07  3.984940997506553e+00  3.984940997506553e+00  3.984940997506553e+00  3.984940997506553e+00  0
-1.258968584175242e-07  4.060014507059985e+00  4.060014507059985e+00  4.060014507059985e+00  4.060014507059985e+00  0
-1.148737747357105e-07  4.397322717099390e+00  4.397322717099390e+00  4.397322717099390e+00  4.397322717099390e+00  0
-1.048158332773293e-07  4.888597443108300e+00  4.888597443108300e+00  4.888597443108300e+00  4.888597443108300e+00  0
-9.563852960257600e-08  5.338247250553531e+00  5.338247250553531e+00  5.338247250553531e+00  5.338247250553531e+00  0
-8.726475818154049e-08  5.569972351166875e+00  5.569972351166875e+00  5.569972351166875e+00  5.569972351166875e+00  0
-7.962416457182364e-08  5.500309538515108e+00  5.500309538515108e+00  5.500309538515108e+00  5.500309538515108e+00  0
-7.265255431719039e-08  5.160271380726568e+00  5.160271380726568e+00  5.160271380726568e+00  5.160271380726568e+00  0
-6.629135360096636e-08  4.667666095810469e+00  4.667666095810469e+00  4.667666095810469e+00  4.667666095810469e+00  0
-6.048711712271566e-08  4.217912576422074e+00  4.217912576422074e+00  4.217912576422074e+00  4.217912576422074e+00  0
-5.519107906349626e-08  3.984773930615240e+00  3.984773930615240e+00  3.984773930615240e+00  3.984773930615240e+00  0
-5.035874336700968e-08  4.060006198808289e+00  4.060006198808289e+00  4.060006198808289e+00  4.060006198808289e+00  0
-4.594950989428418e-08  4.397292882211603e+00  4.397292882211603e+00  4.397292882211603e+00  4.397292882211603e+00  0
-4.192633331093172e-08  4.888564476280563e+00  4.888564476280563e+00  4.888564476280563e+00  4.888564476280563e+00  0
-3.825541184103040e-08  5.338227435237076e+00  5.338227435237076e+00  5.338227435237076e+00  5.338227435237076e+00  0
-3.490590327261619e-08  5.569973110265937e+00  5.569973110265937e+00  5.569973110265937e+00  5.569973110265937e+00  0
-3.184966582872946e-08  5.500442163146465e+00  5.500442163146465e+00  5.500442163146465e+00  5.500442163146465e+00  0
-2.906102172687616e-08  5.160395292801113e+00  5.160395292801113e+00  5.160395292801113e+00  5.160395292801113e+00  0
-2.651654144038655e-08  4.667765836383149e+00  4.667765836383149e+00  4.667765836383149e+00  4.667765836383149e+00  0
-2.419484684908627e-08  4.217976650551081e+00  4.217976650551081e+00  4.217976650551081e+00  4.217976650551081e+00  0
-2.207643162539851e-08  3.984798522639331e+00  3.984798522639331e+00  3.984798522639331e+00  3.984798522639331e+00  0
-2.014349734680388e-08  4.060095917375819e+00  4.060095917375819e+00  4.060095917375819e+00  4.060095917375819e+00  0
-1.837980395771367e-08  4.397381521614092e+00  4.397381521614092e+00  4.397381521614092e+00  4.397381521614092e+00  0
-1.677053332437269e-08  4.888662586053903e+00  4.888662586053903e+00  4.888662586053903e+00  4.888662586053903e+00  0
-1.530216473641216e-08  5.338339788615161e+00  5.338339788615161e+00  5.338339788615161e+00  5.338339788615161e+00  0
-1.396236130904648e-08  5.570096030167490e+00  5.570096030167490e+00  5.570096030167490e+00  5.570096030167490e+00  0
-1.273986633149178e-08  5.500621431712026e+00  5.500621431712026e+00  5.500621431712026e+00  5.500621431712026e+00  0
-1.162440869075046e-08  5.160563273224275e+00  5.160563273224275e+00  5.160563273224275e+00  5.160563273224275e+00  0
-1.060661657615462e-08  4.667912843909572e+00  4.667912843909572e+00  4.667912843909572e+00  4.667912843909572e+00  0
-9.677938739634506e-09  4.218099071102750e+00  4.218099071102750e+00  4.218099071102750e+00  4.218099071102750e+00  0
-8.830572650159401e-09  3.984899801700153e+00  3.984899801700153e+00  3.984899801700153e+00  3.984899801700153e+00  0
-8.057398938721549e-09  4.060224672155715e+00  4.060224672155715e+00  4.060224672155715e+00  4.060224672155715e+00  0
-7.351921583085468e-09  4.397517011204664e+00  4.397517011204664e+00  4.397517011204664e+00  4.397517011204664e+00  0
-6.708213329749074e-09  4.888811606475714e+00  4.888811606475714e+00  4.888811606475714e+00  4.888811606475714e+00  0
-6.120865894564863e-09  5.338501088243557e+00  5.338501088243557e+00  5.338501088243557e+00  5.338501088243557e+00  0
-5.584944523618591e-09  5.570258512086671e+00  5.570258512086671e+00  5.570258512086671e+00  5.570258512086671e+00  0
-5.095946532596712e-09  5.500819390906479e+00  5.500819390906479e+00  5.500819390906479e+00  5.500819390906479e+00  0
-4.649763476300184e-09  5.160748914173419e+00  5.160748914173419e+00  5.160748914173419e+00  5.160748914173419e+00  0
-4.242646630461847e-09  4.668078791154416e+00  4.668078791154416e+00  4.668078791154416e+00  4.668078791154416e+00  0
-3.871175495853802e-09  4.218244865388571e+00  4.218244865388571e+00  4.218244865388571e+00  4.218244865388571e+00  0
-3.532229060063760e-09  3.985031797796049e+00  3.985031797796049e+00  3.985031797796049e+00  3.985031797796049e+00  0
-3.222959575488619e-09  4.060368387965797e+00  4.060368387965797e+00  4.060368387965797e+00  4.060368387965797e+00  0
-2.940768633234187e-09  4.397669292370169e+00  4.397669292370169e+00  4.397669292370169e+00  4.397669292370169e+00  0
-2.683285331899630e-09  4.888975578051468e+00  4.888975578051468e+00  4.888975578051468e+00  4.888975578051468e+00  0
-2.448346357825945e-09  5.338668084992580e+00  5.338668084992580e+00  5.338668084992580e+00  5.338668084992580e+00  0
-2.233977809447436e-09  5.570403976737262e+00  5.570403976737262e+00  5.570403976737262e+00  5.570403976737262e+00  0
-2.038378613038685e-09  5.501024860196593e+00  5.501024860196593e+00  5.501024860196593e+00  5.501024860196593e+00  0
-1.859905390520073e-09  5.160941661790599e+00  5.160941661790599e+00  5.160941661790599e+00  5.160941661790599e+00  0
-1.697058652184739e-09  4.668252366074107e+00  4.668252366074107e+00  4.668252366074107e+00  4.668252366074107e+00  0
-1.548470198341521e-09  4.218400076707466e+00  4.218400076707466e+00  4.218400076707466e+00  4.218400076707466e+00  0
-1.412891624025504e-09  3.985176174926657e+00  3.985176174926657e+00  3.985176174926657e+00  3.985176174926657e+00  0
-1.289183830195448e-09  4.060514849419270e+00  4.060514849419270e+00  4.060514849419270e+00  4.060514849419270e+00  0
-1.176307453293675e-09  4.397818684497931e+00  4.397818684497931e+00  4.397818684497931e+00  4.397818684497931e+00  0
-1.073314132759852e-09  4.889118912668222e+00  4.889118912668222e+00  4.889118912668222e+00  4.889118912668222e+00  0
-9.793385431303781e-10  5.338769173676985e+00  5.338769173676985e+00  5.338769173676985e+00  5.338769173676985e+00  0
-8.935911237789746e-10  5.570381376938180e+00  5.570381376938180e+00  5.570381376938180e+00  5.570381376938180e+00  0
-8.153514452154740e-10  5.501233240875376e+00  5.501233240875376e+00  5.501233240875376e+00  5.501233240875376e+00  0
-7.439621562080295e-10  5.161137231269573e+00  5.161137231269573e+00  5.161137231269573e+00  5.161137231269573e+00  0
-6.788234608738956e-10  4.668429054220855e+00  4.668429054220855e+00  4.668429054220855e+00  4.668429054220855e+00  0
-6.193880793366084e-10  4.218559224646660e+00  4.218559224646660e+00  4.218559224646660e+00  4.218559224646660e+00  0
-5.651566496102017e-10  3.985325817556258e+00  3.985325817556258e+00  3.985325817556258e+00  3.985325817556258e+00  0
-5.156735320781790e-10  4.060636223115579e+00  4.060636223115579e+00  4.060636223115579e+00  4.060636223115579e+00  0
-4.705229813174699e-10  4.397888651156900e+00  4.397888651156900e+00  4.397888651156900e+00  4.397888651156900e+00  0
-4.293256531039407e-10  4.889036848142782e+00  4.889036848142782e+00  4.889036848142782e+00  4.889036848142782e+00  0
-3.917354172521512e-10  5.338287540744028e+00  5.338287540744028e+00  5.338287540744028e+00  5.338287540744028e+00  0
-3.574364495115897e-10  5.568975767162653e+00  5.568975767162653e+00  5.568975767162653e+00  5.568975767162653e+00  0
-3.261405780861896e-10  5.501441607322464e+00  5.501441607322464e+00  5.501441607322464e+00  5.501441607322464e+00  0
-2.975848624832118e-10  5.161333648456536e+00  5.161333648456536e+00  5.161333648456536e+00  5.161333648456536e+00  0
-2.715293843495581e-10  4.668607879876495e+00  4.668607879876495e+00  4.668607879876495e+00  4.668607879876495e+00  0
-2.477552317346433e-10  4.218722395950023e+00  4.218722395950023e+00  4.218722395950023e+00  4.218722395950023e+00  0
-2.260626598440806e-10  3.985482032288404e+00  3.985482032288404e+00  3.985482032288404e+00  3.985482032288404e+00  0
2.260626598440806e-10  5.126139396872141e+00  5.126139396872141e+00  5.126139396872141e+00  5.126139396872141e+00  0
2.477552317346433e-10  4.646404687029635e+00  4.646404687029635e+00  4.646404687029635e+00  4.646404687029635e+00  0
2.715293843495581e-10  4.210416662103574e+00  4.210416662103574e+00  4.210416662103574e+00  4.210416662103574e+00  0
2.975848624832118e-10  3.996808530701326e+00  3.996808530701326e+00  3.996808530701326e+00  3.996808530701326e+00  0
3.261405780861896e-10  4.097908064265204e+00  4.097908064265204e+00  4.097908064265204e+00  4.097908064265204e+00  0
3.574364495115897e-10  4.410282605000265e+00  4.410282605000265e+00  4.410282605000265e+00  4.410282605000265e+00  0
3.917354172521512e-10  4.903423879484658e+00  4.903423879484658e+00  4.903423879484658e+00  4.903423879484658e+00  0
4.293256531039407e-10  5.346057844795582e+00  5.346057844795582e+00  5.346057844795582e+00  5.346057844795582e+00  0
4.705229813174699e-10  5.562841001247991e+00  5.562841001247991e+00  5.562841001247991e+00  5.562841001247991e+00  0
5.156735320781790e-10  5.461320317957542e+00  5.461320317957542e+00  5.461320317957542e+00  5.461320317957542e+00  0
5.651566496102017e-10  5.125940260779148e+00  5.125940260779148e+00  5.125940260779148e+00  5.125940260779148e+00  0
6.193880793366084e-10  4.646224183979804e+00  4.646224183979804e+00  4.646224183979804e+00  4.646224183979804e+00  0
6.788234608738956e-10  4.210252711398362e+00  4.210252711398362e+00  4.210252711398362e+00  4.210252711398362e+00  0
7.439621562080295e-10  3.996652048624849e+00  3.996652048624849e+00  3.996652048624849e+00  3.996652048624849e+00  0
8.153514452154740e-10  4.097746430232633e+00  4.097746430232633e+00  4.097746430232633e+00  4.097746430232633e+00  0
8.935911237789746e-10  4.410122306250456e+00  4.410122306250456e+00  4.410122306250456e+00  4.410122306250456e+00  0
9.793385431303781e-10  4.903239503171188e+00  4.903239503171188e+00  4.903239503171188e+00  4.903239503171188e+00  0
1.073314132759852e-09  5.345853361739426e+00  5.345853361739426e+00  5.345853361739426e+00  5.345853361739426e+00  0
1.176307453293675e-09  5.562626593951364e+00  5.562626593951364e+00  5.562626593951364e+00  5.562626593951364e+00  0
1.289183830195448e-09  5.461109177715936e+00  5.461109177715936e+00  5.461109177715936e+00  5.461109177715936e+00  0
1.412891624025504e-09  5.125739999932777e+00  5.125739999932777e+00  5.125739999932777e+00  5.125739999932777e+00  0
1.548470198341521e-09  4.646043091070037e+00  4.646043091070037e+00  4.646043091070037e+00  4.646043091070037e+00  0
1.697058652184739e-09  4.210088760721972e+00  4.210088760721972e+00  4.210088760721972e+00  4.210088760721972e+00  0
1.859905390520073e-09  3.996496257186347e+00  3.996496257186347e+00  3.996496257186347e+00  3.996496257186347e+00  0
2.038378613038685e-09  4.097586317013302e+00  4.097586317013302e+00  4.097586317013302e+00  4.097586317013302e+00  0
2.233977809447436e-09  4.409949942272546e+00  4.409949942272546e+00  4.409949942272546e+00  4.409949942272546e+00  0
2.448346357825945e-09  4.903047086685678e+00  4.903047086685678e+00  4.903047086685678e+00  4.903047086685678e+00  0
2.683285331899630e-09  5.345643398991435e+00  5.345643398991435e+00  5.345643398991435e+00  5.345643398991435e+00  0
2.940768633234187e-09  5.562408377249564e+00  5.562408377249564e+00  5.562408377249564e+00  5.562408377249564e+00  0
3.222959575488619e-09  5.460895421949331e+00  5.460895421949331e+00  5.460895421949331e+00  5.460895421949331e+00  0
3.532229060063760e-09  5.125534642314479e+00  5.125534642314479e+00  5.125534642314479e+00  5.125534642314479e+00  0
3.871175495853802e-09  4.645858253873461e+00  4.645858253873461e+00  4.645858253873461e+00  4.645858253873461e+00  0
4.242646630461847e-09  4.209922114802170e+00  4.209922114802170e+00  4.209922114802170e+00  4.209922114802170e+00  0
4.649763476300184e-09  3.996338415173291e+00  3.996338415173291e+00  3.996338415173291e+00  3.996338415173291e+00  0
5.095946532596712e-09  4.097424451410145e+00  4.097424451410145e+00  4.097424451410145e+00  4.097424451410145e+00  0
5.584944523618591e-09  4.409769247945990e+00  4.409769247945990e+00  4.409769247945990e+00  4.409769247945990e+00  0
6.120865894564863e-09  4.902846265831458e+00  4.902846265831458e+00  4.902846265831458e+00  4.902846265831458e+00  0
6.708213329749074e-09  5.345425183319291e+00  5.345425183319291e+00  5.345425183319291e+00  5.345425183319291e+00  0
7.351921583085468e-09  5.562182567582523e+00  5.562182567582523e+00  5.562182567582523e+00  5.562182567582523e+00  0
8.057398938721549e-09  5.460675229729075e+00  5.460675229729075e+00  5.460675229729075e+00  5.460675229729075e+00  0
8.830572650159401e-09  5.125315781764641e+00  5.125315781764641e+00  5.125315781764641e+00  5.125315781764641e+00  0
9.677938739634506e-09  4.645663210654953e+00  4.645663210654953e+00  4.645663210654953e+00  4.645663210654953e+00  0
1.060661657615462e-08  4.209747655860861e+00  4.209747655860861e+00  4.209747655860861e+00  4.209747655860861e+00  0
1.162440869075046e-08  3.996173940973502e+00  3.996173940973502e+00  3.996173940973502e+00  3.996173940973502e+00  0
1.273986633149178e-08  4.097256061775863e+00  4.097256061775863e+00  4.097256061775863e+00  4.097256061775863e+00  0
1.396236130904648e-08  4.409569906464620e+00  4.409569906464620e+00  4.409569906464620e+00  4.409569906464620e+00  0
1.530216473641216e-08  4.902625352619281e+00  4.902625352619281e+00  4.902625352619281e+00  4.902625352619281e+00  0
1.677053332437269e-08  5.345186463997817e+00  5.345186463997817e+00  5.345186463997817e+00  5.345186463997817e+00  0
1.837980395771367e-08  5.561937460254549e+00  5.561937460254549e+00  5.561937460254549e+00  5.561937460254549e+00  0
2.014349734680388e-08  5.460438414727393e+00  5.460438414727393e+00  5.460438414727393e+00  5.460438414727393e+00  0
2.207643162539851e-08  5.125062875206648e+00  5.125062875206648e+00  5.125062875206648e+00  5.125062875206648e+00  0
2.419484684908627e-08  4.645442337632362e+00  4.645442337632362e+00  4.645442337632362e+00  4.645442337632362e+00  0
2.651654144038655e-08  4.209553274005760e+00  4.209553274005760e+00  4.209553274005760e+00  4.209553274005760e+00  0
2.906102172687616e-08  3.995992351010301e+00  3.995992351010301e+00  3.995992351010301e+00  3.995992351010301e+00  0
3.184966582872946e-08  4.097070610224281e+00  4.097070610224281e+00  4.097070610224281e+00  4.097070610224281e+00  0
3.490590327261619e-08  4.409324389652045e+00  4.409324389652045e+00  4.409324389652045e+00  4.409324389652045e+00  0
3.825541184103040e-08  4.902354342470224e+00  4.902354342470224e+00  4.902354342470224e+00  4.902354342470224e+00  0
4.192633331093172e-08  5.344896423476014e+00  5.344896423476014e+00  5.344896423476014e+00  5.344896423476014e+00  0
4.594950989428418e-08  5.561643936221371e+00  5.561643936221371e+00  5.561643936221371e+00  5.561643936221371e+00  0
5.035874336700968e-08  5.460159818474938e+00  5.460159818474938e+00  5.460159818474938e+00  5.460159818474938e+00  0
5.519107906349626e-08  5.124724773353090e+00  5.124724773353090e+00  5.124724773353090e+00  5.124724773353090e+00  0
6.048711712271566e-08  4.645156794951471e+00  4.645156794951471e+00  4.645156794951471e+00  4.645156794951471e+00  0
6.629135360096636e-08  4.209308957217128e+00  4.209308957217128e+00  4.209308957217128e+00  4.209308957217128e+00  0
7.265255431719039e-08  3.995767787164216e+00  3.995767787164216e+00  3.995767787164216e+00  3.995767787164216e+00  0
7.962416457182364e-08  4.096842237496555e+00  4.096842237496555e+00  4.096842237496555e+00  4.096842237496555e+00  0
8.726475818154049e-08  4.408963592829108e+00  4.408963592829108e+00  4.408963592829108e+00  4.408963592829108e+00  0
9.563852960257600e-08  4.901958153901715e+00  4.901958153901715e+00  4.901958153901715e+00  4.901958153901715e+00  0
1.048158332773293e-07  5.344478083218002e+00  5.344478083218002e+00  5.344478083218002e+00  5.344478083218002e+00  0
1.148737747357105e-07  5.561229337498375e+00  5.561229337498375e+00  5.561229337498375e+00  5.561229337498375e+00  0
1.258968584175242e-07  5.459776716227911e+00  5.459776716227911e+00  5.459776716227911e+00  5.459776716227911e+00  0
1.379776976587407e-07  5.124173763775681e+00  5.124173763775681e+00  5.124173763775681e+00  5.124173763775681e+00  0
1.512177928067892e-07  4.644709626313736e+00  4.644709626313736e+00  4.644709626313736e+00  4.644709626313736e+00  0
1.657283840024159e-07  4.208939817370850e+00  4.208939817370850e+00  4.208939817370850e+00  4.208939817370850e+00  0
1.816313857929760e-07  3.995435767288374e+00  3.995435767288374e+00  3.995435767288374e+00  3.995435767288374e+00  0
1.990604114295591e-07  4.096506502697386e+00  4.096506502697386e+00  4.096506502697386e+00  4.096506502697386e+00  0
2.181618954538512e-07  4.408314801686903e+00  4.408314801686903e+00  4.408314801686903e+00  4.408314801686903e+00  0
2.390963240064400e-07  4.901249201108089e+00  4.901249201108089e+00  4.901249201108089e+00  4.901249201108089e+00  0
2.620395831933232e-07  5.343739157338129e+00  5.343739157338129e+00  5.343739157338129e+00  5.343739157338129e+00  0
2.871844368392761e-07  5.560512194400497e+00  5.560512194400497e+00  5.560512194400497e+00  5.560512194400497e+00  0
3.147421460438105e-07  5.459132464278953e+00  5.459132464278953e+00  5.459132464278953e+00  5.459132464278953e+00  0
3.449442441468515e-07  5.123090959687696e+00  5.123090959687696e+00  5.123090959687696e+00  5.123090959687696e+00  0
3.780444820169729e-07  4.643858726340927e+00  4.643858726340927e+00  4.643858726340927e+00  4.643858726340927e+00  0
4.143209600060397e-07  4.208258845593783e+00  4.208258845593783e+00  4.208258845593783e+00  4.208258845593783e+00  0
4.540784644824398e-07  3.994835266094789e+00  3.994835266094789e+00  3.994835266094789e+00  3.994835266094789e+00  0
4.976510285738977e-07  4.095902489335830e+00  4.095902489335830e+00  4.095902489335830e+00  4.095902489335830e+00  0
5.454047386346280e-07  4.406946734893046e+00  4.406946734893046e+00  4.406946734893046e+00  4.406946734893046e+00  0
5.977408100161000e-07  4.899759103774699e+00  4.899759103774699e+00  4.899759103774699e+00  4.899759103774699e+00  0
6.550989579833081e-07  5.342199546313729e+00  5.342199546313729e+00  5.342199546313729e+00  5.342199546313729e+00  0
7.179610920981903e-07  5.559039412609269e+00  5.559039412609269e+00  5.559039412609269e+00  5.559039412609269e+00  0
7.868553651095264e-07  5.457835943681236e+00  5.457835943681236e+00  5.457835943681236e+00  5.457835943681236e+00  0
8.623606103671289e-07  5.120680917035624e+00  5.120680917035624e+00  5.120680917035624e+00  5.120680917035624e+00  0
9.451112050424321e-07  4.641999991428108e+00  4.641999991428108e+00  4.641999991428108e+00  4.641999991428108e+00  0
1.035802400015099e-06  4.206799262562479e+00  4.206799262562479e+00  4.206799262562479e+00  4.206799262562479e+00  0
1.135196161206100e-06  3.993564262187919e+00  3.993564262187919e+00  3.993564262187919e+00  3.993564262187919e+00  0
1.244127571434744e-06  4.094628417321530e+00  4.094628417321530e+00  4.094628417321530e+00  4.094628417321530e+00  0
1.363511846586570e-06  4.403783840959322e+00  4.403783840959322e+00  4.403783840959322e+00  4.403783840959322e+00  0
1.494352025040250e-06  4.896319945579237e+00  4.896319945579237e+00  4.896319945579237e+00  4.896319945579237e+00  0
1.637747394958270e-06  5.338662143207761e+00  5.338662143207761e+00  5.338662143207761e+00  5.338662143207761e+00  0
1.794902730245476e-06  5.555681139014508e+00  5.555681139014508e+00  5.555681139014508e+00  5.555681139014508e+00  0
1.967138412773816e-06  5.454911695077971e+00  5.454911695077971e+00  5.454911695077971e+00  5.454911695077971e+00  0
2.155901525917822e-06  5.114964591395218e+00  5.114964591395218e+00  5.114964591395218e+00  5.114964591395218e+00  0
2.362778012606080e-06  4.637629128088813e+00  4.637629128088813e+00  4.637629128088813e+00  4.637629128088813e+00  0
2.589506000037748e-06  4.203397700611336e+00  4.203397700611336e+00  4.203397700611336e+00  4.203397700611336e+00  0
2.837990403015249e-06  3.990620187575848e+00  3.990620187575848e+00  3.990620187575848e+00  3.990620187575848e+00  0
3.110318928586861e-06  4.091682207450206e+00  4.091682207450206e+00  4.091682207450206e+00  4.091682207450206e+00  0
3.408779616466425e-06  4.396151192487200e+00  4.396151192487200e+00  4.396151192487200e+00  4.396151192487200e+00  0
3.735880062600625e-06  4.888028628361445e+00  4.888028628361445e+00  4.888028628361445e+00  4.888028628361445e+00  0
4.094368487395675e-06  5.330151729008375e+00  5.330151729008375e+00  5.330151729008375e+00  5.330151729008375e+00  0
4.487256825613690e-06  5.547628811432246e+00  5.547628811432246e+00  5.547628811432246e+00  5.547628811432246e+00  0
4.917846031934539e-06  5.447933913602014e+00  5.447933913602014e+00  5.447933913602014e+00  5.447933913602014e+00  0
5.389753814794556e-06  5.101050423625523e+00  5.101050423625523e+00  5.101050423625523e+00  5.101050423625523e+00  0
5.906945031515201e-06  4.627019763029621e+00  4.627019763029621e+00  4.627019763029621e+00  4.627019763029621e+00  0
6.473765000094370e-06  4.195165842485738e+00  4.195165842485738e+00  4.195165842485738e+00  4.195165842485738e+00  0
7.094976007538122e-06  3.983510267909528e+00  3.983510267909528e+00  3.983510267909528e+00  3.983510267909528e+00  0
7.775797321467151e-06  4.084571711218080e+00  4.084571711218080e+00  4.084571711218080e+00  4.084571711218080e+00  0
8.521949041166063e-06  4.377455732357097e+00  4.377455732357097e+00  4.377455732357097e+00  4.377455732357097e+00  0
9.339700156501563e-06  4.867733412103080e+00  4.867733412103080e+00  4.867733412103080e+00  4.867733412103080e+00  0
1.023592121848919e-05  5.309338265460811e+00  5.309338265460811e+00  5.309338265460811e+00  5.309338265460811e+00  0
1.121814206403422e-05  5.527958190080311e+00  5.527958190080311e+00  5.527958190080311e+00  5.527958190080311e+00  0
1.229461507983635e-05  5.430914715149351e+00  5.430914715149351e+00  5.430914715149351e+00  5.430914715149351e+00  0
1.347438453698639e-05  5.067036754392558e+00  5.067036754392558e+00  5.067036754392558e+00  5.067036754392558e+00  0
1.476736257878800e-05  4.601055162573334e+00  4.601055162573334e+00  4.601055162573334e+00  4.601055162573334e+00  0
1.618441250023593e-05  4.174998554112621e+00  4.174998554112621e+00  4.174998554112621e+00  4.174998554112621e+00  0
1.773744001884531e-05  3.966081243793099e+00  3.966081243793099e+00  3.966081243793099e+00  3.966081243793099e+00  0
1.943949330366788e-05  4.067143061075973e+00  4.067143061075973e+00  4.067143061075973e+00  4.067143061075973e+00  0
2.130487260291516e-05  4.331703158541136e+00  4.331703158541136e+00  4.331703158541136e+00  4.331703158541136e+00  0
2.334925039125391e-05  4.818143579857785e+00  4.818143579857785e+00  4.818143579857785e+00  4.818143579857785e+00  0
2.558980304622297e-05  5.258514827380439e+00  5.258514827380439e+00  5.258514827380439e+00  5.258514827380439e+00  0
2.804535516008556e-05  5.479921973464065e+00  5.479921973464065e+00  5.479921973464065e+00  5.479921973464065e+00  0
3.073653769959087e-05  5.389330717053683e+00  5.389330717053683e+00  5.389330717053683e+00  5.389330717053683e+00  0
3.368596134246598e-05  4.984796335279640e+00  4.984796335279640e+00  4.984796335279640e+00  4.984796335279640e+00  0
3.691840644697001e-05  4.537893115511980e+00  4.537893115511980e+00  4.537893115511980e+00  4.537893115511980e+00  0
4.046103125058982e-05  4.125660656886822e+00  4.125660656886822e+00  4.125660656886822e+00  4.125660656886822e+00  0
4.434360004711327e-05  3.923316300286792e+00  3.923316300286792e+00  3.923316300286792e+00  3.923316300286792e+00  0
4.859873325916970e-05  4.024406017639522e+00  4.024406017639522e+00  4.024406017639522e+00  4.024406017639522e+00  0
5.326218150728788e-05  4.221905230879850e+00  4.221905230879850e+00  4.221905230879850e+00  4.221905230879850e+00  0
5.837312597813476e-05  4.699381144001734e+00  4.699381144001734e+00  4.699381144001734e+00  4.699381144001734e+00  0
6.397450761555741e-05  5.136783491360013e+00  5.136783491360013e+00  5.136783491360013e+00  5.136783491360013e+00  0
7.011338790021387e-05  5.364633745522344e+00  5.364633745522344e+00  5.364633745522344e+00  5.364633745522344e+00  0
7.684134424897716e-05  5.289172674304479e+00  5.289172674304479e+00  5.289172674304479e+00  5.289172674304479e+00  0
8.421490335616494e-05  4.793610386530895e+00  4.793610386530895e+00  4.793610386530895e+00  4.793610386530895e+00  0
9.229601611742502e-05  4.389005832975122e+00  4.389005832975122e+00  4.389005832975122e+00  4.389005832975122e+00  0
1.011525781264745e-04  4.007822976092074e+00  4.007822976092074e+00  4.007822976092074e+00  4.007822976092074e+00  0
1.108590001177832e-04  3.820399767723482e+00  3.820399767723482e+00  3.820399767723482e+00  3.820399767723482e+00  0
1.214968331479242e-04  3.921548614714439e+00  3.921548614714439e+00  3.921548614714439e+00  3.921548614714439e+00  0
1.331554537682197e-04  3.971346841097042e+00  3.971346841097042e+00  3.971346841097042e+00  3.971346841097042e+00  0
1.459328149453369e-04  4.429588940267511e+00  4.429588940267511e+00  4.429588940267511e+00  4.429588940267511e+00  0
1.599362690388935e-04  4.860069291174715e+00  4.860069291174715e+00  4.860069291174715e+00  4.860069291174715e+00  0
1.752834697505347e-04  5.101279340342985e+00  5.101279340342985e+00  5.101279340342985e+00  5.101279340342985e+00  0
1.921033606224429e-04  5.058488417108877e+00  5.058488417108877e+00  5.058488417108877e+00  5.058488417108877e+00  0
2.105372583904124e-04  4.378312573221232e+00  4.378312573221232e+00  4.378312573221232e+00  4.378312573221232e+00  0
2.307400402935626e-04  4.056884448776055e+00  4.056884448776055e+00  4.056884448776055e+00  4.056884448776055e+00  0
2.528814453161864e-04  3.738851976098870e+00  3.738851976098870e+00  3.738851976098870e+00  3.738851976098870e+00  0
2.771475002944579e-04  3.582960359655444e+00  3.582960359655444e+00  3.582960359655444e+00  3.582960359655444e+00  0
3.037420828698106e-04  3.685025398586222e+00  3.685025398586222e+00  3.685025398586222e+00  3.685025398586222e+00  0
3.328886344205493e-04  3.453537313834823e+00  3.453537313834823e+00  3.453537313834823e+00  3.453537313834823e+00  0
3.648320373633422e-04  3.874589148474711e+00  3.874589148474711e+00  3.874589148474711e+00  3.874589148474711e+00  0
3.998406725972339e-04  4.288272418918448e+00  4.288272418918448e+00  4.288272418918448e+00  4.288272418918448e+00  0
4.382086743763368e-04  4.550491386101879e+00  4.550491386101879e+00  4.550491386101879e+00  4.550491386101879e+00  0
4.802584015561073e-04  4.567271983249900e+00  4.567271983249900e+00  4.567271983249900e+00  4.567271983249900e+00  0
5.263431459760308e-04  3.583549155376502e+00  3.583549155376502e+00  3.583549155376502e+00  3.583549155376502e+00  0
5.768501007339063e-04  3.394313436798513e+00  3.394313436798513e+00  3.394313436798513e+00  3.394313436798513e+00  0
6.322036132904660e-04  3.183881466600057e+00  3.183881466600057e+00  3.183881466600057e+00  3.183881466600057e+00  0
6.928687507361448e-04  3.085995338176631e+00  3.085995338176631e+00  3.085995338176631e+00  3.085995338176631e+00  0
7.593552071745265e-04  3.192734482206231e+00  3.192734482206231e+00  3.192734482206231e+00  3.192734482206231e+00  0
8.322215860513732e-04  2.558670608374817e+00  2.558670608374817e+00  2.558670608374817e+00  2.558670608374817e+00  0
9.120800934083555e-04  2.914264914921426e+00  2.914264914921426e+00  2.914264914921426e+00  2.914264914921426e+00  0
9.996016814930845e-04  3.285293127599697e+00  3.285293127599697e+00  3.285293127599697e+00  3.285293127599697e+00  0
1.095521685940842e-03  3.560263510924055e+00  3.560263510924055e+00  3.560263510924055e+00  3.560263510924055e+00  0
1.200646003890268e-03  3.654190716926784e+00  3.654190716926784e+00  3.654190716926784e+00  3.654190716926784e+00  0
1.315857864940077e-03  2.376537069695299e+00  2.376537069695299e+00  2.376537069695299e+00  2.376537069695299e+00  0
1.442125251834766e-03  2.329723732600510e+00  2.329723732600510e+00  2.329723732600510e+00  2.329723732600510e+00  0
1.580509033226165e-03  2.250305630889474e+00  2.250305630889474e+00  2.250305630889474e+00  2.250305630889474e+00  0
1.732171876840362e-03  2.229573844387590e+00  2.229573844387590e+00  2.229573844387590e+00  2.229573844387590e+00  0
1.898388017936316e-03  2.342369019621556e+00  2.342369019621556e+00  2.342369019621556e+00  2.342369019621556e+00  0
2.080553965128434e-03  1.428517245952198e+00  1.428517245952198e+00  1.428517245952198e+00  1.428517245952198e+00  0
2.280200233520889e-03  1.678122217043146e+00  1.678122217043146e+00  1.678122217043146e+00  1.678122217043146e+00  0
2.499004203732712e-03  1.956121528698863e+00  1.956121528698863e+00  1.956121528698863e+00  1.956121528698863e+00  0
2.738804214852105e-03  2.195755685210933e+00  2.195755685210933e+00  2.195755685210933e+00  2.195755685210933e+00  0
3.001615009725671e-03  2.335578957416052e+00  2.335578957416052e+00  2.335578957416052e+00  2.335578957416052e+00  0
3.289644662350191e-03  1.174255320782331e+00  1.174255320782331e+00  1.174255320782331e+00  1.174255320782331e+00  0
3.605313129586913e-03  1.190229076170451e+00  1.190229076170451e+00  1.190229076170451e+00  1.190229076170451e+00  0
3.951272583065410e-03  1.184735103266919e+00  1.184735103266919e+00  1.184735103266919e+00  1.184735103266919e+00  0
4.330429692100902e-03  1.204038157565643e+00  1.204038157565643e+00  1.204038157565643e+00  1.204038157565643e+00  0
4.745970044840788e-03  1.293685628456587e+00  1.293685628456587e+00  1.293685628456587e+00  1.293685628456587e+00  0
5.201384912821079e-03  6.028466517415761e-01  6.028466517415761e-01  6.028466517415761e-01  6.028466517415761e-01  0
5.700500583802218e-03  7.280616254190030e-01  7.280616254190030e-01  7.280616254190030e-01  7.280616254190030e-01  0
6.247510509331774e-03  8.744905011755663e-01  8.744905011755663e-01  8.744905011755663e-01  8.744905011755663e-01  0
6.847010537130257e-03  1.014360963887661e+00  1.014360963887661e+00  1.014360963887661e+00  1.014360963887661e+00  0
7.504037524314171e-03  1.117141489357455e+00  1.117141489357455e+00  1.117141489357455e+00  1.117141489357455e+00  0
8.224111655875475e-03  5.272560749997652e-01  5.272560749997652e-01  5.272560749997652e-01  5.272560749997652e-01  0
9.013282823967279e-03  5.384066862818154e-01  5.384066862818154e-01  5.384066862818154e-01  5.384066862818154e-01  0
9.878181457663521e-03  5.376244155105668e-01  5.376244155105668e-01  5.376244155105668e-01  5.376244155105668e-01  0
1.082607423025225e-02  5.441292841639216e-01  5.441292841639216e-01  5.441292841639216e-01  5.441292841639216e-01  0
1.186492511210197e-02  5.794360884770811e-01  5.794360884770811e-01  5.794360884770811e-01  5.794360884770811e-01  0
1.300346228205270e-02  2.790680048544552e-01  2.790680048544552e-01  2.790680048544552e-01  2.790680048544552e-01  0
1.425125145950554e-02  3.322426793939897e-01  3.322426793939897e-01  3.322426793939897e-01  3.322426793939897e-01  0
1.561877627332944e-02  3.934785660327129e-01  3.934785660327129e-01  3.934785660327129e-01  3.934785660327129e-01  0
1.711752634282564e-02  4.535958244422533e-01  4.535958244422533e-01  4.535958244422533e-01  4.535958244422533e-01  0
1.876009381078543e-02  5.015069060294292e-01  5.015069060294292e-01  5.015069060294292e-01  5.015069060294292e-01  0
2.056027913968869e-02  3.073469913240960e-01  3.073469913240960e-01  3.073469913240960e-01  3.073469913240960e-01  0
2.253320705991820e-02  3.157557741039452e-01  3.157557741039452e-01  3.157557741039452e-01  3.157557741039452e-01  0
2.469545364415880e-02  3.144313222339070e-01  3.144313222339070e-01  3.144313222339070e-01  3.144313222339070e-01  0
2.706518557563063e-02  3.118008678741433e-01  3.118008678741433e-01  3.118008678741433e-01  3.118008678741433e-01  0
2.966231278025492e-02  3.178710863731360e-01  3.178710863731360e-01  3.178710863731360e-01  3.178710863731360e-01  0
3.250865570513174e-02  1.895318825138244e-01  1.895318825138244e-01  1.895318825138244e-01  1.895318825138244e-01  0
3.562812864876386e-02  2.153698766810760e-01  2.153698766810760e-01  2.153698766810760e-01  2.153698766810760e-01  0
3.904694068332359e-02  2.438515271623398e-01  2.438515271623398e-01  2.438515271623398e-01  2.438515271623398e-01  0
4.279381585706411e-02  2.716574912833217e-01  2.716574912833217e-01  2.716574912833217e-01  2.716574912833217e-01  0
4.690023452696357e-02  2.939915567687292e-01  2.939915567687292e-01  2.939915567687292e-01  2.939915567687292e-01  0
5.140069784922172e-02  2.611732643057458e-01  2.611732643057458e-01  2.611732643057458e-01  2.611732643057458e-01  0
5.633301764979549e-02  2.789381748993203e-01  2.789381748993203e-01  2.789381748993203e-01  2.789381748993203e-01  0
6.173863411039701e-02  2.839636957512686e-01  2.839636957512686e-01  2.839636957512686e-01  2.839636957512686e-01  0
6.766296393907659e-02  2.798992143149436e-01  2.798992143149436e-01  2.798992143149436e-01  2.798992143149436e-01  0
7.415578195063730e-02  2.732457915884307e-01  2.732457915884307e-01  2.732457915884307e-01  2.732457915884307e-01  0
8.127163926282936e-02  4.899769028546920e-01  4.899769028546920e-01  4.899769028546920e-01  4.899769028546920e-01  0
8.907032162190966e-02  4.748895373091988e-01  4.748895373091988e-01  4.748895373091988e-01  4.748895373091988e-01  0
9.761735170830897e-02  4.460128000139886e-01  4.460128000139886e-01  4.460128000139886e-01  4.460128000139886e-01  0
1.069845396426603e-01  4.127489416789486e-01  4.127489416789486e-01  4.127489416789486e-01  4.127489416789486e-01  0
1.172505863174089e-01  3.817589522340576e-01  3.817589522340576e-01  3.817589522340576e-01  3.817589522340576e-01  0
1.285017446230543e-01  5.281866775878807e-01  5.281866775878807e-01  5.281866775878807e-01  5.281866775878807e-01  0
1.408325441244888e-01  5.893605273458390e-01  5.893605273458390e-01  5.893605273458390e-01  5.893605273458390e-01  0
1.543465852759925e-01  6.295876430194797e-01  6.295876430194797e-01  6.295876430194797e-01  6.295876430194797e-01  0
1.691574098476915e-01  6.444801092754276e-01  6.444801092754276e-01  6.444801092754276e-01  6.444801092754276e-01  0
1.853894548765933e-01  6.334728795113744e-01  6.334728795113744e-01  6.334728795113744e-01  6.334728795113744e-01  0
2.031790981570734e-01  1.622194230273797e-01  1.622194230273797e-01  1.622194230273797e-01  1.622194230273797e-01  0
2.226758040547742e-01  2.275209960589054e-01  2.275209960589054e-01  2.275209960589054e-01  2.275209960589054e-01  0
2.440433792707724e-01  3.024367587210553e-01  3.024367587210553e-01  3.024367587210553e-01  3.024367587210553e-01  0
2.674613491066506e-01  3.823857129306379e-01  3.823857129306379e-01  3.823857129306379e-01  3.823857129306379e-01  0
2.931264657935223e-01  4.615938235571045e-01  4.615938235571045e-01  4.615938235571045e-01  4.615938235571045e-01  0
3.212543615576358e-01  2.875093826068785e-02  2.875093826068785e-02  2.875093826068785e-02  2.875093826068785e-02  0
3.520813603112218e-01  3.892798053806942e-02  3.892798053806942e-02  3.892798053806942e-02  3.892798053806942e-02  0
3.858664631899813e-01  5.523141885558732e-02  5.523141885558732e-02  5.523141885558732e-02  5.523141885558732e-02  0
4.228935246192287e-01  8.062200446617841e-02  8.062200446617841e-02  8.062200446617841e-02  8.062200446617841e-02  0
4.634736371914831e-01  1.177346205711824e-01  1.177346205711824e-01  1.177346205711824e-01  1.177346205711824e-01  0
5.079477453926834e-01  1.032607896874923e-02  1.032607896874923e-02  1.032607896874923e-02  1.032607896874923e-02  0
5.566895101369354e-01  1.456250212340404e-02  1.456250212340404e-02  1.456250212340404e-02  1.456250212340404e-02  0
6.101084481769311e-01  1.922079117932704e-02  1.922079117932704e-02  1.922079117932704e-02  1.922079117932704e-02  0
6.686533727666266e-01  2.397829776396777e-02  2.397829776396777e-02  2.397829776396777e-02  2.397829776396777e-02  0
7.328161644838057e-01  2.878673072832373e-02  2.878673072832373e-02  2.878673072832373e-02  2.878673072832373e-02  0
8.031359038940895e-01  6.717308738729727e-04  6.717308738729727e-04  6.717308738729727e-04  6.717308738729727e-04  0
8.802034007780547e-01  1.342464580637620e-03  1.342464580637620e-03  1.342464580637620e-03  1.342464580637620e-03  0
9.646661579749534e-01  2.506042275517975e-03  2.506042275517975e-03  2.506042275517975e-03  2.506042275517975e-03  0
1.057233811548072e+00  4.356338091080151e-03  4.356338091080151e-03  4.356338091080151e-03  4.356338091080151e-03  0
1.158684092978708e+00  7.039823948300577e-03  7.039823948300577e-03  7.039823948300577e-03  7.039823948300577e-03  0
1.269869363481709e+00  1.511275019015059e-05  1.511275019015059e-05  1.511275019015059e-05  1.511275019015059e-05  0
1.391723775342339e+00  2.776329000270085e-05  2.776329000270085e-05  2.776329000270085e-05  2.776329000270085e-05  0
1.525271120442328e+00  5.063288900087694e-05  5.063288900087694e-05  5.063288900087694e-05  5.063288900087694e-05  0
1.671633431916567e+00  9.465966495527951e-05  9.465966495527951e-05  9.465966495527951e-05  9.465966495527951e-05  0
1.832040411209515e+00  1.852529518736939e-04  1.852529518736939e-04  1.852529518736939e-04  1.852529518736939e-04  0
