-1.525271120442328e+00  2.830748531429803e-03  2.830748531429803e-03  2.830748531429803e-03  2.830748531429803e-03  0
-1.391723775342339e+00  1.306843993947717e-03  1.306843993947717e-03  1.306843993947717e-03  1.306843993947717e-03  0
-1.269869363481709e+00  5.819910247575936e-04  5.819910247575936e-04  5.819910247575936e-04  5.819910247575936e-04  0
-1.158684092978708e+00  2.557484608236004e-04  2.557484608236004e-04  2.557484608236004e-04  2.557484608236004e-04  0
-1.057233811548072e+00  1.136181040392450e-04  1.136181040392450e-04  1.136181040392450e-04  1.136181040392450e-04  0
-9.646661579749536e-01  4.181041765109104e-02  4.181041765109104e-02  4.181041765109104e-02  4.181041765109104e-02  0
-8.802034007780548e-01  2.911880605230362e-02  2.911880605230362e-02  2.911880605230362e-02  2.911880605230362e-02  0
-8.031359038940896e-01  1.891093759605143e-02  1.891093759605143e-02  1.891093759605143e-02  1.891093759605143e-02  0
-7.328161644838059e-01  1.141240227126836e-02  1.141240227126836e-02  1.141240227126836e-02  1.141240227126836e-02  0
-6.686533727666268e-01  6.392215936774328e-03  6.392215936774328e-03  6.392215936774328e-03  6.392215936774328e-03  0
-6.101084481769313e-01  1.781244331480614e-01  1.781244331480614e-01  1.781244331480614e-01  1.781244331480614e-01  0
-5.566895101369356e-01  1.264001013608946e-01  1.264001013608946e-01  1.264001013608946e-01  1.264001013608946e-01  0
-5.079477453926836e-01  9.532889089340942e-02  9.532889089340942e-02  9.532889089340942e-02  9.532889089340942e-02  0
-4.634736371914833e-01  7.401661796156533e-02  7.401661796156533e-02  7.401661796156533e-02  7.401661796156533e-02  0
-4.228935246192288e-01  5.683475429995206e-02  5.683475429995206e-02  5.683475429995206e-02  5.683475429995206e-02  0
-3.858664631899814e-01  1.243375850562157e+00  1.243375850562157e+00  1.243375850562157e+00  1.243375850562157e+00  0
-3.520813603112219e-01  8.896289975443123e-01  8.896289975443123e-01  8.896289975443123e-01  8.896289975443123e-01  0
-3.212543615576358e-01  5.935218376367143e-01  5.935218376367143e-01  5.935218376367143e-01  5.935218376367143e-01  0
-2.931264657935224e-01  3.691759513954252e-01  3.691759513954252e-01  3.691759513954252e-01  3.691759513954252e-01  0
-2.674613491066507e-01  2.145200265666336e-01  2.145200265666336e-01  2.145200265666336e-01  2.145200265666336e-01  0
-2.440433792707725e-01  2.608938973437470e+00  2.608938973437470e+00  2.608938973437470e+00  2.608938973437470e+00  0
-2.226758040547742e-01  2.509117821815787e+00  2.509117821815787e+00  2.509117821815787e+00  2.509117821815787e+00  0
-2.031790981570734e-01  2.299812483634085e+00  2.299812483634085e+00  2.299812483634085e+00  2.299812483634085e+00  0
-1.853894548765933e-01  1.994933340473549e+00  1.994933340473549e+00  1.994933340473549e+00  1.994933340473549e+00  0
-1.691574098476915e-01  1.627832297507018e+00  1.627832297507018e+00  1.627832297507018e+00  1.627832297507018e+00  0
-1.543465852759926e-01  1.783817760133726e+00  1.783817760133726e+00  1.783817760133726e+00  1.783817760133726e+00  0
-1.408325441244888e-01  1.978625897262270e+00  1.978625897262270e+00  1.978625897262270e+00  1.978625897262270e+00  0
-1.285017446230543e-01  2.125991867901572e+00  2.125991867901572e+00  2.125991867901572e+00  2.125991867901572e+00  0
-1.172505863174090e-01  2.209989636816825e+00  2.209989636816825e+00  2.209989636816825e+00  2.209989636816825e+00  0
-1.069845396426603e-01  2.220814897626123e+00  2.220814897626123e+00  2.220814897626123e+00  2.220814897626123e+00  0
-9.761735170830896e-02  9.092800428032001e-01  9.092800428032001e-01  9.092800428032001e-01  9.092800428032001e-01  0
-8.907032162190963e-02  9.409385933804808e-01  9.409385933804808e-01  9.409385933804808e-01  9.409385933804808e-01  0
-8.127163926282933e-02  1.006095831149301e+00  1.006095831149301e+00  1.006095831149301e+00  1.006095831149301e+00  0
-7.415578195063728e-02  1.093750674817485e+00  1.093750674817485e+00  1.093750674817485e+00  1.093750674817485e+00  0
-6.766296393907657e-02  1.178173252609136e+00  1.178173252609136e+00  1.178173252609136e+00  1.178173252609136e+00  0
-6.173863411039700e-02  8.370696281282699e-01  8.370696281282699e-01  8.370696281282699e-01  8.370696281282699e-01  0
-5.633301764979549e-02  8.546584948544750e-01  8.546584948544750e-01  8.546584948544750e-01  8.546584948544750e-01  0
-5.140069784922172e-02  8.418467253162334e-01  8.418467253162334e-01  8.418467253162334e-01  8.418467253162334e-01  0
-4.690023452696356e-02  7.899917327074857e-01  7.899917327074857e-01  7.899917327074857e-01  7.899917327074857e-01  0
-4.279381585706410e-02  7.009146592879233e-01  7.009146592879233e-01  7.009146592879233e-01  7.009146592879233e-01  0
-3.904694068332359e-02  7.863571664614126e-01  7.863571664614126e-01  7.863571664614126e-01  7.863571664614126e-01  0
-3.562812864876386e-02  7.359841695168410e-01  7.359841695168410e-01  7.359841695168410e-01  7.359841695168410e-01  0
-3.250865570513174e-02  7.021252874526680e-01  7.021252874526680e-01  7.021252874526680e-01  7.021252874526680e-01  0
-2.966231278025492e-02  6.873533472763612e-01  6.873533472763612e-01  6.873533472763612e-01  6.873533472763612e-01  0
-2.706518557563063e-02  6.856415907931771e-01  6.856415907931771e-01  6.856415907931771e-01  6.856415907931771e-01  0
-2.469545364415880e-02  9.297019559619619e-01  9.297019559619619e-01  9.297019559619619e-01  9.297019559619619e-01  0
-2.253320705991819e-02  9.267445813134711e-01  9.267445813134711e-01  9.267445813134711e-01  9.267445813134711e-01  0
-2.056027913968868e-02  9.019396732553850e-01  9.019396732553850e-01  9.019396732553850e-01  9.019396732553850e-01  0
-1.876009381078543e-02  8.481582481672962e-01  8.481582481672962e-01  8.481582481672962e-01  8.481582481672962e-01  0
-1.711752634282564e-02  7.651952636649799e-01  7.651952636649799e-01  7.651952636649799e-01  7.651952636649799e-01  0
-1.561877627332943e-02  1.056653444815112e+00  1.056653444815112e+00  1.056653444815112e+00  1.056653444815112e+00  0
-1.425125145950554e-02  9.781427218119347e-01  9.781427218119347e-01  9.781427218119347e-01  9.781427218119347e-01  0
-1.300346228205270e-02  9.141893843244981e-01  9.141893843244981e-01  9.141893843244981e-01  9.141893843244981e-01  0
-1.186492511210197e-02  8.664051761691152e-01  8.664051761691152e-01  8.664051761691152e-01  8.664051761691152e-01  0
-1.082607423025225e-02  8.284401739118290e-01  8.284401739118290e-01  8.284401739118290e-01  8.284401739118290e-01  0
-9.878181457663520e-03  1.287734207015826e+00  1.287734207015826e+00  1.287734207015826e+00  1.287734207015826e+00  0
-9.013282823967277e-03  1.275343255603107e+00  1.275343255603107e+00  1.275343255603107e+00  1.275343255603107e+00  0
-8.224111655875473e-03  1.234153651612334e+00  1.234153651612334e+00  1.234153651612334e+00  1.234153651612334e+00  0
-7.504037524314169e-03  1.159566236126112e+00  1.159566236126112e+00  1.159566236126112e+00  1.159566236126112e+00  0
-6.847010537130255e-03  1.053149553210455e+00  1.053149553210455e+00  1.053149553210455e+00  1.053149553210455e+00  0
-6.247510509331773e-03  1.158934828777656e+00  1.158934828777656e+00  1.158934828777656e+00  1.158934828777656e+00  0
-5.700500583802216e-03  1.179111505605004e+00  1.179111505605004e+00  1.179111505605004e+00  1.179111505605004e+00  0
-5.201384912821078e-03  1.195694258415836e+00  1.195694258415836e+00  1.195694258415836e+00  1.195694258415836e+00  0
-4.745970044840786e-03  1.207763514781634e+00  1.207763514781634e+00  1.207763514781634e+00  1.207763514781634e+00  0
-4.330429692100900e-03  1.209806292024092e+00  1.209806292024092e+00  1.209806292024092e+00  1.209806292024092e+00  0
-3.951272583065408e-03  9.523932337943468e-01  9.523932337943468e-01  9.523932337943468e-01  9.523932337943468e-01  0
-3.605313129586911e-03  9.867049868883704e-01  9.867049868883704e-01  9.867049868883704e-01  9.867049868883704e-01  0
-3.289644662350189e-03  1.018507876191793e+00  1.018507876191793e+00  1.018507876191793e+00  1.018507876191793e+00  0
-3.001615009725668e-03  1.039314837297447e+00  1.039314837297447e+00  1.039314837297447e+00  1.039314837297447e+00  0
-2.738804214852102e-03  1.039412088013164e+00  1.039412088013164e+00  1.039412088013164e+00  1.039412088013164e+00  0
-2.499004203732710e-03  8.191578617220842e-01  8.191578617220842e-01  8.191578617220842e-01  8.191578617220842e-01  0
-2.280200233520887e-03  8.418585087996364e-01  8.418585087996364e-01  8.418585087996364e-01  8.418585087996364e-01  0
-2.080553965128431e-03  8.573632979742496e-01  8.573632979742496e-01  8.573632979742496e-01  8.573632979742496e-01  0
-1.898388017936315e-03  8.674016104307509e-01  8.674016104307509e-01  8.674016104307509e-01  8.674016104307509e-01  0
-1.732171876840360e-03  8.733699073456754e-01  8.733699073456754e-01  8.733699073456754e-01  8.733699073456754e-01  0
-1.580509033226163e-03  6.363493949614297e-01  6.363493949614297e-01  6.363493949614297e-01  6.363493949614297e-01  0
-1.442125251834764e-03  6.705683757073562e-01  6.705683757073562e-01  6.705683757073562e-01  6.705683757073562e-01  0
-1.315857864940076e-03  7.022083146831878e-01  7.022083146831878e-01  7.022083146831878e-01  7.022083146831878e-01  0
-1.200646003890267e-03  7.292814889821274e-01  7.292814889821274e-01  7.292814889821274e-01  7.292814889821274e-01  0
-1.095521685940841e-03  7.463097429562803e-01  7.463097429562803e-01  7.463097429562803e-01  7.463097429562803e-01  0
-9.996016814930839e-04  4.265042282679877e-01  4.265042282679877e-01  4.265042282679877e-01  4.265042282679877e-01  0
-9.120800934083548e-04  4.679468804066894e-01  4.679468804066894e-01  4.679468804066894e-01  4.679468804066894e-01  0
-8.322215860513725e-04  5.134506835663915e-01  5.134506835663915e-01  5.134506835663915e-01  5.134506835663915e-01  0
-7.593552071745259e-04  5.545695839685181e-01  5.545695839685181e-01  5.545695839685181e-01  5.545695839685181e-01  0
-6.928687507361442e-04  5.867650837057307e-01  5.867650837057307e-01  5.867650837057307e-01  5.867650837057307e-01  0
-6.322036132904654e-04  5.301856442491525e-01  5.301856442491525e-01  5.301856442491525e-01  5.301856442491525e-01  0
-5.768501007339059e-04  4.657777160522072e-01  4.657777160522072e-01  4.657777160522072e-01  4.657777160522072e-01  0
-5.263431459760304e-04  4.171713921816687e-01  4.171713921816687e-01  4.171713921816687e-01  4.171713921816687e-01  0
-4.802584015561070e-04  3.916101080549217e-01  3.916101080549217e-01  3.916101080549217e-01  3.916101080549217e-01  0
-4.382086743763364e-04  3.906584697768634e-01  3.906584697768634e-01  3.906584697768634e-01  3.906584697768634e-01  0
-3.998406725972335e-04  8.682506255977600e-01  8.682506255977600e-01  8.682506255977600e-01  8.682506255977600e-01  0
-3.648320373633419e-04  7.982038581272231e-01  7.982038581272231e-01  7.982038581272231e-01  7.982038581272231e-01  0
-3.328886344205490e-04  7.335252613914446e-01  7.335252613914446e-01  7.335252613914446e-01  7.335252613914446e-01  0
-3.037420828698103e-04  6.664399439769574e-01  6.664399439769574e-01  6.664399439769574e-01  6.664399439769574e-01  0
-2.771475002944577e-04  5.928888982252709e-01  5.928888982252709e-01  5.928888982252709e-01  5.928888982252709e-01  0
-2.528814453161862e-04  1.419894400404334e+00  1.419894400404334e+00  1.419894400404334e+00  1.419894400404334e+00  0
-2.307400402935623e-04  1.295703743334229e+00  1.295703743334229e+00  1.295703743334229e+00  1.295703743334229e+00  0
-2.105372583904122e-04  1.169637077839079e+00  1.169637077839079e+00  1.169637077839079e+00  1.169637077839079e+00  0
-1.921033606224428e-04  1.052604713633593e+00  1.052604713633593e+00  1.052604713633593e+00  1.052604713633593e+00  0
-1.752834697505346e-04  9.517072236513773e-01  9.517072236513773e-01  9.517072236513773e-01  9.517072236513773e-01  0
-1.599362690388934e-04  1.828936098641535e+00  1.828936098641535e+00  1.828936098641535e+00  1.828936098641535e+00  0
-1.459328149453367e-04  1.767550523962685e+00  1.767550523962685e+00  1.767550523962685e+00  1.767550523962685e+00  0
-1.331554537682196e-04  1.701534823570608e+00  1.701534823570608e+00  1.701534823570608e+00  1.701534823570608e+00  0
-1.214968331479241e-04  1.622340216107178e+00  1.622340216107178e+00  1.622340216107178e+00  1.622340216107178e+00  0
-1.108590001177830e-04  1.523472919221939e+00  1.523472919221939e+00  1.523472919221939e+00  1.523472919221939e+00  0
-1.011525781264745e-04  2.173452849087081e+00  2.173452849087081e+00  2.173452849087081e+00  2.173452849087081e+00  0
-9.229601611742493e-05  2.108326298309847e+00  2.108326298309847e+00  2.108326298309847e+00  2.108326298309847e+00  0
-8.421490335616486e-05  2.034529110698630e+00  2.034529110698630e+00  2.034529110698630e+00  2.034529110698630e+00  0
-7.684134424897711e-05  1.958509653210398e+00  1.958509653210398e+00  1.958509653210398e+00  1.958509653210398e+00  0
-7.011338790021382e-05  1.884609925438877e+00  1.884609925438877e+00  1.884609925438877e+00  1.884609925438877e+00  0
-6.397450761555736e-05  2.336031404478644e+00  2.336031404478644e+00  2.336031404478644e+00  2.336031404478644e+00  0
-5.837312597813469e-05  2.313486378053923e+00  2.313486378053923e+00  2.313486378053923e+00  2.313486378053923e+00  0
-5.326218150728784e-05  2.290252585620175e+00  2.290252585620175e+00  2.290252585620175e+00  2.290252585620175e+00  0
-4.859873325916965e-05  2.260414860954021e+00  2.260414860954021e+00  2.260414860954021e+00  2.260414860954021e+00  0
-4.434360004711322e-05  2.217199507201954e+00  2.217199507201954e+00  2.217199507201954e+00  2.217199507201954e+00  0
-4.046103125058979e-05  2.473137408545823e+00  2.473137408545823e+00  2.473137408545823e+00  2.473137408545823e+00  0
-3.691840644696997e-05  2.448903824682978e+00  2.448903824682978e+00  2.448903824682978e+00  2.448903824682978e+00  0
-3.368596134246595e-05  2.418549457476448e+00  2.418549457476448e+00  2.418549457476448e+00  2.418549457476448e+00  0
-3.073653769959084e-05  2.384795324832201e+00  2.384795324832201e+00  2.384795324832201e+00  2.384795324832201e+00  0
-2.804535516008553e-05  2.349223364618651e+00  2.349223364618651e+00  2.349223364618651e+00  2.349223364618651e+00  0
-2.558980304622295e-05  2.524753244436514e+00  2.524753244436514e+00  2.524753244436514e+00  2.524753244436514e+00  0
-2.334925039125388e-05  2.515736285433212e+00  2.515736285433212e+00  2.515736285433212e+00  2.515736285433212e+00  0
-2.130487260291513e-05  2.508030556233192e+00  2.508030556233192e+00  2.508030556233192e+00  2.508030556233192e+00  0
-1.943949330366786e-05  2.499465084323024e+00  2.499465084323024e+00  2.499465084323024e+00  2.499465084323024e+00  0
-1.773744001884529e-05  2.486315866669976e+00  2.486315866669976e+00  2.486315866669976e+00  2.486315866669976e+00  0
-1.618441250023591e-05  2.577543807611355e+00  2.577543807611355e+00  2.577543807611355e+00  2.577543807611355e+00  0
-1.476736257878799e-05  2.570079851996339e+00  2.570079851996339e+00  2.570079851996339e+00  2.570079851996339e+00  0
-1.347438453698638e-05  2.559259475820378e+00  2.559259475820378e+00  2.559259475820378e+00  2.559259475820378e+00  0
-1.229461507983634e-05  2.546617740728966e+00  2.546617740728966e+00  2.546617740728966e+00  2.546617740728966e+00  0
-1.121814206403421e-05  2.533766004905711e+00  2.533766004905711e+00  2.533766004905711e+00  2.533766004905711e+00  0
-1.023592121848918e-05  2.594644676897546e+00  2.594644676897546e+00  2.594644676897546e+00  2.594644676897546e+00  0
-9.339700156501553e-06  2.589396078780901e+00  2.589396078780901e+00  2.589396078780901e+00  2.589396078780901e+00  0
-8.521949041166055e-06  2.585710692267958e+00  2.585710692267958e+00  2.585710692267958e+00  2.585710692267958e+00  0
-7.775797321467145e-06  2.583481572478842e+00  2.583481572478842e+00  2.583481572478842e+00  2.583481572478842e+00  0
-7.094976007538116e-06  2.581173696787272e+00  2.581173696787272e+00  2.581173696787272e+00  2.581173696787272e+00  0
-6.473765000094365e-06  2.616051858233002e+00  2.616051858233002e+00  2.616051858233002e+00  2.616051858233002e+00  0
-5.906945031515196e-06  2.614705405825743e+00  2.614705405825743e+00  2.614705405825743e+00  2.614705405825743e+00  0
-5.389753814794551e-06  2.611086458400697e+00  2.611086458400697e+00  2.611086458400697e+00  2.611086458400697e+00  0
-4.917846031934535e-06  2.605830013272854e+00  2.605830013272854e+00  2.605830013272854e+00  2.605830013272854e+00  0
-4.487256825613684e-06  2.599753172349652e+00  2.599753172349652e+00  2.599753172349652e+00  2.599753172349652e+00  0
-4.094368487395672e-06  2.622211255037081e+00  2.622211255037081e+00  2.622211255037081e+00  2.622211255037081e+00  0
-3.735880062600621e-06  2.618131056669126e+00  2.618131056669126e+00  2.618131056669126e+00  2.618131056669126e+00  0
-3.408779616466422e-06  2.615425079439602e+00  2.615425079439602e+00  2.615425079439602e+00  2.615425079439602e+00  0
-3.110318928586858e-06  2.614762095945315e+00  2.614762095945315e+00  2.614762095945315e+00  2.614762095945315e+00  0
-2.837990403015247e-06  2.615400729108598e+00  2.615400729108598e+00  2.615400729108598e+00  2.615400729108598e+00  0
-2.589506000037746e-06  2.631071888161172e+00  2.631071888161172e+00  2.631071888161172e+00  2.631071888161172e+00  0
-2.362778012606078e-06  2.632148220249998e+00  2.632148220249998e+00  2.632148220249998e+00  2.632148220249998e+00  0
-2.155901525917820e-06  2.631411900501433e+00  2.631411900501433e+00  2.631411900501433e+00  2.631411900501433e+00  0
-1.967138412773814e-06  2.629077060621299e+00  2.629077060621299e+00  2.629077060621299e+00  2.629077060621299e+00  0
-1.794902730245474e-06  2.625513015736666e+00  2.625513015736666e+00  2.625513015736666e+00  2.625513015736666e+00  0
-1.637747394958271e-06  2.633146129733209e+00  2.633146129733209e+00  2.633146129733209e+00  2.633146129733209e+00  0
-1.494352025040251e-06  2.629502828335048e+00  2.629502828335048e+00  2.629502828335048e+00  2.629502828335048e+00  0
-1.363511846586571e-06  2.627123783464274e+00  2.627123783464274e+00  2.627123783464274e+00  2.627123783464274e+00  0
-1.244127571434745e-06  2.626985460933311e+00  2.626985460933311e+00  2.626985460933311e+00  2.626985460933311e+00  0
-1.135196161206100e-06  2.628663719714480e+00  2.628663719714480e+00  2.628663719714480e+00  2.628663719714480e+00  0
-1.035802400015100e-06  2.636987077433645e+00  2.636987077433645e+00  2.636987077433645e+00  2.636987077433645e+00  0
-9.451112050424327e-07  2.639023942047783e+00  2.639023942047783e+00  2.639023942047783e+00  2.639023942047783e+00  0
-8.623606103671294e-07  2.639440016030077e+00  2.639440016030077e+00  2.639440016030077e+00  2.639440016030077e+00  0
-7.868553651095268e-07  2.638276943750037e+00  2.638276943750037e+00  2.638276943750037e+00  2.638276943750037e+00  0
-7.179610920981906e-07  2.635713726590172e+00  2.635713726590172e+00  2.635713726590172e+00  2.635713726590172e+00  0
-6.550989579833085e-07  2.637497428871529e+00  2.637497428871529e+00  2.637497428871529e+00  2.637497428871529e+00  0
-5.977408100161003e-07  2.634021256451028e+00  2.634021256451028e+00  2.634021256451028e+00  2.634021256451028e+00  0
-5.454047386346284e-07  2.631760261706602e+00  2.631760261706602e+00  2.631760261706602e+00  2.631760261706602e+00  0
-4.976510285738981e-07  2.631814933174035e+00  2.631814933174035e+00  2.631814933174035e+00  2.631814933174035e+00  0
-4.540784644824401e-07  2.633890983325605e+00  2.633890983325605e+00  2.633890983325605e+00  2.633890983325605e+00  0
-4.143209600060400e-07  2.639339559522733e+00  2.639339559522733e+00  2.639339559522733e+00  2.639339559522733e+00  0
-3.780444820169731e-07  2.641758334699569e+00  2.641758334699569e+00  2.641758334699569e+00  2.641758334699569e+00  0
-3.449442441468518e-07  2.642634538488941e+00  2.642634538488941e+00  2.642634538488941e+00  2.642634538488941e+00  0
-3.147421460438107e-07  2.641940891685271e+00  2.641940891685271e+00  2.641940891685271e+00  2.641940891685271e+00  0
-2.871844368392763e-07  2.639780031215536e+00  2.639780031215536e+00  2.639780031215536e+00  2.639780031215536e+00  0
-2.620395831933234e-07  2.639238042988394e+00  2.639238042988394e+00  2.639238042988394e+00  2.639238042988394e+00  0
-2.390963240064401e-07  2.635827243713024e+00  2.635827243713024e+00  2.635827243713024e+00  2.635827243713024e+00  0
-2.181618954538513e-07  2.633611101097932e+00  2.633611101097932e+00  2.633611101097932e+00  2.633611101097932e+00  0
-1.990604114295592e-07  2.633739812507895e+00  2.633739812507895e+00  2.633739812507895e+00  2.633739812507895e+00  0
-1.816313857929761e-07  2.635971444889507e+00  2.635971444889507e+00  2.635971444889507e+00  2.635971444889507e+00  0
-1.657283840024160e-07  2.640282955140803e+00  2.640282955140803e+00  2.640282955140803e+00  2.640282955140803e+00  0
-1.512177928067893e-07  2.642854000849197e+00  2.642854000849197e+00  2.642854000849197e+00  2.642854000849197e+00  0
-1.379776976587407e-07  2.643913918589623e+00  2.643913918589623e+00  2.643913918589623e+00  2.643913918589623e+00  0
-1.258968584175243e-07  2.643407795467140e+00  2.643407795467140e+00  2.643407795467140e+00  2.643407795467140e+00  0
-1.148737747357105e-07  2.641407521625755e+00  2.641407521625755e+00  2.641407521625755e+00  2.641407521625755e+00  0
-1.048158332773293e-07  2.639939071089882e+00  2.639939071089882e+00  2.639939071089882e+00  2.639939071089882e+00  0
-9.563852960257603e-08  2.636554178047812e+00  2.636554178047812e+00  2.636554178047812e+00  2.636554178047812e+00  0
-8.726475818154052e-08  2.634355579204688e+00  2.634355579204688e+00  2.634355579204688e+00  2.634355579204688e+00  0
-7.962416457182368e-08  2.634513369932613e+00  2.634513369932613e+00  2.634513369932613e+00  2.634513369932613e+00  0
-7.265255431719042e-08  2.636806621069106e+00  2.636806621069106e+00  2.636806621069106e+00  2.636806621069106e+00  0
-6.629135360096640e-08  2.640665398475450e+00  2.640665398475450e+00  2.640665398475450e+00  2.640665398475450e+00  0
-6.048711712271569e-08  2.643297287344074e+00  2.643297287344074e+00  2.643297287344074e+00  2.643297287344074e+00  0
-5.519107906349629e-08  2.644430650139020e+00  2.644430650139020e+00  2.644430650139020e+00  2.644430650139020e+00  0
-5.035874336700971e-08  2.643999508718749e+00  2.643999508718749e+00  2.643999508718749e+00  2.643999508718749e+00  0
-4.594950989428420e-08  2.642063420416674e+00  2.642063420416674e+00  2.642063420416674e+00  2.642063420416674e+00  0
-4.192633331093174e-08  2.640224935344377e+00  2.640224935344377e+00  2.640224935344377e+00  2.640224935344377e+00  0
-3.825541184103042e-08  2.636850360453768e+00  2.636850360453768e+00  2.636850360453768e+00  2.636850360453768e+00  0
-3.490590327261621e-08  2.634658712374694e+00  2.634658712374694e+00  2.634658712374694e+00  2.634658712374694e+00  0
-3.184966582872947e-08  2.634828050860740e+00  2.634828050860740e+00  2.634828050860740e+00  2.634828050860740e+00  0
-2.906102172687617e-08  2.637145858741214e+00  2.637145858741214e+00  2.637145858741214e+00  2.637145858741214e+00  0
-2.651654144038656e-08  2.640823871194850e+00  2.640823871194850e+00  2.640823871194850e+00  2.640823871194850e+00  0
-2.419484684908628e-08  2.643480093021453e+00  2.643480093021453e+00  2.643480093021453e+00  2.643480093021453e+00  0
-2.207643162539852e-08  2.644642831052912e+00  2.644642831052912e+00  2.644642831052912e+00  2.644642831052912e+00  0
-2.014349734680389e-08  2.644241678797633e+00  2.644241678797633e+00  2.644241678797633e+00  2.644241678797633e+00  0
-1.837980395771368e-08  2.642331254887657e+00  2.642331254887657e+00  2.642331254887657e+00  2.642331254887657e+00  0
-1.677053332437270e-08  2.640344831988138e+00  2.640344831988138e+00  2.640344831988138e+00  2.640344831988138e+00  0
-1.530216473641217e-08  2.636974371485968e+00  2.636974371485968e+00  2.636974371485968e+00  2.636974371485968e+00  0
-1.396236130904649e-08  2.634785489291964e+00  2.634785489291964e+00  2.634785489291964e+00  2.634785489291964e+00  0
-1.273986633149179e-08  2.634959433933825e+00  2.634959433933825e+00  2.634959433933825e+00  2.634959433933825e+00  0
-1.162440869075047e-08  2.637287054385220e+00  2.637287054385220e+00  2.637287054385220e+00  2.637287054385220e+00  0
-1.060661657615463e-08  2.640892816695717e+00  2.640892816695717e+00  2.640892816695717e+00  2.640892816695717e+00  0
-9.677938739634512e-09  2.643558776200975e+00  2.643558776200975e+00  2.643558776200975e+00  2.643558776200975e+00  0
-8.830572650159406e-09  2.644733266553601e+00  2.644733266553601e+00  2.644733266553601e+00  2.644733266553601e+00  0
-8.057398938721554e-09  2.644344109409728e+00  2.644344109409728e+00  2.644344109409728e+00  2.644344109409728e+00  0
-7.351921583085473e-09  2.642443947153932e+00  2.642443947153932e+00  2.642443947153932e+00  2.642443947153932e+00  0
-6.708213329749079e-09  2.640398354279564e+00  2.640398354279564e+00  2.640398354279564e+00  2.640398354279564e+00  0
-6.120865894564868e-09  2.637029531537526e+00  2.637029531537526e+00  2.637029531537526e+00  2.637029531537526e+00  0
-5.584944523618594e-09  2.634841749435163e+00  2.634841749435163e+00  2.634841749435163e+00  2.634841749435163e+00  0
-5.095946532596716e-09  2.635017534505065e+00  2.635017534505065e+00  2.635017534505065e+00  2.635017534505065e+00  0
-4.649763476300187e-09  2.637349081799568e+00  2.637349081799568e+00  2.637349081799568e+00  2.637349081799568e+00  0
-4.242646630461849e-09  2.640925959556218e+00  2.640925959556218e+00  2.640925959556218e+00  2.640925959556218e+00  0
-3.871175495853804e-09  2.643595819816894e+00  2.643595819816894e+00  2.643595819816894e+00  2.643595819816894e+00  0
-3.532229060063762e-09  2.644775013904562e+00  2.644775013904562e+00  2.644775013904562e+00  2.644775013904562e+00  0
-3.222959575488621e-09  2.644390654636033e+00  2.644390654636033e+00  2.644390654636033e+00  2.644390654636033e+00  0
-2.940768633234189e-09  2.642494594132607e+00  2.642494594132607e+00  2.642494594132607e+00  2.642494594132607e+00  0
-2.683285331899631e-09  2.640425327657830e+00  2.640425327657830e+00  2.640425327657830e+00  2.640425327657830e+00  0
-2.448346357825947e-09  2.637057152710116e+00  2.637057152710116e+00  2.637057152710116e+00  2.637057152710116e+00  0
-2.233977809447438e-09  2.634869805470734e+00  2.634869805470734e+00  2.634869805470734e+00  2.634869805470734e+00  0
-2.038378613038686e-09  2.635046325845711e+00  2.635046325845711e+00  2.635046325845711e+00  2.635046325845711e+00  0
-1.859905390520075e-09  2.637379446196949e+00  2.637379446196949e+00  2.637379446196949e+00  2.637379446196949e+00  0
-1.697058652184740e-09  2.640944782042539e+00  2.640944782042539e+00  2.640944782042539e+00  2.640944782042539e+00  0
-1.548470198341522e-09  2.643616208420074e+00  2.643616208420074e+00  2.643616208420074e+00  2.643616208420074e+00  0
-1.412891624025505e-09  2.644797286970309e+00  2.644797286970309e+00  2.644797286970309e+00  2.644797286970309e+00  0
-1.289183830195449e-09  2.644414847180841e+00  2.644414847180841e+00  2.644414847180841e+00  2.644414847180841e+00  0
-1.176307453293676e-09  2.642520425939274e+00  2.642520425939274e+00  2.642520425939274e+00  2.642520425939274e+00  0
-1.073314132759852e-09  2.640441680978533e+00  2.640441680978533e+00  2.640441680978533e+00  2.640441680978533e+00  0
-9.793385431303785e-10  2.637073757719642e+00  2.637073757719642e+00  2.637073757719642e+00  2.637073757719642e+00  0
-8.935911237789750e-10  2.634886578866813e+00  2.634886578866813e+00  2.634886578866813e+00  2.634886578866813e+00  0
-8.153514452154745e-10  2.635063391273959e+00  2.635063391273959e+00  2.635063391273959e+00  2.635063391273959e+00  0
-7.439621562080298e-10  2.637397139902396e+00  2.637397139902396e+00  2.637397139902396e+00  2.637397139902396e+00  0
-6.788234608738959e-10  2.640957876531339e+00  2.640957876531339e+00  2.640957876531339e+00  2.640957876531339e+00  0
-6.193880793366086e-10  2.643629935375183e+00  2.643629935375183e+00  2.643629935375183e+00  2.643629935375183e+00  0
-5.651566496102019e-10  2.644811771215741e+00  2.644811771215741e+00  2.644811771215741e+00  2.644811771215741e+00  0
-5.156735320781795e-10  2.644430101011956e+00  2.644430101011956e+00  2.644430101011956e+00  2.644430101011956e+00  0
-4.705229813174702e-10  2.642536337670939e+00  2.642536337670939e+00  2.642536337670939e+00  2.642536337670939e+00  0
-4.293256531039410e-10  2.640453785690453e+00  2.640453785690453e+00  2.640453785690453e+00  2.640453785690453e+00  0
-3.917354172521515e-10  2.637085955255719e+00  2.637085955255719e+00  2.637085955255719e+00  2.637085955255719e+00  0
-3.574364495115900e-10  2.634898836899210e+00  2.634898836899210e+00  2.634898836899210e+00  2.634898836899210e+00  0
-3.261405780861898e-10  2.635075760472748e+00  2.635075760472748e+00  2.635075760472748e+00  2.635075760472748e+00  0
-2.975848624832120e-10  2.637409750766524e+00  2.637409750766524e+00  2.637409750766524e+00  2.637409750766524e+00  0
-2.715293843495584e-10  2.640968680075015e+00  2.640968680075015e+00  2.640968680075015e+00  2.640968680075015e+00  0
-2.477552317346435e-10  2.643640998374933e+00  2.643640998374933e+00  2.643640998374933e+00  2.643640998374933e+00  0
-2.260626598440808e-10  2.644823142029793e+00  2.644823142029793e+00  2.644823142029793e+00  2.644823142029793e+00  0
-2.062694128312718e-10  2.644441785251183e+00  2.644441785251183e+00  2.644441785251183e+00  2.644441785251183e+00  0
-1.882091925269881e-10  2.642548296506791e+00  2.642548296506791e+00  2.642548296506791e+00  2.642548296506791e+00  0
-1.717302612415764e-10  2.640464189928199e+00  2.640464189928199e+00  2.640464189928199e+00  2.640464189928199e+00  0
-1.566941669008606e-10  2.637096387535184e+00  2.637096387535184e+00  2.637096387535184e+00  2.637096387535184e+00  0
-1.429745798046360e-10  2.634909283042709e+00  2.634909283042709e+00  2.634909283042709e+00  2.634909283042709e+00  0
-1.304562312344759e-10  2.635086236304564e+00  2.635086236304564e+00  2.635086236304564e+00  2.635086236304564e+00  0
-1.190339449932848e-10  2.637420291660591e+00  2.637420291660591e+00  2.637420291660591e+00  2.637420291660591e+00  0
-1.086117537398234e-10  2.640978568609350e+00  2.640978568609350e+00  2.640978568609350e+00  2.640978568609350e+00  0
-9.910209269385739e-11  2.643650998452925e+00  2.643650998452925e+00  2.643650998452925e+00  2.643650998452925e+00  0
-9.042506393763233e-11  2.644833273746189e+00  2.644833273746189e+00  2.644833273746189e+00  2.644833273746189e+00  0
-8.250776513250872e-11  2.644452057511001e+00  2.644452057511001e+00  2.644452057511001e+00  2.644452057511001e+00  0
-7.528367701079524e-11  2.642558713197909e+00  2.642558713197909e+00  2.642558713197909e+00  2.642558713197909e+00  0
-6.869210449663056e-11  2.640473911666470e+00  2.640473911666470e+00  2.640473911666470e+00  2.640473911666470e+00  0
-6.267766676034424e-11  2.637106108497954e+00  2.637106108497954e+00  2.637106108497954e+00  2.637106108497954e+00  0
-5.718983192185440e-11  2.634918990705986e+00  2.634918990705986e+00  2.634918990705986e+00  2.634918990705986e+00  0
-5.218249249379037e-11  2.635095918378753e+00  2.635095918378753e+00  2.635095918378753e+00  2.635095918378753e+00  0
-4.761357799731391e-11  2.637429913318439e+00  2.637429913318439e+00  2.637429913318439e+00  2.637429913318439e+00  0
-4.344470149592934e-11  2.640988094062920e+00  2.640988094062920e+00  2.640988094062920e+00  2.640988094062920e+00  0
-3.964083707754296e-11  2.643660579457714e+00  2.643660579457714e+00  2.643660579457714e+00  2.643660579457714e+00  0
-3.617002557505293e-11  2.644842925028293e+00  2.644842925028293e+00  2.644842925028293e+00  2.644842925028293e+00  0
-3.300310605300349e-11  2.644461804431732e+00  2.644461804431732e+00  2.644461804431732e+00  2.644461804431732e+00  0
-3.011347080431810e-11  2.642568611061350e+00  2.642568611061350e+00  2.642568611061350e+00  2.642568611061350e+00  0
-2.747684179865223e-11  2.640483354541485e+00  2.640483354541485e+00  2.640483354541485e+00  2.640483354541485e+00  0
-2.507106670413770e-11  2.637115531572918e+00  2.637115531572918e+00  2.637115531572918e+00  2.637115531572918e+00  0
-2.287593276874176e-11  2.634928368019447e+00  2.634928368019447e+00  2.634928368019447e+00  2.634928368019447e+00  0
-2.087299699751615e-11  2.635105190795874e+00  2.635105190795874e+00  2.635105190795874e+00  2.635105190795874e+00  0
-1.904543119892557e-11  2.637438937204474e+00  2.637438937204474e+00  2.637438937204474e+00  2.637438937204474e+00  0
-1.737788059837174e-11  2.640997482351471e+00  2.640997482351471e+00  2.640997482351471e+00  2.640997482351471e+00  0
-1.585633483101718e-11  2.643670009123072e+00  2.643670009123072e+00  2.643670009123072e+00  2.643670009123072e+00  0
-1.446801023002117e-11  2.644852423799455e+00  2.644852423799455e+00  2.644852423799455e+00  2.644852423799455e+00  0
-1.320124242120140e-11  2.644471442943828e+00  2.644471442943828e+00  2.644471442943828e+00  2.644471442943828e+00  0
-1.204538832172724e-11  2.642578552993028e+00  2.642578552993028e+00  2.642578552993028e+00  2.642578552993028e+00  0
-1.099073671946089e-11  2.640492671461472e+00  2.640492671461472e+00  2.640492671461472e+00  2.640492671461472e+00  0
-1.002842668165508e-11  2.637124802253773e+00  2.637124802253773e+00  2.637124802253773e+00  2.637124802253773e+00  0
-9.150373107496705e-12  2.634937525402936e+00  2.634937525402936e+00  2.634937525402936e+00  2.634937525402936e+00  0
-8.349198799006459e-12  2.635114066803712e+00  2.635114066803712e+00  2.635114066803712e+00  2.635114066803712e+00  0
-7.618172479570227e-12  2.637447140132386e+00  2.637447140132386e+00  2.637447140132386e+00  2.637447140132386e+00  0
-6.951152239348695e-12  2.641006836457727e+00  2.641006836457727e+00  2.641006836457727e+00  2.641006836457727e+00  0
-6.342533932406873e-12  2.643679420696724e+00  2.643679420696724e+00  2.643679420696724e+00  2.643679420696724e+00  0
-5.787204092008469e-12  2.644861966168182e+00  2.644861966168182e+00  2.644861966168182e+00  2.644861966168182e+00  0
-5.280496968480558e-12  2.644481307732454e+00  2.644481307732454e+00  2.644481307732454e+00  2.644481307732454e+00  0
-4.818155328690895e-12  2.642589180501299e+00  2.642589180501299e+00  2.642589180501299e+00  2.642589180501299e+00  0
-4.396294687784356e-12  2.640501901966943e+00  2.640501901966943e+00  2.640501901966943e+00  2.640501901966943e+00  0
-4.011370672662031e-12  2.637133926532064e+00  2.637133926532064e+00  2.637133926532064e+00  2.637133926532064e+00  0
-3.660149242998682e-12  2.634946366841359e+00  2.634946366841359e+00  2.634946366841359e+00  2.634946366841359e+00  0
-3.339679519602583e-12  2.635122178884620e+00  2.635122178884620e+00  2.635122178884620e+00  2.635122178884620e+00  0
-3.047268991828091e-12  2.637453499500403e+00  2.637453499500403e+00  2.637453499500403e+00  2.637453499500403e+00  0
-2.780460895739478e-12  2.641016235769308e+00  2.641016235769308e+00  2.641016235769308e+00  2.641016235769308e+00  0
-2.537013572962749e-12  2.643688947760809e+00  2.643688947760809e+00  2.643688947760809e+00  2.643688947760809e+00  0
-2.314881636803388e-12  2.644871831004110e+00  2.644871831004110e+00  2.644871831004110e+00  2.644871831004110e+00  0
-2.112198787392223e-12  2.644492050776533e+00  2.644492050776533e+00  2.644492050776533e+00  2.644492050776533e+00  0
-1.927262131476358e-12  2.642602033143278e+00  2.642602033143278e+00  2.642602033143278e+00  2.642602033143278e+00  0
-1.758517875113742e-12  2.640511005162347e+00  2.640511005162347e+00  2.640511005162347e+00  2.640511005162347e+00  0
-1.604548269064813e-12  2.637142753420215e+00  2.637142753420215e+00  2.637142753420215e+00  2.637142753420215e+00  0
-1.464059697199473e-12  2.634954423832446e+00  2.634954423832446e+00  2.634954423832446e+00  2.634954423832446e+00  0
-1.335871807841034e-12  2.635128221098461e+00  2.635128221098461e+00  2.635128221098461e+00  2.635128221098461e+00  0
-1.218907596731236e-12  2.637454694633238e+00  2.637454694633238e+00  2.637454694633238e+00  2.637454694633238e+00  0
-1.112184358295791e-12  2.641025849703166e+00  2.641025849703166e+00  2.641025849703166e+00  2.641025849703166e+00  0
-1.014805429185100e-12  2.643698955868222e+00  2.643698955868222e+00  2.643698955868222e+00  2.643698955868222e+00  0
-9.259526547213549e-13  2.644882940074782e+00  2.644882940074782e+00  2.644882940074782e+00  2.644882940074782e+00  0
-8.448795149568891e-13  2.644506052912972e+00  2.644506052912972e+00  2.644506052912972e+00  2.644506052912972e+00  0
-7.709048525905431e-13  2.642622989655489e+00  2.642622989655489e+00  2.642622989655489e+00  2.642622989655489e+00  0
-7.034071500454971e-13  2.640519683061739e+00  2.640519683061739e+00  2.640519683061739e+00  2.640519683061739e+00  0
-6.418193076259251e-13  2.637150235347861e+00  2.637150235347861e+00  2.637150235347861e+00  2.637150235347861e+00  0
-5.856238788797892e-13  2.634958537616948e+00  2.634958537616948e+00  2.634958537616948e+00  2.634958537616948e+00  0
-5.343487231364135e-13  2.635123531062880e+00  2.635123531062880e+00  2.635123531062880e+00  2.635123531062880e+00  0
-4.875630386924946e-13  2.637428891226952e+00  2.637428891226952e+00  2.637428891226952e+00  2.637428891226952e+00  0
-4.448737433183165e-13  2.641036398697694e+00  2.641036398697694e+00  2.641036398697694e+00  2.641036398697694e+00  0
-4.059221716740399e-13  2.643712485081584e+00  2.643712485081584e+00  2.643712485081584e+00  2.643712485081584e+00  0
-3.703810618885420e-13  2.644904480899021e+00  2.644904480899021e+00  2.644904480899021e+00  2.644904480899021e+00  0
-3.379518059827557e-13  2.644548237207953e+00  2.644548237207953e+00  2.644548237207953e+00  2.644548237207953e+00  0
-3.083619410362173e-13  2.642714377067905e+00  2.642714377067905e+00  2.642714377067905e+00  2.642714377067905e+00  0
3.083619410362173e-13  2.643590927123843e+00  2.643590927123843e+00  2.643590927123843e+00  2.643590927123843e+00  0
3.379518059827557e-13  2.644877169335432e+00  2.644877169335432e+00  2.644877169335432e+00  2.644877169335432e+00  0
3.703810618885420e-13  2.644561066910503e+00  2.644561066910503e+00  2.644561066910503e+00  2.644561066910503e+00  0
4.059221716740399e-13  2.642835293095243e+00  2.642835293095243e+00  2.642835293095243e+00  2.642835293095243e+00  0
4.448737433183165e-13  2.639980076557269e+00  2.639980076557269e+00  2.639980076557269e+00  2.639980076557269e+00  0
4.875630386924946e-13  2.636552710782855e+00  2.636552710782855e+00  2.636552710782855e+00  2.636552710782855e+00  0
5.343487231364135e-13  2.634794756666311e+00  2.634794756666311e+00  2.634794756666311e+00  2.634794756666311e+00  0
5.856238788797892e-13  2.635301982258353e+00  2.635301982258353e+00  2.635301982258353e+00  2.635301982258353e+00  0
6.418193076259251e-13  2.638027418519964e+00  2.638027418519964e+00  2.638027418519964e+00  2.638027418519964e+00  0
7.034071500454971e-13  2.641576054972852e+00  2.641576054972852e+00  2.641576054972852e+00  2.641576054972852e+00  0
7.709048525905431e-13  2.643499346521536e+00  2.643499346521536e+00  2.643499346521536e+00  2.643499346521536e+00  0
8.448795149568891e-13  2.644834913578713e+00  2.644834913578713e+00  2.644834913578713e+00  2.644834913578713e+00  0
9.259526547213549e-13  2.644539507162932e+00  2.644539507162932e+00  2.644539507162932e+00  2.644539507162932e+00  0
1.014805429185100e-12  2.642821766101053e+00  2.642821766101053e+00  2.642821766101053e+00  2.642821766101053e+00  0
1.112184358295791e-12  2.639969537184749e+00  2.639969537184749e+00  2.639969537184749e+00  2.639969537184749e+00  0
1.218907596731236e-12  2.636578445145639e+00  2.636578445145639e+00  2.636578445145639e+00  2.636578445145639e+00  0
1.335871807841034e-12  2.634799426217500e+00  2.634799426217500e+00  2.634799426217500e+00  2.634799426217500e+00  0
1.464059697199473e-12  2.635297866223208e+00  2.635297866223208e+00  2.635297866223208e+00  2.635297866223208e+00  0
1.604548269064813e-12  2.638019939845616e+00  2.638019939845616e+00  2.638019939845616e+00  2.638019939845616e+00  0
1.758517875113742e-12  2.641567381756333e+00  2.641567381756333e+00  2.641567381756333e+00  2.641567381756333e+00  0
1.927262131476358e-12  2.643478378737520e+00  2.643478378737520e+00  2.643478378737520e+00  2.643478378737520e+00  0
2.112198787392223e-12  2.644820917543346e+00  2.644820917543346e+00  2.644820917543346e+00  2.644820917543346e+00  0
2.314881636803388e-12  2.644528412214426e+00  2.644528412214426e+00  2.644528412214426e+00  2.644528412214426e+00  0
2.537013572962749e-12  2.642811775341818e+00  2.642811775341818e+00  2.642811775341818e+00  2.642811775341818e+00  0
2.780460895739478e-12  2.639959940873221e+00  2.639959940873221e+00  2.639959940873221e+00  2.639959940873221e+00  0
3.047268991828091e-12  2.636577264754016e+00  2.636577264754016e+00  2.636577264754016e+00  2.636577264754016e+00  0
3.339679519602583e-12  2.634793405974485e+00  2.634793405974485e+00  2.634793405974485e+00  2.634793405974485e+00  0
3.660149242998682e-12  2.635289831329852e+00  2.635289831329852e+00  2.635289831329852e+00  2.635289831329852e+00  0
4.011370672662031e-12  2.638011132834090e+00  2.638011132834090e+00  2.638011132834090e+00  2.638011132834090e+00  0
4.396294687784356e-12  2.641558296424040e+00  2.641558296424040e+00  2.641558296424040e+00  2.641558296424040e+00  0
4.818155328690895e-12  2.643465563587086e+00  2.643465563587086e+00  2.643465563587086e+00  2.643465563587086e+00  0
5.280496968480558e-12  2.644810214910219e+00  2.644810214910219e+00  2.644810214910219e+00  2.644810214910219e+00  0
5.787204092008469e-12  2.644518588466168e+00  2.644518588466168e+00  2.644518588466168e+00  2.644518588466168e+00  0
6.342533932406873e-12  2.642802288515010e+00  2.642802288515010e+00  2.642802288515010e+00  2.642802288515010e+00  0
6.951152239348695e-12  2.639950579434492e+00  2.639950579434492e+00  2.639950579434492e+00  2.639950579434492e+00  0
7.618172479570227e-12  2.636570978914840e+00  2.636570978914840e+00  2.636570978914840e+00  2.636570978914840e+00  0
8.349198799006459e-12  2.634785362949629e+00  2.634785362949629e+00  2.634785362949629e+00  2.634785362949629e+00  0
9.150373107496705e-12  2.635281052154310e+00  2.635281052154310e+00  2.635281052154310e+00  2.635281052154310e+00  0
1.002842668165508e-11  2.638002064000115e+00  2.638002064000115e+00  2.638002064000115e+00  2.638002064000115e+00  0
1.099073671946089e-11  2.641549115881654e+00  2.641549115881654e+00  2.641549115881654e+00  2.641549115881654e+00  0
1.204538832172724e-11  2.643455052391427e+00  2.643455052391427e+00  2.643455052391427e+00  2.643455052391427e+00  0
1.320124242120140e-11  2.644800459687072e+00  2.644800459687072e+00  2.644800459687072e+00  2.644800459687072e+00  0
1.446801023002117e-11  2.644509149112136e+00  2.644509149112136e+00  2.644509149112136e+00  2.644509149112136e+00  0
1.585633483101718e-11  2.642792973204914e+00  2.642792973204914e+00  2.642792973204914e+00  2.642792973204914e+00  0
1.737788059837174e-11  2.639941314114040e+00  2.639941314114040e+00  2.639941314114040e+00  2.639941314114040e+00  0
1.904543119892557e-11  2.636562969965431e+00  2.636562969965431e+00  2.636562969965431e+00  2.636562969965431e+00  0
2.087299699751615e-11  2.634776663494137e+00  2.634776663494137e+00  2.634776663494137e+00  2.634776663494137e+00  0
2.287593276874176e-11  2.635272054057436e+00  2.635272054057436e+00  2.635272054057436e+00  2.635272054057436e+00  0
2.507106670413770e-11  2.637992936907690e+00  2.637992936907690e+00  2.637992936907690e+00  2.637992936907690e+00  0
2.747684179865223e-11  2.641539929293606e+00  2.641539929293606e+00  2.641539929293606e+00  2.641539929293606e+00  0
3.011347080431810e-11  2.643445412234655e+00  2.643445412234655e+00  2.643445412234655e+00  2.643445412234655e+00  0
3.300310605300349e-11  2.644791099211875e+00  2.644791099211875e+00  2.644791099211875e+00  2.644791099211875e+00  0
3.617002557505293e-11  2.644499906780760e+00  2.644499906780760e+00  2.644499906780760e+00  2.644499906780760e+00  0
3.964083707754296e-11  2.642783779642879e+00  2.642783779642879e+00  2.642783779642879e+00  2.642783779642879e+00  0
4.344470149592934e-11  2.639932142069761e+00  2.639932142069761e+00  2.639932142069761e+00  2.639932142069761e+00  0
4.761357799731391e-11  2.636554432118324e+00  2.636554432118324e+00  2.636554432118324e+00  2.636554432118324e+00  0
5.218249249379037e-11  2.634767832887298e+00  2.634767832887298e+00  2.634767832887298e+00  2.634767832887298e+00  0
5.718983192185440e-11  2.635263077446382e+00  2.635263077446382e+00  2.635263077446382e+00  2.635263077446382e+00  0
6.267766676034424e-11  2.637983877534494e+00  2.637983877534494e+00  2.637983877534494e+00  2.637983877534494e+00  0
6.869210449663056e-11  2.641530817731999e+00  2.641530817731999e+00  2.641530817731999e+00  2.641530817731999e+00  0
7.528367701079524e-11  2.643436275816307e+00  2.643436275816307e+00  2.643436275816307e+00  2.643436275816307e+00  0
8.250776513250872e-11  2.644782049984219e+00  2.644782049984219e+00  2.644782049984219e+00  2.644782049984219e+00  0
9.042506393763233e-11  2.644490895017836e+00  2.644490895017836e+00  2.644490895017836e+00  2.644490895017836e+00  0
9.910209269385739e-11  2.642774784259663e+00  2.642774784259663e+00  2.642774784259663e+00  2.642774784259663e+00  0
1.086117537398234e-10  2.639923151564769e+00  2.639923151564769e+00  2.639923151564769e+00  2.639923151564769e+00  0
1.190339449932848e-10  2.636546023128751e+00  2.636546023128751e+00  2.636546023128751e+00  2.636546023128751e+00  0
1.304562312344759e-10  2.634759254394719e+00  2.634759254394719e+00  2.634759254394719e+00  2.634759254394719e+00  0
1.429745798046360e-10  2.635254373553834e+00  2.635254373553834e+00  2.635254373553834e+00  2.635254373553834e+00  0
1.566941669008606e-10  2.637975070433210e+00  2.637975070433210e+00  2.637975070433210e+00  2.637975070433210e+00  0
1.717302612415764e-10  2.641521929757329e+00  2.641521929757329e+00  2.641521929757329e+00  2.641521929757329e+00  0
1.882091925269881e-10  2.643427768173593e+00  2.643427768173593e+00  2.643427768173593e+00  2.643427768173593e+00  0
2.062694128312718e-10  2.644773523920467e+00  2.644773523920467e+00  2.644773523920467e+00  2.644773523920467e+00  0
2.260626598440808e-10  2.644482360279596e+00  2.644482360279596e+00  2.644482360279596e+00  2.644482360279596e+00  0
2.477552317346435e-10  2.642766243516928e+00  2.642766243516928e+00  2.642766243516928e+00  2.642766243516928e+00  0
2.715293843495584e-10  2.639914594715773e+00  2.639914594715773e+00  2.639914594715773e+00  2.639914594715773e+00  0
2.975848624832120e-10  2.636538509970871e+00  2.636538509970871e+00  2.636538509970871e+00  2.636538509970871e+00  0
3.261405780861898e-10  2.634751535925562e+00  2.634751535925562e+00  2.634751535925562e+00  2.634751535925562e+00  0
3.574364495115900e-10  2.635246438570165e+00  2.635246438570165e+00  2.635246438570165e+00  2.635246438570165e+00  0
3.917354172521515e-10  2.637966927278587e+00  2.637966927278587e+00  2.637966927278587e+00  2.637966927278587e+00  0
4.293256531039410e-10  2.641513615327930e+00  2.641513615327930e+00  2.641513615327930e+00  2.641513615327930e+00  0
4.705229813174702e-10  2.643420586601297e+00  2.643420586601297e+00  2.643420586601297e+00  2.643420586601297e+00  0
5.156735320781795e-10  2.644766206721696e+00  2.644766206721696e+00  2.644766206721696e+00  2.644766206721696e+00  0
5.651566496102019e-10  2.644474979847315e+00  2.644474979847315e+00  2.644474979847315e+00  2.644474979847315e+00  0
6.193880793366086e-10  2.642758823967145e+00  2.642758823967145e+00  2.642758823967145e+00  2.642758823967145e+00  0
6.788234608738959e-10  2.639907114564224e+00  2.639907114564224e+00  2.639907114564224e+00  2.639907114564224e+00  0
7.439621562080298e-10  2.636533463632790e+00  2.636533463632790e+00  2.636533463632790e+00  2.636533463632790e+00  0
8.153514452154745e-10  2.634746058028998e+00  2.634746058028998e+00  2.634746058028998e+00  2.634746058028998e+00  0
8.935911237789750e-10  2.635240459825152e+00  2.635240459825152e+00  2.635240459825152e+00  2.635240459825152e+00  0
9.793385431303785e-10  2.637960456758329e+00  2.637960456758329e+00  2.637960456758329e+00  2.637960456758329e+00  0
1.073314132759852e-09  2.641506740308587e+00  2.641506740308587e+00  2.641506740308587e+00  2.641506740308587e+00  0
1.176307453293676e-09  2.643416621904323e+00  2.643416621904323e+00  2.643416621904323e+00  2.643416621904323e+00  0
1.289183830195449e-09  2.644761871464938e+00  2.644761871464938e+00  2.644761871464938e+00  2.644761871464938e+00  0
1.412891624025505e-09  2.644470469019707e+00  2.644470469019707e+00  2.644470469019707e+00  2.644470469019707e+00  0
1.548470198341522e-09  2.642754200339826e+00  2.642754200339826e+00  2.642754200339826e+00  2.642754200339826e+00  0
1.697058652184740e-09  2.639902322370993e+00  2.639902322370993e+00  2.639902322370993e+00  2.639902322370993e+00  0
1.859905390520075e-09  2.636534675371530e+00  2.636534675371530e+00  2.636534675371530e+00  2.636534675371530e+00  0
2.038378613038686e-09  2.634746217906039e+00  2.634746217906039e+00  2.634746217906039e+00  2.634746217906039e+00  0
2.233977809447438e-09  2.635239385312208e+00  2.635239385312208e+00  2.635239385312208e+00  2.635239385312208e+00  0
2.448346357825947e-09  2.637958172848898e+00  2.637958172848898e+00  2.637958172848898e+00  2.637958172848898e+00  0
2.683285331899631e-09  2.641503465807777e+00  2.641503465807777e+00  2.641503465807777e+00  2.641503465807777e+00  0
2.940768633234189e-09  2.643420660118257e+00  2.643420660118257e+00  2.643420660118257e+00  2.643420660118257e+00  0
3.222959575488621e-09  2.644764975056761e+00  2.644764975056761e+00  2.644764975056761e+00  2.644764975056761e+00  0
3.532229060063762e-09  2.644473125823924e+00  2.644473125823924e+00  2.644473125823924e+00  2.644473125823924e+00  0
3.871175495853804e-09  2.642756563735686e+00  2.642756563735686e+00  2.642756563735686e+00  2.642756563735686e+00  0
4.242646630461849e-09  2.639904248515642e+00  2.639904248515642e+00  2.639904248515642e+00  2.639904248515642e+00  0
4.649763476300187e-09  2.636551566555922e+00  2.636551566555922e+00  2.636551566555922e+00  2.636551566555922e+00  0
5.095946532596716e-09  2.634760484969805e+00  2.634760484969805e+00  2.634760484969805e+00  2.634760484969805e+00  0
5.584944523618594e-09  2.635250575422001e+00  2.635250575422001e+00  2.635250575422001e+00  2.635250575422001e+00  0
6.120865894564868e-09  2.637966356401386e+00  2.637966356401386e+00  2.637966356401386e+00  2.637966356401386e+00  0
6.708213329749079e-09  2.641509192603553e+00  2.641509192603553e+00  2.641509192603553e+00  2.641509192603553e+00  0
7.351921583085473e-09  2.643444687144182e+00  2.643444687144182e+00  2.643444687144182e+00  2.643444687144182e+00  0
8.057398938721554e-09  2.644786666687063e+00  2.644786666687063e+00  2.644786666687063e+00  2.644786666687063e+00  0
8.830572650159406e-09  2.644493696592629e+00  2.644493696592629e+00  2.644493696592629e+00  2.644493696592629e+00  0
9.677938739634512e-09  2.642776391215996e+00  2.642776391215996e+00  2.642776391215996e+00  2.642776391215996e+00  0
1.060661657615463e-08  2.639922967818420e+00  2.639922967818420e+00  2.639922967818420e+00  2.639922967818420e+00  0
1.162440869075047e-08  2.636607664992337e+00  2.636607664992337e+00  2.636607664992337e+00  2.636607664992337e+00  0
1.273986633149179e-08  2.634810021018966e+00  2.634810021018966e+00  2.634810021018966e+00  2.634810021018966e+00  0
1.396236130904649e-08  2.635292425413889e+00  2.635292425413889e+00  2.635292425413889e+00  2.635292425413889e+00  0
1.530216473641217e-08  2.638000706230702e+00  2.638000706230702e+00  2.638000706230702e+00  2.638000706230702e+00  0
1.677053332437270e-08  2.641537420188455e+00  2.641537420188455e+00  2.641537420188455e+00  2.641537420188455e+00  0
1.837980395771368e-08  2.643518669805153e+00  2.643518669805153e+00  2.643518669805153e+00  2.643518669805153e+00  0
2.014349734680389e-08  2.644854816322054e+00  2.644854816322054e+00  2.644854816322054e+00  2.644854816322054e+00  0
2.207643162539852e-08  2.644559042282154e+00  2.644559042282154e+00  2.644559042282154e+00  2.644559042282154e+00  0
2.419484684908628e-08  2.642839870259964e+00  2.642839870259964e+00  2.642839870259964e+00  2.642839870259964e+00  0
2.651654144038656e-08  2.639983662566565e+00  2.639983662566565e+00  2.639983662566565e+00  2.639983662566565e+00  0
2.906102172687617e-08  2.636761759132542e+00  2.636761759132542e+00  2.636761759132542e+00  2.636761759132542e+00  0
3.184966582872947e-08  2.634947709883815e+00  2.634947709883815e+00  2.634947709883815e+00  2.634947709883815e+00  0
3.490590327261621e-08  2.635410909024959e+00  2.635410909024959e+00  2.635410909024959e+00  2.635410909024959e+00  0
3.825541184103042e-08  2.638100458546639e+00  2.638100458546639e+00  2.638100458546639e+00  2.638100458546639e+00  0
4.192633331093174e-08  2.641621888343013e+00  2.641621888343013e+00  2.641621888343013e+00  2.641621888343013e+00  0
4.594950989428420e-08  2.643717487429861e+00  2.643717487429861e+00  2.643717487429861e+00  2.643717487429861e+00  0
5.035874336700971e-08  2.645039060993699e+00  2.645039060993699e+00  2.645039060993699e+00  2.645039060993699e+00  0
5.519107906349629e-08  2.644736279104334e+00  2.644736279104334e+00  2.644736279104334e+00  2.644736279104334e+00  0
6.048711712271569e-08  2.643012437066606e+00  2.643012437066606e+00  2.643012437066606e+00  2.643012437066606e+00  0
6.629135360096640e-08  2.640149261099193e+00  2.640149261099193e+00  2.640149261099193e+00  2.640149261099193e+00  0
7.265255431719042e-08  2.637160697265827e+00  2.637160697265827e+00  2.637160697265827e+00  2.637160697265827e+00  0
7.962416457182368e-08  2.635305670415799e+00  2.635305670415799e+00  2.635305670415799e+00  2.635305670415799e+00  0
8.726475818154052e-08  2.635720893595529e+00  2.635720893595529e+00  2.635720893595529e+00  2.635720893595529e+00  0
9.563852960257603e-08  2.638363651765555e+00  2.638363651765555e+00  2.638363651765555e+00  2.638363651765555e+00  0
1.048158332773293e-07  2.641846902091969e+00  2.641846902091969e+00  2.641846902091969e+00  2.641846902091969e+00  0
1.148737747357105e-07  2.644228105003584e+00  2.644228105003584e+00  2.644228105003584e+00  2.644228105003584e+00  0
1.258968584175243e-07  2.645513270516183e+00  2.645513270516183e+00  2.645513270516183e+00  2.645513270516183e+00  0
1.379776976587407e-07  2.645192989899744e+00  2.645192989899744e+00  2.645192989899744e+00  2.645192989899744e+00  0
1.512177928067893e-07  2.643457498529758e+00  2.643457498529758e+00  2.643457498529758e+00  2.643457498529758e+00  0
1.657283840024160e-07  2.640576931998913e+00  2.640576931998913e+00  2.640576931998913e+00  2.640576931998913e+00  0
1.816313857929761e-07  2.638170887609607e+00  2.638170887609607e+00  2.638170887609607e+00  2.638170887609607e+00  0
1.990604114295592e-07  2.636213674295753e+00  2.636213674295753e+00  2.636213674295753e+00  2.636213674295753e+00  0
2.181618954538513e-07  2.636509162233914e+00  2.636509162233914e+00  2.636509162233914e+00  2.636509162233914e+00  0
2.390963240064401e-07  2.639035084242538e+00  2.639035084242538e+00  2.639035084242538e+00  2.639035084242538e+00  0
2.620395831933234e-07  2.642422970337386e+00  2.642422970337386e+00  2.642422970337386e+00  2.642422970337386e+00  0
2.871844368392763e-07  2.645516500703837e+00  2.645516500703837e+00  2.645516500703837e+00  2.645516500703837e+00  0
3.147421460438107e-07  2.646710752821361e+00  2.646710752821361e+00  2.646710752821361e+00  2.646710752821361e+00  0
3.449442441468518e-07  2.646346861922039e+00  2.646346861922039e+00  2.646346861922039e+00  2.646346861922039e+00  0
3.780444820169731e-07  2.644582455781450e+00  2.644582455781450e+00  2.644582455781450e+00  2.644582455781450e+00  0
4.143209600060400e-07  2.641658679041794e+00  2.641658679041794e+00  2.641658679041794e+00  2.641658679041794e+00  0
4.540784644824401e-07  2.640703941564462e+00  2.640703941564462e+00  2.640703941564462e+00  2.640703941564462e+00  0
4.976510285738981e-07  2.638492925104751e+00  2.638492925104751e+00  2.638492925104751e+00  2.638492925104751e+00  0
5.454047386346284e-07  2.638490321631521e+00  2.638490321631521e+00  2.638490321631521e+00  2.638490321631521e+00  0
5.977408100161003e-07  2.640724937903400e+00  2.640724937903400e+00  2.640724937903400e+00  2.640724937903400e+00  0
6.550989579833085e-07  2.643874815277370e+00  2.643874815277370e+00  2.643874815277370e+00  2.643874815277370e+00  0
7.179610920981906e-07  2.648738271997830e+00  2.648738271997830e+00  2.648738271997830e+00  2.648738271997830e+00  0
7.868553651095268e-07  2.649705945304095e+00  2.649705945304095e+00  2.649705945304095e+00  2.649705945304095e+00  0
8.623606103671294e-07  2.649233995142400e+00  2.649233995142400e+00  2.649233995142400e+00  2.649233995142400e+00  0
9.451112050424327e-07  2.647398756606342e+00  2.647398756606342e+00  2.647398756606342e+00  2.647398756606342e+00  0
1.035802400015100e-06  2.644368776427746e+00  2.644368776427746e+00  2.644368776427746e+00  2.644368776427746e+00  0
1.135196161206100e-06  2.647012747119617e+00  2.647012747119617e+00  2.647012747119617e+00  2.647012747119617e+00  0
1.244127571434745e-06  2.644176648448162e+00  2.644176648448162e+00  2.644176648448162e+00  2.644176648448162e+00  0
1.363511846586571e-06  2.643435939240441e+00  2.643435939240441e+00  2.643435939240441e+00  2.643435939240441e+00  0
1.494352025040251e-06  2.644946757071965e+00  2.644946757071965e+00  2.644946757071965e+00  2.644946757071965e+00  0
1.637747394958271e-06  2.647503893298245e+00  2.647503893298245e+00  2.647503893298245e+00  2.647503893298245e+00  0
1.794902730245474e-06  2.656751704171374e+00  2.656751704171374e+00  2.656751704171374e+00  2.656751704171374e+00  0
1.967138412773814e-06  2.657145846238461e+00  2.657145846238461e+00  2.657145846238461e+00  2.657145846238461e+00  0
2.155901525917820e-06  2.656403516377182e+00  2.656403516377182e+00  2.656403516377182e+00  2.656403516377182e+00  0
2.362778012606078e-06  2.654396620197093e+00  2.654396620197093e+00  2.654396620197093e+00  2.654396620197093e+00  0
2.589506000037746e-06  2.651110224351801e+00  2.651110224351801e+00  2.651110224351801e+00  2.651110224351801e+00  0
2.837990403015247e-06  2.662611897695005e+00  2.662611897695005e+00  2.662611897695005e+00  2.662611897695005e+00  0
3.110318928586858e-06  2.658260849309918e+00  2.658260849309918e+00  2.658260849309918e+00  2.658260849309918e+00  0
3.408779616466422e-06  2.655711427079880e+00  2.655711427079880e+00  2.655711427079880e+00  2.655711427079880e+00  0
3.735880062600621e-06  2.655434757154462e+00  2.655434757154462e+00  2.655434757154462e+00  2.655434757154462e+00  0
4.094368487395672e-06  2.656519577470939e+00  2.656519577470939e+00  2.656519577470939e+00  2.656519577470939e+00  0
4.487256825613684e-06  2.676511180442244e+00  2.676511180442244e+00  2.676511180442244e+00  2.676511180442244e+00  0
4.917846031934535e-06  2.675466647270074e+00  2.675466647270074e+00  2.675466647270074e+00  2.675466647270074e+00  0
5.389753814794551e-06  2.674046540844548e+00  2.674046540844548e+00  2.674046540844548e+00  2.674046540844548e+00  0
5.906945031515196e-06  2.671629770769927e+00  2.671629770769927e+00  2.671629770769927e+00  2.671629770769927e+00  0
6.473765000094365e-06  2.667742208172245e+00  2.667742208172245e+00  2.667742208172245e+00  2.667742208172245e+00  0
7.094976007538116e-06  2.700714024844960e+00  2.700714024844960e+00  2.700714024844960e+00  2.700714024844960e+00  0
7.775797321467145e-06  2.692942890505095e+00  2.692942890505095e+00  2.692942890505095e+00  2.692942890505095e+00  0
8.521949041166055e-06  2.686090758869644e+00  2.686090758869644e+00  2.686090758869644e+00  2.686090758869644e+00  0
9.339700156501553e-06  2.681443587353336e+00  2.681443587353336e+00  2.681443587353336e+00  2.681443587353336e+00  0
1.023592121848918e-05  2.678859719524516e+00  2.678859719524516e+00  2.678859719524516e+00  2.678859719524516e+00  0
1.121814206403421e-05  2.724318959285108e+00  2.724318959285108e+00  2.724318959285108e+00  2.724318959285108e+00  0
1.229461507983634e-05  2.720149614267218e+00  2.720149614267218e+00  2.720149614267218e+00  2.720149614267218e+00  0
1.347438453698638e-05  2.717143164124816e+00  2.717143164124816e+00  2.717143164124816e+00  2.717143164124816e+00  0
1.476736257878799e-05  2.713769208990843e+00  2.713769208990843e+00  2.713769208990843e+00  2.713769208990843e+00  0
1.618441250023591e-05  2.708519265971309e+00  2.708519265971309e+00  2.708519265971309e+00  2.708519265971309e+00  0
1.773744001884529e-05  2.785942903514221e+00  2.785942903514221e+00  2.785942903514221e+00  2.785942903514221e+00  0
1.943949330366786e-05  2.774196735002310e+00  2.774196735002310e+00  2.774196735002310e+00  2.774196735002310e+00  0
2.130487260291513e-05  2.759375562784681e+00  2.759375562784681e+00  2.759375562784681e+00  2.759375562784681e+00  0
2.334925039125388e-05  2.745312308425611e+00  2.745312308425611e+00  2.745312308425611e+00  2.745312308425611e+00  0
2.558980304622295e-05  2.734167935411082e+00  2.734167935411082e+00  2.734167935411082e+00  2.734167935411082e+00  0
2.804535516008553e-05  2.813786811618546e+00  2.813786811618546e+00  2.813786811618546e+00  2.813786811618546e+00  0
3.073653769959084e-05  2.811883074157119e+00  2.811883074157119e+00  2.811883074157119e+00  2.811883074157119e+00  0
3.368596134246595e-05  2.810100915908961e+00  2.810100915908961e+00  2.810100915908961e+00  2.810100915908961e+00  0
3.691840644696997e-05  2.807636022294973e+00  2.807636022294973e+00  2.807636022294973e+00  2.807636022294973e+00  0
4.046103125058979e-05  2.801781572725503e+00  2.801781572725503e+00  2.801781572725503e+00  2.801781572725503e+00  0
4.434360004711322e-05  2.941767132330916e+00  2.941767132330916e+00  2.941767132330916e+00  2.941767132330916e+00  0
4.859873325916965e-05  2.932122337912816e+00  2.932122337912816e+00  2.932122337912816e+00  2.932122337912816e+00  0
5.326218150728784e-05  2.908659867655467e+00  2.908659867655467e+00  2.908659867655467e+00  2.908659867655467e+00  0
5.837312597813469e-05  2.879799132668062e+00  2.879799132668062e+00  2.879799132668062e+00  2.879799132668062e+00  0
6.397450761555736e-05  2.852967338879502e+00  2.852967338879502e+00  2.852967338879502e+00  2.852967338879502e+00  0
7.011338790021382e-05  2.950118039764363e+00  2.950118039764363e+00  2.950118039764363e+00  2.950118039764363e+00  0
7.684134424897711e-05  2.949578149346501e+00  2.949578149346501e+00  2.949578149346501e+00  2.949578149346501e+00  0
8.421490335616486e-05  2.953445482967647e+00  2.953445482967647e+00  2.953445482967647e+00  2.953445482967647e+00  0
9.229601611742493e-05  2.960249581153841e+00  2.960249581153841e+00  2.960249581153841e+00  2.960249581153841e+00  0
1.011525781264745e-04  2.963310691118346e+00  2.963310691118346e+00  2.963310691118346e+00  2.963310691118346e+00  0
1.108590001177830e-04  3.002509253836401e+00  3.002509253836401e+00  3.002509253836401e+00  3.002509253836401e+00  0
1.214968331479241e-04  3.042076399832466e+00  3.042076399832466e+00  3.042076399832466e+00  3.042076399832466e+00  0
1.331554537682196e-04  3.048611431857074e+00  3.048611431857074e+00  3.048611431857074e+00  3.048611431857074e+00  0
1.459328149453367e-04  3.030836903957922e+00  3.030836903957922e+00  3.030836903957922e+00  3.030836903957922e+00  0
1.599362690388934e-04  3.002397484246836e+00  3.002397484246836e+00  3.002397484246836e+00  3.002397484246836e+00  0
1.752834697505346e-04  2.730084293527923e+00  2.730084293527923e+00  2.730084293527923e+00  2.730084293527923e+00  0
1.921033606224428e-04  2.777156893370607e+00  2.777156893370607e+00  2.777156893370607e+00  2.777156893370607e+00  0
2.105372583904122e-04  2.833992483252814e+00  2.833992483252814e+00  2.833992483252814e+00  2.833992483252814e+00  0
2.307400402935623e-04  2.901425028528547e+00  2.901425028528547e+00  2.901425028528547e+00  2.901425028528547e+00  0
2.528814453161862e-04  2.969249963673195e+00  2.969249963673195e+00  2.969249963673195e+00  2.969249963673195e+00  0
2.771475002944577e-04  2.294800875994229e+00  2.294800875994229e+00  2.294800875994229e+00  2.294800875994229e+00  0
3.037420828698103e-04  2.445131379400610e+00  2.445131379400610e+00  2.445131379400610e+00  2.445131379400610e+00  0
3.328886344205490e-04  2.565030445219201e+00  2.565030445219201e+00  2.565030445219201e+00  2.565030445219201e+00  0
3.648320373633419e-04  2.648329870000762e+00  2.648329870000762e+00  2.648329870000762e+00  2.648329870000762e+00  0
3.998406725972335e-04  2.701725354024140e+00  2.701725354024140e+00  2.701725354024140e+00  2.701725354024140e+00  0
4.382086743763364e-04  1.710113162696088e+00  1.710113162696088e+00  1.710113162696088e+00  1.710113162696088e+00  0
4.802584015561070e-04  1.786599292969977e+00  1.786599292969977e+00  1.786599292969977e+00  1.786599292969977e+00  0
5.263431459760304e-04  1.880604430559591e+00  1.880604430559591e+00  1.880604430559591e+00  1.880604430559591e+00  0
5.768501007339059e-04  2.003646992501619e+00  2.003646992501619e+00  2.003646992501619e+00  2.003646992501619e+00  0
6.322036132904654e-04  2.152817625897141e+00  2.152817625897141e+00  2.152817625897141e+00  2.152817625897141e+00  0
6.928687507361442e-04  1.202082467085540e+00  1.202082467085540e+00  1.202082467085540e+00  1.202082467085540e+00  0
7.593552071745259e-04  1.331752839061134e+00  1.331752839061134e+00  1.331752839061134e+00  1.331752839061134e+00  0
8.322215860513725e-04  1.457475172738782e+00  1.457475172738782e+00  1.457475172738782e+00  1.457475172738782e+00  0
9.120800934083548e-04  1.564270177689952e+00  1.564270177689952e+00  1.564270177689952e+00  1.564270177689952e+00  0
9.996016814930839e-04  1.647823275599594e+00  1.647823275599594e+00  1.647823275599594e+00  1.647823275599594e+00  0
1.095521685940841e-03  9.358056906124657e-01  9.358056906124657e-01  9.358056906124657e-01  9.358056906124657e-01  0
1.200646003890267e-03  9.565990189411038e-01  9.565990189411038e-01  9.565990189411038e-01  9.565990189411038e-01  0
1.315857864940076e-03  9.803656898473767e-01  9.803656898473767e-01  9.803656898473767e-01  9.803656898473767e-01  0
1.442125251834764e-03  1.027012553718759e+00  1.027012553718759e+00  1.027012553718759e+00  1.027012553718759e+00  0
1.580509033226163e-03  1.107847037508793e+00  1.107847037508793e+00  1.107847037508793e+00  1.107847037508793e+00  0
1.732171876840360e-03  6.399813816754493e-01  6.399813816754493e-01  6.399813816754493e-01  6.399813816754493e-01  0
1.898388017936315e-03  7.138137903791275e-01  7.138137903791275e-01  7.138137903791275e-01  7.138137903791275e-01  0
2.080553965128431e-03  7.938596107705714e-01  7.938596107705714e-01  7.938596107705714e-01  7.938596107705714e-01  0
2.280200233520887e-03  8.643096879405353e-01  8.643096879405353e-01  8.643096879405353e-01  8.643096879405353e-01  0
2.499004203732710e-03  9.136552435334497e-01  9.136552435334497e-01  9.136552435334497e-01  9.136552435334497e-01  0
2.738804214852102e-03  5.594139587607300e-01  5.594139587607300e-01  5.594139587607300e-01  5.594139587607300e-01  0
3.001615009725668e-03  5.722073737002672e-01  5.722073737002672e-01  5.722073737002672e-01  5.722073737002672e-01  0
3.289644662350189e-03  5.741438873463335e-01  5.741438873463335e-01  5.741438873463335e-01  5.741438873463335e-01  0
3.605313129586911e-03  5.808283741977647e-01  5.808283741977647e-01  5.808283741977647e-01  5.808283741977647e-01  0
3.951272583065408e-03  6.064950901551577e-01  6.064950901551577e-01  6.064950901551577e-01  6.064950901551577e-01  0
4.330429692100900e-03  3.346534460074805e-01  3.346534460074805e-01  3.346534460074805e-01  3.346534460074805e-01  0
4.745970044840786e-03  3.800798557009543e-01  3.800798557009543e-01  3.800798557009543e-01  3.800798557009543e-01  0
5.201384912821078e-03  4.360637843123806e-01  4.360637843123806e-01  4.360637843123806e-01  4.360637843123806e-01  0
5.700500583802216e-03  4.920541638138789e-01  4.920541638138789e-01  4.920541638138789e-01  4.920541638138789e-01  0
6.247510509331773e-03  5.365007004604622e-01  5.365007004604622e-01  5.365007004604622e-01  5.365007004604622e-01  0
6.847010537130255e-03  3.695987827338523e-01  3.695987827338523e-01  3.695987827338523e-01  3.695987827338523e-01  0
7.504037524314169e-03  3.736173066652114e-01  3.736173066652114e-01  3.736173066652114e-01  3.736173066652114e-01  0
8.224111655875473e-03  3.649650278170040e-01  3.649650278170040e-01  3.649650278170040e-01  3.649650278170040e-01  0
9.013282823967277e-03  3.539884977683180e-01  3.539884977683180e-01  3.539884977683180e-01  3.539884977683180e-01  0
9.878181457663520e-03  3.524882689611303e-01  3.524882689611303e-01  3.524882689611303e-01  3.524882689611303e-01  0
1.082607423025225e-02  1.990335689976801e-01  1.990335689976801e-01  1.990335689976801e-01  1.990335689976801e-01  0
1.186492511210197e-02  2.377799756322212e-01  2.377799756322212e-01  2.377799756322212e-01  2.377799756322212e-01  0
1.300346228205270e-02  2.814114961450461e-01  2.814114961450461e-01  2.814114961450461e-01  2.814114961450461e-01  0
1.425125145950554e-02  3.234110876430647e-01  3.234110876430647e-01  3.234110876430647e-01  3.234110876430647e-01  0
1.561877627332943e-02  3.560087624715326e-01  3.560087624715326e-01  3.560087624715326e-01  3.560087624715326e-01  0
1.711752634282564e-02  2.747638069641556e-01  2.747638069641556e-01  2.747638069641556e-01  2.747638069641556e-01  0
1.876009381078543e-02  2.841938672437740e-01  2.841938672437740e-01  2.841938672437740e-01  2.841938672437740e-01  0
2.056027913968868e-02  2.817340413427467e-01  2.817340413427467e-01  2.817340413427467e-01  2.817340413427467e-01  0
2.253320705991819e-02  2.737506694058620e-01  2.737506694058620e-01  2.737506694058620e-01  2.737506694058620e-01  0
2.469545364415880e-02  2.684864125435322e-01  2.684864125435322e-01  2.684864125435322e-01  2.684864125435322e-01  0
2.706518557563063e-02  1.358074888823285e-01  1.358074888823285e-01  1.358074888823285e-01  1.358074888823285e-01  0
2.966231278025492e-02  1.637323359702689e-01  1.637323359702689e-01  1.637323359702689e-01  1.637323359702689e-01  0
3.250865570513174e-02  1.967399655011151e-01  1.967399655011151e-01  1.967399655011151e-01  1.967399655011151e-01  0
3.562812864876386e-02  2.304166985727559e-01  2.304166985727559e-01  2.304166985727559e-01  2.304166985727559e-01  0
3.904694068332359e-02  2.585600271332161e-01  2.585600271332161e-01  2.585600271332161e-01  2.585600271332161e-01  0
4.279381585706410e-02  1.983323351720066e-01  1.983323351720066e-01  1.983323351720066e-01  1.983323351720066e-01  0
4.690023452696356e-02  2.107154290011219e-01  2.107154290011219e-01  2.107154290011219e-01  2.107154290011219e-01  0
5.140069784922172e-02  2.126661207028830e-01  2.126661207028830e-01  2.126661207028830e-01  2.126661207028830e-01  0
5.633301764979549e-02  2.077512385709330e-01  2.077512385709330e-01  2.077512385709330e-01  2.077512385709330e-01  0
6.173863411039700e-02  2.020044096750868e-01  2.020044096750868e-01  2.020044096750868e-01  2.020044096750868e-01  0
6.766296393907657e-02  1.576065096150505e-01  1.576065096150505e-01  1.576065096150505e-01  1.576065096150505e-01  0
7.415578195063728e-02  1.637243808049925e-01  1.637243808049925e-01  1.637243808049925e-01  1.637243808049925e-01  0
8.127163926282933e-02  1.735928898685753e-01  1.735928898685753e-01  1.735928898685753e-01  1.735928898685753e-01  0
8.907032162190963e-02  1.869874214524579e-01  1.869874214524579e-01  1.869874214524579e-01  1.869874214524579e-01  0
9.761735170830896e-02  2.009954023136277e-01  2.009954023136277e-01  2.009954023136277e-01  2.009954023136277e-01  0
1.069845396426603e-01  2.351880327433767e-01  2.351880327433767e-01  2.351880327433767e-01  2.351880327433767e-01  0
1.172505863174090e-01  2.516206917448407e-01  2.516206917448407e-01  2.516206917448407e-01  2.516206917448407e-01  0
1.285017446230543e-01  2.561881950928324e-01  2.561881950928324e-01  2.561881950928324e-01  2.561881950928324e-01  0
1.408325441244888e-01  2.496560935127599e-01  2.496560935127599e-01  2.496560935127599e-01  2.496560935127599e-01  0
1.543465852759926e-01  2.356889833757863e-01  2.356889833757863e-01  2.356889833757863e-01  2.356889833757863e-01  0
1.691574098476915e-01  2.945686753462433e-01  2.945686753462433e-01  2.945686753462433e-01  2.945686753462433e-01  0
1.853894548765933e-01  3.463385906128160e-01  3.463385906128160e-01  3.463385906128160e-01  3.463385906128160e-01  0
2.031790981570734e-01  3.842807477180035e-01  3.842807477180035e-01  3.842807477180035e-01  3.842807477180035e-01  0
2.226758040547742e-01  4.046504090231348e-01  4.046504090231348e-01  4.046504090231348e-01  4.046504090231348e-01  0
2.440433792707725e-01  4.068973436746194e-01  4.068973436746194e-01  4.068973436746194e-01  4.068973436746194e-01  0
2.674613491066507e-01  5.838728111030722e-02  5.838728111030722e-02  5.838728111030722e-02  5.838728111030722e-02  0
2.931264657935224e-01  8.926799321660017e-02  8.926799321660017e-02  8.926799321660017e-02  8.926799321660017e-02  0
3.212543615576358e-01  1.311127240710616e-01  1.311127240710616e-01  1.311127240710616e-01  1.311127240710616e-01  0
3.520813603112219e-01  1.827828786704569e-01  1.827828786704569e-01  1.827828786704569e-01  1.827828786704569e-01  0
3.858664631899814e-01  2.403802651197637e-01  2.403802651197637e-01  2.403802651197637e-01  2.403802651197637e-01  0
4.228935246192288e-01  2.084525322379116e-02  2.084525322379116e-02  2.084525322379116e-02  2.084525322379116e-02  0
4.634736371914833e-01  2.694392204441748e-02  2.694392204441748e-02  2.694392204441748e-02  2.694392204441748e-02  0
5.079477453926836e-01  3.366649116769874e-02  3.366649116769874e-02  3.366649116769874e-02  3.366649116769874e-02  0
5.566895101369356e-01  4.179893295395806e-02  4.179893295395806e-02  4.179893295395806e-02  4.179893295395806e-02  0
6.101084481769313e-01  5.312180696818316e-02  5.312180696818316e-02  5.312180696818316e-02  5.312180696818316e-02  0
6.686533727666268e-01  2.404265769028042e-03  2.404265769028042e-03  2.404265769028042e-03  2.404265769028042e-03  0
7.328161644838059e-01  4.281930967160361e-03  4.281930967160361e-03  4.281930967160361e-03  4.281930967160361e-03  0
8.031359038940896e-01  7.103035329201759e-03  7.103035329201759e-03  7.103035329201759e-03  7.103035329201759e-03  0
8.802034007780548e-01  1.097231109761690e-02  1.097231109761690e-02  1.097231109761690e-02  1.097231109761690e-02  0
9.646661579749536e-01  1.581365774602514e-02  1.581365774602514e-02  1.581365774602514e-02  1.581365774602514e-02  0
1.057233811548072e+00  4.732046151345507e-05  4.732046151345507e-05  4.732046151345507e-05  4.732046151345507e-05  0
1.158684092978708e+00  8.749566612561243e-05  8.749566612561243e-05  8.749566612561243e-05  8.749566612561243e-05  0
1.269869363481709e+00  1.733895778609204e-04  1.733895778609204e-04  1.733895778609204e-04  1.733895778609204e-04  0
1.391723775342339e+00  3.640115104506574e-04  3.640115104506574e-04  3.640115104506574e-04  3.640115104506574e-04  0
1.525271120442328e+00  7.775836743575070e-04  7.775836743575070e-04  7.775836743575070e-04  7.775836743575070e-04  0
