-1.525271120442328e+00  2.790595577052082e-03  2.790595577052082e-03  2.790595577052082e-03  2.790595577052082e-03  0
-1.391723775342339e+00  1.301355181712507e-03  1.301355181712507e-03  1.301355181712507e-03  1.301355181712507e-03  0
-1.269869363481709e+00  5.875435878304329e-04  5.875435878304329e-04  5.875435878304329e-04  5.875435878304329e-04  0
-1.158684092978708e+00  2.628500801527980e-04  2.628500801527980e-04  2.628500801527980e-04  2.628500801527980e-04  0
-1.057233811548072e+00  1.192726570985167e-04  1.192726570985167e-04  1.192726570985167e-04  1.192726570985167e-04  0
-9.646661579749536e-01  4.074906293620444e-02  4.074906293620444e-02  4.074906293620444e-02  4.074906293620444e-02  0
-8.802034007780548e-01  2.831443997666929e-02  2.831443997666929e-02  2.831443997666929e-02  2.831443997666929e-02  0
-8.031359038940896e-01  1.838772776455567e-02  1.838772776455567e-02  1.838772776455567e-02  1.838772776455567e-02  0
-7.328161644838059e-01  1.111066737504413e-02  1.111066737504413e-02  1.111066737504413e-02  1.111066737504413e-02  0
-6.686533727666268e-01  6.236153482586278e-03  6.236153482586278e-03  6.236153482586278e-03  6.236153482586278e-03  0
-6.101084481769313e-01  1.862340047435667e-01  1.862340047435667e-01  1.862340047435667e-01  1.862340047435667e-01  0
-5.566895101369356e-01  1.305076129709834e-01  1.305076129709834e-01  1.305076129709834e-01  1.305076129709834e-01  0
-5.079477453926836e-01  9.658939972474272e-02  9.658939972474272e-02  9.658939972474272e-02  9.658939972474272e-02  0
-4.634736371914833e-01  7.370117720171100e-02  7.370117720171100e-02  7.370117720171100e-02  7.370117720171100e-02  0
-4.228935246192288e-01  5.590306629066732e-02  5.590306629066732e-02  5.590306629066732e-02  5.590306629066732e-02  0
-3.858664631899814e-01  1.213798756099809e+00  1.213798756099809e+00  1.213798756099809e+00  1.213798756099809e+00  0
-3.520813603112219e-01  8.902474940801434e-01  8.902474940801434e-01  8.902474940801434e-01  8.902474940801434e-01  0
-3.212543615576358e-01  6.090076969898091e-01  6.090076969898091e-01  6.090076969898091e-01  6.090076969898091e-01  0
-2.931264657935224e-01  3.884669035586674e-01  3.884669035586674e-01  3.884669035586674e-01  3.884669035586674e-01  0
-2.674613491066507e-01  2.314491638470584e-01  2.314491638470584e-01  2.314491638470584e-01  2.314491638470584e-01  0
-2.440433792707725e-01  2.256834710900732e+00  2.256834710900732e+00  2.256834710900732e+00  2.256834710900732e+00  0
-2.226758040547742e-01  2.220720273189001e+00  2.220720273189001e+00  2.220720273189001e+00  2.220720273189001e+00  0
-2.031790981570734e-01  2.083966767477646e+00  2.083966767477646e+00  2.083966767477646e+00  2.083966767477646e+00  0
-1.853894548765933e-01  1.851659088244366e+00  1.851659088244366e+00  1.851659088244366e+00  1.851659088244366e+00  0
-1.691574098476915e-01  1.548184321990189e+00  1.548184321990189e+00  1.548184321990189e+00  1.548184321990189e+00  0
-1.543465852759926e-01  1.319868913350827e+00  1.319868913350827e+00  1.319868913350827e+00  1.319868913350827e+00  0
-1.408325441244888e-01  1.432184503178426e+00  1.432184503178426e+00  1.432184503178426e+00  1.432184503178426e+00  0
-1.285017446230543e-01  1.495350140578642e+00  1.495350140578642e+00  1.495350140578642e+00  1.495350140578642e+00  0
-1.172505863174090e-01  1.497314644135579e+00  1.497314644135579e+00  1.497314644135579e+00  1.497314644135579e+00  0
-1.069845396426603e-01  1.437408017068224e+00  1.437408017068224e+00  1.437408017068224e+00  1.437408017068224e+00  0
-9.761735170830896e-02  7.420930562041886e-01  7.420930562041886e-01  7.420930562041886e-01  7.420930562041886e-01  0
-8.907032162190963e-02  7.496045035792324e-01  7.496045035792324e-01  7.496045035792324e-01  7.496045035792324e-01  0
-8.127163926282933e-02  7.793772829616440e-01  7.793772829616440e-01  7.793772829616440e-01  7.793772829616440e-01  0
-7.415578195063728e-02  8.281268493076792e-01  8.281268493076792e-01  8.281268493076792e-01  8.281268493076792e-01  0
-6.766296393907657e-02  8.809283838711814e-01  8.809283838711814e-01  8.809283838711814e-01  8.809283838711814e-01  0
-6.173863411039700e-02  7.057706559668642e-01  7.057706559668642e-01  7.057706559668642e-01  7.057706559668642e-01  0
-5.633301764979549e-02  7.153080159373824e-01  7.153080159373824e-01  7.153080159373824e-01  7.153080159373824e-01  0
-5.140069784922172e-02  7.098316483736283e-01  7.098316483736283e-01  7.098316483736283e-01  7.098316483736283e-01  0
-4.690023452696356e-02  6.785510434580291e-01  6.785510434580291e-01  6.785510434580291e-01  6.785510434580291e-01  0
-4.279381585706410e-02  6.177078088367348e-01  6.177078088367348e-01  6.177078088367348e-01  6.177078088367348e-01  0
-3.904694068332359e-02  7.127441224307001e-01  7.127441224307001e-01  7.127441224307001e-01  7.127441224307001e-01  0
-3.562812864876386e-02  6.676482196116126e-01  6.676482196116126e-01  6.676482196116126e-01  6.676482196116126e-01  0
-3.250865570513174e-02  6.264414466795719e-01  6.264414466795719e-01  6.264414466795719e-01  6.264414466795719e-01  0
-2.966231278025492e-02  5.930203017475919e-01  5.930203017475919e-01  5.930203017475919e-01  5.930203017475919e-01  0
-2.706518557563063e-02  5.672796750706809e-01  5.672796750706809e-01  5.672796750706809e-01  5.672796750706809e-01  0
-2.469545364415880e-02  8.418472752850387e-01  8.418472752850387e-01  8.418472752850387e-01  8.418472752850387e-01  0
-2.253320705991819e-02  8.202107146832670e-01  8.202107146832670e-01  8.202107146832670e-01  8.202107146832670e-01  0
-2.056027913968868e-02  7.938400439925960e-01  7.938400439925960e-01  7.938400439925960e-01  7.938400439925960e-01  0
-1.876009381078543e-02  7.564236703697771e-01  7.564236703697771e-01  7.564236703697771e-01  7.564236703697771e-01  0
-1.711752634282564e-02  7.026550351394578e-01  7.026550351394578e-01  7.026550351394578e-01  7.026550351394578e-01  0
-1.561877627332943e-02  1.056665515020883e+00  1.056665515020883e+00  1.056665515020883e+00  1.056665515020883e+00  0
-1.425125145950554e-02  9.789366144276177e-01  9.789366144276177e-01  9.789366144276177e-01  9.789366144276177e-01  0
-1.300346228205270e-02  9.023953442067167e-01  9.023953442067167e-01  9.023953442067167e-01  9.023953442067167e-01  0
-1.186492511210197e-02  8.277190686285424e-01  8.277190686285424e-01  8.277190686285424e-01  8.277190686285424e-01  0
-1.082607423025225e-02  7.531987901824565e-01  7.531987901824565e-01  7.531987901824565e-01  7.531987901824565e-01  0
-9.878181457663520e-03  1.360802320619202e+00  1.360802320619202e+00  1.360802320619202e+00  1.360802320619202e+00  0
-9.013282823967277e-03  1.303458988034036e+00  1.303458988034036e+00  1.303458988034036e+00  1.303458988034036e+00  0
-8.224111655875473e-03  1.232278132190709e+00  1.232278132190709e+00  1.232278132190709e+00  1.232278132190709e+00  0
-7.504037524314169e-03  1.149274656818644e+00  1.149274656818644e+00  1.149274656818644e+00  1.149274656818644e+00  0
-6.847010537130255e-03  1.055023278389310e+00  1.055023278389310e+00  1.055023278389310e+00  1.055023278389310e+00  0
-6.247510509331773e-03  1.258478237164075e+00  1.258478237164075e+00  1.258478237164075e+00  1.258478237164075e+00  0
-5.700500583802216e-03  1.324094959538245e+00  1.324094959538245e+00  1.324094959538245e+00  1.324094959538245e+00  0
-5.201384912821078e-03  1.356883417258675e+00  1.356883417258675e+00  1.356883417258675e+00  1.356883417258675e+00  0
-4.745970044840786e-03  1.353735345208190e+00  1.353735345208190e+00  1.353735345208190e+00  1.353735345208190e+00  0
-4.330429692100900e-03  1.314722708121087e+00  1.314722708121087e+00  1.314722708121087e+00  1.314722708121087e+00  0
-3.951272583065408e-03  8.792366005173347e-01  8.792366005173347e-01  8.792366005173347e-01  8.792366005173347e-01  0
-3.605313129586911e-03  9.004077302135801e-01  9.004077302135801e-01  9.004077302135801e-01  9.004077302135801e-01  0
-3.289644662350189e-03  9.553827477203827e-01  9.553827477203827e-01  9.553827477203827e-01  9.553827477203827e-01  0
-3.001615009725668e-03  1.029284116646245e+00  1.029284116646245e+00  1.029284116646245e+00  1.029284116646245e+00  0
-2.738804214852102e-03  1.100833834576124e+00  1.100833834576124e+00  1.100833834576124e+00  1.100833834576124e+00  0
-2.499004203732710e-03  1.047232207645226e+00  1.047232207645226e+00  1.047232207645226e+00  1.047232207645226e+00  0
-2.280200233520887e-03  1.012758792503080e+00  1.012758792503080e+00  1.012758792503080e+00  1.012758792503080e+00  0
-2.080553965128431e-03  9.590687087619369e-01  9.590687087619369e-01  9.590687087619369e-01  9.590687087619369e-01  0
-1.898388017936315e-03  8.928824448682100e-01  8.928824448682100e-01  8.928824448682100e-01  8.928824448682100e-01  0
-1.732171876840360e-03  8.277356785788260e-01  8.277356785788260e-01  8.277356785788260e-01  8.277356785788260e-01  0
-1.580509033226163e-03  1.511057335160282e+00  1.511057335160282e+00  1.511057335160282e+00  1.511057335160282e+00  0
-1.442125251834764e-03  1.318873730114995e+00  1.318873730114995e+00  1.318873730114995e+00  1.318873730114995e+00  0
-1.315857864940076e-03  1.185226447798504e+00  1.185226447798504e+00  1.185226447798504e+00  1.185226447798504e+00  0
-1.200646003890267e-03  1.107297586623845e+00  1.107297586623845e+00  1.107297586623845e+00  1.107297586623845e+00  0
-1.095521685940841e-03  1.061559618713518e+00  1.061559618713518e+00  1.061559618713518e+00  1.061559618713518e+00  0
-9.996016814930839e-04  2.216213657216220e+00  2.216213657216220e+00  2.216213657216220e+00  2.216213657216220e+00  0
-9.120800934083548e-04  2.190032175589387e+00  2.190032175589387e+00  2.190032175589387e+00  2.190032175589387e+00  0
-8.322215860513725e-04  2.095436647159278e+00  2.095436647159278e+00  2.095436647159278e+00  2.095436647159278e+00  0
-7.593552071745259e-04  1.925364310875921e+00  1.925364310875921e+00  1.925364310875921e+00  1.925364310875921e+00  0
-6.928687507361442e-04  1.704602758933386e+00  1.704602758933386e+00  1.704602758933386e+00  1.704602758933386e+00  0
-6.322036132904654e-04  2.654145626814604e+00  2.654145626814604e+00  2.654145626814604e+00  2.654145626814604e+00  0
-5.768501007339059e-04  2.464913138010576e+00  2.464913138010576e+00  2.464913138010576e+00  2.464913138010576e+00  0
-5.263431459760304e-04  2.316891516373202e+00  2.316891516373202e+00  2.316891516373202e+00  2.316891516373202e+00  0
-4.802584015561070e-04  2.238300450219027e+00  2.238300450219027e+00  2.238300450219027e+00  2.238300450219027e+00  0
-4.382086743763364e-04  2.217943522240099e+00  2.217943522240099e+00  2.217943522240099e+00  2.217943522240099e+00  0
-3.998406725972335e-04  2.745539882920588e+00  2.745539882920588e+00  2.745539882920588e+00  2.745539882920588e+00  0
-3.648320373633419e-04  2.865172386751477e+00  2.865172386751477e+00  2.865172386751477e+00  2.865172386751477e+00  0
-3.328886344205490e-04  2.939514553677884e+00  2.939514553677884e+00  2.939514553677884e+00  2.939514553677884e+00  0
-3.037420828698103e-04  2.923436299462134e+00  2.923436299462134e+00  2.923436299462134e+00  2.923436299462134e+00  0
-2.771475002944577e-04  2.807637639899211e+00  2.807637639899211e+00  2.807637639899211e+00  2.807637639899211e+00  0
-2.528814453161862e-04  2.814900274493878e+00  2.814900274493878e+00  2.814900274493878e+00  2.814900274493878e+00  0
-2.307400402935623e-04  2.715358484814075e+00  2.715358484814075e+00  2.715358484814075e+00  2.715358484814075e+00  0
-2.105372583904122e-04  2.626826938706635e+00  2.626826938706635e+00  2.626826938706635e+00  2.626826938706635e+00  0
-1.921033606224428e-04  2.594458527582393e+00  2.594458527582393e+00  2.594458527582393e+00  2.594458527582393e+00  0
-1.752834697505346e-04  2.637049330873312e+00  2.637049330873312e+00  2.637049330873312e+00  2.637049330873312e+00  0
-1.599362690388934e-04  2.612308413962416e+00  2.612308413962416e+00  2.612308413962416e+00  2.612308413962416e+00  0
-1.459328149453367e-04  2.709794890520931e+00  2.709794890520931e+00  2.709794890520931e+00  2.709794890520931e+00  0
-1.331554537682196e-04  2.808429266119744e+00  2.808429266119744e+00  2.808429266119744e+00  2.808429266119744e+00  0
-1.214968331479241e-04  2.865416100663737e+00  2.865416100663737e+00  2.865416100663737e+00  2.865416100663737e+00  0
-1.108590001177830e-04  2.849832530887440e+00  2.849832530887440e+00  2.849832530887440e+00  2.849832530887440e+00  0
-1.011525781264745e-04  2.699160960925994e+00  2.699160960925994e+00  2.699160960925994e+00  2.699160960925994e+00  0
-9.229601611742493e-05  2.644223902639644e+00  2.644223902639644e+00  2.644223902639644e+00  2.644223902639644e+00  0
-8.421490335616486e-05  2.580812701766520e+00  2.580812701766520e+00  2.580812701766520e+00  2.580812701766520e+00  0
-7.684134424897711e-05  2.538819092941595e+00  2.538819092941595e+00  2.538819092941595e+00  2.538819092941595e+00  0
-7.011338790021382e-05  2.541027465733775e+00  2.541027465733775e+00  2.541027465733775e+00  2.541027465733775e+00  0
-6.397450761555736e-05  2.579589786610211e+00  2.579589786610211e+00  2.579589786610211e+00  2.579589786610211e+00  0
-5.837312597813469e-05  2.619007428695453e+00  2.619007428695453e+00  2.619007428695453e+00  2.619007428695453e+00  0
-5.326218150728784e-05  2.667916152581112e+00  2.667916152581112e+00  2.667916152581112e+00  2.667916152581112e+00  0
-4.859873325916965e-05  2.704394671265351e+00  2.704394671265351e+00  2.704394671265351e+00  2.704394671265351e+00  0
-4.434360004711322e-05  2.706320918621899e+00  2.706320918621899e+00  2.706320918621899e+00  2.706320918621899e+00  0
-4.046103125058979e-05  2.658064785547164e+00  2.658064785547164e+00  2.658064785547164e+00  2.658064785547164e+00  0
-3.691840644696997e-05  2.632894107343907e+00  2.632894107343907e+00  2.632894107343907e+00  2.632894107343907e+00  0
-3.368596134246595e-05  2.598213843086637e+00  2.598213843086637e+00  2.598213843086637e+00  2.598213843086637e+00  0
-3.073653769959084e-05  2.567090818665543e+00  2.567090818665543e+00  2.567090818665543e+00  2.567090818665543e+00  0
-2.804535516008553e-05  2.551282471866713e+00  2.551282471866713e+00  2.551282471866713e+00  2.551282471866713e+00  0
-2.558980304622295e-05  2.604931008884310e+00  2.604931008884310e+00  2.604931008884310e+00  2.604931008884310e+00  0
-2.334925039125388e-05  2.618158639559733e+00  2.618158639559733e+00  2.618158639559733e+00  2.618158639559733e+00  0
-2.130487260291513e-05  2.637936643630302e+00  2.637936643630302e+00  2.637936643630302e+00  2.637936643630302e+00  0
-1.943949330366786e-05  2.655742639354290e+00  2.655742639354290e+00  2.655742639354290e+00  2.655742639354290e+00  0
-1.773744001884529e-05  2.661206301832978e+00  2.661206301832978e+00  2.661206301832978e+00  2.661206301832978e+00  0
-1.618441250023591e-05  2.646154047981259e+00  2.646154047981259e+00  2.646154047981259e+00  2.646154047981259e+00  0
-1.476736257878799e-05  2.637228137466107e+00  2.637228137466107e+00  2.637228137466107e+00  2.637228137466107e+00  0
-1.347438453698638e-05  2.622805561702868e+00  2.622805561702868e+00  2.622805561702868e+00  2.622805561702868e+00  0
-1.229461507983634e-05  2.608518022858156e+00  2.608518022858156e+00  2.608518022858156e+00  2.608518022858156e+00  0
-1.121814206403421e-05  2.600291352727207e+00  2.600291352727207e+00  2.600291352727207e+00  2.600291352727207e+00  0
-1.023592121848918e-05  2.623599048446611e+00  2.623599048446611e+00  2.623599048446611e+00  2.623599048446611e+00  0
-9.339700156501553e-06  2.626692794995856e+00  2.626692794995856e+00  2.626692794995856e+00  2.626692794995856e+00  0
-8.521949041166055e-06  2.633608147300970e+00  2.633608147300970e+00  2.633608147300970e+00  2.633608147300970e+00  0
-7.775797321467145e-06  2.641747331695282e+00  2.641747331695282e+00  2.641747331695282e+00  2.641747331695282e+00  0
-7.094976007538116e-06  2.646892530084449e+00  2.646892530084449e+00  2.646892530084449e+00  2.646892530084449e+00  0
-6.473765000094365e-06  2.642464323945428e+00  2.642464323945428e+00  2.642464323945428e+00  2.642464323945428e+00  0
-5.906945031515196e-06  2.640364303362997e+00  2.640364303362997e+00  2.640364303362997e+00  2.640364303362997e+00  0
-5.389753814794551e-06  2.635007090437893e+00  2.635007090437893e+00  2.635007090437893e+00  2.635007090437893e+00  0
-4.917846031934535e-06  2.628644648760997e+00  2.628644648760997e+00  2.628644648760997e+00  2.628644648760997e+00  0
-4.487256825613684e-06  2.623843357412276e+00  2.623843357412276e+00  2.623843357412276e+00  2.623843357412276e+00  0
-4.094368487395672e-06  2.633163927006010e+00  2.633163927006010e+00  2.633163927006010e+00  2.633163927006010e+00  0
-3.735880062600621e-06  2.632320159100970e+00  2.632320159100970e+00  2.632320159100970e+00  2.632320159100970e+00  0
-3.408779616466422e-06  2.633770282531647e+00  2.633770282531647e+00  2.633770282531647e+00  2.633770282531647e+00  0
-3.110318928586858e-06  2.637192850100762e+00  2.637192850100762e+00  2.637192850100762e+00  2.637192850100762e+00  0
-2.837990403015247e-06  2.640762027220987e+00  2.640762027220987e+00  2.640762027220987e+00  2.640762027220987e+00  0
-2.589506000037746e-06  2.641329242586924e+00  2.641329242586924e+00  2.641329242586924e+00  2.641329242586924e+00  0
-2.362778012606078e-06  2.642078456768846e+00  2.642078456768846e+00  2.642078456768846e+00  2.642078456768846e+00  0
-2.155901525917820e-06  2.640604426715145e+00  2.640604426715145e+00  2.640604426715145e+00  2.640604426715145e+00  0
-1.967138412773814e-06  2.637762001121041e+00  2.637762001121041e+00  2.637762001121041e+00  2.637762001121041e+00  0
-1.794902730245474e-06  2.634620734236902e+00  2.634620734236902e+00  2.634620734236902e+00  2.634620734236902e+00  0
-1.637747394958271e-06  2.637308959214183e+00  2.637308959214183e+00  2.637308959214183e+00  2.637308959214183e+00  0
-1.494352025040251e-06  2.634941970450977e+00  2.634941970450977e+00  2.634941970450977e+00  2.634941970450977e+00  0
-1.363511846586571e-06  2.634205665849056e+00  2.634205665849056e+00  2.634205665849056e+00  2.634205665849056e+00  0
-1.244127571434745e-06  2.635683423304309e+00  2.635683423304309e+00  2.635683423304309e+00  2.635683423304309e+00  0
-1.135196161206100e-06  2.638517927185282e+00  2.638517927185282e+00  2.638517927185282e+00  2.638517927185282e+00  0
-1.035802400015100e-06  2.640901953022491e+00  2.640901953022491e+00  2.640901953022491e+00  2.640901953022491e+00  0
-9.451112050424327e-07  2.642805490471974e+00  2.642805490471974e+00  2.642805490471974e+00  2.642805490471974e+00  0
-8.623606103671294e-07  2.642925094161093e+00  2.642925094161093e+00  2.642925094161093e+00  2.642925094161093e+00  0
-7.868553651095268e-07  2.641555466047568e+00  2.641555466047568e+00  2.641555466047568e+00  2.641555466047568e+00  0
-7.179610920981906e-07  2.639153015250388e+00  2.639153015250388e+00  2.639153015250388e+00  2.639153015250388e+00  0
-6.550989579833085e-07  2.639011111445290e+00  2.639011111445290e+00  2.639011111445290e+00  2.639011111445290e+00  0
-5.977408100161003e-07  2.636040840409200e+00  2.636040840409200e+00  2.636040840409200e+00  2.636040840409200e+00  0
-5.454047386346284e-07  2.634428301103652e+00  2.634428301103652e+00  2.634428301103652e+00  2.634428301103652e+00  0
-4.976510285738981e-07  2.635119424414031e+00  2.635119424414031e+00  2.635119424414031e+00  2.635119424414031e+00  0
-4.540784644824401e-07  2.637649512105630e+00  2.637649512105630e+00  2.637649512105630e+00  2.637649512105630e+00  0
-4.143209600060400e-07  2.640736677598356e+00  2.640736677598356e+00  2.640736677598356e+00  2.640736677598356e+00  0
-3.780444820169731e-07  2.643103473273712e+00  2.643103473273712e+00  2.643103473273712e+00  2.643103473273712e+00  0
-3.449442441468518e-07  2.643866408610204e+00  2.643866408610204e+00  2.643866408610204e+00  2.643866408610204e+00  0
-3.147421460438107e-07  2.643096649569296e+00  2.643096649569296e+00  2.643096649569296e+00  2.643096649569296e+00  0
-2.871844368392763e-07  2.641004601346975e+00  2.641004601346975e+00  2.641004601346975e+00  2.641004601346975e+00  0
-2.620395831933234e-07  2.639702705258165e+00  2.639702705258165e+00  2.639702705258165e+00  2.639702705258165e+00  0
-2.390963240064401e-07  2.636491818860753e+00  2.636491818860753e+00  2.636491818860753e+00  2.636491818860753e+00  0
-2.181618954538513e-07  2.634528190149216e+00  2.634528190149216e+00  2.634528190149216e+00  2.634528190149216e+00  0
-1.990604114295592e-07  2.634902830157338e+00  2.634902830157338e+00  2.634902830157338e+00  2.634902830157338e+00  0
-1.816313857929761e-07  2.637308870232295e+00  2.637308870232295e+00  2.637308870232295e+00  2.637308870232295e+00  0
-1.657283840024160e-07  2.640675993702429e+00  2.640675993702429e+00  2.640675993702429e+00  2.640675993702429e+00  0
-1.512177928067893e-07  2.643228215031649e+00  2.643228215031649e+00  2.643228215031649e+00  2.643228215031649e+00  0
-1.379776976587407e-07  2.644249222619480e+00  2.644249222619480e+00  2.644249222619480e+00  2.644249222619480e+00  0
-1.258968584175243e-07  2.643720773478845e+00  2.643720773478845e+00  2.643720773478845e+00  2.643720773478845e+00  0
-1.148737747357105e-07  2.641754588218244e+00  2.641754588218244e+00  2.641754588218244e+00  2.641754588218244e+00  0
-1.048158332773293e-07  2.639985800184404e+00  2.639985800184404e+00  2.639985800184404e+00  2.639985800184404e+00  0
-9.563852960257603e-08  2.636678765832883e+00  2.636678765832883e+00  2.636678765832883e+00  2.636678765832883e+00  0
-8.726475818154052e-08  2.634574579792780e+00  2.634574579792780e+00  2.634574579792780e+00  2.634574579792780e+00  0
-7.962416457182368e-08  2.634822295110894e+00  2.634822295110894e+00  2.634822295110894e+00  2.634822295110894e+00  0
-7.265255431719042e-08  2.637178298192416e+00  2.637178298192416e+00  2.637178298192416e+00  2.637178298192416e+00  0
-6.629135360096640e-08  2.640657268318692e+00  2.640657268318692e+00  2.640657268318692e+00  2.640657268318692e+00  0
-6.048711712271569e-08  2.643283693447257e+00  2.643283693447257e+00  2.643283693447257e+00  2.643283693447257e+00  0
-5.519107906349629e-08  2.644408062372854e+00  2.644408062372854e+00  2.644408062372854e+00  2.644408062372854e+00  0
-5.035874336700971e-08  2.643976366739225e+00  2.643976366739225e+00  2.643976366739225e+00  2.643976366739225e+00  0
-4.594950989428420e-08  2.642060804885002e+00  2.642060804885002e+00  2.642060804885002e+00  2.642060804885002e+00  0
-4.192633331093174e-08  2.640104750586951e+00  2.640104750586951e+00  2.640104750586951e+00  2.640104750586951e+00  0
-3.825541184103042e-08  2.636759264904827e+00  2.636759264904827e+00  2.636759264904827e+00  2.636759264904827e+00  0
-3.490590327261621e-08  2.634598830161055e+00  2.634598830161055e+00  2.634598830161055e+00  2.634598830161055e+00  0
-3.184966582872947e-08  2.634795721361227e+00  2.634795721361227e+00  2.634795721361227e+00  2.634795721361227e+00  0
-2.906102172687617e-08  2.637131647909631e+00  2.637131647909631e+00  2.637131647909631e+00  2.637131647909631e+00  0
-2.651654144038656e-08  2.640655339635278e+00  2.640655339635278e+00  2.640655339635278e+00  2.640655339635278e+00  0
-2.419484684908628e-08  2.643311457977833e+00  2.643311457977833e+00  2.643311457977833e+00  2.643311457977833e+00  0
-2.207643162539852e-08  2.644477196854327e+00  2.644477196854327e+00  2.644477196854327e+00  2.644477196854327e+00  0
-2.014349734680389e-08  2.644084240638998e+00  2.644084240638998e+00  2.644084240638998e+00  2.644084240638998e+00  0
-1.837980395771368e-08  2.642188970378636e+00  2.642188970378636e+00  2.642188970378636e+00  2.642188970378636e+00  0
-1.677053332437270e-08  2.640157919710786e+00  2.640157919710786e+00  2.640157919710786e+00  2.640157919710786e+00  0
-1.530216473641217e-08  2.636797048061718e+00  2.636797048061718e+00  2.636797048061718e+00  2.636797048061718e+00  0
-1.396236130904649e-08  2.634614104773670e+00  2.634614104773670e+00  2.634614104773670e+00  2.634614104773670e+00  0
-1.273986633149179e-08  2.634790656942668e+00  2.634790656942668e+00  2.634790656942668e+00  2.634790656942668e+00  0
-1.162440869075047e-08  2.637118546528253e+00  2.637118546528253e+00  2.637118546528253e+00  2.637118546528253e+00  0
-1.060661657615463e-08  2.640660131748675e+00  2.640660131748675e+00  2.640660131748675e+00  2.640660131748675e+00  0
-9.677938739634512e-09  2.643328134534141e+00  2.643328134534141e+00  2.643328134534141e+00  2.643328134534141e+00  0
-8.830572650159406e-09  2.644510428365361e+00  2.644510428365361e+00  2.644510428365361e+00  2.644510428365361e+00  0
-8.057398938721554e-09  2.644132974186213e+00  2.644132974186213e+00  2.644132974186213e+00  2.644132974186213e+00  0
-7.351921583085473e-09  2.642245824699482e+00  2.642245824699482e+00  2.642245824699482e+00  2.642245824699482e+00  0
-6.708213329749079e-09  2.640184755424085e+00  2.640184755424085e+00  2.640184755424085e+00  2.640184755424085e+00  0
-6.120865894564868e-09  2.636817722219436e+00  2.636817722219436e+00  2.636817722219436e+00  2.636817722219436e+00  0
-5.584944523618594e-09  2.634625769629434e+00  2.634625769629434e+00  2.634625769629434e+00  2.634625769629434e+00  0
-5.095946532596716e-09  2.634794184246001e+00  2.634794184246001e+00  2.634794184246001e+00  2.634794184246001e+00  0
-4.649763476300187e-09  2.637118861125450e+00  2.637118861125450e+00  2.637118861125450e+00  2.637118861125450e+00  0
-4.242646630461849e-09  2.640667612732831e+00  2.640667612732831e+00  2.640667612732831e+00  2.640667612732831e+00  0
-3.871175495853804e-09  2.643340375443578e+00  2.643340375443578e+00  2.643340375443578e+00  2.643340375443578e+00  0
-3.532229060063762e-09  2.644529294924546e+00  2.644529294924546e+00  2.644529294924546e+00  2.644529294924546e+00  0
-3.222959575488621e-09  2.644158042567600e+00  2.644158042567600e+00  2.644158042567600e+00  2.644158042567600e+00  0
-2.940768633234189e-09  2.642274139779109e+00  2.642274139779109e+00  2.642274139779109e+00  2.642274139779109e+00  0
-2.683285331899631e-09  2.640201054022517e+00  2.640201054022517e+00  2.640201054022517e+00  2.640201054022517e+00  0
-2.448346357825947e-09  2.636831548863558e+00  2.636831548863558e+00  2.636831548863558e+00  2.636831548863558e+00  0
-2.233977809447438e-09  2.634635987227193e+00  2.634635987227193e+00  2.634635987227193e+00  2.634635987227193e+00  0
-2.038378613038686e-09  2.634801145754782e+00  2.634801145754782e+00  2.634801145754782e+00  2.634801145754782e+00  0
-1.859905390520075e-09  2.637124539752453e+00  2.637124539752453e+00  2.637124539752453e+00  2.637124539752453e+00  0
-1.697058652184740e-09  2.640676169469732e+00  2.640676169469732e+00  2.640676169469732e+00  2.640676169469732e+00  0
-1.548470198341522e-09  2.643350842065194e+00  2.643350842065194e+00  2.643350842065194e+00  2.643350842065194e+00  0
-1.412891624025505e-09  2.644542414969770e+00  2.644542414969770e+00  2.644542414969770e+00  2.644542414969770e+00  0
-1.289183830195449e-09  2.644173643910547e+00  2.644173643910547e+00  2.644173643910547e+00  2.644173643910547e+00  0
-1.176307453293676e-09  2.642291038573622e+00  2.642291038573622e+00  2.642291038573622e+00  2.642291038573622e+00  0
-1.073314132759852e-09  2.640213136823523e+00  2.640213136823523e+00  2.640213136823523e+00  2.640213136823523e+00  0
-9.793385431303785e-10  2.636842635391459e+00  2.636842635391459e+00  2.636842635391459e+00  2.636842635391459e+00  0
-8.935911237789750e-10  2.634645624464442e+00  2.634645624464442e+00  2.634645624464442e+00  2.634645624464442e+00  0
-8.153514452154745e-10  2.634809478340697e+00  2.634809478340697e+00  2.634809478340697e+00  2.634809478340697e+00  0
-7.439621562080298e-10  2.637132358153013e+00  2.637132358153013e+00  2.637132358153013e+00  2.637132358153013e+00  0
-6.788234608738959e-10  2.640685156822633e+00  2.640685156822633e+00  2.640685156822633e+00  2.640685156822633e+00  0
-6.193880793366086e-10  2.643360599423129e+00  2.643360599423129e+00  2.643360599423129e+00  2.643360599423129e+00  0
-5.651566496102019e-10  2.644553237271023e+00  2.644553237271023e+00  2.644553237271023e+00  2.644553237271023e+00  0
-5.156735320781795e-10  2.644185460602666e+00  2.644185460602666e+00  2.644185460602666e+00  2.644185460602666e+00  0
-4.705229813174702e-10  2.642303376494457e+00  2.642303376494457e+00  2.642303376494457e+00  2.642303376494457e+00  0
-4.293256531039410e-10  2.640223532735063e+00  2.640223532735063e+00  2.640223532735063e+00  2.640223532735063e+00  0
-3.917354172521515e-10  2.636852624903938e+00  2.636852624903938e+00  2.636852624903938e+00  2.636852624903938e+00  0
-3.574364495115900e-10  2.634655027336372e+00  2.634655027336372e+00  2.634655027336372e+00  2.634655027336372e+00  0
-3.261405780861898e-10  2.634818353633566e+00  2.634818353633566e+00  2.634818353633566e+00  2.634818353633566e+00  0
-2.975848624832120e-10  2.637141018074706e+00  2.637141018074706e+00  2.637141018074706e+00  2.637141018074706e+00  0
-2.715293843495584e-10  2.640694316811492e+00  2.640694316811492e+00  2.640694316811492e+00  2.640694316811492e+00  0
-2.477552317346435e-10  2.643370073896075e+00  2.643370073896075e+00  2.643370073896075e+00  2.643370073896075e+00  0
-2.260626598440808e-10  2.644563142654514e+00  2.644563142654514e+00  2.644563142654514e+00  2.644563142654514e+00  0
-2.062694128312718e-10  2.644195769373851e+00  2.644195769373851e+00  2.644195769373851e+00  2.644195769373851e+00  0
-1.882091925269881e-10  2.642313905218844e+00  2.642313905218844e+00  2.642313905218844e+00  2.642313905218844e+00  0
-1.717302612415764e-10  2.640233252919234e+00  2.640233252919234e+00  2.640233252919234e+00  2.640233252919234e+00  0
-1.566941669008606e-10  2.636862173418721e+00  2.636862173418721e+00  2.636862173418721e+00  2.636862173418721e+00  0
-1.429745798046360e-10  2.634664330818439e+00  2.634664330818439e+00  2.634664330818439e+00  2.634664330818439e+00  0
-1.304562312344759e-10  2.634827431258540e+00  2.634827431258540e+00  2.634827431258540e+00  2.634827431258540e+00  0
-1.190339449932848e-10  2.637149977913801e+00  2.637149977913801e+00  2.637149977913801e+00  2.637149977913801e+00  0
-1.086117537398234e-10  2.640703547295610e+00  2.640703547295610e+00  2.640703547295610e+00  2.640703547295610e+00  0
-9.910209269385739e-11  2.643379437944547e+00  2.643379437944547e+00  2.643379437944547e+00  2.643379437944547e+00  0
-9.042506393763233e-11  2.644572687607325e+00  2.644572687607325e+00  2.644572687607325e+00  2.644572687607325e+00  0
-8.250776513250872e-11  2.644205490887579e+00  2.644205490887579e+00  2.644205490887579e+00  2.644205490887579e+00  0
-7.528367701079524e-11  2.642323749328364e+00  2.642323749328364e+00  2.642323749328364e+00  2.642323749328364e+00  0
-6.869210449663056e-11  2.640242700529349e+00  2.640242700529349e+00  2.640242700529349e+00  2.640242700529349e+00  0
-6.267766676034424e-11  2.636871540355706e+00  2.636871540355706e+00  2.636871540355706e+00  2.636871540355706e+00  0
-5.718983192185440e-11  2.634673580868272e+00  2.634673580868272e+00  2.634673580868272e+00  2.634673580868272e+00  0
-5.218249249379037e-11  2.634836553469521e+00  2.634836553469521e+00  2.634836553469521e+00  2.634836553469521e+00  0
-4.761357799731391e-11  2.637158966552953e+00  2.637158966552953e+00  2.637158966552953e+00  2.637158966552953e+00  0
-4.344470149592934e-11  2.640712808948948e+00  2.640712808948948e+00  2.640712808948948e+00  2.640712808948948e+00  0
-3.964083707754296e-11  2.643388763958434e+00  2.643388763958434e+00  2.643388763958434e+00  2.643388763958434e+00  0
-3.617002557505293e-11  2.644582103623638e+00  2.644582103623638e+00  2.644582103623638e+00  2.644582103623638e+00  0
-3.300310605300349e-11  2.644215016974548e+00  2.644215016974548e+00  2.644215016974548e+00  2.644215016974548e+00  0
-3.011347080431810e-11  2.642333417640629e+00  2.642333417640629e+00  2.642333417640629e+00  2.642333417640629e+00  0
-2.747684179865223e-11  2.640252033314312e+00  2.640252033314312e+00  2.640252033314312e+00  2.640252033314312e+00  0
-2.507106670413770e-11  2.636880821370915e+00  2.636880821370915e+00  2.636880821370915e+00  2.636880821370915e+00  0
-2.287593276874176e-11  2.634682774659894e+00  2.634682774659894e+00  2.634682774659894e+00  2.634682774659894e+00  0
-2.087299699751615e-11  2.634845601437946e+00  2.634845601437946e+00  2.634845601437946e+00  2.634845601437946e+00  0
-1.904543119892557e-11  2.637167736726042e+00  2.637167736726042e+00  2.637167736726042e+00  2.637167736726042e+00  0
-1.737788059837174e-11  2.640722091132678e+00  2.640722091132678e+00  2.640722091132678e+00  2.640722091132678e+00  0
-1.585633483101718e-11  2.643398091067833e+00  2.643398091067833e+00  2.643398091067833e+00  2.643398091067833e+00  0
-1.446801023002117e-11  2.644591507765913e+00  2.644591507765913e+00  2.644591507765913e+00  2.644591507765913e+00  0
-1.320124242120140e-11  2.644224566667006e+00  2.644224566667006e+00  2.644224566667006e+00  2.644224566667006e+00  0
-1.204538832172724e-11  2.642343267285240e+00  2.642343267285240e+00  2.642343267285240e+00  2.642343267285240e+00  0
-1.099073671946089e-11  2.640261305615351e+00  2.640261305615351e+00  2.640261305615351e+00  2.640261305615351e+00  0
-1.002842668165508e-11  2.636890034656215e+00  2.636890034656215e+00  2.636890034656215e+00  2.636890034656215e+00  0
-9.150373107496705e-12  2.634691858071410e+00  2.634691858071410e+00  2.634691858071410e+00  2.634691858071410e+00  0
-8.349198799006459e-12  2.634854387129632e+00  2.634854387129632e+00  2.634854387129632e+00  2.634854387129632e+00  0
-7.618172479570227e-12  2.637175837714413e+00  2.637175837714413e+00  2.637175837714413e+00  2.637175837714413e+00  0
-6.951152239348695e-12  2.640731402114547e+00  2.640731402114547e+00  2.640731402114547e+00  2.640731402114547e+00  0
-6.342533932406873e-12  2.643407460932081e+00  2.643407460932081e+00  2.643407460932081e+00  2.643407460932081e+00  0
-5.787204092008469e-12  2.644601011609183e+00  2.644601011609183e+00  2.644601011609183e+00  2.644601011609183e+00  0
-5.280496968480558e-12  2.644234395270979e+00  2.644234395270979e+00  2.644234395270979e+00  2.644234395270979e+00  0
-4.818155328690895e-12  2.642353857222052e+00  2.642353857222052e+00  2.642353857222052e+00  2.642353857222052e+00  0
-4.396294687784356e-12  2.640270517783871e+00  2.640270517783871e+00  2.640270517783871e+00  2.640270517783871e+00  0
-4.011370672662031e-12  2.636899135471392e+00  2.636899135471392e+00  2.636899135471392e+00  2.636899135471392e+00  0
-3.660149242998682e-12  2.634700669407188e+00  2.634700669407188e+00  2.634700669407188e+00  2.634700669407188e+00  0
-3.339679519602583e-12  2.634862462612069e+00  2.634862462612069e+00  2.634862462612069e+00  2.634862462612069e+00  0
-3.047268991828091e-12  2.637182156011360e+00  2.637182156011360e+00  2.637182156011360e+00  2.637182156011360e+00  0
-2.780460895739478e-12  2.640740783651691e+00  2.640740783651691e+00  2.640740783651691e+00  2.640740783651691e+00  0
-2.537013572962749e-12  2.643416970785142e+00  2.643416970785142e+00  2.643416970785142e+00  2.643416970785142e+00  0
-2.314881636803388e-12  2.644610860508001e+00  2.644610860508001e+00  2.644610860508001e+00  2.644610860508001e+00  0
-2.112198787392223e-12  2.644245123295861e+00  2.644245123295861e+00  2.644245123295861e+00  2.644245123295861e+00  0
-1.927262131476358e-12  2.642366694215558e+00  2.642366694215558e+00  2.642366694215558e+00  2.642366694215558e+00  0
-1.758517875113742e-12  2.640279613202700e+00  2.640279613202700e+00  2.640279613202700e+00  2.640279613202700e+00  0
-1.604548269064813e-12  2.636907952574163e+00  2.636907952574163e+00  2.636907952574163e+00  2.636907952574163e+00  0
-1.464059697199473e-12  2.634708714043229e+00  2.634708714043229e+00  2.634708714043229e+00  2.634708714043229e+00  0
-1.335871807841034e-12  2.634868490106088e+00  2.634868490106088e+00  2.634868490106088e+00  2.634868490106088e+00  0
-1.218907596731236e-12  2.637183335225733e+00  2.637183335225733e+00  2.637183335225733e+00  2.637183335225733e+00  0
-1.112184358295791e-12  2.640750389789810e+00  2.640750389789810e+00  2.640750389789810e+00  2.640750389789810e+00  0
-1.014805429185100e-12  2.643426971336474e+00  2.643426971336474e+00  2.643426971336474e+00  2.643426971336474e+00  0
-9.259526547213549e-13  2.644621962536212e+00  2.644621962536212e+00  2.644621962536212e+00  2.644621962536212e+00  0
-8.448795149568891e-13  2.644259118696593e+00  2.644259118696593e+00  2.644259118696593e+00  2.644259118696593e+00  0
-7.709048525905431e-13  2.642387643512147e+00  2.642387643512147e+00  2.642387643512147e+00  2.642387643512147e+00  0
-7.034071500454971e-13  2.640288287486754e+00  2.640288287486754e+00  2.640288287486754e+00  2.640288287486754e+00  0
-6.418193076259251e-13  2.636915430229926e+00  2.636915430229926e+00  2.636915430229926e+00  2.636915430229926e+00  0
-5.856238788797892e-13  2.634712822955682e+00  2.634712822955682e+00  2.634712822955682e+00  2.634712822955682e+00  0
-5.343487231364135e-13  2.634863795404630e+00  2.634863795404630e+00  2.634863795404630e+00  2.634863795404630e+00  0
-4.875630386924946e-13  2.637157529475271e+00  2.637157529475271e+00  2.637157529475271e+00  2.637157529475271e+00  0
-4.448737433183165e-13  2.640760934747483e+00  2.640760934747483e+00  2.640760934747483e+00  2.640760934747483e+00  0
-4.059221716740399e-13  2.643440496574645e+00  2.643440496574645e+00  2.643440496574645e+00  2.643440496574645e+00  0
-3.703810618885420e-13  2.644643499324568e+00  2.644643499324568e+00  2.644643499324568e+00  2.644643499324568e+00  0
-3.379518059827557e-13  2.644301298252412e+00  2.644301298252412e+00  2.644301298252412e+00  2.644301298252412e+00  0
-3.083619410362173e-13  2.642479023928009e+00  2.642479023928009e+00  2.642479023928009e+00  2.642479023928009e+00  0
3.083619410362173e-13  2.643318959493536e+00  2.643318959493536e+00  2.643318959493536e+00  2.643318959493536e+00  0
3.379518059827557e-13  2.644616488318035e+00  2.644616488318035e+00  2.644616488318035e+00  2.644616488318035e+00  0
3.703810618885420e-13  2.644314425131939e+00  2.644314425131939e+00  2.644314425131939e+00  2.644314425131939e+00  0
4.059221716740399e-13  2.642599938712354e+00  2.642599938712354e+00  2.642599938712354e+00  2.642599938712354e+00  0
4.448737433183165e-13  2.639748728640951e+00  2.639748728640951e+00  2.639748728640951e+00  2.639748728640951e+00  0
4.875630386924946e-13  2.636317937563590e+00  2.636317937563590e+00  2.636317937563590e+00  2.636317937563590e+00  0
5.343487231364135e-13  2.634548746884632e+00  2.634548746884632e+00  2.634548746884632e+00  2.634548746884632e+00  0
5.856238788797892e-13  2.635041917766077e+00  2.635041917766077e+00  2.635041917766077e+00  2.635041917766077e+00  0
6.418193076259251e-13  2.637755971657818e+00  2.637755971657818e+00  2.637755971657818e+00  2.637755971657818e+00  0
7.034071500454971e-13  2.641300533993954e+00  2.641300533993954e+00  2.641300533993954e+00  2.641300533993954e+00  0
7.709048525905431e-13  2.643227387844969e+00  2.643227387844969e+00  2.643227387844969e+00  2.643227387844969e+00  0
8.448795149568891e-13  2.644574234701657e+00  2.644574234701657e+00  2.644574234701657e+00  2.644574234701657e+00  0
9.259526547213549e-13  2.644292865112312e+00  2.644292865112312e+00  2.644292865112312e+00  2.644292865112312e+00  0
1.014805429185100e-12  2.642586410948231e+00  2.642586410948231e+00  2.642586410948231e+00  2.642586410948231e+00  0
1.112184358295791e-12  2.639738188660277e+00  2.639738188660277e+00  2.639738188660277e+00  2.639738188660277e+00  0
1.218907596731236e-12  2.636343667487213e+00  2.636343667487213e+00  2.636343667487213e+00  2.636343667487213e+00  0
1.335871807841034e-12  2.634553413146529e+00  2.634553413146529e+00  2.634553413146529e+00  2.634553413146529e+00  0
1.464059697199473e-12  2.635037798664653e+00  2.635037798664653e+00  2.635037798664653e+00  2.635037798664653e+00  0
1.604548269064813e-12  2.637748489790948e+00  2.637748489790948e+00  2.637748489790948e+00  2.637748489790948e+00  0
1.758517875113742e-12  2.641291857504766e+00  2.641291857504766e+00  2.641291857504766e+00  2.641291857504766e+00  0
1.927262131476358e-12  2.643206412468781e+00  2.643206412468781e+00  2.643206412468781e+00  2.643206412468781e+00  0
2.112198787392223e-12  2.644560231189186e+00  2.644560231189186e+00  2.644560231189186e+00  2.644560231189186e+00  0
2.314881636803388e-12  2.644281763871557e+00  2.644281763871557e+00  2.644281763871557e+00  2.644281763871557e+00  0
2.537013572962749e-12  2.642576415390244e+00  2.642576415390244e+00  2.642576415390244e+00  2.642576415390244e+00  0
2.780460895739478e-12  2.639728588801401e+00  2.639728588801401e+00  2.639728588801401e+00  2.639728588801401e+00  0
3.047268991828091e-12  2.636342478232770e+00  2.636342478232770e+00  2.636342478232770e+00  2.636342478232770e+00  0
3.339679519602583e-12  2.634547384680589e+00  2.634547384680589e+00  2.634547384680589e+00  2.634547384680589e+00  0
3.660149242998682e-12  2.635029755124086e+00  2.635029755124086e+00  2.635029755124086e+00  2.635029755124086e+00  0
4.011370672662031e-12  2.637739673414684e+00  2.637739673414684e+00  2.637739673414684e+00  2.637739673414684e+00  0
4.396294687784356e-12  2.641282762473159e+00  2.641282762473159e+00  2.641282762473159e+00  2.641282762473159e+00  0
4.818155328690895e-12  2.643193573207244e+00  2.643193573207244e+00  2.643193573207244e+00  2.643193573207244e+00  0
5.280496968480558e-12  2.644549506994998e+00  2.644549506994998e+00  2.644549506994998e+00  2.644549506994998e+00  0
5.787204092008469e-12  2.644271922484454e+00  2.644271922484454e+00  2.644271922484454e+00  2.644271922484454e+00  0
6.342533932406873e-12  2.642566915020355e+00  2.642566915020355e+00  2.642566915020355e+00  2.642566915020355e+00  0
6.951152239348695e-12  2.639719217039568e+00  2.639719217039568e+00  2.639719217039568e+00  2.639719217039568e+00  0
7.618172479570227e-12  2.636336169984227e+00  2.636336169984227e+00  2.636336169984227e+00  2.636336169984227e+00  0
8.349198799006459e-12  2.634539320311370e+00  2.634539320311370e+00  2.634539320311370e+00  2.634539320311370e+00  0
9.150373107496705e-12  2.635020953256185e+00  2.635020953256185e+00  2.635020953256185e+00  2.635020953256185e+00  0
1.002842668165508e-11  2.637730579931693e+00  2.637730579931693e+00  2.637730579931693e+00  2.637730579931693e+00  0
1.099073671946089e-11  2.641273556359558e+00  2.641273556359558e+00  2.641273556359558e+00  2.641273556359558e+00  0
1.204538832172724e-11  2.643182999247987e+00  2.643182999247987e+00  2.643182999247987e+00  2.643182999247987e+00  0
1.320124242120140e-11  2.644539696155779e+00  2.644539696155779e+00  2.644539696155779e+00  2.644539696155779e+00  0
1.446801023002117e-11  2.644262437709621e+00  2.644262437709621e+00  2.644262437709621e+00  2.644262437709621e+00  0
1.585633483101718e-11  2.642557564720698e+00  2.642557564720698e+00  2.642557564720698e+00  2.642557564720698e+00  0
1.737788059837174e-11  2.639709924850914e+00  2.639709924850914e+00  2.639709924850914e+00  2.639709924850914e+00  0
1.904543119892557e-11  2.636328103860272e+00  2.636328103860272e+00  2.636328103860272e+00  2.636328103860272e+00  0
2.087299699751615e-11  2.634530566161764e+00  2.634530566161764e+00  2.634530566161764e+00  2.634530566161764e+00  0
2.287593276874176e-11  2.635011897001513e+00  2.635011897001513e+00  2.635011897001513e+00  2.635011897001513e+00  0
2.507106670413770e-11  2.637721389755123e+00  2.637721389755123e+00  2.637721389755123e+00  2.637721389755123e+00  0
2.747684179865223e-11  2.641264304401278e+00  2.641264304401278e+00  2.641264304401278e+00  2.641264304401278e+00  0
3.011347080431810e-11  2.643173200099186e+00  2.643173200099186e+00  2.643173200099186e+00  2.643173200099186e+00  0
3.300310605300349e-11  2.644530194842377e+00  2.644530194842377e+00  2.644530194842377e+00  2.644530194842377e+00  0
3.617002557505293e-11  2.644253080202077e+00  2.644253080202077e+00  2.644253080202077e+00  2.644253080202077e+00  0
3.964083707754296e-11  2.642548282170976e+00  2.642548282170976e+00  2.642548282170976e+00  2.642548282170976e+00  0
4.344470149592934e-11  2.639700684181190e+00  2.639700684181190e+00  2.639700684181190e+00  2.639700684181190e+00  0
4.761357799731391e-11  2.636319421923338e+00  2.636319421923338e+00  2.636319421923338e+00  2.636319421923338e+00  0
5.218249249379037e-11  2.634521597485605e+00  2.634521597485605e+00  2.634521597485605e+00  2.634521597485605e+00  0
5.718983192185440e-11  2.635002773507366e+00  2.635002773507366e+00  2.635002773507366e+00  2.635002773507366e+00  0
6.267766676034424e-11  2.637712171066109e+00  2.637712171066109e+00  2.637712171066109e+00  2.637712171066109e+00  0
6.869210449663056e-11  2.641255027747161e+00  2.641255027747161e+00  2.641255027747161e+00  2.641255027747161e+00  0
7.528367701079524e-11  2.643163664785990e+00  2.643163664785990e+00  2.643163664785990e+00  2.643163664785990e+00  0
8.250776513250872e-11  2.644520792235816e+00  2.644520792235816e+00  2.644520792235816e+00  2.644520792235816e+00  0
9.042506393763233e-11  2.644243779295344e+00  2.644243779295344e+00  2.644243779295344e+00  2.644243779295344e+00  0
9.910209269385739e-11  2.642539063146992e+00  2.642539063146992e+00  2.642539063146992e+00  2.642539063146992e+00  0
1.086117537398234e-10  2.639691520918063e+00  2.639691520918063e+00  2.639691520918063e+00  2.639691520918063e+00  0
1.190339449932848e-10  2.636310651617177e+00  2.636310651617177e+00  2.636310651617177e+00  2.636310651617177e+00  0
1.304562312344759e-10  2.634512672664591e+00  2.634512672664591e+00  2.634512672664591e+00  2.634512672664591e+00  0
1.429745798046360e-10  2.634993701190094e+00  2.634993701190094e+00  2.634993701190094e+00  2.634993701190094e+00  0
1.566941669008606e-10  2.637702964412475e+00  2.637702964412475e+00  2.637702964412475e+00  2.637702964412475e+00  0
1.717302612415764e-10  2.641245725763971e+00  2.641245725763971e+00  2.641245725763971e+00  2.641245725763971e+00  0
1.882091925269881e-10  2.643154158493827e+00  2.643154158493827e+00  2.643154158493827e+00  2.643154158493827e+00  0
2.062694128312718e-10  2.644511381405955e+00  2.644511381405955e+00  2.644511381405955e+00  2.644511381405955e+00  0
2.260626598440808e-10  2.644234520465339e+00  2.644234520465339e+00  2.644234520465339e+00  2.644234520465339e+00  0
2.477552317346435e-10  2.642529962136191e+00  2.642529962136191e+00  2.642529962136191e+00  2.642529962136191e+00  0
2.715293843495584e-10  2.639682531037889e+00  2.639682531037889e+00  2.639682531037889e+00  2.639682531037889e+00  0
2.975848624832120e-10  2.636302234015745e+00  2.636302234015745e+00  2.636302234015745e+00  2.636302234015745e+00  0
3.261405780861898e-10  2.634504087149426e+00  2.634504087149426e+00  2.634504087149426e+00  2.634504087149426e+00  0
3.574364495115900e-10  2.634984843845760e+00  2.634984843845760e+00  2.634984843845760e+00  2.634984843845760e+00  0
3.917354172521515e-10  2.637693821023446e+00  2.637693821023446e+00  2.637693821023446e+00  2.637693821023446e+00  0
4.293256531039410e-10  2.641236374942466e+00  2.641236374942466e+00  2.641236374942466e+00  2.641236374942466e+00  0
4.705229813174702e-10  2.643144479039182e+00  2.643144479039182e+00  2.643144479039182e+00  2.643144479039182e+00  0
5.156735320781795e-10  2.644501851083772e+00  2.644501851083772e+00  2.644501851083772e+00  2.644501851083772e+00  0
5.651566496102019e-10  2.644225328643092e+00  2.644225328643092e+00  2.644225328643092e+00  2.644225328643092e+00  0
6.193880793366086e-10  2.642521140784636e+00  2.642521140784636e+00  2.642521140784636e+00  2.642521140784636e+00  0
6.788234608738959e-10  2.639673967173306e+00  2.639673967173306e+00  2.639673967173306e+00  2.639673967173306e+00  0
7.439621562080298e-10  2.636294925512680e+00  2.636294925512680e+00  2.636294925512680e+00  2.636294925512680e+00  0
8.153514452154745e-10  2.634496440513293e+00  2.634496440513293e+00  2.634496440513293e+00  2.634496440513293e+00  0
8.935911237789750e-10  2.634976558011677e+00  2.634976558011677e+00  2.634976558011677e+00  2.634976558011677e+00  0
9.793385431303785e-10  2.637684848685688e+00  2.637684848685688e+00  2.637684848685688e+00  2.637684848685688e+00  0
1.073314132759852e-09  2.641226907697082e+00  2.641226907697082e+00  2.641226907697082e+00  2.641226907697082e+00  0
1.176307453293676e-09  2.643134268702463e+00  2.643134268702463e+00  2.643134268702463e+00  2.643134268702463e+00  0
1.289183830195449e-09  2.644491982082973e+00  2.644491982082973e+00  2.644491982082973e+00  2.644491982082973e+00  0
1.412891624025505e-09  2.644216288394787e+00  2.644216288394787e+00  2.644216288394787e+00  2.644216288394787e+00  0
1.548470198341522e-09  2.642513011683043e+00  2.642513011683043e+00  2.642513011683043e+00  2.642513011683043e+00  0
1.697058652184740e-09  2.639666464685824e+00  2.639666464685824e+00  2.639666464685824e+00  2.639666464685824e+00  0
1.859905390520075e-09  2.636290481124407e+00  2.636290481124407e+00  2.636290481124407e+00  2.636290481124407e+00  0
2.038378613038686e-09  2.634491177735212e+00  2.634491177735212e+00  2.634491177735212e+00  2.634491177735212e+00  0
2.233977809447438e-09  2.634969714912192e+00  2.634969714912192e+00  2.634969714912192e+00  2.634969714912192e+00  0
2.448346357825947e-09  2.637676309335701e+00  2.637676309335701e+00  2.637676309335701e+00  2.637676309335701e+00  0
2.683285331899631e-09  2.641217151718195e+00  2.641217151718195e+00  2.641217151718195e+00  2.641217151718195e+00  0
2.940768633234189e-09  2.643122692949389e+00  2.643122692949389e+00  2.643122692949389e+00  2.643122692949389e+00  0
3.222959575488621e-09  2.644481251282909e+00  2.644481251282909e+00  2.644481251282909e+00  2.644481251282909e+00  0
3.532229060063762e-09  2.644207621420219e+00  2.644207621420219e+00  2.644207621420219e+00  2.644207621420219e+00  0
3.871175495853804e-09  2.642506610971328e+00  2.642506610971328e+00  2.642506610971328e+00  2.642506610971328e+00  0
4.242646630461849e-09  2.639661614503797e+00  2.639661614503797e+00  2.639661614503797e+00  2.639661614503797e+00  0
4.649763476300187e-09  2.636293232543784e+00  2.636293232543784e+00  2.636293232543784e+00  2.636293232543784e+00  0
5.095946532596716e-09  2.634491888548516e+00  2.634491888548516e+00  2.634491888548516e+00  2.634491888548516e+00  0
5.584944523618594e-09  2.634966483887832e+00  2.634966483887832e+00  2.634966483887832e+00  2.634966483887832e+00  0
6.120865894564868e-09  2.637668854594267e+00  2.637668854594267e+00  2.637668854594267e+00  2.637668854594267e+00  0
6.708213329749079e-09  2.641206675071572e+00  2.641206675071572e+00  2.641206675071572e+00  2.641206675071572e+00  0
7.351921583085473e-09  2.643107688901732e+00  2.643107688901732e+00  2.643107688901732e+00  2.643107688901732e+00  0
8.057398938721554e-09  2.644468359990284e+00  2.644468359990284e+00  2.644468359990284e+00  2.644468359990284e+00  0
8.830572650159406e-09  2.644199884956013e+00  2.644199884956013e+00  2.644199884956013e+00  2.644199884956013e+00  0
9.677938739634512e-09  2.642504529644201e+00  2.642504529644201e+00  2.642504529644201e+00  2.642504529644201e+00  0
1.060661657615463e-08  2.639663393888699e+00  2.639663393888699e+00  2.639663393888699e+00  2.639663393888699e+00  0
1.162440869075047e-08  2.636313987157301e+00  2.636313987157301e+00  2.636313987157301e+00  2.636313987157301e+00  0
1.273986633149179e-08  2.634507539047236e+00  2.634507539047236e+00  2.634507539047236e+00  2.634507539047236e+00  0
1.396236130904649e-08  2.634972285958269e+00  2.634972285958269e+00  2.634972285958269e+00  2.634972285958269e+00  0
1.530216473641217e-08  2.637664113458688e+00  2.637664113458688e+00  2.637664113458688e+00  2.637664113458688e+00  0
1.677053332437270e-08  2.641194398477737e+00  2.641194398477737e+00  2.641194398477737e+00  2.641194398477737e+00  0
1.837980395771368e-08  2.643084113946280e+00  2.643084113946280e+00  2.643084113946280e+00  2.643084113946280e+00  0
2.014349734680389e-08  2.644450068367391e+00  2.644450068367391e+00  2.644450068367391e+00  2.644450068367391e+00  0
2.207643162539852e-08  2.644194474733386e+00  2.644194474733386e+00  2.644194474733386e+00  2.644194474733386e+00  0
2.419484684908628e-08  2.642513245664122e+00  2.642513245664122e+00  2.642513245664122e+00  2.642513245664122e+00  0
2.651654144038656e-08  2.639681745659805e+00  2.639681745659805e+00  2.639681745659805e+00  2.639681745659805e+00  0
2.906102172687617e-08  2.636379753627573e+00  2.636379753627573e+00  2.636379753627573e+00  2.636379753627573e+00  0
3.184966582872947e-08  2.634560543221789e+00  2.634560543221789e+00  2.634560543221789e+00  2.634560543221789e+00  0
3.490590327261621e-08  2.635000677506432e+00  2.635000677506432e+00  2.635000677506432e+00  2.635000677506432e+00  0
3.825541184103042e-08  2.637666164472343e+00  2.637666164472343e+00  2.637666164472343e+00  2.637666164472343e+00  0
4.192633331093174e-08  2.641177629727603e+00  2.641177629727603e+00  2.641177629727603e+00  2.641177629727603e+00  0
4.594950989428420e-08  2.643039144037854e+00  2.643039144037854e+00  2.643039144037854e+00  2.643039144037854e+00  0
5.035874336700971e-08  2.644418294045586e+00  2.644418294045586e+00  2.644418294045586e+00  2.644418294045586e+00  0
5.519107906349629e-08  2.644194885636178e+00  2.644194885636178e+00  2.644194885636178e+00  2.644194885636178e+00  0
6.048711712271569e-08  2.642548953018868e+00  2.642548953018868e+00  2.642548953018868e+00  2.642548953018868e+00  0
6.629135360096640e-08  2.639741524509406e+00  2.639741524509406e+00  2.639741524509406e+00  2.639741524509406e+00  0
7.265255431719042e-08  2.636558054884020e+00  2.636558054884020e+00  2.636558054884020e+00  2.636558054884020e+00  0
7.962416457182368e-08  2.634706958763044e+00  2.634706958763044e+00  2.634706958763044e+00  2.634706958763044e+00  0
8.726475818154052e-08  2.635085588422459e+00  2.635085588422459e+00  2.635085588422459e+00  2.635085588422459e+00  0
9.563852960257603e-08  2.637685248813028e+00  2.637685248813028e+00  2.637685248813028e+00  2.637685248813028e+00  0
1.048158332773293e-07  2.641149678532071e+00  2.641149678532071e+00  2.641149678532071e+00  2.641149678532071e+00  0
1.148737747357105e-07  2.642940898688412e+00  2.642940898688412e+00  2.642940898688412e+00  2.642940898688412e+00  0
1.258968584175243e-07  2.644352929557039e+00  2.644352929557039e+00  2.644352929557039e+00  2.644352929557039e+00  0
1.379776976587407e-07  2.644209888859187e+00  2.644209888859187e+00  2.644209888859187e+00  2.644209888859187e+00  0
1.512177928067893e-07  2.642652135532222e+00  2.642652135532222e+00  2.642652135532222e+00  2.642652135532222e+00  0
1.657283840024160e-07  2.639904859771489e+00  2.639904859771489e+00  2.639904859771489e+00  2.639904859771489e+00  0
1.816313857929761e-07  2.637017740966285e+00  2.637017740966285e+00  2.637017740966285e+00  2.637017740966285e+00  0
1.990604114295592e-07  2.635087093061247e+00  2.635087093061247e+00  2.635087093061247e+00  2.635087093061247e+00  0
2.181618954538513e-07  2.635312097742530e+00  2.635312097742530e+00  2.635312097742530e+00  2.635312097742530e+00  0
2.390963240064401e-07  2.637747252455150e+00  2.637747252455150e+00  2.637747252455150e+00  2.637747252455150e+00  0
2.620395831933234e-07  2.641094068326232e+00  2.641094068326232e+00  2.641094068326232e+00  2.641094068326232e+00  0
2.871844368392763e-07  2.642710765571119e+00  2.642710765571119e+00  2.642710765571119e+00  2.642710765571119e+00  0
3.147421460438107e-07  2.644204296483240e+00  2.644204296483240e+00  2.644204296483240e+00  2.644204296483240e+00  0
3.449442441468518e-07  2.644261612233058e+00  2.644261612233058e+00  2.644261612233058e+00  2.644261612233058e+00  0
3.780444820169731e-07  2.642923996400340e+00  2.642923996400340e+00  2.642923996400340e+00  2.642923996400340e+00  0
4.143209600060400e-07  2.640327039709542e+00  2.640327039709542e+00  2.640327039709542e+00  2.640327039709542e+00  0
4.540784644824401e-07  2.638181201490650e+00  2.638181201490650e+00  2.638181201490650e+00  2.638181201490650e+00  0
4.976510285738981e-07  2.636052746943827e+00  2.636052746943827e+00  2.636052746943827e+00  2.636052746943827e+00  0
5.454047386346284e-07  2.635894498315787e+00  2.635894498315787e+00  2.635894498315787e+00  2.635894498315787e+00  0
5.977408100161003e-07  2.637918648825337e+00  2.637918648825337e+00  2.637918648825337e+00  2.637918648825337e+00  0
6.550989579833085e-07  2.640971139993472e+00  2.640971139993472e+00  2.640971139993472e+00  2.640971139993472e+00  0
7.179610920981906e-07  2.642158487025456e+00  2.642158487025456e+00  2.642158487025456e+00  2.642158487025456e+00  0
7.868553651095268e-07  2.643851469056692e+00  2.643851469056692e+00  2.643851469056692e+00  2.643851469056692e+00  0
8.623606103671294e-07  2.644406341396061e+00  2.644406341396061e+00  2.644406341396061e+00  2.644406341396061e+00  0
9.451112050424327e-07  2.643617348229995e+00  2.643617348229995e+00  2.643617348229995e+00  2.643617348229995e+00  0
1.035802400015100e-06  2.641396008065166e+00  2.641396008065166e+00  2.641396008065166e+00  2.641396008065166e+00  0
1.135196161206100e-06  2.641107185917614e+00  2.641107185917614e+00  2.641107185917614e+00  2.641107185917614e+00  0
1.244127571434745e-06  2.638490042654400e+00  2.638490042654400e+00  2.638490042654400e+00  2.638490042654400e+00  0
1.363511846586571e-06  2.637378068001902e+00  2.637378068001902e+00  2.637378068001902e+00  2.637378068001902e+00  0
1.494352025040251e-06  2.638375883685835e+00  2.638375883685835e+00  2.638375883685835e+00  2.638375883685835e+00  0
1.637747394958271e-06  2.640690513858437e+00  2.640690513858437e+00  2.640690513858437e+00  2.640690513858437e+00  0
1.794902730245474e-06  2.640873164420990e+00  2.640873164420990e+00  2.640873164420990e+00  2.640873164420990e+00  0
1.967138412773814e-06  2.643027165966602e+00  2.643027165966602e+00  2.643027165966602e+00  2.643027165966602e+00  0
2.155901525917820e-06  2.644799402879824e+00  2.644799402879824e+00  2.644799402879824e+00  2.644799402879824e+00  0
2.362778012606078e-06  2.645367999758424e+00  2.645367999758424e+00  2.645367999758424e+00  2.645367999758424e+00  0
2.589506000037746e-06  2.644082600411282e+00  2.644082600411282e+00  2.644082600411282e+00  2.644082600411282e+00  0
2.837990403015247e-06  2.648499642104690e+00  2.648499642104690e+00  2.648499642104690e+00  2.648499642104690e+00  0
3.110318928586858e-06  2.644687774866056e+00  2.644687774866056e+00  2.644687774866056e+00  2.644687774866056e+00  0
3.408779616466422e-06  2.641212107254211e+00  2.641212107254211e+00  2.641212107254211e+00  2.641212107254211e+00  0
3.735880062600621e-06  2.639646193072168e+00  2.639646193072168e+00  2.639646193072168e+00  2.639646193072168e+00  0
4.094368487395672e-06  2.640099156660331e+00  2.640099156660331e+00  2.640099156660331e+00  2.640099156660331e+00  0
4.487256825613684e-06  2.638206422177879e+00  2.638206422177879e+00  2.638206422177879e+00  2.638206422177879e+00  0
4.917846031934535e-06  2.641323878095200e+00  2.641323878095200e+00  2.641323878095200e+00  2.641323878095200e+00  0
5.389753814794551e-06  2.645979665797477e+00  2.645979665797477e+00  2.645979665797477e+00  2.645979665797477e+00  0
5.906945031515196e-06  2.649845620121469e+00  2.649845620121469e+00  2.649845620121469e+00  2.649845620121469e+00  0
6.473765000094365e-06  2.650867731907343e+00  2.650867731907343e+00  2.650867731907343e+00  2.650867731907343e+00  0
7.094976007538116e-06  2.667513374257896e+00  2.667513374257896e+00  2.667513374257896e+00  2.667513374257896e+00  0
7.775797321467145e-06  2.660987367428529e+00  2.660987367428529e+00  2.660987367428529e+00  2.660987367428529e+00  0
8.521949041166055e-06  2.651745549393115e+00  2.651745549393115e+00  2.651745549393115e+00  2.651745549393115e+00  0
9.339700156501553e-06  2.643761218422997e+00  2.643761218422997e+00  2.643761218422997e+00  2.643761218422997e+00  0
1.023592121848918e-05  2.639419580939196e+00  2.639419580939196e+00  2.639419580939196e+00  2.639419580939196e+00  0
1.121814206403421e-05  2.634764162907904e+00  2.634764162907904e+00  2.634764162907904e+00  2.634764162907904e+00  0
1.229461507983634e-05  2.639602174494423e+00  2.639602174494423e+00  2.639602174494423e+00  2.639602174494423e+00  0
1.347438453698638e-05  2.650634625129954e+00  2.650634625129954e+00  2.650634625129954e+00  2.650634625129954e+00  0
1.476736257878799e-05  2.662145712142560e+00  2.662145712142560e+00  2.662145712142560e+00  2.662145712142560e+00  0
1.618441250023591e-05  2.668676633638078e+00  2.668676633638078e+00  2.668676633638078e+00  2.668676633638078e+00  0
1.773744001884529e-05  2.713639370837179e+00  2.713639370837179e+00  2.713639370837179e+00  2.713639370837179e+00  0
1.943949330366786e-05  2.704159650416156e+00  2.704159650416156e+00  2.704159650416156e+00  2.704159650416156e+00  0
2.130487260291513e-05  2.682701410672512e+00  2.682701410672512e+00  2.682701410672512e+00  2.682701410672512e+00  0
2.334925039125388e-05  2.659474023996168e+00  2.659474023996168e+00  2.659474023996168e+00  2.659474023996168e+00  0
2.558980304622295e-05  2.642836870667155e+00  2.642836870667155e+00  2.642836870667155e+00  2.642836870667155e+00  0
2.804535516008553e-05  2.634160273749648e+00  2.634160273749648e+00  2.634160273749648e+00  2.634160273749648e+00  0
3.073653769959084e-05  2.642901585958473e+00  2.642901585958473e+00  2.642901585958473e+00  2.642901585958473e+00  0
3.368596134246595e-05  2.667275485655775e+00  2.667275485655775e+00  2.667275485655775e+00  2.667275485655775e+00  0
3.691840644696997e-05  2.695792136479248e+00  2.695792136479248e+00  2.695792136479248e+00  2.695792136479248e+00  0
4.046103125058979e-05  2.715515636842934e+00  2.715515636842934e+00  2.715515636842934e+00  2.715515636842934e+00  0
4.434360004711322e-05  2.836332647841536e+00  2.836332647841536e+00  2.836332647841536e+00  2.836332647841536e+00  0
4.859873325916965e-05  2.824975346367158e+00  2.824975346367158e+00  2.824975346367158e+00  2.824975346367158e+00  0
5.326218150728784e-05  2.778875549666882e+00  2.778875549666882e+00  2.778875549666882e+00  2.778875549666882e+00  0
5.837312597813469e-05  2.720525737493303e+00  2.720525737493303e+00  2.720525737493303e+00  2.720525737493303e+00  0
6.397450761555736e-05  2.672090243616409e+00  2.672090243616409e+00  2.672090243616409e+00  2.672090243616409e+00  0
7.011338790021382e-05  2.742512830026715e+00  2.742512830026715e+00  2.742512830026715e+00  2.742512830026715e+00  0
7.684134424897711e-05  2.723269932281486e+00  2.723269932281486e+00  2.723269932281486e+00  2.723269932281486e+00  0
8.421490335616486e-05  2.749949556586819e+00  2.749949556586819e+00  2.749949556586819e+00  2.749949556586819e+00  0
9.229601611742493e-05  2.799828178185340e+00  2.799828178185340e+00  2.799828178185340e+00  2.799828178185340e+00  0
1.011525781264745e-04  2.842625257312745e+00  2.842625257312745e+00  2.842625257312745e+00  2.842625257312745e+00  0
1.108590001177830e-04  3.168186808836931e+00  3.168186808836931e+00  3.168186808836931e+00  3.168186808836931e+00  0
1.214968331479241e-04  3.164317014650621e+00  3.164317014650621e+00  3.164317014650621e+00  3.164317014650621e+00  0
1.331554537682196e-04  3.084197181759004e+00  3.084197181759004e+00  3.084197181759004e+00  3.084197181759004e+00  0
1.459328149453367e-04  2.960896774225352e+00  2.960896774225352e+00  2.960896774225352e+00  2.960896774225352e+00  0
1.599362690388934e-04  2.839320029808616e+00  2.839320029808616e+00  2.839320029808616e+00  2.839320029808616e+00  0
1.752834697505346e-04  3.142117463311981e+00  3.142117463311981e+00  3.142117463311981e+00  3.142117463311981e+00  0
1.921033606224428e-04  3.049315862744266e+00  3.049315862744266e+00  3.049315862744266e+00  3.049315862744266e+00  0
2.105372583904122e-04  3.040551546094116e+00  3.040551546094116e+00  3.040551546094116e+00  3.040551546094116e+00  0
2.307400402935623e-04  3.096388011362540e+00  3.096388011362540e+00  3.096388011362540e+00  3.096388011362540e+00  0
2.528814453161862e-04  3.168777805675758e+00  3.168777805675758e+00  3.168777805675758e+00  3.168777805675758e+00  0
2.771475002944577e-04  3.612780697206136e+00  3.612780697206136e+00  3.612780697206136e+00  3.612780697206136e+00  0
3.037420828698103e-04  3.682619673177486e+00  3.682619673177486e+00  3.682619673177486e+00  3.682619673177486e+00  0
3.328886344205490e-04  3.642513264042769e+00  3.642513264042769e+00  3.642513264042769e+00  3.642513264042769e+00  0
3.648320373633419e-04  3.503876370800722e+00  3.503876370800722e+00  3.503876370800722e+00  3.503876370800722e+00  0
3.998406725972335e-04  3.317565529277064e+00  3.317565529277064e+00  3.317565529277064e+00  3.317565529277064e+00  0
4.382086743763364e-04  3.436484114462620e+00  3.436484114462620e+00  3.436484114462620e+00  3.436484114462620e+00  0
4.802584015561070e-04  3.351337278063237e+00  3.351337278063237e+00  3.351337278063237e+00  3.351337278063237e+00  0
5.263431459760304e-04  3.333570788580757e+00  3.333570788580757e+00  3.333570788580757e+00  3.333570788580757e+00  0
5.768501007339059e-04  3.403037346428189e+00  3.403037346428189e+00  3.403037346428189e+00  3.403037346428189e+00  0
6.322036132904654e-04  3.530036026115682e+00  3.530036026115682e+00  3.530036026115682e+00  3.530036026115682e+00  0
6.928687507361442e-04  3.208773847127308e+00  3.208773847127308e+00  3.208773847127308e+00  3.208773847127308e+00  0
7.593552071745259e-04  3.443882004136258e+00  3.443882004136258e+00  3.443882004136258e+00  3.443882004136258e+00  0
8.322215860513725e-04  3.595658283414564e+00  3.595658283414564e+00  3.595658283414564e+00  3.595658283414564e+00  0
9.120800934083548e-04  3.631848311739904e+00  3.631848311739904e+00  3.631848311739904e+00  3.631848311739904e+00  0
9.996016814930839e-04  3.564174983419827e+00  3.564174983419827e+00  3.564174983419827e+00  3.564174983419827e+00  0
1.095521685940841e-03  2.507405591437693e+00  2.507405591437693e+00  2.507405591437693e+00  2.507405591437693e+00  0
1.200646003890267e-03  2.578198847623590e+00  2.578198847623590e+00  2.578198847623590e+00  2.578198847623590e+00  0
1.315857864940076e-03  2.664224941482255e+00  2.664224941482255e+00  2.664224941482255e+00  2.664224941482255e+00  0
1.442125251834764e-03  2.806996629877315e+00  2.806996629877315e+00  2.806996629877315e+00  2.806996629877315e+00  0
1.580509033226163e-03  3.016591224920891e+00  3.016591224920891e+00  3.016591224920891e+00  3.016591224920891e+00  0
1.732171876840360e-03  1.609061955255545e+00  1.609061955255545e+00  1.609061955255545e+00  1.609061955255545e+00  0
1.898388017936315e-03  1.851698621609002e+00  1.851698621609002e+00  1.851698621609002e+00  1.851698621609002e+00  0
2.080553965128431e-03  2.094165259755831e+00  2.094165259755831e+00  2.094165259755831e+00  2.094165259755831e+00  0
2.280200233520887e-03  2.297362417834167e+00  2.297362417834167e+00  2.297362417834167e+00  2.297362417834167e+00  0
2.499004203732710e-03  2.436885738848497e+00  2.436885738848497e+00  2.436885738848497e+00  2.436885738848497e+00  0
2.738804214852102e-03  1.074410221580767e+00  1.074410221580767e+00  1.074410221580767e+00  1.074410221580767e+00  0
3.001615009725668e-03  1.141387576856217e+00  1.141387576856217e+00  1.141387576856217e+00  1.141387576856217e+00  0
3.289644662350189e-03  1.207122108301907e+00  1.207122108301907e+00  1.207122108301907e+00  1.207122108301907e+00  0
3.605313129586911e-03  1.301608366881380e+00  1.301608366881380e+00  1.301608366881380e+00  1.301608366881380e+00  0
3.951272583065408e-03  1.448724706178121e+00  1.448724706178121e+00  1.448724706178121e+00  1.448724706178121e+00  0
4.330429692100900e-03  5.348481770820055e-01  5.348481770820055e-01  5.348481770820055e-01  5.348481770820055e-01  0
4.745970044840786e-03  6.437651139568796e-01  6.437651139568796e-01  6.437651139568796e-01  6.437651139568796e-01  0
5.201384912821078e-03  7.693323262394891e-01  7.693323262394891e-01  7.693323262394891e-01  7.693323262394891e-01  0
5.700500583802216e-03  8.942273864550326e-01  8.942273864550326e-01  8.942273864550326e-01  8.942273864550326e-01  0
6.247510509331773e-03  1.001097636544337e+00  1.001097636544337e+00  1.001097636544337e+00  1.001097636544337e+00  0
6.847010537130255e-03  4.653636573633261e-01  4.653636573633261e-01  4.653636573633261e-01  4.653636573633261e-01  0
7.504037524314169e-03  4.750693119584753e-01  4.750693119584753e-01  4.750693119584753e-01  4.750693119584753e-01  0
8.224111655875473e-03  4.771808609753648e-01  4.771808609753648e-01  4.771808609753648e-01  4.771808609753648e-01  0
9.013282823967277e-03  4.869214497811681e-01  4.869214497811681e-01  4.869214497811681e-01  4.869214497811681e-01  0
9.878181457663520e-03  5.202576116438611e-01  5.202576116438611e-01  5.202576116438611e-01  5.202576116438611e-01  0
1.082607423025225e-02  2.641468691598184e-01  2.641468691598184e-01  2.641468691598184e-01  2.641468691598184e-01  0
1.186492511210197e-02  3.130182423962767e-01  3.130182423962767e-01  3.130182423962767e-01  3.130182423962767e-01  0
1.300346228205270e-02  3.652719145754549e-01  3.652719145754549e-01  3.652719145754549e-01  3.652719145754549e-01  0
1.425125145950554e-02  4.140755912932435e-01  4.140755912932435e-01  4.140755912932435e-01  4.140755912932435e-01  0
1.561877627332943e-02  4.519050401006031e-01  4.519050401006031e-01  4.519050401006031e-01  4.519050401006031e-01  0
1.711752634282564e-02  3.268403388385608e-01  3.268403388385608e-01  3.268403388385608e-01  3.268403388385608e-01  0
1.876009381078543e-02  3.379567866871499e-01  3.379567866871499e-01  3.379567866871499e-01  3.379567866871499e-01  0
2.056027913968868e-02  3.378194082510195e-01  3.378194082510195e-01  3.378194082510195e-01  3.378194082510195e-01  0
2.253320705991819e-02  3.338717977422001e-01  3.338717977422001e-01  3.338717977422001e-01  3.338717977422001e-01  0
2.469545364415880e-02  3.349327137135111e-01  3.349327137135111e-01  3.349327137135111e-01  3.349327137135111e-01  0
2.706518557563063e-02  1.804432887553670e-01  1.804432887553670e-01  1.804432887553670e-01  1.804432887553670e-01  0
2.966231278025492e-02  2.120443305628268e-01  2.120443305628268e-01  2.120443305628268e-01  2.120443305628268e-01  0
3.250865570513174e-02  2.475041157126484e-01  2.475041157126484e-01  2.475041157126484e-01  2.475041157126484e-01  0
3.562812864876386e-02  2.826569896736694e-01  2.826569896736694e-01  2.826569896736694e-01  2.826569896736694e-01  0
3.904694068332359e-02  3.118504800707423e-01  3.118504800707423e-01  3.118504800707423e-01  3.118504800707423e-01  0
4.279381585706410e-02  2.470738235378352e-01  2.470738235378352e-01  2.470738235378352e-01  2.470738235378352e-01  0
4.690023452696356e-02  2.635023785059099e-01  2.635023785059099e-01  2.635023785059099e-01  2.635023785059099e-01  0
5.140069784922172e-02  2.680034344415569e-01  2.680034344415569e-01  2.680034344415569e-01  2.680034344415569e-01  0
5.633301764979549e-02  2.645970013715774e-01  2.645970013715774e-01  2.645970013715774e-01  2.645970013715774e-01  0
6.173863411039700e-02  2.599803051819731e-01  2.599803051819731e-01  2.599803051819731e-01  2.599803051819731e-01  0
6.766296393907657e-02  2.498070193636031e-01  2.498070193636031e-01  2.498070193636031e-01  2.498070193636031e-01  0
7.415578195063728e-02  2.482796659003695e-01  2.482796659003695e-01  2.482796659003695e-01  2.482796659003695e-01  0
8.127163926282933e-02  2.496884342448132e-01  2.496884342448132e-01  2.496884342448132e-01  2.496884342448132e-01  0
8.907032162190963e-02  2.558309648836251e-01  2.558309648836251e-01  2.558309648836251e-01  2.558309648836251e-01  0
9.761735170830896e-02  2.649386635924449e-01  2.649386635924449e-01  2.649386635924449e-01  2.649386635924449e-01  0
1.069845396426603e-01  3.862789523070428e-01  3.862789523070428e-01  3.862789523070428e-01  3.862789523070428e-01  0
1.172505863174090e-01  4.057620403025343e-01  4.057620403025343e-01  4.057620403025343e-01  4.057620403025343e-01  0
1.285017446230543e-01  4.079557699933798e-01  4.079557699933798e-01  4.079557699933798e-01  4.079557699933798e-01  0
1.408325441244888e-01  3.938857323521123e-01  3.938857323521123e-01  3.938857323521123e-01  3.938857323521123e-01  0
1.543465852759926e-01  3.681882186331814e-01  3.681882186331814e-01  3.681882186331814e-01  3.681882186331814e-01  0
1.691574098476915e-01  4.519826375605072e-01  4.519826375605072e-01  4.519826375605072e-01  4.519826375605072e-01  0
1.853894548765933e-01  5.370230330488666e-01  5.370230330488666e-01  5.370230330488666e-01  5.370230330488666e-01  0
2.031790981570734e-01  6.007573012686832e-01  6.007573012686832e-01  6.007573012686832e-01  6.007573012686832e-01  0
2.226758040547742e-01  6.362813030190912e-01  6.362813030190912e-01  6.362813030190912e-01  6.362813030190912e-01  0
2.440433792707725e-01  6.422174619712215e-01  6.422174619712215e-01  6.422174619712215e-01  6.422174619712215e-01  0
2.674613491066507e-01  7.992852776997653e-02  7.992852776997653e-02  7.992852776997653e-02  7.992852776997653e-02  0
2.931264657935224e-01  1.260614682845897e-01  1.260614682845897e-01  1.260614682845897e-01  1.260614682845897e-01  0
3.212543615576358e-01  1.898806815317240e-01  1.898806815317240e-01  1.898806815317240e-01  1.898806815317240e-01  0
3.520813603112219e-01  2.703041526958088e-01  2.703041526958088e-01  2.703041526958088e-01  2.703041526958088e-01  0
3.858664631899814e-01  3.618471620491629e-01  3.618471620491629e-01  3.618471620491629e-01  3.618471620491629e-01  0
4.228935246192288e-01  2.520389966281462e-02  2.520389966281462e-02  2.520389966281462e-02  2.520389966281462e-02  0
4.634736371914833e-01  3.274668468775028e-02  3.274668468775028e-02  3.274668468775028e-02  3.274668468775028e-02  0
5.079477453926836e-01  4.138737173205535e-02  4.138737173205535e-02  4.138737173205535e-02  4.138737173205535e-02  0
5.566895101369356e-01  5.246120350514679e-02  5.246120350514679e-02  5.246120350514679e-02  5.246120350514679e-02  0
6.101084481769313e-01  6.877450489671284e-02  6.877450489671284e-02  6.877450489671284e-02  6.877450489671284e-02  0
6.686533727666268e-01  2.860193938522844e-03  2.860193938522844e-03  2.860193938522844e-03  2.860193938522844e-03  0
7.328161644838059e-01  5.090338171887514e-03  5.090338171887514e-03  5.090338171887514e-03  5.090338171887514e-03  0
8.031359038940896e-01  8.437172738202610e-03  8.437172738202610e-03  8.437172738202610e-03  8.437172738202610e-03  0
8.802034007780548e-01  1.302686476677379e-02  1.302686476677379e-02  1.302686476677379e-02  1.302686476677379e-02  0
9.646661579749536e-01  1.878445871131470e-02  1.878445871131470e-02  1.878445871131470e-02  1.878445871131470e-02  0
1.057233811548072e+00  5.827779189055044e-05  5.827779189055044e-05  5.827779189055044e-05  5.827779189055044e-05  0
1.158684092978708e+00  1.113417940114282e-04  1.113417940114282e-04  1.113417940114282e-04  1.113417940114282e-04  0
1.269869363481709e+00  2.249770285501359e-04  2.249770285501359e-04  2.249770285501359e-04  2.249770285501359e-04  0
1.391723775342339e+00  4.740260082353733e-04  4.740260082353733e-04  4.740260082353733e-04  4.740260082353733e-04  0
1.525271120442328e+00  1.005916148767551e-03  1.005916148767551e-03  1.005916148767551e-03  1.005916148767551e-03  0
