-2.200508501945137e+00  1.351800201216858e-04  1.351800201216858e-04  1.351800201216858e-04  1.351800201216858e-04  0
-2.007839759735224e+00  6.117853571119223e-05  6.117853571119223e-05  6.117853571119223e-05  6.117853571119223e-05  0
-1.832040411209515e+00  2.841309472285713e-05  2.841309472285713e-05  2.841309472285713e-05  2.841309472285713e-05  0
-1.671633431916567e+00  1.335990745038347e-05  1.335990745038347e-05  1.335990745038347e-05  1.335990745038347e-05  0
-1.525271120442328e+00  6.226532971280190e-06  6.226532971280190e-06  6.226532971280190e-06  6.226532971280190e-06  0
-1.391723775342339e+00  7.192816960531812e-03  7.192816960531812e-03  7.192816960531812e-03  7.192816960531812e-03  0
-1.269869363481709e+00  3.914852026407804e-03  3.914852026407804e-03  3.914852026407804e-03  3.914852026407804e-03  0
-1.158684092978708e+00  1.977337965443957e-03  1.977337965443957e-03  1.977337965443957e-03  1.977337965443957e-03  0
-1.057233811548072e+00  9.269395549450258e-04  9.269395549450258e-04  9.269395549450258e-04  9.269395549450258e-04  0
-9.646661579749535e-01  4.035428424117563e-04  4.035428424117563e-04  4.035428424117563e-04  4.035428424117563e-04  0
-8.802034007780547e-01  5.598287575125241e-02  5.598287575125241e-02  5.598287575125241e-02  5.598287575125241e-02  0
-8.031359038940895e-01  4.050566214771861e-02  4.050566214771861e-02  4.050566214771861e-02  4.050566214771861e-02  0
-7.328161644838058e-01  2.852926165840535e-02  2.852926165840535e-02  2.852926165840535e-02  2.852926165840535e-02  0
-6.686533727666268e-01  1.913437230049564e-02  1.913437230049564e-02  1.913437230049564e-02  1.913437230049564e-02  0
-6.101084481769311e-01  1.205581054376507e-02  1.205581054376507e-02  1.205581054376507e-02  1.205581054376507e-02  0
-5.566895101369354e-01  3.739695610619226e-01  3.739695610619226e-01  3.739695610619226e-01  3.739695610619226e-01  0
-5.079477453926835e-01  2.493929846023293e-01  2.493929846023293e-01  2.493929846023293e-01  2.493929846023293e-01  0
-4.634736371914831e-01  1.652717103929573e-01  1.652717103929573e-01  1.652717103929573e-01  1.652717103929573e-01  0
-4.228935246192287e-01  1.113859089283217e-01  1.113859089283217e-01  1.113859089283217e-01  1.113859089283217e-01  0
-3.858664631899813e-01  7.744634039852424e-02  7.744634039852424e-02  7.744634039852424e-02  7.744634039852424e-02  0
-3.520813603112219e-01  1.695741617894250e+00  1.695741617894250e+00  1.695741617894250e+00  1.695741617894250e+00  0
-3.212543615576358e-01  1.356631867504280e+00  1.356631867504280e+00  1.356631867504280e+00  1.356631867504280e+00  0
-2.931264657935224e-01  1.039227857528619e+00  1.039227857528619e+00  1.039227857528619e+00  1.039227857528619e+00  0
-2.674613491066507e-01  7.585038080194442e-01  7.585038080194442e-01  7.585038080194442e-01  7.585038080194442e-01  0
-2.440433792707725e-01  5.244898088507052e-01  5.244898088507052e-01  5.244898088507052e-01  5.244898088507052e-01  0
-2.226758040547742e-01  2.707649129646453e+00  2.707649129646453e+00  2.707649129646453e+00  2.707649129646453e+00  0
-2.031790981570734e-01  2.687202246483691e+00  2.687202246483691e+00  2.687202246483691e+00  2.687202246483691e+00  0
-1.853894548765933e-01  2.542449398319874e+00  2.542449398319874e+00  2.542449398319874e+00  2.542449398319874e+00  0
-1.691574098476915e-01  2.298740118843917e+00  2.298740118843917e+00  2.298740118843917e+00  2.298740118843917e+00  0
-1.543465852759925e-01  1.991956929167878e+00  1.991956929167878e+00  1.991956929167878e+00  1.991956929167878e+00  0
-1.408325441244888e-01  1.540453072326363e+00  1.540453072326363e+00  1.540453072326363e+00  1.540453072326363e+00  0
-1.285017446230543e-01  1.740618036004929e+00  1.740618036004929e+00  1.740618036004929e+00  1.740618036004929e+00  0
-1.172505863174089e-01  1.959337018227711e+00  1.959337018227711e+00  1.959337018227711e+00  1.959337018227711e+00  0
-1.069845396426603e-01  2.151021236409336e+00  2.151021236409336e+00  2.151021236409336e+00  2.151021236409336e+00  0
-9.761735170830899e-02  2.259709455586135e+00  2.259709455586135e+00  2.259709455586135e+00  2.259709455586135e+00  0
-8.907032162190967e-02  9.098016582217064e-01  9.098016582217064e-01  9.098016582217064e-01  9.098016582217064e-01  0
-8.127163926282938e-02  9.479335986292614e-01  9.479335986292614e-01  9.479335986292614e-01  9.479335986292614e-01  0
-7.415578195063731e-02  9.496517777554379e-01  9.496517777554379e-01  9.496517777554379e-01  9.496517777554379e-01  0
-6.766296393907660e-02  9.023749149161752e-01  9.023749149161752e-01  9.023749149161752e-01  9.023749149161752e-01  0
-6.173863411039702e-02  8.066397335226219e-01  8.066397335226219e-01  8.066397335226219e-01  8.066397335226219e-01  0
-5.633301764979550e-02  7.713447668241572e-01  7.713447668241572e-01  7.713447668241572e-01  7.713447668241572e-01  0
-5.140069784922173e-02  7.264571608344133e-01  7.264571608344133e-01  7.264571608344133e-01  7.264571608344133e-01  0
-4.690023452696357e-02  6.959888538870612e-01  6.959888538870612e-01  6.959888538870612e-01  6.959888538870612e-01  0
-4.279381585706411e-02  6.857928228079694e-01  6.857928228079694e-01  6.857928228079694e-01  6.857928228079694e-01  0
-3.904694068332359e-02  6.922347585811662e-01  6.922347585811662e-01  6.922347585811662e-01  6.922347585811662e-01  0
-3.562812864876387e-02  8.734624781447783e-01  8.734624781447783e-01  8.734624781447783e-01  8.734624781447783e-01  0
-3.250865570513175e-02  8.738521646499749e-01  8.738521646499749e-01  8.738521646499749e-01  8.738521646499749e-01  0
-2.966231278025492e-02  8.558719184379220e-01  8.558719184379220e-01  8.558719184379220e-01  8.558719184379220e-01  0
-2.706518557563064e-02  8.109992496778392e-01  8.109992496778392e-01  8.109992496778392e-01  8.109992496778392e-01  0
-2.469545364415881e-02  7.366167215402232e-01  7.366167215402232e-01  7.366167215402232e-01  7.366167215402232e-01  0
-2.253320705991820e-02  9.862983691898027e-01  9.862983691898027e-01  9.862983691898027e-01  9.862983691898027e-01  0
-2.056027913968869e-02  9.071105984695133e-01  9.071105984695133e-01  9.071105984695133e-01  9.071105984695133e-01  0
-1.876009381078543e-02  8.387582840136383e-01  8.387582840136383e-01  8.387582840136383e-01  8.387582840136383e-01  0
-1.711752634282565e-02  7.826740262841052e-01  7.826740262841052e-01  7.826740262841052e-01  7.826740262841052e-01  0
-1.561877627332944e-02  7.348419795491352e-01  7.348419795491352e-01  7.348419795491352e-01  7.348419795491352e-01  0
-1.425125145950555e-02  1.251841671299701e+00  1.251841671299701e+00  1.251841671299701e+00  1.251841671299701e+00  0
-1.300346228205270e-02  1.209443177004298e+00  1.209443177004298e+00  1.209443177004298e+00  1.209443177004298e+00  0
-1.186492511210197e-02  1.153775941558515e+00  1.153775941558515e+00  1.153775941558515e+00  1.153775941558515e+00  0
-1.082607423025226e-02  1.077287222782245e+00  1.077287222782245e+00  1.077287222782245e+00  1.077287222782245e+00  0
-9.878181457663523e-03  9.771041878849023e-01  9.771041878849023e-01  9.771041878849023e-01  9.771041878849023e-01  0
-9.013282823967281e-03  1.269517808942879e+00  1.269517808942879e+00  1.269517808942879e+00  1.269517808942879e+00  0
-8.224111655875476e-03  1.300708307005608e+00  1.300708307005608e+00  1.300708307005608e+00  1.300708307005608e+00  0
-7.504037524314172e-03  1.304933481235057e+00  1.304933481235057e+00  1.304933481235057e+00  1.304933481235057e+00  0
-6.847010537130258e-03  1.287601224377272e+00  1.287601224377272e+00  1.287601224377272e+00  1.287601224377272e+00  0
-6.247510509331775e-03  1.252813861463972e+00  1.252813861463972e+00  1.252813861463972e+00  1.252813861463972e+00  0
-5.700500583802218e-03  7.651521613792598e-01  7.651521613792598e-01  7.651521613792598e-01  7.651521613792598e-01  0
-5.201384912821079e-03  8.622664064217045e-01  8.622664064217045e-01  8.622664064217045e-01  8.622664064217045e-01  0
-4.745970044840787e-03  9.697506480337061e-01  9.697506480337061e-01  9.697506480337061e-01  9.697506480337061e-01  0
-4.330429692100902e-03  1.068361745782905e+00  1.068361745782905e+00  1.068361745782905e+00  1.068361745782905e+00  0
-3.951272583065409e-03  1.135054718003477e+00  1.135054718003477e+00  1.135054718003477e+00  1.135054718003477e+00  0
-3.605313129586912e-03  5.231266451852524e-01  5.231266451852524e-01  5.231266451852524e-01  5.231266451852524e-01  0
-3.289644662350191e-03  5.485393639296194e-01  5.485393639296194e-01  5.485393639296194e-01  5.485393639296194e-01  0
-3.001615009725669e-03  5.750420618044302e-01  5.750420618044302e-01  5.750420618044302e-01  5.750420618044302e-01  0
-2.738804214852103e-03  6.064689933625799e-01  6.064689933625799e-01  6.064689933625799e-01  6.064689933625799e-01  0
-2.499004203732710e-03  6.477249087990755e-01  6.477249087990755e-01  6.477249087990755e-01  6.477249087990755e-01  0
-2.280200233520888e-03  4.556777752550287e-01  4.556777752550287e-01  4.556777752550287e-01  4.556777752550287e-01  0
-2.080553965128432e-03  4.531410511096449e-01  4.531410511096449e-01  4.531410511096449e-01  4.531410511096449e-01  0
-1.898388017936315e-03  4.590902644481022e-01  4.590902644481022e-01  4.590902644481022e-01  4.590902644481022e-01  0
-1.732171876840361e-03  4.720014020221832e-01  4.720014020221832e-01  4.720014020221832e-01  4.720014020221832e-01  0
-1.580509033226164e-03  4.870633852740898e-01  4.870633852740898e-01  4.870633852740898e-01  4.870633852740898e-01  0
-1.442125251834765e-03  4.797626614666690e-01  4.797626614666690e-01  4.797626614666690e-01  4.797626614666690e-01  0
-1.315857864940076e-03  4.858354989988484e-01  4.858354989988484e-01  4.858354989988484e-01  4.858354989988484e-01  0
-1.200646003890268e-03  4.822538365789045e-01  4.822538365789045e-01  4.822538365789045e-01  4.822538365789045e-01  0
-1.095521685940841e-03  4.700511161525607e-01  4.700511161525607e-01  4.700511161525607e-01  4.700511161525607e-01  0
-9.996016814930841e-04  4.531777467106451e-01  4.531777467106451e-01  4.531777467106451e-01  4.531777467106451e-01  0
-9.120800934083552e-04  4.956301777736212e-01  4.956301777736212e-01  4.956301777736212e-01  4.956301777736212e-01  0
-8.322215860513729e-04  4.670681453557894e-01  4.670681453557894e-01  4.670681453557894e-01  4.670681453557894e-01  0
-7.593552071745261e-04  4.531918827324758e-01  4.531918827324758e-01  4.531918827324758e-01  4.531918827324758e-01  0
-6.928687507361445e-04  4.540364832985075e-01  4.540364832985075e-01  4.540364832985075e-01  4.540364832985075e-01  0
-6.322036132904656e-04  4.636826548426605e-01  4.636826548426605e-01  4.636826548426605e-01  4.636826548426605e-01  0
-5.768501007339060e-04  5.357611619692529e-01  5.357611619692529e-01  5.357611619692529e-01  5.357611619692529e-01  0
-5.263431459760305e-04  5.621675018446300e-01  5.621675018446300e-01  5.621675018446300e-01  5.621675018446300e-01  0
-4.802584015561070e-04  5.695605119263351e-01  5.695605119263351e-01  5.695605119263351e-01  5.695605119263351e-01  0
-4.382086743763366e-04  5.554052230842542e-01  5.554052230842542e-01  5.554052230842542e-01  5.554052230842542e-01  0
-3.998406725972337e-04  5.255478422032328e-01  5.255478422032328e-01  5.255478422032328e-01  5.255478422032328e-01  0
-3.648320373633420e-04  5.110544032015834e-01  5.110544032015834e-01  5.110544032015834e-01  5.110544032015834e-01  0
-3.328886344205491e-04  4.789845260874034e-01  4.789845260874034e-01  4.789845260874034e-01  4.789845260874034e-01  0
-3.037420828698104e-04  4.658920114792982e-01  4.658920114792982e-01  4.658920114792982e-01  4.658920114792982e-01  0
-2.771475002944578e-04  4.763182472149770e-01  4.763182472149770e-01  4.763182472149770e-01  4.763182472149770e-01  0
-2.528814453161862e-04  5.046459162531325e-01  5.046459162531325e-01  5.046459162531325e-01  5.046459162531325e-01  0
-2.307400402935624e-04  5.146076219135499e-01  5.146076219135499e-01  5.146076219135499e-01  5.146076219135499e-01  0
-2.105372583904122e-04  5.541683934524241e-01  5.541683934524241e-01  5.541683934524241e-01  5.541683934524241e-01  0
-1.921033606224428e-04  5.753169582008719e-01  5.753169582008719e-01  5.753169582008719e-01  5.753169582008719e-01  0
-1.752834697505346e-04  5.708204949844775e-01  5.708204949844775e-01  5.708204949844775e-01  5.708204949844775e-01  0
-1.599362690388935e-04  5.440856486532510e-01  5.440856486532510e-01  5.440856486532510e-01  5.440856486532510e-01  0
-1.459328149453368e-04  5.075278556978229e-01  5.075278556978229e-01  5.075278556978229e-01  5.075278556978229e-01  0
-1.331554537682196e-04  4.664816154248428e-01  4.664816154248428e-01  4.664816154248428e-01  4.664816154248428e-01  0
-1.214968331479242e-04  4.437175469507805e-01  4.437175469507805e-01  4.437175469507805e-01  4.437175469507805e-01  0
-1.108590001177831e-04  4.476546962963713e-01  4.476546962963713e-01  4.476546962963713e-01  4.476546962963713e-01  0
-1.011525781264745e-04  4.759284118602347e-01  4.759284118602347e-01  4.759284118602347e-01  4.759284118602347e-01  0
-9.229601611742495e-05  5.068856043364478e-01  5.068856043364478e-01  5.068856043364478e-01  5.068856043364478e-01  0
-8.421490335616489e-05  5.500662791063283e-01  5.500662791063283e-01  5.500662791063283e-01  5.500662791063283e-01  0
-7.684134424897712e-05  5.754387016237116e-01  5.754387016237116e-01  5.754387016237116e-01  5.754387016237116e-01  0
-7.011338790021385e-05  5.735025311482534e-01  5.735025311482534e-01  5.735025311482534e-01  5.735025311482534e-01  0
-6.397450761555738e-05  5.456607053474988e-01  5.456607053474988e-01  5.456607053474988e-01  5.456607053474988e-01  0
-5.837312597813472e-05  5.090158013742380e-01  5.090158013742380e-01  5.090158013742380e-01  5.090158013742380e-01  0
-5.326218150728786e-05  4.650737690337869e-01  4.650737690337869e-01  4.650737690337869e-01  4.650737690337869e-01  0
-4.859873325916966e-05  4.387261304276838e-01  4.387261304276838e-01  4.387261304276838e-01  4.387261304276838e-01  0
-4.434360004711324e-05  4.397623222072545e-01  4.397623222072545e-01  4.397623222072545e-01  4.397623222072545e-01  0
-4.046103125058979e-05  4.671762859473687e-01  4.671762859473687e-01  4.671762859473687e-01  4.671762859473687e-01  0
-3.691840644696998e-05  5.042285549018746e-01  5.042285549018746e-01  5.042285549018746e-01  5.042285549018746e-01  0
-3.368596134246595e-05  5.490163707926363e-01  5.490163707926363e-01  5.490163707926363e-01  5.490163707926363e-01  0
-3.073653769959084e-05  5.764317901008401e-01  5.764317901008401e-01  5.764317901008401e-01  5.764317901008401e-01  0
-2.804535516008554e-05  5.761002520911394e-01  5.761002520911394e-01  5.761002520911394e-01  5.761002520911394e-01  0
-2.558980304622295e-05  5.485750310365360e-01  5.485750310365360e-01  5.485750310365360e-01  5.485750310365360e-01  0
-2.334925039125389e-05  5.098939922169998e-01  5.098939922169998e-01  5.098939922169998e-01  5.098939922169998e-01  0
-2.130487260291514e-05  4.648519330152358e-01  4.648519330152358e-01  4.648519330152358e-01  4.648519330152358e-01  0
-1.943949330366787e-05  4.370973164371874e-01  4.370973164371874e-01  4.370973164371874e-01  4.370973164371874e-01  0
-1.773744001884530e-05  4.369614819088080e-01  4.369614819088080e-01  4.369614819088080e-01  4.369614819088080e-01  0
-1.618441250023592e-05  4.639945160983369e-01  4.639945160983369e-01  4.639945160983369e-01  4.639945160983369e-01  0
-1.476736257878799e-05  5.031982167609438e-01  5.031982167609438e-01  5.031982167609438e-01  5.031982167609438e-01  0
-1.347438453698638e-05  5.486427420370343e-01  5.486427420370343e-01  5.486427420370343e-01  5.486427420370343e-01  0
-1.229461507983634e-05  5.769122180051031e-01  5.769122180051031e-01  5.769122180051031e-01  5.769122180051031e-01  0
-1.121814206403422e-05  5.772839879798062e-01  5.772839879798062e-01  5.772839879798062e-01  5.772839879798062e-01  0
-1.023592121848918e-05  5.499645730622461e-01  5.499645730622461e-01  5.499645730622461e-01  5.499645730622461e-01  0
-9.339700156501556e-06  5.102885857054928e-01  5.102885857054928e-01  5.102885857054928e-01  5.102885857054928e-01  0
-8.521949041166058e-06  4.648110651961845e-01  4.648110651961845e-01  4.648110651961845e-01  4.648110651961845e-01  0
-7.775797321467146e-06  4.364926479573189e-01  4.364926479573189e-01  4.364926479573189e-01  4.364926479573189e-01  0
-7.094976007538119e-06  4.358814007973974e-01  4.358814007973974e-01  4.358814007973974e-01  4.358814007973974e-01  0
-6.473765000094367e-06  4.627528158323002e-01  4.627528158323002e-01  4.627528158323002e-01  4.627528158323002e-01  0
-5.906945031515196e-06  5.027955039374632e-01  5.027955039374632e-01  5.027955039374632e-01  5.027955039374632e-01  0
-5.389753814794552e-06  5.485048122915167e-01  5.485048122915167e-01  5.485048122915167e-01  5.485048122915167e-01  0
-4.917846031934535e-06  5.771208876291165e-01  5.771208876291165e-01  5.771208876291165e-01  5.771208876291165e-01  0
-4.487256825613686e-06  5.777813031398580e-01  5.777813031398580e-01  5.777813031398580e-01  5.777813031398580e-01  0
-4.094368487395672e-06  5.505519251048698e-01  5.505519251048698e-01  5.505519251048698e-01  5.505519251048698e-01  0
-3.735880062600622e-06  5.104600473869534e-01  5.104600473869534e-01  5.104600473869534e-01  5.104600473869534e-01  0
-3.408779616466423e-06  4.648081086524413e-01  4.648081086524413e-01  4.648081086524413e-01  4.648081086524413e-01  0
-3.110318928586858e-06  4.362632124188924e-01  4.362632124188924e-01  4.362632124188924e-01  4.362632124188924e-01  0
-2.837990403015248e-06  4.354603159555112e-01  4.354603159555112e-01  4.354603159555112e-01  4.354603159555112e-01  0
-2.589506000037746e-06  4.622656206547198e-01  4.622656206547198e-01  4.622656206547198e-01  4.622656206547198e-01  0
-2.362778012606079e-06  5.026429647042845e-01  5.026429647042845e-01  5.026429647042845e-01  5.026429647042845e-01  0
-2.155901525917821e-06  5.484592959405540e-01  5.484592959405540e-01  5.484592959405540e-01  5.484592959405540e-01  0
-1.967138412773814e-06  5.772155079078150e-01  5.772155079078150e-01  5.772155079078150e-01  5.772155079078150e-01  0
-1.794902730245475e-06  5.779931747492983e-01  5.779931747492983e-01  5.779931747492983e-01  5.779931747492983e-01  0
-1.637747394958269e-06  5.508018226398995e-01  5.508018226398995e-01  5.508018226398995e-01  5.508018226398995e-01  0
-1.494352025040249e-06  5.105379143321648e-01  5.105379143321648e-01  5.105379143321648e-01  5.105379143321648e-01  0
-1.363511846586569e-06  4.648155271876498e-01  4.648155271876498e-01  4.648155271876498e-01  4.648155271876498e-01  0
-1.244127571434743e-06  4.361794789613347e-01  4.361794789613347e-01  4.361794789613347e-01  4.361794789613347e-01  0
-1.135196161206099e-06  4.352996672018065e-01  4.352996672018065e-01  4.352996672018065e-01  4.352996672018065e-01  0
-1.035802400015099e-06  4.620786673605195e-01  4.620786673605195e-01  4.620786673605195e-01  4.620786673605195e-01  0
-9.451112050424314e-07  5.025903273995185e-01  5.025903273995185e-01  5.025903273995185e-01  5.025903273995185e-01  0
-8.623606103671284e-07  5.484502666255218e-01  5.484502666255218e-01  5.484502666255218e-01  5.484502666255218e-01  0
-7.868553651095256e-07  5.772631365114150e-01  5.772631365114150e-01  5.772631365114150e-01  5.772631365114150e-01  0
-7.179610920981897e-07  5.780879229270172e-01  5.780879229270172e-01  5.780879229270172e-01  5.780879229270172e-01  0
-6.550989579833075e-07  5.509115715160688e-01  5.509115715160688e-01  5.509115715160688e-01  5.509115715160688e-01  0
-5.977408100160996e-07  5.105777256588433e-01  5.105777256588433e-01  5.105777256588433e-01  5.105777256588433e-01  0
-5.454047386346277e-07  4.648264004626346e-01  4.648264004626346e-01  4.648264004626346e-01  4.648264004626346e-01  0
-4.976510285738974e-07  4.361533900264689e-01  4.361533900264689e-01  4.361533900264689e-01  4.361533900264689e-01  0
-4.540784644824396e-07  4.352427484172110e-01  4.352427484172110e-01  4.352427484172110e-01  4.352427484172110e-01  0
-4.143209600060395e-07  4.620116152797568e-01  4.620116152797568e-01  4.620116152797568e-01  4.620116152797568e-01  0
-3.780444820169726e-07  5.025776835235284e-01  5.025776835235284e-01  5.025776835235284e-01  5.025776835235284e-01  0
-3.449442441468514e-07  5.484558392426168e-01  5.484558392426168e-01  5.484558392426168e-01  5.484558392426168e-01  0
-3.147421460438103e-07  5.772918742341508e-01  5.772918742341508e-01  5.772918742341508e-01  5.772918742341508e-01  0
-2.871844368392759e-07  5.781355540688952e-01  5.781355540688952e-01  5.781355540688952e-01  5.781355540688952e-01  0
-2.620395831933230e-07  5.509647837915261e-01  5.509647837915261e-01  5.509647837915261e-01  5.509647837915261e-01  0
-2.390963240064398e-07  5.106022234407750e-01  5.106022234407750e-01  5.106022234407750e-01  5.106022234407750e-01  0
-2.181618954538510e-07  4.648385568570247e-01  4.648385568570247e-01  4.648385568570247e-01  4.648385568570247e-01  0
-1.990604114295589e-07  4.361502766981873e-01  4.361502766981873e-01  4.361502766981873e-01  4.361502766981873e-01  0
-1.816313857929758e-07  4.352272791451039e-01  4.352272791451039e-01  4.352272791451039e-01  4.352272791451039e-01  0
-1.657283840024158e-07  4.619925309772865e-01  4.619925309772865e-01  4.619925309772865e-01  4.619925309772865e-01  0
-1.512177928067891e-07  5.025810453586774e-01  5.025810453586774e-01  5.025810453586774e-01  5.025810453586774e-01  0
-1.379776976587406e-07  5.484672570086540e-01  5.484672570086540e-01  5.484672570086540e-01  5.484672570086540e-01  0
-1.258968584175241e-07  5.773130435990133e-01  5.773130435990133e-01  5.773130435990133e-01  5.773130435990133e-01  0
-1.148737747357104e-07  5.781642981632263e-01  5.781642981632263e-01  5.781642981632263e-01  5.781642981632263e-01  0
-1.048158332773292e-07  5.509953068779688e-01  5.509953068779688e-01  5.509953068779688e-01  5.509953068779688e-01  0
-9.563852960257593e-08  5.106205819129637e-01  5.106205819129637e-01  5.106205819129637e-01  5.106205819129637e-01  0
-8.726475818154042e-08  4.648512117972283e-01  4.648512117972283e-01  4.648512117972283e-01  4.648512117972283e-01  0
-7.962416457182358e-08  4.361563420872877e-01  4.361563420872877e-01  4.361563420872877e-01  4.361563420872877e-01  0
-7.265255431719034e-08  4.352283851033868e-01  4.352283851033868e-01  4.352283851033868e-01  4.352283851033868e-01  0
-6.629135360096631e-08  4.619926377355240e-01  4.619926377355240e-01  4.619926377355240e-01  4.619926377355240e-01  0
-6.048711712271561e-08  5.025908109663908e-01  5.025908109663908e-01  5.025908109663908e-01  5.025908109663908e-01  0
-5.519107906349621e-08  5.484810130108762e-01  5.484810130108762e-01  5.484810130108762e-01  5.484810130108762e-01  0
-5.035874336700964e-08  5.773311816130363e-01  5.773311816130363e-01  5.773311816130363e-01  5.773311816130363e-01  0
-4.594950989428414e-08  5.781854756958018e-01  5.781854756958018e-01  5.781854756958018e-01  5.781854756958018e-01  0
-4.192633331093168e-08  5.510167309859498e-01  5.510167309859498e-01  5.510167309859498e-01  5.510167309859498e-01  0
-3.825541184103037e-08  5.106364826942164e-01  5.106364826942164e-01  5.106364826942164e-01  5.106364826942164e-01  0
-3.490590327261617e-08  4.648640641184701e-01  4.648640641184701e-01  4.648640641184701e-01  4.648640641184701e-01  0
-3.184966582872943e-08  4.361660775326404e-01  4.361660775326404e-01  4.361660775326404e-01  4.361660775326404e-01  0
-2.906102172687613e-08  4.352361209651581e-01  4.352361209651581e-01  4.352361209651581e-01  4.352361209651581e-01  0
-2.651654144038653e-08  4.620004222469264e-01  4.620004222469264e-01  4.620004222469264e-01  4.620004222469264e-01  0
-2.419484684908624e-08  5.026031375624483e-01  5.026031375624483e-01  5.026031375624483e-01  5.026031375624483e-01  0
-2.207643162539849e-08  5.484957017918389e-01  5.484957017918389e-01  5.484957017918389e-01  5.484957017918389e-01  0
-2.014349734680386e-08  5.773480997947930e-01  5.773480997947930e-01  5.773480997947930e-01  5.773480997947930e-01  0
-1.837980395771366e-08  5.782036094787113e-01  5.782036094787113e-01  5.782036094787113e-01  5.782036094787113e-01  0
-1.677053332437267e-08  5.510344800977989e-01  5.510344800977989e-01  5.510344800977989e-01  5.510344800977989e-01  0
-1.530216473641215e-08  5.106514003390362e-01  5.106514003390362e-01  5.106514003390362e-01  5.106514003390362e-01  0
-1.396236130904647e-08  4.648769953731391e-01  4.648769953731391e-01  4.648769953731391e-01  4.648769953731391e-01  0
-1.273986633149177e-08  4.361772811858829e-01  4.361772811858829e-01  4.361772811858829e-01  4.361772811858829e-01  0
-1.162440869075045e-08  4.352465093736330e-01  4.352465093736330e-01  4.352465093736330e-01  4.352465093736330e-01  0
-1.060661657615461e-08  4.620112790449009e-01  4.620112790449009e-01  4.620112790449009e-01  4.620112790449009e-01  0
-9.677938739634499e-09  5.026164855762354e-01  5.026164855762354e-01  5.026164855762354e-01  5.026164855762354e-01  0
-8.830572650159394e-09  5.485107551313202e-01  5.485107551313202e-01  5.485107551313202e-01  5.485107551313202e-01  0
-8.057398938721544e-09  5.773645086851902e-01  5.773645086851902e-01  5.773645086851902e-01  5.773645086851902e-01  0
-7.351921583085463e-09  5.782204775960871e-01  5.782204775960871e-01  5.782204775960871e-01  5.782204775960871e-01  0
-6.708213329749070e-09  5.510506598032285e-01  5.510506598032285e-01  5.510506598032285e-01  5.510506598032285e-01  0
-6.120865894564859e-09  5.106659252160815e-01  5.106659252160815e-01  5.106659252160815e-01  5.106659252160815e-01  0
-5.584944523618587e-09  4.648899588840544e-01  4.648899588840544e-01  4.648899588840544e-01  4.648899588840544e-01  0
-5.095946532596709e-09  4.361890732469811e-01  4.361890732469811e-01  4.361890732469811e-01  4.361890732469811e-01  0
-4.649763476300181e-09  4.352579608305303e-01  4.352579608305303e-01  4.352579608305303e-01  4.352579608305303e-01  0
-4.242646630461844e-09  4.620233684890010e-01  4.620233684890010e-01  4.620233684890010e-01  4.620233684890010e-01  0
-3.871175495853799e-09  5.026302309307512e-01  5.026302309307512e-01  5.026302309307512e-01  5.026302309307512e-01  0
-3.532229060063758e-09  5.485259235992564e-01  5.485259235992564e-01  5.485259235992564e-01  5.485259235992564e-01  0
-3.222959575488617e-09  5.773806385835305e-01  5.773806385835305e-01  5.773806385835305e-01  5.773806385835305e-01  0
-2.940768633234185e-09  5.782366707449311e-01  5.782366707449311e-01  5.782366707449311e-01  5.782366707449311e-01  0
-2.683285331899628e-09  5.510658641273526e-01  5.510658641273526e-01  5.510658641273526e-01  5.510658641273526e-01  0
-2.448346357825944e-09  5.106802946021493e-01  5.106802946021493e-01  5.106802946021493e-01  5.106802946021493e-01  0
-2.233977809447435e-09  4.649029380764987e-01  4.649029380764987e-01  4.649029380764987e-01  4.649029380764987e-01  0
-2.038378613038684e-09  4.362011059322909e-01  4.362011059322909e-01  4.362011059322909e-01  4.362011059322909e-01  0
-1.859905390520072e-09  4.352698478263815e-01  4.352698478263815e-01  4.352698478263815e-01  4.352698478263815e-01  0
-1.697058652184738e-09  4.620359709036219e-01  4.620359709036219e-01  4.620359709036219e-01  4.620359709036219e-01  0
-1.548470198341520e-09  5.026440799089578e-01  5.026440799089578e-01  5.026440799089578e-01  5.026440799089578e-01  0
-1.412891624025503e-09  5.485409894679134e-01  5.485409894679134e-01  5.485409894679134e-01  5.485409894679134e-01  0
-1.289183830195447e-09  5.773962948711653e-01  5.773962948711653e-01  5.773962948711653e-01  5.773962948711653e-01  0
-1.176307453293674e-09  5.782517849411071e-01  5.782517849411071e-01  5.782517849411071e-01  5.782517849411071e-01  0
-1.073314132759851e-09  5.510790133941682e-01  5.510790133941682e-01  5.510790133941682e-01  5.510790133941682e-01  0
-9.793385431303775e-10  5.106946111080080e-01  5.106946111080080e-01  5.106946111080080e-01  5.106946111080080e-01  0
-8.935911237789739e-10  4.649159412218689e-01  4.649159412218689e-01  4.649159412218689e-01  4.649159412218689e-01  0
-8.153514452154734e-10  4.362132706902553e-01  4.362132706902553e-01  4.362132706902553e-01  4.362132706902553e-01  0
-7.439621562080290e-10  4.352819819695276e-01  4.352819819695276e-01  4.352819819695276e-01  4.352819819695276e-01  0
-6.788234608738951e-10  4.620489217214881e-01  4.620489217214881e-01  4.620489217214881e-01  4.620489217214881e-01  0
-6.193880793366079e-10  5.026574596788502e-01  5.026574596788502e-01  5.026574596788502e-01  5.026574596788502e-01  0
-5.651566496102012e-10  5.485546563221463e-01  5.485546563221463e-01  5.485546563221463e-01  5.485546563221463e-01  0
-5.156735320781787e-10  5.774084707815104e-01  5.774084707815104e-01  5.774084707815104e-01  5.774084707815104e-01  0
-4.705229813174697e-10  5.782591301654904e-01  5.782591301654904e-01  5.782591301654904e-01  5.782591301654904e-01  0
-4.293256531039404e-10  5.510762553191921e-01  5.510762553191921e-01  5.510762553191921e-01  5.510762553191921e-01  0
-3.917354172521510e-10  5.107090024731235e-01  5.107090024731235e-01  5.107090024731235e-01  5.107090024731235e-01  0
-3.574364495115896e-10  4.649291399567949e-01  4.649291399567949e-01  4.649291399567949e-01  4.649291399567949e-01  0
-3.261405780861894e-10  4.362258651654948e-01  4.362258651654948e-01  4.362258651654948e-01  4.362258651654948e-01  0
-2.975848624832116e-10  4.352949767106938e-01  4.352949767106938e-01  4.352949767106938e-01  4.352949767106938e-01  0
-2.715293843495580e-10  4.620634961042139e-01  4.620634961042139e-01  4.620634961042139e-01  4.620634961042139e-01  0
2.715293843495580e-10  4.620634863273604e-01  4.620634863273604e-01  4.620634863273604e-01  4.620634863273604e-01  0
2.975848624832116e-10  4.352949640942821e-01  4.352949640942821e-01  4.352949640942821e-01  4.352949640942821e-01  0
3.261405780861894e-10  4.362258513915203e-01  4.362258513915203e-01  4.362258513915203e-01  4.362258513915203e-01  0
3.574364495115896e-10  4.649291271550018e-01  4.649291271550018e-01  4.649291271550018e-01  4.649291271550018e-01  0
3.917354172521510e-10  5.107089923532588e-01  5.107089923532588e-01  5.107089923532588e-01  5.107089923532588e-01  0
4.293256531039404e-10  5.510762380554299e-01  5.510762380554299e-01  5.510762380554299e-01  5.510762380554299e-01  0
4.705229813174697e-10  5.782591202325476e-01  5.782591202325476e-01  5.782591202325476e-01  5.782591202325476e-01  0
5.156735320781787e-10  5.774084652845080e-01  5.774084652845080e-01  5.774084652845080e-01  5.774084652845080e-01  0
5.651566496102012e-10  5.485546516739982e-01  5.485546516739982e-01  5.485546516739982e-01  5.485546516739982e-01  0
6.193880793366079e-10  5.026574529728060e-01  5.026574529728060e-01  5.026574529728060e-01  5.026574529728060e-01  0
6.788234608738951e-10  4.620488972870300e-01  4.620488972870300e-01  4.620488972870300e-01  4.620488972870300e-01  0
7.439621562080290e-10  4.352819504327449e-01  4.352819504327449e-01  4.352819504327449e-01  4.352819504327449e-01  0
8.153514452154734e-10  4.362132362577542e-01  4.362132362577542e-01  4.362132362577542e-01  4.362132362577542e-01  0
8.935911237789739e-10  4.649159092188582e-01  4.649159092188582e-01  4.649159092188582e-01  4.649159092188582e-01  0
9.793385431303775e-10  5.106945858092524e-01  5.106945858092524e-01  5.106945858092524e-01  5.106945858092524e-01  0
1.073314132759851e-09  5.510789702405124e-01  5.510789702405124e-01  5.510789702405124e-01  5.510789702405124e-01  0
1.176307453293674e-09  5.782517601116463e-01  5.782517601116463e-01  5.782517601116463e-01  5.782517601116463e-01  0
1.289183830195447e-09  5.773962811300332e-01  5.773962811300332e-01  5.773962811300332e-01  5.773962811300332e-01  0
1.412891624025503e-09  5.485409778482813e-01  5.485409778482813e-01  5.485409778482813e-01  5.485409778482813e-01  0
1.548470198341520e-09  5.026440631444693e-01  5.026440631444693e-01  5.026440631444693e-01  5.026440631444693e-01  0
1.697058652184738e-09  4.620359098209936e-01  4.620359098209936e-01  4.620359098209936e-01  4.620359098209936e-01  0
1.859905390520072e-09  4.352697689874519e-01  4.352697689874519e-01  4.352697689874519e-01  4.352697689874519e-01  0
2.038378613038684e-09  4.362010198537472e-01  4.362010198537472e-01  4.362010198537472e-01  4.362010198537472e-01  0
2.233977809447435e-09  4.649028580712714e-01  4.649028580712714e-01  4.649028580712714e-01  4.649028580712714e-01  0
2.448346357825944e-09  5.106802313570058e-01  5.106802313570058e-01  5.106802313570058e-01  5.106802313570058e-01  0
2.683285331899628e-09  5.510657562475795e-01  5.510657562475795e-01  5.510657562475795e-01  5.510657562475795e-01  0
2.940768633234185e-09  5.782366086736545e-01  5.782366086736545e-01  5.782366086736545e-01  5.782366086736545e-01  0
3.222959575488617e-09  5.773806042319584e-01  5.773806042319584e-01  5.773806042319584e-01  5.773806042319584e-01  0
3.532229060063758e-09  5.485258945511252e-01  5.485258945511252e-01  5.485258945511252e-01  5.485258945511252e-01  0
3.871175495853799e-09  5.026301890207535e-01  5.026301890207535e-01  5.026301890207535e-01  5.026301890207535e-01  0
4.242646630461844e-09  4.620232157873937e-01  4.620232157873937e-01  4.620232157873937e-01  4.620232157873937e-01  0
4.649763476300181e-09  4.352577637389912e-01  4.352577637389912e-01  4.352577637389912e-01  4.352577637389912e-01  0
5.095946532596709e-09  4.361888580566346e-01  4.361888580566346e-01  4.361888580566346e-01  4.361888580566346e-01  0
5.584944523618587e-09  4.648897588764226e-01  4.648897588764226e-01  4.648897588764226e-01  4.648897588764226e-01  0
6.120865894564859e-09  5.106657671074382e-01  5.106657671074382e-01  5.106657671074382e-01  5.106657671074382e-01  0
6.708213329749070e-09  5.510503901116462e-01  5.510503901116462e-01  5.510503901116462e-01  5.510503901116462e-01  0
7.351921583085463e-09  5.782203224222168e-01  5.782203224222168e-01  5.782203224222168e-01  5.782203224222168e-01  0
8.057398938721544e-09  5.773644228086079e-01  5.773644228086079e-01  5.773644228086079e-01  5.773644228086079e-01  0
8.830572650159394e-09  5.485106825130259e-01  5.485106825130259e-01  5.485106825130259e-01  5.485106825130259e-01  0
9.677938739634499e-09  5.026163808041934e-01  5.026163808041934e-01  5.026163808041934e-01  5.026163808041934e-01  0
1.060661657615461e-08  4.620108973024785e-01  4.620108973024785e-01  4.620108973024785e-01  4.620108973024785e-01  0
1.162440869075045e-08  4.352460166592695e-01  4.352460166592695e-01  4.352460166592695e-01  4.352460166592695e-01  0
1.273986633149177e-08  4.361767432252721e-01  4.361767432252721e-01  4.361767432252721e-01  4.361767432252721e-01  0
1.396236130904647e-08  4.648764953677257e-01  4.648764953677257e-01  4.648764953677257e-01  4.648764953677257e-01  0
1.530216473641215e-08  5.106510050777971e-01  5.106510050777971e-01  5.106510050777971e-01  5.106510050777971e-01  0
1.677053332437267e-08  5.510338058857234e-01  5.510338058857234e-01  5.510338058857234e-01  5.510338058857234e-01  0
1.837980395771366e-08  5.782032215526449e-01  5.782032215526449e-01  5.782032215526449e-01  5.782032215526449e-01  0
2.014349734680386e-08  5.773478851077679e-01  5.773478851077679e-01  5.773478851077679e-01  5.773478851077679e-01  0
2.207643162539849e-08  5.484955202505306e-01  5.484955202505306e-01  5.484955202505306e-01  5.484955202505306e-01  0
2.419484684908624e-08  5.026028756396804e-01  5.026028756396804e-01  5.026028756396804e-01  5.026028756396804e-01  0
2.651654144038653e-08  4.619994679228226e-01  4.619994679228226e-01  4.619994679228226e-01  4.619994679228226e-01  0
2.906102172687613e-08  4.352348892195187e-01  4.352348892195187e-01  4.352348892195187e-01  4.352348892195187e-01  0
3.184966582872943e-08  4.361647326724020e-01  4.361647326724020e-01  4.361647326724020e-01  4.361647326724020e-01  0
3.490590327261617e-08  4.648628141403135e-01  4.648628141403135e-01  4.648628141403135e-01  4.648628141403135e-01  0
3.825541184103037e-08  5.106354945662736e-01  5.106354945662736e-01  5.106354945662736e-01  5.106354945662736e-01  0
4.192633331093168e-08  5.510150454894391e-01  5.510150454894391e-01  5.510150454894391e-01  5.510150454894391e-01  0
4.594950989428414e-08  5.781845058926730e-01  5.781845058926730e-01  5.781845058926730e-01  5.781845058926730e-01  0
5.035874336700964e-08  5.773306448994527e-01  5.773306448994527e-01  5.773306448994527e-01  5.773306448994527e-01  0
5.519107906349621e-08  5.484805591654236e-01  5.484805591654236e-01  5.484805591654236e-01  5.484805591654236e-01  0
6.048711712271561e-08  5.025901561779936e-01  5.025901561779936e-01  5.025901561779936e-01  5.025901561779936e-01  0
6.629135360096631e-08  4.619902520270300e-01  4.619902520270300e-01  4.619902520270300e-01  4.619902520270300e-01  0
7.265255431719034e-08  4.352253058669483e-01  4.352253058669483e-01  4.352253058669483e-01  4.352253058669483e-01  0
7.962416457182358e-08  4.361529800603311e-01  4.361529800603311e-01  4.361529800603311e-01  4.361529800603311e-01  0
8.726475818154042e-08  4.648480869482106e-01  4.648480869482106e-01  4.648480869482106e-01  4.648480869482106e-01  0
9.563852960257593e-08  5.106181116514319e-01  5.106181116514319e-01  5.106181116514319e-01  5.106181116514319e-01  0
1.048158332773292e-07  5.509910931731394e-01  5.509910931731394e-01  5.509910931731394e-01  5.509910931731394e-01  0
1.148737747357104e-07  5.781618736286827e-01  5.781618736286827e-01  5.781618736286827e-01  5.781618736286827e-01  0
1.258968584175241e-07  5.773117017815984e-01  5.773117017815984e-01  5.773117017815984e-01  5.773117017815984e-01  0
1.379776976587406e-07  5.484661223945491e-01  5.484661223945491e-01  5.484661223945491e-01  5.484661223945491e-01  0
1.512177928067891e-07  5.025794084351745e-01  5.025794084351745e-01  5.025794084351745e-01  5.025794084351745e-01  0
1.657283840024158e-07  4.619865670962272e-01  4.619865670962272e-01  4.619865670962272e-01  4.619865670962272e-01  0
1.816313857929758e-07  4.352195815405945e-01  4.352195815405945e-01  4.352195815405945e-01  4.352195815405945e-01  0
1.990604114295589e-07  4.361418720664269e-01  4.361418720664269e-01  4.361418720664269e-01  4.361418720664269e-01  0
2.181618954538510e-07  4.648307450241508e-01  4.648307450241508e-01  4.648307450241508e-01  4.648307450241508e-01  0
2.390963240064398e-07  5.105960479035851e-01  5.105960479035851e-01  5.105960479035851e-01  5.105960479035851e-01  0
2.620395831933230e-07  5.509542493182663e-01  5.509542493182663e-01  5.509542493182663e-01  5.509542493182663e-01  0
2.871844368392759e-07  5.781294923059912e-01  5.781294923059912e-01  5.781294923059912e-01  5.781294923059912e-01  0
3.147421460438103e-07  5.772885193309856e-01  5.772885193309856e-01  5.772885193309856e-01  5.772885193309856e-01  0
3.449442441468514e-07  5.484530025767779e-01  5.484530025767779e-01  5.484530025767779e-01  5.484530025767779e-01  0
3.780444820169726e-07  5.025735913373507e-01  5.025735913373507e-01  5.025735913373507e-01  5.025735913373507e-01  0
4.143209600060395e-07  4.619967073558664e-01  4.619967073558664e-01  4.619967073558664e-01  4.619967073558664e-01  0
4.540784644824396e-07  4.352235066349892e-01  4.352235066349892e-01  4.352235066349892e-01  4.352235066349892e-01  0
4.976510285738974e-07  4.361323803027383e-01  4.361323803027383e-01  4.361323803027383e-01  4.361323803027383e-01  0
5.454047386346277e-07  4.648068718922826e-01  4.648068718922826e-01  4.648068718922826e-01  4.648068718922826e-01  0
5.977408100160996e-07  5.105622869131896e-01  5.105622869131896e-01  5.105622869131896e-01  5.105622869131896e-01  0
6.550989579833075e-07  5.508852327760394e-01  5.508852327760394e-01  5.508852327760394e-01  5.508852327760394e-01  0
7.179610920981897e-07  5.780727650936448e-01  5.780727650936448e-01  5.780727650936448e-01  5.780727650936448e-01  0
7.868553651095256e-07  5.772547465376907e-01  5.772547465376907e-01  5.772547465376907e-01  5.772547465376907e-01  0
8.623606103671284e-07  5.484431737501647e-01  5.484431737501647e-01  5.484431737501647e-01  5.484431737501647e-01  0
9.451112050424314e-07  5.025800972043237e-01  5.025800972043237e-01  5.025800972043237e-01  5.025800972043237e-01  0
1.035802400015099e-06  4.620414062887281e-01  4.620414062887281e-01  4.620414062887281e-01  4.620414062887281e-01  0
1.135196161206099e-06  4.352515741045389e-01  4.352515741045389e-01  4.352515741045389e-01  4.352515741045389e-01  0
1.244127571434743e-06  4.361269636957459e-01  4.361269636957459e-01  4.361269636957459e-01  4.361269636957459e-01  0
1.363511846586569e-06  4.647667098192997e-01  4.647667098192997e-01  4.647667098192997e-01  4.647667098192997e-01  0
1.494352025040249e-06  5.104993163054901e-01  5.104993163054901e-01  5.104993163054901e-01  5.104993163054901e-01  0
1.637747394958269e-06  5.507359544525843e-01  5.507359544525843e-01  5.507359544525843e-01  5.507359544525843e-01  0
1.794902730245475e-06  5.779552550674846e-01  5.779552550674846e-01  5.779552550674846e-01  5.779552550674846e-01  0
1.967138412773814e-06  5.771945133704736e-01  5.771945133704736e-01  5.771945133704736e-01  5.771945133704736e-01  0
2.155901525917821e-06  5.484415540023545e-01  5.484415540023545e-01  5.484415540023545e-01  5.484415540023545e-01  0
2.362778012606079e-06  5.026173887122478e-01  5.026173887122478e-01  5.026173887122478e-01  5.026173887122478e-01  0
2.589506000037746e-06  4.621725051821253e-01  4.621725051821253e-01  4.621725051821253e-01  4.621725051821253e-01  0
2.837990403015248e-06  4.353401392428193e-01  4.353401392428193e-01  4.353401392428193e-01  4.353401392428193e-01  0
3.110318928586858e-06  4.361319683192941e-01  4.361319683192941e-01  4.361319683192941e-01  4.361319683192941e-01  0
3.408779616466423e-06  4.646860806802887e-01  4.646860806802887e-01  4.646860806802887e-01  4.646860806802887e-01  0
3.735880062600622e-06  5.103635376087348e-01  5.103635376087348e-01  5.103635376087348e-01  5.103635376087348e-01  0
4.094368487395672e-06  5.503870723291260e-01  5.503870723291260e-01  5.503870723291260e-01  5.503870723291260e-01  0
4.487256825613686e-06  5.776863098503487e-01  5.776863098503487e-01  5.776863098503487e-01  5.776863098503487e-01  0
4.917846031934535e-06  5.770682493091858e-01  5.770682493091858e-01  5.770682493091858e-01  5.770682493091858e-01  0
5.389753814794552e-06  5.484603722905453e-01  5.484603722905453e-01  5.484603722905453e-01  5.484603722905453e-01  0
5.906945031515196e-06  5.027315403549408e-01  5.027315403549408e-01  5.027315403549408e-01  5.027315403549408e-01  0
6.473765000094367e-06  4.625200374928551e-01  4.625200374928551e-01  4.625200374928551e-01  4.625200374928551e-01  0
7.094976007538119e-06  4.355811385499458e-01  4.355811385499458e-01  4.355811385499458e-01  4.355811385499458e-01  0
7.775797321467146e-06  4.361646868062281e-01  4.361646868062281e-01  4.361646868062281e-01  4.361646868062281e-01  0
8.521949041166058e-06  4.645060003804159e-01  4.645060003804159e-01  4.645060003804159e-01  4.645060003804159e-01  0
9.339700156501556e-06  5.100471531979155e-01  5.100471531979155e-01  5.100471531979155e-01  5.100471531979155e-01  0
1.023592121848918e-05  5.495506257545125e-01  5.495506257545125e-01  5.495506257545125e-01  5.495506257545125e-01  0
1.121814206403422e-05  5.770447627392384e-01  5.770447627392384e-01  5.770447627392384e-01  5.770447627392384e-01  0
1.229461507983634e-05  5.767792426101283e-01  5.767792426101283e-01  5.767792426101283e-01  5.767792426101283e-01  0
1.347438453698638e-05  5.485307572268371e-01  5.485307572268371e-01  5.485307572268371e-01  5.485307572268371e-01  0
1.476736257878799e-05  5.030378759231788e-01  5.030378759231788e-01  5.030378759231788e-01  5.030378759231788e-01  0
1.618441250023592e-05  4.634092251768897e-01  4.634092251768897e-01  4.634092251768897e-01  4.634092251768897e-01  0
1.773744001884530e-05  4.362093884583886e-01  4.362093884583886e-01  4.362093884583886e-01  4.362093884583886e-01  0
1.943949330366787e-05  4.362765055345755e-01  4.362765055345755e-01  4.362765055345755e-01  4.362765055345755e-01  0
2.130487260291514e-05  4.640880090434687e-01  4.640880090434687e-01  4.640880090434687e-01  4.640880090434687e-01  0
2.334925039125389e-05  5.092885032089933e-01  5.092885032089933e-01  5.092885032089933e-01  5.092885032089933e-01  0
2.558980304622295e-05  5.475178065657728e-01  5.475178065657728e-01  5.475178065657728e-01  5.475178065657728e-01  0
2.804535516008554e-05  5.754827880585198e-01  5.754827880585198e-01  5.754827880585198e-01  5.754827880585198e-01  0
3.073653769959084e-05  5.760838710732770e-01  5.760838710732770e-01  5.760838710732770e-01  5.760838710732770e-01  0
3.368596134246595e-05  5.487252941373312e-01  5.487252941373312e-01  5.487252941373312e-01  5.487252941373312e-01  0
3.691840644696998e-05  5.038205473113764e-01  5.038205473113764e-01  5.038205473113764e-01  5.038205473113764e-01  0
4.046103125058979e-05  4.656370004127769e-01  4.656370004127769e-01  4.656370004127769e-01  4.656370004127769e-01  0
4.434360004711324e-05  4.378316225438642e-01  4.378316225438642e-01  4.378316225438642e-01  4.378316225438642e-01  0
4.859873325916966e-05  4.366386380216706e-01  4.366386380216706e-01  4.366386380216706e-01  4.366386380216706e-01  0
5.326218150728786e-05  4.631351974471851e-01  4.631351974471851e-01  4.631351974471851e-01  4.631351974471851e-01  0
5.837312597813472e-05  5.074753963307288e-01  5.074753963307288e-01  5.074753963307288e-01  5.074753963307288e-01  0
6.397450761555738e-05  5.426854489828846e-01  5.426854489828846e-01  5.426854489828846e-01  5.426854489828846e-01  0
7.011338790021385e-05  5.716926225728939e-01  5.716926225728939e-01  5.716926225728939e-01  5.716926225728939e-01  0
7.684134424897712e-05  5.743579177530697e-01  5.743579177530697e-01  5.743579177530697e-01  5.743579177530697e-01  0
8.421490335616489e-05  5.491773584985805e-01  5.491773584985805e-01  5.491773584985805e-01  5.491773584985805e-01  0
9.229601611742495e-05  5.057480707418635e-01  5.057480707418635e-01  5.057480707418635e-01  5.057480707418635e-01  0
1.011525781264745e-04  4.706063574602050e-01  4.706063574602050e-01  4.706063574602050e-01  4.706063574602050e-01  0
1.108590001177831e-04  4.417545893094075e-01  4.417545893094075e-01  4.417545893094075e-01  4.417545893094075e-01  0
1.214968331479242e-04  4.377297574146833e-01  4.377297574146833e-01  4.377297574146833e-01  4.377297574146833e-01  0
1.331554537682196e-04  4.610728285955848e-01  4.610728285955848e-01  4.610728285955848e-01  4.610728285955848e-01  0
1.459328149453368e-04  5.032434992850228e-01  5.032434992850228e-01  5.032434992850228e-01  5.032434992850228e-01  0
1.599362690388935e-04  5.297523886881345e-01  5.297523886881345e-01  5.297523886881345e-01  5.297523886881345e-01  0
1.752834697505346e-04  5.612075483792313e-01  5.612075483792313e-01  5.612075483792313e-01  5.612075483792313e-01  0
1.921033606224428e-04  5.687960880026617e-01  5.687960880026617e-01  5.687960880026617e-01  5.687960880026617e-01  0
2.105372583904122e-04  5.490558939149226e-01  5.490558939149226e-01  5.490558939149226e-01  5.490558939149226e-01  0
2.307400402935624e-04  5.095941358244143e-01  5.095941358244143e-01  5.095941358244143e-01  5.095941358244143e-01  0
2.528814453161862e-04  4.648550075985626e-01  4.648550075985626e-01  4.648550075985626e-01  4.648550075985626e-01  0
2.771475002944578e-04  4.398004385342594e-01  4.398004385342594e-01  4.398004385342594e-01  4.398004385342594e-01  0
3.037420828698104e-04  4.339858231433897e-01  4.339858231433897e-01  4.339858231433897e-01  4.339858231433897e-01  0
3.328886344205491e-04  4.528371257098373e-01  4.528371257098373e-01  4.528371257098373e-01  4.528371257098373e-01  0
3.648320373633420e-04  4.911282194331648e-01  4.911282194331648e-01  4.911282194331648e-01  4.911282194331648e-01  0
3.998406725972337e-04  4.621202915087819e-01  4.621202915087819e-01  4.621202915087819e-01  4.621202915087819e-01  0
4.382086743763366e-04  5.003416720315783e-01  5.003416720315783e-01  5.003416720315783e-01  5.003416720315783e-01  0
4.802584015561070e-04  5.208568886394878e-01  5.208568886394878e-01  5.208568886394878e-01  5.208568886394878e-01  0
5.263431459760305e-04  5.171239852726891e-01  5.171239852726891e-01  5.171239852726891e-01  5.171239852726891e-01  0
5.768501007339060e-04  4.924865263284336e-01  4.924865263284336e-01  4.924865263284336e-01  4.924865263284336e-01  0
6.322036132904656e-04  4.143738924041663e-01  4.143738924041663e-01  4.143738924041663e-01  4.143738924041663e-01  0
6.928687507361445e-04  3.896389528782013e-01  3.896389528782013e-01  3.896389528782013e-01  3.896389528782013e-01  0
7.593552071745261e-04  3.793390618268044e-01  3.793390618268044e-01  3.793390618268044e-01  3.793390618268044e-01  0
8.322215860513729e-04  3.910884710890234e-01  3.910884710890234e-01  3.910884710890234e-01  3.910884710890234e-01  0
9.120800934083552e-04  4.235876630678510e-01  4.235876630678510e-01  4.235876630678510e-01  4.235876630678510e-01  0
9.996016814930841e-04  4.146714340721819e-01  4.146714340721819e-01  4.146714340721819e-01  4.146714340721819e-01  0
1.095521685940841e-03  4.434368219675205e-01  4.434368219675205e-01  4.434368219675205e-01  4.434368219675205e-01  0
1.200646003890268e-03  4.611753614409390e-01  4.611753614409390e-01  4.611753614409390e-01  4.611753614409390e-01  0
1.315857864940076e-03  4.604502599748443e-01  4.604502599748443e-01  4.604502599748443e-01  4.604502599748443e-01  0
1.442125251834765e-03  4.414200317158256e-01  4.414200317158256e-01  4.414200317158256e-01  4.414200317158256e-01  0
1.580509033226164e-03  4.592661627789432e-01  4.592661627789432e-01  4.592661627789432e-01  4.592661627789432e-01  0
1.732171876840361e-03  4.292572137404492e-01  4.292572137404492e-01  4.292572137404492e-01  4.292572137404492e-01  0
1.898388017936315e-03  4.044010604699932e-01  4.044010604699932e-01  4.044010604699932e-01  4.044010604699932e-01  0
2.080553965128432e-03  3.953999948697667e-01  3.953999948697667e-01  3.953999948697667e-01  3.953999948697667e-01  0
2.280200233520888e-03  4.056605857583598e-01  4.056605857583598e-01  4.056605857583598e-01  4.056605857583598e-01  0
2.499004203732710e-03  4.281759988393621e-01  4.281759988393621e-01  4.281759988393621e-01  4.281759988393621e-01  0
2.738804214852103e-03  4.608903903552702e-01  4.608903903552702e-01  4.608903903552702e-01  4.608903903552702e-01  0
3.001615009725669e-03  4.872284222343582e-01  4.872284222343582e-01  4.872284222343582e-01  4.872284222343582e-01  0
3.289644662350191e-03  4.972420464114225e-01  4.972420464114225e-01  4.972420464114225e-01  4.972420464114225e-01  0
3.605313129586912e-03  4.864420847294639e-01  4.864420847294639e-01  4.864420847294639e-01  4.864420847294639e-01  0
3.951272583065409e-03  4.522868751496716e-01  4.522868751496716e-01  4.522868751496716e-01  4.522868751496716e-01  0
4.330429692100902e-03  4.419407348600073e-01  4.419407348600073e-01  4.419407348600073e-01  4.419407348600073e-01  0
4.745970044840787e-03  4.269088476872767e-01  4.269088476872767e-01  4.269088476872767e-01  4.269088476872767e-01  0
5.201384912821079e-03  4.186811819050099e-01  4.186811819050099e-01  4.186811819050099e-01  4.186811819050099e-01  0
5.700500583802218e-03  4.246200253683806e-01  4.246200253683806e-01  4.246200253683806e-01  4.246200253683806e-01  0
6.247510509331775e-03  3.197125697214586e-01  3.197125697214586e-01  3.197125697214586e-01  3.197125697214586e-01  0
6.847010537130258e-03  3.627798450580503e-01  3.627798450580503e-01  3.627798450580503e-01  3.627798450580503e-01  0
7.504037524314172e-03  4.059975798864811e-01  4.059975798864811e-01  4.059975798864811e-01  4.059975798864811e-01  0
8.224111655875476e-03  4.398765527149094e-01  4.398765527149094e-01  4.398765527149094e-01  4.398765527149094e-01  0
9.013282823967281e-03  4.568663111276227e-01  4.568663111276227e-01  4.568663111276227e-01  4.568663111276227e-01  0
9.878181457663523e-03  3.158285120206800e-01  3.158285120206800e-01  3.158285120206800e-01  3.158285120206800e-01  0
1.082607423025226e-02  3.228562219436375e-01  3.228562219436375e-01  3.228562219436375e-01  3.228562219436375e-01  0
1.186492511210197e-02  3.223723509013539e-01  3.223723509013539e-01  3.223723509013539e-01  3.223723509013539e-01  0
1.300346228205270e-02  3.226823273423602e-01  3.226823273423602e-01  3.226823273423602e-01  3.226823273423602e-01  0
1.425125145950555e-02  3.316190406850680e-01  3.316190406850680e-01  3.316190406850680e-01  3.316190406850680e-01  0
1.561877627332944e-02  1.755435560401499e-01  1.755435560401499e-01  1.755435560401499e-01  1.755435560401499e-01  0
1.711752634282565e-02  2.060276434345446e-01  2.060276434345446e-01  2.060276434345446e-01  2.060276434345446e-01  0
1.876009381078543e-02  2.414481865632305e-01  2.414481865632305e-01  2.414481865632305e-01  2.414481865632305e-01  0
2.056027913968869e-02  2.759365609238862e-01  2.759365609238862e-01  2.759365609238862e-01  2.759365609238862e-01  0
2.253320705991820e-02  3.029947448044679e-01  3.029947448044679e-01  3.029947448044679e-01  3.029947448044679e-01  0
2.469545364415881e-02  2.074898987760290e-01  2.074898987760290e-01  2.074898987760290e-01  2.074898987760290e-01  0
2.706518557563064e-02  2.139283639617848e-01  2.139283639617848e-01  2.139283639617848e-01  2.139283639617848e-01  0
2.966231278025492e-02  2.122032253101142e-01  2.122032253101142e-01  2.122032253101142e-01  2.122032253101142e-01  0
3.250865570513175e-02  2.078030720939991e-01  2.078030720939991e-01  2.078030720939991e-01  2.078030720939991e-01  0
3.562812864876387e-02  2.073352103626814e-01  2.073352103626814e-01  2.073352103626814e-01  2.073352103626814e-01  0
3.904694068332359e-02  8.984326899483382e-02  8.984326899483382e-02  8.984326899483382e-02  8.984326899483382e-02  0
4.279381585706411e-02  1.153154991049277e-01  1.153154991049277e-01  1.153154991049277e-01  1.153154991049277e-01  0
4.690023452696357e-02  1.437505507093947e-01  1.437505507093947e-01  1.437505507093947e-01  1.437505507093947e-01  0
5.140069784922173e-02  1.713917178898205e-01  1.713917178898205e-01  1.713917178898205e-01  1.713917178898205e-01  0
5.633301764979550e-02  1.934026385587226e-01  1.934026385587226e-01  1.934026385587226e-01  1.934026385587226e-01  0
6.173863411039702e-02  1.475018384527229e-01  1.475018384527229e-01  1.475018384527229e-01  1.475018384527229e-01  0
6.766296393907660e-02  1.567243411241998e-01  1.567243411241998e-01  1.567243411241998e-01  1.567243411241998e-01  0
7.415578195063731e-02  1.582083396676411e-01  1.582083396676411e-01  1.582083396676411e-01  1.582083396676411e-01  0
8.127163926282938e-02  1.546723169977463e-01  1.546723169977463e-01  1.546723169977463e-01  1.546723169977463e-01  0
8.907032162190967e-02  1.506523927712587e-01  1.506523927712587e-01  1.506523927712587e-01  1.506523927712587e-01  0
9.761735170830899e-02  1.799012857024824e-01  1.799012857024824e-01  1.799012857024824e-01  1.799012857024824e-01  0
1.069845396426603e-01  1.820144175765068e-01  1.820144175765068e-01  1.820144175765068e-01  1.820144175765068e-01  0
1.172505863174089e-01  1.816406811320073e-01  1.816406811320073e-01  1.816406811320073e-01  1.816406811320073e-01  0
1.285017446230543e-01  1.806828142701095e-01  1.806828142701095e-01  1.806828142701095e-01  1.806828142701095e-01  0
1.408325441244888e-01  1.793696440622002e-01  1.793696440622002e-01  1.793696440622002e-01  1.793696440622002e-01  0
1.543465852759925e-01  2.115338543652083e-01  2.115338543652083e-01  2.115338543652083e-01  2.115338543652083e-01  0
1.691574098476915e-01  2.359422030591229e-01  2.359422030591229e-01  2.359422030591229e-01  2.359422030591229e-01  0
1.853894548765933e-01  2.508297770766944e-01  2.508297770766944e-01  2.508297770766944e-01  2.508297770766944e-01  0
2.031790981570734e-01  2.550747310853932e-01  2.550747310853932e-01  2.550747310853932e-01  2.550747310853932e-01  0
2.226758040547742e-01  2.496003341696167e-01  2.496003341696167e-01  2.496003341696167e-01  2.496003341696167e-01  0
2.440433792707725e-01  6.141948639096654e-02  6.141948639096654e-02  6.141948639096654e-02  6.141948639096654e-02  0
2.674613491066507e-01  8.801937992030630e-02  8.801937992030630e-02  8.801937992030630e-02  8.801937992030630e-02  0
2.931264657935224e-01  1.192496248994371e-01  1.192496248994371e-01  1.192496248994371e-01  1.192496248994371e-01  0
3.212543615576358e-01  1.529914795830399e-01  1.529914795830399e-01  1.529914795830399e-01  1.529914795830399e-01  0
3.520813603112219e-01  1.861936448291014e-01  1.861936448291014e-01  1.861936448291014e-01  1.861936448291014e-01  0
3.858664631899813e-01  1.815948771631566e-02  1.815948771631566e-02  1.815948771631566e-02  1.815948771631566e-02  0
4.228935246192287e-01  2.292809940351009e-02  2.292809940351009e-02  2.292809940351009e-02  2.292809940351009e-02  0
4.634736371914831e-01  2.938728899852030e-02  2.938728899852030e-02  2.938728899852030e-02  2.938728899852030e-02  0
5.079477453926835e-01  3.877373122022953e-02  3.877373122022953e-02  3.877373122022953e-02  3.877373122022953e-02  0
5.566895101369354e-01  5.245730648963182e-02  5.245730648963182e-02  5.245730648963182e-02  5.245730648963182e-02  0
6.101084481769311e-01  3.601751967588168e-03  3.601751967588168e-03  3.601751967588168e-03  3.601751967588168e-03  0
6.686533727666268e-01  5.682084624777804e-03  5.682084624777804e-03  5.682084624777804e-03  5.682084624777804e-03  0
7.328161644838058e-01  8.334742925191076e-03  8.334742925191076e-03  8.334742925191076e-03  8.334742925191076e-03  0
8.031359038940895e-01  1.141510267164905e-02  1.141510267164905e-02  1.141510267164905e-02  1.141510267164905e-02  0
8.802034007780547e-01  1.471468084449505e-02  1.471468084449505e-02  1.471468084449505e-02  1.471468084449505e-02  0
9.646661579749535e-01  1.458552750769667e-04  1.458552750769667e-04  1.458552750769667e-04  1.458552750769667e-04  0
1.057233811548072e+00  3.207204166240786e-04  3.207204166240786e-04  3.207204166240786e-04  3.207204166240786e-04  0
1.158684092978708e+00  6.658754420814874e-04  6.658754420814874e-04  6.658754420814874e-04  6.658754420814874e-04  0
1.269869363481709e+00  1.296303761579978e-03  1.296303761579978e-03  1.296303761579978e-03  1.296303761579978e-03  0
1.391723775342339e+00  2.355796697449223e-03  2.355796697449223e-03  2.355796697449223e-03  2.355796697449223e-03  0
1.525271120442328e+00  4.185525138746855e-06  4.185525138746855e-06  4.185525138746855e-06  4.185525138746855e-06  0
1.671633431916567e+00  7.946688668318296e-06  7.946688668318296e-06  7.946688668318296e-06  7.946688668318296e-06  0
1.832040411209515e+00  1.414797746720104e-05  1.414797746720104e-05  1.414797746720104e-05  1.414797746720104e-05  0
2.007839759735224e+00  2.404941196821837e-05  2.404941196821837e-05  2.404941196821837e-05  2.404941196821837e-05  0
2.200508501945137e+00  4.044727439499604e-05  4.044727439499604e-05  4.044727439499604e-05  4.044727439499604e-05  0
