-2.643084528870179e+00  2.411043702571455e-08  2.411043702571455e-08  2.411043702571455e-08  2.411043702571455e-08  0
-2.411665394937383e+00  1.224769824225085e-08  1.224769824225085e-08  1.224769824225085e-08  1.224769824225085e-08  0
-2.200508501945136e+00  6.747893591498823e-09  6.747893591498823e-09  6.747893591498823e-09  6.747893591498823e-09  0
-2.007839759735224e+00  3.646712393639138e-09  3.646712393639138e-09  3.646712393639138e-09  3.646712393639138e-09  0
-1.832040411209514e+00  1.836719689145032e-09  1.836719689145032e-09  1.836719689145032e-09  1.836719689145032e-09  0
-1.671633431916567e+00  3.848961164210192e-06  3.848961164210192e-06  3.848961164210192e-06  3.848961164210192e-06  0
-1.525271120442328e+00  1.860344656489931e-06  1.860344656489931e-06  1.860344656489931e-06  1.860344656489931e-06  0
-1.391723775342339e+00  8.364528718776718e-07  8.364528718776718e-07  8.364528718776718e-07  8.364528718776718e-07  0
-1.269869363481709e+00  3.484438546251678e-07  3.484438546251678e-07  3.484438546251678e-07  3.484438546251678e-07  0
-1.158684092978708e+00  1.339214282988299e-07  1.339214282988299e-07  1.339214282988299e-07  1.339214282988299e-07  0
-1.057233811548072e+00  6.262744142090633e-05  6.262744142090633e-05  6.262744142090633e-05  6.262744142090633e-05  0
-9.646661579749534e-01  3.790294081555573e-05  3.790294081555573e-05  3.790294081555573e-05  3.790294081555573e-05  0
-8.802034007780546e-01  2.300779185105124e-05  2.300779185105124e-05  2.300779185105124e-05  2.300779185105124e-05  0
-8.031359038940895e-01  1.356354817173156e-05  1.356354817173156e-05  1.356354817173156e-05  1.356354817173156e-05  0
-7.328161644838057e-01  7.594767397473054e-06  7.594767397473054e-06  7.594767397473054e-06  7.594767397473054e-06  0
-6.686533727666270e-01  1.193440621145142e-03  1.193440621145142e-03  1.193440621145142e-03  1.193440621145142e-03  0
-6.101084481769313e-01  6.959746380365177e-04  6.959746380365177e-04  6.959746380365177e-04  6.959746380365177e-04  0
-5.566895101369356e-01  3.980540077390062e-04  3.980540077390062e-04  3.980540077390062e-04  3.980540077390062e-04  0
-5.079477453926837e-01  2.258381996356812e-04  2.258381996356812e-04  2.258381996356812e-04  2.258381996356812e-04  0
-4.634736371914833e-01  1.287212617872503e-04  1.287212617872503e-04  1.287212617872503e-04  1.287212617872503e-04  0
-4.228935246192289e-01  1.102906895173623e-02  1.102906895173623e-02  1.102906895173623e-02  1.102906895173623e-02  0
-3.858664631899815e-01  7.536763902633491e-03  7.536763902633491e-03  7.536763902633491e-03  7.536763902633491e-03  0
-3.520813603112219e-01  4.981464574966983e-03  4.981464574966983e-03  4.981464574966983e-03  4.981464574966983e-03  0
-3.212543615576359e-01  3.181665118340790e-03  3.181665118340790e-03  3.181665118340790e-03  3.181665118340790e-03  0
-2.931264657935224e-01  1.956515424064791e-03  1.956515424064791e-03  1.956515424064791e-03  1.956515424064791e-03  0
-2.674613491066508e-01  3.674168112218616e-02  3.674168112218616e-02  3.674168112218616e-02  3.674168112218616e-02  0
-2.440433792707725e-01  3.168080532538513e-02  3.168080532538513e-02  3.168080532538513e-02  3.168080532538513e-02  0
-2.226758040547742e-01  2.623636763831165e-02  2.623636763831165e-02  2.623636763831165e-02  2.623636763831165e-02  0
-2.031790981570735e-01  2.075090931338435e-02  2.075090931338435e-02  2.075090931338435e-02  2.075090931338435e-02  0
-1.853894548765933e-01  1.565117897706069e-02  1.565117897706069e-02  1.565117897706069e-02  1.565117897706069e-02  0
-1.691574098476915e-01  5.677503522956953e-02  5.677503522956953e-02  5.677503522956953e-02  5.677503522956953e-02  0
-1.543465852759926e-01  5.022081749009226e-02  5.022081749009226e-02  5.022081749009226e-02  5.022081749009226e-02  0
-1.408325441244888e-01  4.553923816054383e-02  4.553923816054383e-02  4.553923816054383e-02  4.553923816054383e-02  0
-1.285017446230543e-01  4.182287836942719e-02  4.182287836942719e-02  4.182287836942719e-02  4.182287836942719e-02  0
-1.172505863174089e-01  3.812176641374729e-02  3.812176641374729e-02  3.812176641374729e-02  3.812176641374729e-02  0
-1.069845396426603e-01  9.898235455988191e-02  9.898235455988191e-02  9.898235455988191e-02  9.898235455988191e-02  0
-9.761735170830900e-02  8.266573681051093e-02  8.266573681051093e-02  8.266573681051093e-02  8.266573681051093e-02  0
-8.907032162190968e-02  7.053787370861893e-02  7.053787370861893e-02  7.053787370861893e-02  7.053787370861893e-02  0
-8.127163926282939e-02  6.025152697579100e-02  6.025152697579100e-02  6.025152697579100e-02  6.025152697579100e-02  0
-7.415578195063731e-02  5.037337256181337e-02  5.037337256181337e-02  5.037337256181337e-02  5.037337256181337e-02  0
-6.766296393907660e-02  2.889896270332449e-01  2.889896270332449e-01  2.889896270332449e-01  2.889896270332449e-01  0
-6.173863411039702e-02  2.201608718059897e-01  2.201608718059897e-01  2.201608718059897e-01  2.201608718059897e-01  0
-5.633301764979550e-02  1.682680694400240e-01  1.682680694400240e-01  1.682680694400240e-01  1.682680694400240e-01  0
-5.140069784922174e-02  1.303392604293881e-01  1.303392604293881e-01  1.303392604293881e-01  1.303392604293881e-01  0
-4.690023452696358e-02  1.034501706789737e-01  1.034501706789737e-01  1.034501706789737e-01  1.034501706789737e-01  0
-4.279381585706412e-02  7.779396634483238e-01  7.779396634483238e-01  7.779396634483238e-01  7.779396634483238e-01  0
-3.904694068332360e-02  6.130845240715309e-01  6.130845240715309e-01  6.130845240715309e-01  6.130845240715309e-01  0
-3.562812864876387e-02  4.857225743618525e-01  4.857225743618525e-01  4.857225743618525e-01  4.857225743618525e-01  0
-3.250865570513176e-02  3.891477330047690e-01  3.891477330047690e-01  3.891477330047690e-01  3.891477330047690e-01  0
-2.966231278025492e-02  3.138570110135728e-01  3.138570110135728e-01  3.138570110135728e-01  3.138570110135728e-01  0
-2.706518557563065e-02  2.525425549603206e+00  2.525425549603206e+00  2.525425549603206e+00  2.525425549603206e+00  0
-2.469545364415881e-02  1.976711285941736e+00  1.976711285941736e+00  1.976711285941736e+00  1.976711285941736e+00  0
-2.253320705991821e-02  1.529844004406442e+00  1.529844004406442e+00  1.529844004406442e+00  1.529844004406442e+00  0
-2.056027913968870e-02  1.171070205526548e+00  1.171070205526548e+00  1.171070205526548e+00  1.171070205526548e+00  0
-1.876009381078543e-02  8.856794904839501e-01  8.856794904839501e-01  8.856794904839501e-01  8.856794904839501e-01  0
-1.711752634282565e-02  6.132846273361431e+00  6.132846273361431e+00  6.132846273361431e+00  6.132846273361431e+00  0
-1.561877627332944e-02  5.160587307971635e+00  5.160587307971635e+00  5.160587307971635e+00  5.160587307971635e+00  0
-1.425125145950555e-02  4.266871051748034e+00  4.266871051748034e+00  4.266871051748034e+00  4.266871051748034e+00  0
-1.300346228205270e-02  3.482446005403515e+00  3.482446005403515e+00  3.482446005403515e+00  3.482446005403515e+00  0
-1.186492511210197e-02  2.817401905526380e+00  2.817401905526380e+00  2.817401905526380e+00  2.817401905526380e+00  0
-1.082607423025226e-02  1.187926603807011e+01  1.187926603807011e+01  1.187926603807011e+01  1.187926603807011e+01  0
-9.878181457663525e-03  1.080332882186722e+01  1.080332882186722e+01  1.080332882186722e+01  1.080332882186722e+01  0
-9.013282823967282e-03  9.611127332600592e+00  9.611127332600592e+00  9.611127332600592e+00  9.611127332600592e+00  0
-8.224111655875478e-03  8.358990269299470e+00  8.358990269299470e+00  8.358990269299470e+00  8.358990269299470e+00  0
-7.504037524314174e-03  7.089147627905391e+00  7.089147627905391e+00  7.089147627905391e+00  7.089147627905391e+00  0
-6.847010537130258e-03  1.368768766502292e+01  1.368768766502292e+01  1.368768766502292e+01  1.368768766502292e+01  0
-6.247510509331775e-03  1.383488831346566e+01  1.383488831346566e+01  1.383488831346566e+01  1.383488831346566e+01  0
-5.700500583802218e-03  1.364647838925412e+01  1.364647838925412e+01  1.364647838925412e+01  1.364647838925412e+01  0
-5.201384912821080e-03  1.312929716232396e+01  1.312929716232396e+01  1.312929716232396e+01  1.312929716232396e+01  0
-4.745970044840788e-03  1.232998811107534e+01  1.232998811107534e+01  1.232998811107534e+01  1.232998811107534e+01  0
-4.330429692100904e-03  1.017954648819704e+01  1.017954648819704e+01  1.017954648819704e+01  1.017954648819704e+01  0
-3.951272583065411e-03  1.102540615919921e+01  1.102540615919921e+01  1.102540615919921e+01  1.102540615919921e+01  0
-3.605313129586913e-03  1.180111335825328e+01  1.180111335825328e+01  1.180111335825328e+01  1.180111335825328e+01  0
-3.289644662350192e-03  1.243957858885756e+01  1.243957858885756e+01  1.243957858885756e+01  1.243957858885756e+01  0
-3.001615009725670e-03  1.283231133854015e+01  1.283231133854015e+01  1.283231133854015e+01  1.283231133854015e+01  0
-2.738804214852102e-03  5.843904352144494e+00  5.843904352144494e+00  5.843904352144494e+00  5.843904352144494e+00  0
-2.499004203732709e-03  6.633162013763097e+00  6.633162013763097e+00  6.633162013763097e+00  6.633162013763097e+00  0
-2.280200233520886e-03  7.388737406663082e+00  7.388737406663082e+00  7.388737406663082e+00  7.388737406663082e+00  0
-2.080553965128431e-03  8.053825315889569e+00  8.053825315889569e+00  8.053825315889569e+00  8.053825315889569e+00  0
-1.898388017936314e-03  8.594587383788296e+00  8.594587383788296e+00  8.594587383788296e+00  8.594587383788296e+00  0
-1.732171876840360e-03  3.283366345153230e+00  3.283366345153230e+00  3.283366345153230e+00  3.283366345153230e+00  0
-1.580509033226163e-03  3.546033827903602e+00  3.546033827903602e+00  3.546033827903602e+00  3.546033827903602e+00  0
-1.442125251834764e-03  3.905749197385691e+00  3.905749197385691e+00  3.905749197385691e+00  3.905749197385691e+00  0
-1.315857864940076e-03  4.377205538841245e+00  4.377205538841245e+00  4.377205538841245e+00  4.377205538841245e+00  0
-1.200646003890267e-03  4.927348967537888e+00  4.927348967537888e+00  4.927348967537888e+00  4.927348967537888e+00  0
-1.095521685940841e-03  2.143998594178433e+00  2.143998594178433e+00  2.143998594178433e+00  2.143998594178433e+00  0
-9.996016814930835e-04  2.419703913310957e+00  2.419703913310957e+00  2.419703913310957e+00  2.419703913310957e+00  0
-9.120800934083544e-04  2.654711414509340e+00  2.654711414509340e+00  2.654711414509340e+00  2.654711414509340e+00  0
-8.322215860513723e-04  2.811399375734600e+00  2.811399375734600e+00  2.811399375734600e+00  2.811399375734600e+00  0
-7.593552071745256e-04  2.881678782735689e+00  2.881678782735689e+00  2.881678782735689e+00  2.881678782735689e+00  0
-6.928687507361440e-04  1.662385263124345e+00  1.662385263124345e+00  1.662385263124345e+00  1.662385263124345e+00  0
-6.322036132904651e-04  1.599701181058599e+00  1.599701181058599e+00  1.599701181058599e+00  1.599701181058599e+00  0
-5.768501007339055e-04  1.600417152525458e+00  1.600417152525458e+00  1.600417152525458e+00  1.600417152525458e+00  0
-5.263431459760303e-04  1.694571897625258e+00  1.694571897625258e+00  1.694571897625258e+00  1.694571897625258e+00  0
-4.802584015561067e-04  1.877198066201420e+00  1.877198066201420e+00  1.877198066201420e+00  1.877198066201420e+00  0
-4.382086743763362e-04  1.455762409656347e+00  1.455762409656347e+00  1.455762409656347e+00  1.455762409656347e+00  0
-3.998406725972333e-04  1.611421384317657e+00  1.611421384317657e+00  1.611421384317657e+00  1.611421384317657e+00  0
-3.648320373633417e-04  1.712751988822482e+00  1.712751988822482e+00  1.712751988822482e+00  1.712751988822482e+00  0
-3.328886344205489e-04  1.721880034815265e+00  1.721880034815265e+00  1.721880034815265e+00  1.721880034815265e+00  0
-3.037420828698102e-04  1.630676702356112e+00  1.630676702356112e+00  1.630676702356112e+00  1.630676702356112e+00  0
-2.771475002944575e-04  1.396756951954607e+00  1.396756951954607e+00  1.396756951954607e+00  1.396756951954607e+00  0
-2.528814453161860e-04  1.272543276177645e+00  1.272543276177645e+00  1.272543276177645e+00  1.272543276177645e+00  0
-2.307400402935622e-04  1.201669389104631e+00  1.201669389104631e+00  1.201669389104631e+00  1.201669389104631e+00  0
-2.105372583904121e-04  1.215683862811993e+00  1.215683862811993e+00  1.215683862811993e+00  1.215683862811993e+00  0
-1.921033606224427e-04  1.313477654826118e+00  1.313477654826118e+00  1.313477654826118e+00  1.313477654826118e+00  0
-1.752834697505345e-04  1.342438380638165e+00  1.342438380638165e+00  1.342438380638165e+00  1.342438380638165e+00  0
-1.599362690388933e-04  1.478238172733516e+00  1.478238172733516e+00  1.478238172733516e+00  1.478238172733516e+00  0
-1.459328149453367e-04  1.557422637253147e+00  1.557422637253147e+00  1.557422637253147e+00  1.557422637253147e+00  0
-1.331554537682195e-04  1.541811031330608e+00  1.541811031330608e+00  1.541811031330608e+00  1.541811031330608e+00  0
-1.214968331479241e-04  1.422775869308008e+00  1.422775869308008e+00  1.422775869308008e+00  1.422775869308008e+00  0
-1.108590001177830e-04  1.354914704305256e+00  1.354914704305256e+00  1.354914704305256e+00  1.354914704305256e+00  0
-1.011525781264744e-04  1.220395628170947e+00  1.220395628170947e+00  1.220395628170947e+00  1.220395628170947e+00  0
-9.229601611742488e-05  1.137286000537993e+00  1.137286000537993e+00  1.137286000537993e+00  1.137286000537993e+00  0
-8.421490335616483e-05  1.137417571128632e+00  1.137417571128632e+00  1.137417571128632e+00  1.137417571128632e+00  0
-7.684134424897707e-05  1.220369815217089e+00  1.220369815217089e+00  1.220369815217089e+00  1.220369815217089e+00  0
-7.011338790021381e-05  1.324014426535598e+00  1.324014426535598e+00  1.324014426535598e+00  1.324014426535598e+00  0
-6.397450761555734e-05  1.456756083099913e+00  1.456756083099913e+00  1.456756083099913e+00  1.456756083099913e+00  0
-5.837312597813469e-05  1.532596819103385e+00  1.532596819103385e+00  1.532596819103385e+00  1.532596819103385e+00  0
-5.326218150728783e-05  1.513251785058793e+00  1.513251785058793e+00  1.513251785058793e+00  1.513251785058793e+00  0
-4.859873325916964e-05  1.389938177418802e+00  1.389938177418802e+00  1.389938177418802e+00  1.389938177418802e+00  0
-4.434360004711321e-05  1.348386172720818e+00  1.348386172720818e+00  1.348386172720818e+00  1.348386172720818e+00  0
-4.046103125058977e-05  1.212125060580263e+00  1.212125060580263e+00  1.212125060580263e+00  1.212125060580263e+00  0
-3.691840644696995e-05  1.126913630093008e+00  1.126913630093008e+00  1.126913630093008e+00  1.126913630093008e+00  0
-3.368596134246593e-05  1.124667321627066e+00  1.124667321627066e+00  1.124667321627066e+00  1.124667321627066e+00  0
-3.073653769959083e-05  1.205118749264665e+00  1.205118749264665e+00  1.205118749264665e+00  1.205118749264665e+00  0
-2.804535516008552e-05  1.320992823182976e+00  1.320992823182976e+00  1.320992823182976e+00  1.320992823182976e+00  0
-2.558980304622294e-05  1.453306854716341e+00  1.453306854716341e+00  1.453306854716341e+00  1.453306854716341e+00  0
-2.334925039125387e-05  1.528705570399993e+00  1.528705570399993e+00  1.528705570399993e+00  1.528705570399993e+00  0
-2.130487260291513e-05  1.508864423896210e+00  1.508864423896210e+00  1.508864423896210e+00  1.508864423896210e+00  0
-1.943949330366785e-05  1.384949555142883e+00  1.384949555142883e+00  1.384949555142883e+00  1.384949555142883e+00  0
-1.773744001884528e-05  1.347395685252176e+00  1.347395685252176e+00  1.347395685252176e+00  1.347395685252176e+00  0
-1.618441250023591e-05  1.210822196747175e+00  1.210822196747175e+00  1.210822196747175e+00  1.210822196747175e+00  0
-1.476736257878798e-05  1.125225723691283e+00  1.125225723691283e+00  1.125225723691283e+00  1.125225723691283e+00  0
-1.347438453698637e-05  1.122552728647043e+00  1.122552728647043e+00  1.122552728647043e+00  1.122552728647043e+00  0
-1.229461507983633e-05  1.202580142796769e+00  1.202580142796769e+00  1.202580142796769e+00  1.202580142796769e+00  0
-1.121814206403421e-05  1.320479332209996e+00  1.320479332209996e+00  1.320479332209996e+00  1.320479332209996e+00  0
-1.023592121848917e-05  1.452749248452742e+00  1.452749248452742e+00  1.452749248452742e+00  1.452749248452742e+00  0
-9.339700156501548e-06  1.528114188536437e+00  1.528114188536437e+00  1.528114188536437e+00  1.528114188536437e+00  0
-8.521949041166052e-06  1.508233918696370e+00  1.508233918696370e+00  1.508233918696370e+00  1.508233918696370e+00  0
-7.775797321467140e-06  1.384255951195136e+00  1.384255951195136e+00  1.384255951195136e+00  1.384255951195136e+00  0
-7.094976007538114e-06  1.347257159910628e+00  1.347257159910628e+00  1.347257159910628e+00  1.347257159910628e+00  0
-6.473765000094363e-06  1.210620403247100e+00  1.210620403247100e+00  1.210620403247100e+00  1.210620403247100e+00  0
-5.906945031515193e-06  1.124943317277246e+00  1.124943317277246e+00  1.124943317277246e+00  1.124943317277246e+00  0
-5.389753814794549e-06  1.122184518634987e+00  1.122184518634987e+00  1.122184518634987e+00  1.122184518634987e+00  0
-4.917846031934533e-06  1.202136130798619e+00  1.202136130798619e+00  1.202136130798619e+00  1.202136130798619e+00  0
-4.487256825613684e-06  1.320384903664424e+00  1.320384903664424e+00  1.320384903664424e+00  1.320384903664424e+00  0
-4.094368487395670e-06  1.452657525772741e+00  1.452657525772741e+00  1.452657525772741e+00  1.452657525772741e+00  0
-3.735880062600620e-06  1.528031850071341e+00  1.528031850071341e+00  1.528031850071341e+00  1.528031850071341e+00  0
-3.408779616466421e-06  1.508161378703181e+00  1.508161378703181e+00  1.508161378703181e+00  1.508161378703181e+00  0
-3.110318928586857e-06  1.384186453396129e+00  1.384186453396129e+00  1.384186453396129e+00  1.384186453396129e+00  0
-2.837990403015245e-06  1.347242557629315e+00  1.347242557629315e+00  1.347242557629315e+00  1.347242557629315e+00  0
-2.589506000037745e-06  1.210590403976725e+00  1.210590403976725e+00  1.210590403976725e+00  1.210590403976725e+00  0
-2.362778012606077e-06  1.124892869812977e+00  1.124892869812977e+00  1.124892869812977e+00  1.124892869812977e+00  0
-2.155901525917819e-06  1.122113395080157e+00  1.122113395080157e+00  1.122113395080157e+00  1.122113395080157e+00  0
-1.967138412773813e-06  1.202049785849685e+00  1.202049785849685e+00  1.202049785849685e+00  1.202049785849685e+00  0
-1.794902730245473e-06  1.320364545622750e+00  1.320364545622750e+00  1.320364545622750e+00  1.320364545622750e+00  0
-1.637747394958268e-06  1.452641472660158e+00  1.452641472660158e+00  1.452641472660158e+00  1.452641472660158e+00  0
-1.494352025040248e-06  1.528023192412099e+00  1.528023192412099e+00  1.528023192412099e+00  1.528023192412099e+00  0
-1.363511846586568e-06  1.508160711101810e+00  1.508160711101810e+00  1.508160711101810e+00  1.508160711101810e+00  0
-1.244127571434742e-06  1.384191548315196e+00  1.384191548315196e+00  1.384191548315196e+00  1.384191548315196e+00  0
-1.135196161206098e-06  1.347242894092425e+00  1.347242894092425e+00  1.347242894092425e+00  1.347242894092425e+00  0
-1.035802400015098e-06  1.210586201870807e+00  1.210586201870807e+00  1.210586201870807e+00  1.210586201870807e+00  0
-9.451112050424309e-07  1.124882398711506e+00  1.124882398711506e+00  1.124882398711506e+00  1.124882398711506e+00  0
-8.623606103671279e-07  1.122096840215025e+00  1.122096840215025e+00  1.122096840215025e+00  1.122096840215025e+00  0
-7.868553651095252e-07  1.202029543244941e+00  1.202029543244941e+00  1.202029543244941e+00  1.202029543244941e+00  0
-7.179610920981894e-07  1.320358849373301e+00  1.320358849373301e+00  1.320358849373301e+00  1.320358849373301e+00  0
-6.550989579833072e-07  1.452637980200338e+00  1.452637980200338e+00  1.452637980200338e+00  1.452637980200338e+00  0
-5.977408100160992e-07  1.528023221290622e+00  1.528023221290622e+00  1.528023221290622e+00  1.528023221290622e+00  0
-5.454047386346274e-07  1.508164591832295e+00  1.508164591832295e+00  1.508164591832295e+00  1.508164591832295e+00  0
-4.976510285738970e-07  1.384198492164568e+00  1.384198492164568e+00  1.384198492164568e+00  1.384198492164568e+00  0
-4.540784644824392e-07  1.347243667053977e+00  1.347243667053977e+00  1.347243667053977e+00  1.347243667053977e+00  0
-4.143209600060391e-07  1.210585454555642e+00  1.210585454555642e+00  1.210585454555642e+00  1.210585454555642e+00  0
-3.780444820169723e-07  1.124879472442118e+00  1.124879472442118e+00  1.124879472442118e+00  1.124879472442118e+00  0
-3.449442441468511e-07  1.122091832037464e+00  1.122091832037464e+00  1.122091832037464e+00  1.122091832037464e+00  0
-3.147421460438101e-07  1.202023424559339e+00  1.202023424559339e+00  1.202023424559339e+00  1.202023424559339e+00  0
-2.871844368392758e-07  1.320356620462780e+00  1.320356620462780e+00  1.320356620462780e+00  1.320356620462780e+00  0
-2.620395831933229e-07  1.452636675446216e+00  1.452636675446216e+00  1.452636675446216e+00  1.452636675446216e+00  0
-2.390963240064397e-07  1.528023395192088e+00  1.528023395192088e+00  1.528023395192088e+00  1.528023395192088e+00  0
-2.181618954538510e-07  1.508166416131807e+00  1.508166416131807e+00  1.508166416131807e+00  1.508166416131807e+00  0
-1.990604114295588e-07  1.384201694899852e+00  1.384201694899852e+00  1.384201694899852e+00  1.384201694899852e+00  0
-1.816313857929757e-07  1.347243721103129e+00  1.347243721103129e+00  1.347243721103129e+00  1.347243721103129e+00  0
-1.657283840024157e-07  1.210584985211437e+00  1.210584985211437e+00  1.210584985211437e+00  1.210584985211437e+00  0
-1.512177928067889e-07  1.124878208746310e+00  1.124878208746310e+00  1.124878208746310e+00  1.124878208746310e+00  0
-1.379776976587405e-07  1.122089794567287e+00  1.122089794567287e+00  1.122089794567287e+00  1.122089794567287e+00  0
-1.258968584175240e-07  1.202020981703492e+00  1.202020981703492e+00  1.202020981703492e+00  1.202020981703492e+00  0
-1.148737747357103e-07  1.320355398000428e+00  1.320355398000428e+00  1.320355398000428e+00  1.320355398000428e+00  0
-1.048158332773291e-07  1.452635790897214e+00  1.452635790897214e+00  1.452635790897214e+00  1.452635790897214e+00  0
-9.563852960257586e-08  1.528023089373711e+00  1.528023089373711e+00  1.528023089373711e+00  1.528023089373711e+00  0
-8.726475818154038e-08  1.508166790187062e+00  1.508166790187062e+00  1.508166790187062e+00  1.508166790187062e+00  0
-7.962416457182352e-08  1.384202676118157e+00  1.384202676118157e+00  1.384202676118157e+00  1.384202676118157e+00  0
-7.265255431719029e-08  1.347243344751002e+00  1.347243344751002e+00  1.347243344751002e+00  1.347243344751002e+00  0
-6.629135360096627e-08  1.210584451884937e+00  1.210584451884937e+00  1.210584451884937e+00  1.210584451884937e+00  0
-6.048711712271557e-08  1.124877397586993e+00  1.124877397586993e+00  1.124877397586993e+00  1.124877397586993e+00  0
-5.519107906349619e-08  1.122088687691489e+00  1.122088687691489e+00  1.122088687691489e+00  1.122088687691489e+00  0
-5.035874336700961e-08  1.202019698377587e+00  1.202019698377587e+00  1.202019698377587e+00  1.202019698377587e+00  0
-4.594950989428412e-08  1.320354603012972e+00  1.320354603012972e+00  1.320354603012972e+00  1.320354603012972e+00  0
-4.192633331093166e-08  1.452635061785249e+00  1.452635061785249e+00  1.452635061785249e+00  1.452635061785249e+00  0
-3.825541184103035e-08  1.528022540942357e+00  1.528022540942357e+00  1.528022540942357e+00  1.528022540942357e+00  0
-3.490590327261615e-08  1.508166500291374e+00  1.508166500291374e+00  1.508166500291374e+00  1.508166500291374e+00  0
-3.184966582872941e-08  1.384202658938733e+00  1.384202658938733e+00  1.384202658938733e+00  1.384202658938733e+00  0
-2.906102172687611e-08  1.347242914367569e+00  1.347242914367569e+00  1.347242914367569e+00  1.347242914367569e+00  0
-2.651654144038651e-08  1.210583989293777e+00  1.210583989293777e+00  1.210583989293777e+00  1.210583989293777e+00  0
-2.419484684908623e-08  1.124876853720407e+00  1.124876853720407e+00  1.124876853720407e+00  1.124876853720407e+00  0
-2.207643162539847e-08  1.122088026384527e+00  1.122088026384527e+00  1.122088026384527e+00  1.122088026384527e+00  0
-2.014349734680384e-08  1.202018929076509e+00  1.202018929076509e+00  1.202018929076509e+00  1.202018929076509e+00  0
-1.837980395771364e-08  1.320354677233539e+00  1.320354677233539e+00  1.320354677233539e+00  1.320354677233539e+00  0
-1.677053332437266e-08  1.452634931306134e+00  1.452634931306134e+00  1.452634931306134e+00  1.452634931306134e+00  0
-1.530216473641213e-08  1.528022273549192e+00  1.528022273549192e+00  1.528022273549192e+00  1.528022273549192e+00  0
-1.396236130904646e-08  1.508166195617103e+00  1.508166195617103e+00  1.508166195617103e+00  1.508166195617103e+00  0
-1.273986633149176e-08  1.384202409672504e+00  1.384202409672504e+00  1.384202409672504e+00  1.384202409672504e+00  0
-1.162440869075045e-08  1.347243715708198e+00  1.347243715708198e+00  1.347243715708198e+00  1.347243715708198e+00  0
-1.060661657615460e-08  1.210584633674335e+00  1.210584633674335e+00  1.210584633674335e+00  1.210584633674335e+00  0
-9.677938739634492e-09  1.124877409644432e+00  1.124877409644432e+00  1.124877409644432e+00  1.124877409644432e+00  0
-8.830572650159389e-09  1.122088458355147e+00  1.122088458355147e+00  1.122088458355147e+00  1.122088458355147e+00  0
-8.057398938721539e-09  1.202019165825376e+00  1.202019165825376e+00  1.202019165825376e+00  1.202019165825376e+00  0
-7.351921583085459e-09  1.320359930148212e+00  1.320359930148212e+00  1.320359930148212e+00  1.320359930148212e+00  0
-6.708213329749065e-09  1.452638929154498e+00  1.452638929154498e+00  1.452638929154498e+00  1.452638929154498e+00  0
-6.120865894564855e-09  1.528025062941108e+00  1.528025062941108e+00  1.528025062941108e+00  1.528025062941108e+00  0
-5.584944523618584e-09  1.508168039723872e+00  1.508168039723872e+00  1.508168039723872e+00  1.508168039723872e+00  0
-5.095946532596706e-09  1.384203667213151e+00  1.384203667213151e+00  1.384203667213151e+00  1.384203667213151e+00  0
-4.649763476300179e-09  1.347254068632172e+00  1.347254068632172e+00  1.347254068632172e+00  1.347254068632172e+00  0
-4.242646630461842e-09  1.210593360492799e+00  1.210593360492799e+00  1.210593360492799e+00  1.210593360492799e+00  0
-3.871175495853797e-09  1.124885252778654e+00  1.124885252778654e+00  1.124885252778654e+00  1.124885252778654e+00  0
-3.532229060063756e-09  1.122095546930571e+00  1.122095546930571e+00  1.122095546930571e+00  1.122095546930571e+00  0
-3.222959575488616e-09  1.202025271260506e+00  1.202025271260506e+00  1.202025271260506e+00  1.202025271260506e+00  0
-2.940768633234184e-09  1.320397531499677e+00  1.320397531499677e+00  1.320397531499677e+00  1.320397531499677e+00  0
-2.683285331899626e-09  1.452669742271165e+00  1.452669742271165e+00  1.452669742271165e+00  1.452669742271165e+00  0
-2.448346357825942e-09  1.528048820685040e+00  1.528048820685040e+00  1.528048820685040e+00  1.528048820685040e+00  0
-2.233977809447434e-09  1.508185687101867e+00  1.508185687101867e+00  1.508185687101867e+00  1.508185687101867e+00  0
-2.038378613038682e-09  1.384216855013902e+00  1.384216855013902e+00  1.384216855013902e+00  1.384216855013902e+00  0
-1.859905390520071e-09  1.347331774520772e+00  1.347331774520772e+00  1.347331774520772e+00  1.347331774520772e+00  0
-1.697058652184737e-09  1.210657131516870e+00  1.210657131516870e+00  1.210657131516870e+00  1.210657131516870e+00  0
-1.548470198341519e-09  1.124940495535340e+00  1.124940495535340e+00  1.124940495535340e+00  1.124940495535340e+00  0
-1.412891624025502e-09  1.122144558220402e+00  1.122144558220402e+00  1.122144558220402e+00  1.122144558220402e+00  0
-1.289183830195446e-09  1.202067983409989e+00  1.202067983409989e+00  1.202067983409989e+00  1.202067983409989e+00  0
-1.176307453293673e-09  1.320623893805775e+00  1.320623893805775e+00  1.320623893805775e+00  1.320623893805775e+00  0
-1.073314132759850e-09  1.452864573093251e+00  1.452864573093251e+00  1.452864573093251e+00  1.452864573093251e+00  0
-9.793385431303769e-10  1.528207796617491e+00  1.528207796617491e+00  1.528207796617491e+00  1.528207796617491e+00  0
-8.935911237789734e-10  1.508310069579902e+00  1.508310069579902e+00  1.508310069579902e+00  1.508310069579902e+00  0
-8.153514452154729e-10  1.384312746513978e+00  1.384312746513978e+00  1.384312746513978e+00  1.384312746513978e+00  0
-7.439621562080285e-10  1.347895216398679e+00  1.347895216398679e+00  1.347895216398679e+00  1.347895216398679e+00  0
-6.788234608738945e-10  1.211110873127977e+00  1.211110873127977e+00  1.211110873127977e+00  1.211110873127977e+00  0
-6.193880793366075e-10  1.125310184039963e+00  1.125310184039963e+00  1.125310184039963e+00  1.125310184039963e+00  0
-5.651566496102009e-10  1.122451891223535e+00  1.122451891223535e+00  1.122451891223535e+00  1.122451891223535e+00  0
-5.156735320781784e-10  1.202324689717934e+00  1.202324689717934e+00  1.202324689717934e+00  1.202324689717934e+00  0
-4.705229813174694e-10  1.324879131280014e+00  1.324879131280014e+00  1.324879131280014e+00  1.324879131280014e+00  0
-4.293256531039402e-10  1.461593604332254e+00  1.461593604332254e+00  1.461593604332254e+00  1.461593604332254e+00  0
-3.917354172521507e-10  1.547467431707462e+00  1.547467431707462e+00  1.547467431707462e+00  1.547467431707462e+00  0
-3.574364495115894e-10  1.549830458641065e+00  1.549830458641065e+00  1.549830458641065e+00  1.549830458641065e+00  0
-3.261405780861892e-10  1.468627835933594e+00  1.468627835933594e+00  1.468627835933594e+00  1.468627835933594e+00  0
3.261405780861892e-10  1.468656538081595e+00  1.468656538081595e+00  1.468656538081595e+00  1.468656538081595e+00  0
3.574364495115894e-10  1.549861600353867e+00  1.549861600353867e+00  1.549861600353867e+00  1.549861600353867e+00  0
3.917354172521507e-10  1.547499427704492e+00  1.547499427704492e+00  1.547499427704492e+00  1.547499427704492e+00  0
4.293256531039402e-10  1.461625262800848e+00  1.461625262800848e+00  1.461625262800848e+00  1.461625262800848e+00  0
4.705229813174694e-10  1.324910390444476e+00  1.324910390444476e+00  1.324910390444476e+00  1.324910390444476e+00  0
5.156735320781784e-10  1.202337737249051e+00  1.202337737249051e+00  1.202337737249051e+00  1.202337737249051e+00  0
5.651566496102009e-10  1.122466391837240e+00  1.122466391837240e+00  1.122466391837240e+00  1.122466391837240e+00  0
6.193880793366075e-10  1.125327421083043e+00  1.125327421083043e+00  1.125327421083043e+00  1.125327421083043e+00  0
6.788234608738945e-10  1.211131918130423e+00  1.211131918130423e+00  1.211131918130423e+00  1.211131918130423e+00  0
7.439621562080285e-10  1.347920470760685e+00  1.347920470760685e+00  1.347920470760685e+00  1.347920470760685e+00  0
8.153514452154729e-10  1.384323958745666e+00  1.384323958745666e+00  1.384323958745666e+00  1.384323958745666e+00  0
8.935911237789734e-10  1.508322395807975e+00  1.508322395807975e+00  1.508322395807975e+00  1.508322395807975e+00  0
9.793385431303769e-10  1.528220536626171e+00  1.528220536626171e+00  1.528220536626171e+00  1.528220536626171e+00  0
1.073314132759850e-09  1.452877212348564e+00  1.452877212348564e+00  1.452877212348564e+00  1.452877212348564e+00  0
1.176307453293673e-09  1.320636388083996e+00  1.320636388083996e+00  1.320636388083996e+00  1.320636388083996e+00  0
1.289183830195446e-09  1.202073201509681e+00  1.202073201509681e+00  1.202073201509681e+00  1.202073201509681e+00  0
1.412891624025502e-09  1.122150357757187e+00  1.122150357757187e+00  1.122150357757187e+00  1.122150357757187e+00  0
1.548470198341519e-09  1.124947389721048e+00  1.124947389721048e+00  1.124947389721048e+00  1.124947389721048e+00  0
1.697058652184737e-09  1.210665548725987e+00  1.210665548725987e+00  1.210665548725987e+00  1.210665548725987e+00  0
1.859905390520071e-09  1.347341874948350e+00  1.347341874948350e+00  1.347341874948350e+00  1.347341874948350e+00  0
2.038378613038682e-09  1.384221338410227e+00  1.384221338410227e+00  1.384221338410227e+00  1.384221338410227e+00  0
2.233977809447434e-09  1.508190615968240e+00  1.508190615968240e+00  1.508190615968240e+00  1.508190615968240e+00  0
2.448346357825942e-09  1.528053915075839e+00  1.528053915075839e+00  1.528053915075839e+00  1.528053915075839e+00  0
2.683285331899626e-09  1.452674796532741e+00  1.452674796532741e+00  1.452674796532741e+00  1.452674796532741e+00  0
2.940768633234184e-09  1.320402528096378e+00  1.320402528096378e+00  1.320402528096378e+00  1.320402528096378e+00  0
3.222959575488616e-09  1.202027355647413e+00  1.202027355647413e+00  1.202027355647413e+00  1.202027355647413e+00  0
3.532229060063756e-09  1.122097864336692e+00  1.122097864336692e+00  1.122097864336692e+00  1.122097864336692e+00  0
3.871175495853797e-09  1.124888008340299e+00  1.124888008340299e+00  1.124888008340299e+00  1.124888008340299e+00  0
4.242646630461842e-09  1.210596725414800e+00  1.210596725414800e+00  1.210596725414800e+00  1.210596725414800e+00  0
4.649763476300179e-09  1.347258106929199e+00  1.347258106929199e+00  1.347258106929199e+00  1.347258106929199e+00  0
5.095946532596706e-09  1.384205457001036e+00  1.384205457001036e+00  1.384205457001036e+00  1.384205457001036e+00  0
5.584944523618584e-09  1.508170007411008e+00  1.508170007411008e+00  1.508170007411008e+00  1.508170007411008e+00  0
6.120865894564855e-09  1.528027096824396e+00  1.528027096824396e+00  1.528027096824396e+00  1.528027096824396e+00  0
6.708213329749065e-09  1.452640947224583e+00  1.452640947224583e+00  1.452640947224583e+00  1.452640947224583e+00  0
7.351921583085459e-09  1.320361925548482e+00  1.320361925548482e+00  1.320361925548482e+00  1.320361925548482e+00  0
8.057398938721539e-09  1.202020001175872e+00  1.202020001175872e+00  1.202020001175872e+00  1.202020001175872e+00  0
8.830572650159389e-09  1.122089385930495e+00  1.122089385930495e+00  1.122089385930495e+00  1.122089385930495e+00  0
9.677938739634492e-09  1.124878511382023e+00  1.124878511382023e+00  1.124878511382023e+00  1.124878511382023e+00  0
1.060661657615460e-08  1.210585977999551e+00  1.210585977999551e+00  1.210585977999551e+00  1.210585977999551e+00  0
1.162440869075045e-08  1.347245328231989e+00  1.347245328231989e+00  1.347245328231989e+00  1.347245328231989e+00  0
1.273986633149176e-08  1.384203128804141e+00  1.384203128804141e+00  1.384203128804141e+00  1.384203128804141e+00  0
1.396236130904646e-08  1.508166986278929e+00  1.508166986278929e+00  1.508166986278929e+00  1.508166986278929e+00  0
1.530216473641213e-08  1.528023090781006e+00  1.528023090781006e+00  1.528023090781006e+00  1.528023090781006e+00  0
1.677053332437266e-08  1.452635741981446e+00  1.452635741981446e+00  1.452635741981446e+00  1.452635741981446e+00  0
1.837980395771364e-08  1.320355478291171e+00  1.320355478291171e+00  1.320355478291171e+00  1.320355478291171e+00  0
2.014349734680384e-08  1.202019262975578e+00  1.202019262975578e+00  1.202019262975578e+00  1.202019262975578e+00  0
2.207643162539847e-08  1.122088397310543e+00  1.122088397310543e+00  1.122088397310543e+00  1.122088397310543e+00  0
2.419484684908623e-08  1.124877294491031e+00  1.124877294491031e+00  1.124877294491031e+00  1.124877294491031e+00  0
2.651654144038651e-08  1.210584527315792e+00  1.210584527315792e+00  1.210584527315792e+00  1.210584527315792e+00  0
2.906102172687611e-08  1.347243559912314e+00  1.347243559912314e+00  1.347243559912314e+00  1.347243559912314e+00  0
3.184966582872941e-08  1.384202946133519e+00  1.384202946133519e+00  1.384202946133519e+00  1.384202946133519e+00  0
3.490590327261615e-08  1.508166816011740e+00  1.508166816011740e+00  1.508166816011740e+00  1.508166816011740e+00  0
3.825541184103035e-08  1.528022867239729e+00  1.528022867239729e+00  1.528022867239729e+00  1.528022867239729e+00  0
4.192633331093166e-08  1.452635385457206e+00  1.452635385457206e+00  1.452635385457206e+00  1.452635385457206e+00  0
4.594950989428412e-08  1.320354922889927e+00  1.320354922889927e+00  1.320354922889927e+00  1.320354922889927e+00  0
5.035874336700961e-08  1.202019832475908e+00  1.202019832475908e+00  1.202019832475908e+00  1.202019832475908e+00  0
5.519107906349619e-08  1.122088836525009e+00  1.122088836525009e+00  1.122088836525009e+00  1.122088836525009e+00  0
6.048711712271557e-08  1.124877574329713e+00  1.124877574329713e+00  1.124877574329713e+00  1.124877574329713e+00  0
6.629135360096627e-08  1.210584667550863e+00  1.210584667550863e+00  1.210584667550863e+00  1.210584667550863e+00  0
7.265255431719029e-08  1.347243603488842e+00  1.347243603488842e+00  1.347243603488842e+00  1.347243603488842e+00  0
7.962416457182352e-08  1.384202791823201e+00  1.384202791823201e+00  1.384202791823201e+00  1.384202791823201e+00  0
8.726475818154038e-08  1.508166917393593e+00  1.508166917393593e+00  1.508166917393593e+00  1.508166917393593e+00  0
9.563852960257586e-08  1.528023220832441e+00  1.528023220832441e+00  1.528023220832441e+00  1.528023220832441e+00  0
1.048158332773291e-07  1.452635921257714e+00  1.452635921257714e+00  1.452635921257714e+00  1.452635921257714e+00  0
1.148737747357103e-07  1.320355526743833e+00  1.320355526743833e+00  1.320355526743833e+00  1.320355526743833e+00  0
1.258968584175240e-07  1.202021035108144e+00  1.202021035108144e+00  1.202021035108144e+00  1.202021035108144e+00  0
1.379776976587405e-07  1.122089853941800e+00  1.122089853941800e+00  1.122089853941800e+00  1.122089853941800e+00  0
1.512177928067889e-07  1.124878279347231e+00  1.124878279347231e+00  1.124878279347231e+00  1.124878279347231e+00  0
1.657283840024157e-07  1.210585071425125e+00  1.210585071425125e+00  1.210585071425125e+00  1.210585071425125e+00  0
1.816313857929757e-07  1.347243824567895e+00  1.347243824567895e+00  1.347243824567895e+00  1.347243824567895e+00  0
1.990604114295588e-07  1.384201740764901e+00  1.384201740764901e+00  1.384201740764901e+00  1.384201740764901e+00  0
2.181618954538510e-07  1.508166466553489e+00  1.508166466553489e+00  1.508166466553489e+00  1.508166466553489e+00  0
2.390963240064397e-07  1.528023447303619e+00  1.528023447303619e+00  1.528023447303619e+00  1.528023447303619e+00  0
2.620395831933229e-07  1.452636727142421e+00  1.452636727142421e+00  1.452636727142421e+00  1.452636727142421e+00  0
2.871844368392758e-07  1.320356671566984e+00  1.320356671566984e+00  1.320356671566984e+00  1.320356671566984e+00  0
3.147421460438101e-07  1.202023445379383e+00  1.202023445379383e+00  1.202023445379383e+00  1.202023445379383e+00  0
3.449442441468511e-07  1.122091855376761e+00  1.122091855376761e+00  1.122091855376761e+00  1.122091855376761e+00  0
3.780444820169723e-07  1.124879500391398e+00  1.124879500391398e+00  1.124879500391398e+00  1.124879500391398e+00  0
4.143209600060391e-07  1.210585488850286e+00  1.210585488850286e+00  1.210585488850286e+00  1.210585488850286e+00  0
4.540784644824392e-07  1.347243708331378e+00  1.347243708331378e+00  1.347243708331378e+00  1.347243708331378e+00  0
4.976510285738970e-07  1.384198509713486e+00  1.384198509713486e+00  1.384198509713486e+00  1.384198509713486e+00  0
5.454047386346274e-07  1.508164611133241e+00  1.508164611133241e+00  1.508164611133241e+00  1.508164611133241e+00  0
5.977408100160992e-07  1.528023241265366e+00  1.528023241265366e+00  1.528023241265366e+00  1.528023241265366e+00  0
6.550989579833072e-07  1.452638000077372e+00  1.452638000077372e+00  1.452638000077372e+00  1.452638000077372e+00  0
7.179610920981894e-07  1.320358869138366e+00  1.320358869138366e+00  1.320358869138366e+00  1.320358869138366e+00  0
7.868553651095252e-07  1.202029551370913e+00  1.202029551370913e+00  1.202029551370913e+00  1.202029551370913e+00  0
8.623606103671279e-07  1.122096849250962e+00  1.122096849250962e+00  1.122096849250962e+00  1.122096849250962e+00  0
9.451112050424309e-07  1.124882409477994e+00  1.124882409477994e+00  1.124882409477994e+00  1.124882409477994e+00  0
1.035802400015098e-06  1.210586215054308e+00  1.210586215054308e+00  1.210586215054308e+00  1.210586215054308e+00  0
1.135196161206098e-06  1.347242909954686e+00  1.347242909954686e+00  1.347242909954686e+00  1.347242909954686e+00  0
1.244127571434742e-06  1.384191555355822e+00  1.384191555355822e+00  1.384191555355822e+00  1.384191555355822e+00  0
1.363511846586568e-06  1.508160718828964e+00  1.508160718828964e+00  1.508160718828964e+00  1.508160718828964e+00  0
1.494352025040248e-06  1.528023200380627e+00  1.528023200380627e+00  1.528023200380627e+00  1.528023200380627e+00  0
1.637747394958268e-06  1.452641480543622e+00  1.452641480543622e+00  1.452641480543622e+00  1.452641480543622e+00  0
1.794902730245473e-06  1.320364553393728e+00  1.320364553393728e+00  1.320364553393728e+00  1.320364553393728e+00  0
1.967138412773813e-06  1.202049789214124e+00  1.202049789214124e+00  1.202049789214124e+00  1.202049789214124e+00  0
2.155901525917819e-06  1.122113398828947e+00  1.122113398828947e+00  1.122113398828947e+00  1.122113398828947e+00  0
2.362778012606077e-06  1.124892874279353e+00  1.124892874279353e+00  1.124892874279353e+00  1.124892874279353e+00  0
2.589506000037745e-06  1.210590409438365e+00  1.210590409438365e+00  1.210590409438365e+00  1.210590409438365e+00  0
2.837990403015245e-06  1.347242564189443e+00  1.347242564189443e+00  1.347242564189443e+00  1.347242564189443e+00  0
3.110318928586857e-06  1.384186456275406e+00  1.384186456275406e+00  1.384186456275406e+00  1.384186456275406e+00  0
3.408779616466421e-06  1.508161381869200e+00  1.508161381869200e+00  1.508161381869200e+00  1.508161381869200e+00  0
3.735880062600620e-06  1.528031853344276e+00  1.528031853344276e+00  1.528031853344276e+00  1.528031853344276e+00  0
4.094368487395670e-06  1.452657529021135e+00  1.452657529021135e+00  1.452657529021135e+00  1.452657529021135e+00  0
4.487256825613684e-06  1.320384906878785e+00  1.320384906878785e+00  1.320384906878785e+00  1.320384906878785e+00  0
4.917846031934533e-06  1.202136132150326e+00  1.202136132150326e+00  1.202136132150326e+00  1.202136132150326e+00  0
5.389753814794549e-06  1.122184520131014e+00  1.122184520131014e+00  1.122184520131014e+00  1.122184520131014e+00  0
5.906945031515193e-06  1.124943319049842e+00  1.124943319049842e+00  1.124943319049842e+00  1.124943319049842e+00  0
6.473765000094363e-06  1.210620405407612e+00  1.210620405407612e+00  1.210620405407612e+00  1.210620405407612e+00  0
7.094976007538114e-06  1.347257162502396e+00  1.347257162502396e+00  1.347257162502396e+00  1.347257162502396e+00  0
7.775797321467140e-06  1.384255952364170e+00  1.384255952364170e+00  1.384255952364170e+00  1.384255952364170e+00  0
8.521949041166052e-06  1.508233919982643e+00  1.508233919982643e+00  1.508233919982643e+00  1.508233919982643e+00  0
9.339700156501548e-06  1.528114189866738e+00  1.528114189866738e+00  1.528114189866738e+00  1.528114189866738e+00  0
1.023592121848917e-05  1.452749249773477e+00  1.452749249773477e+00  1.452749249773477e+00  1.452749249773477e+00  0
1.121814206403421e-05  1.320479333517088e+00  1.320479333517088e+00  1.320479333517088e+00  1.320479333517088e+00  0
1.229461507983633e-05  1.202580143284570e+00  1.202580143284570e+00  1.202580143284570e+00  1.202580143284570e+00  0
1.347438453698637e-05  1.122552729208313e+00  1.122552729208313e+00  1.122552729208313e+00  1.122552729208313e+00  0
1.476736257878798e-05  1.125225724379585e+00  1.125225724379585e+00  1.125225724379585e+00  1.125225724379585e+00  0
1.618441250023591e-05  1.210822197606394e+00  1.210822197606394e+00  1.210822197606394e+00  1.210822197606394e+00  0
1.773744001884528e-05  1.347395686297885e+00  1.347395686297885e+00  1.347395686297885e+00  1.347395686297885e+00  0
1.943949330366785e-05  1.384949555546411e+00  1.384949555546411e+00  1.384949555546411e+00  1.384949555546411e+00  0
2.130487260291513e-05  1.508864424338271e+00  1.508864424338271e+00  1.508864424338271e+00  1.508864424338271e+00  0
2.334925039125387e-05  1.528705570857779e+00  1.528705570857779e+00  1.528705570857779e+00  1.528705570857779e+00  0
2.558980304622294e-05  1.453306855174970e+00  1.453306855174970e+00  1.453306855174970e+00  1.453306855174970e+00  0
2.804535516008552e-05  1.320992823645894e+00  1.320992823645894e+00  1.320992823645894e+00  1.320992823645894e+00  0
3.073653769959083e-05  1.205118749499795e+00  1.205118749499795e+00  1.205118749499795e+00  1.205118749499795e+00  0
3.368596134246593e-05  1.124667321884419e+00  1.124667321884419e+00  1.124667321884419e+00  1.124667321884419e+00  0
3.691840644696995e-05  1.126913630392916e+00  1.126913630392916e+00  1.126913630392916e+00  1.126913630392916e+00  0
4.046103125058977e-05  1.212125060939926e+00  1.212125060939926e+00  1.212125060939926e+00  1.212125060939926e+00  0
4.434360004711321e-05  1.348386173146711e+00  1.348386173146711e+00  1.348386173146711e+00  1.348386173146711e+00  0
4.859873325916964e-05  1.389938177604971e+00  1.389938177604971e+00  1.389938177604971e+00  1.389938177604971e+00  0
5.326218150728783e-05  1.513251785263400e+00  1.513251785263400e+00  1.513251785263400e+00  1.513251785263400e+00  0
5.837312597813469e-05  1.532596819314840e+00  1.532596819314840e+00  1.532596819314840e+00  1.532596819314840e+00  0
6.397450761555734e-05  1.456756083309668e+00  1.456756083309668e+00  1.456756083309668e+00  1.456756083309668e+00  0
7.011338790021381e-05  1.324014426742849e+00  1.324014426742849e+00  1.324014426742849e+00  1.324014426742849e+00  0
7.684134424897707e-05  1.220369815305862e+00  1.220369815305862e+00  1.220369815305862e+00  1.220369815305862e+00  0
8.421490335616483e-05  1.137417571226423e+00  1.137417571226423e+00  1.137417571226423e+00  1.137417571226423e+00  0
9.229601611742488e-05  1.137286000653267e+00  1.137286000653267e+00  1.137286000653267e+00  1.137286000653267e+00  0
1.011525781264744e-04  1.220395628310751e+00  1.220395628310751e+00  1.220395628310751e+00  1.220395628310751e+00  0
1.108590001177830e-04  1.354914704472161e+00  1.354914704472161e+00  1.354914704472161e+00  1.354914704472161e+00  0
1.214968331479241e-04  1.422775869385837e+00  1.422775869385837e+00  1.422775869385837e+00  1.422775869385837e+00  0
1.331554537682195e-04  1.541811031415702e+00  1.541811031415702e+00  1.541811031415702e+00  1.541811031415702e+00  0
1.459328149453367e-04  1.557422637340791e+00  1.557422637340791e+00  1.557422637340791e+00  1.557422637340791e+00  0
1.599362690388933e-04  1.478238172820228e+00  1.478238172820228e+00  1.478238172820228e+00  1.478238172820228e+00  0
1.752834697505345e-04  1.342438380723599e+00  1.342438380723599e+00  1.342438380723599e+00  1.342438380723599e+00  0
1.921033606224427e-04  1.313477654866118e+00  1.313477654866118e+00  1.313477654866118e+00  1.313477654866118e+00  0
2.105372583904121e-04  1.215683862855320e+00  1.215683862855320e+00  1.215683862855320e+00  1.215683862855320e+00  0
2.307400402935622e-04  1.201669389154732e+00  1.201669389154732e+00  1.201669389154732e+00  1.201669389154732e+00  0
2.528814453161860e-04  1.272543276237430e+00  1.272543276237430e+00  1.272543276237430e+00  1.272543276237430e+00  0
2.771475002944575e-04  1.396756952025207e+00  1.396756952025207e+00  1.396756952025207e+00  1.396756952025207e+00  0
3.037420828698102e-04  1.630676702394348e+00  1.630676702394348e+00  1.630676702394348e+00  1.630676702394348e+00  0
3.328886344205489e-04  1.721880034855835e+00  1.721880034855835e+00  1.721880034855835e+00  1.721880034855835e+00  0
3.648320373633417e-04  1.712751988863529e+00  1.712751988863529e+00  1.712751988863529e+00  1.712751988863529e+00  0
3.998406725972333e-04  1.611421384357810e+00  1.611421384357810e+00  1.611421384357810e+00  1.611421384357810e+00  0
4.382086743763362e-04  1.455762409695499e+00  1.455762409695499e+00  1.455762409695499e+00  1.455762409695499e+00  0
4.802584015561067e-04  1.877198066232855e+00  1.877198066232855e+00  1.877198066232855e+00  1.877198066232855e+00  0
5.263431459760303e-04  1.694571897655830e+00  1.694571897655830e+00  1.694571897655830e+00  1.694571897655830e+00  0
5.768501007339055e-04  1.600417152556656e+00  1.600417152556656e+00  1.600417152556656e+00  1.600417152556656e+00  0
6.322036132904651e-04  1.599701181091798e+00  1.599701181091798e+00  1.599701181091798e+00  1.599701181091798e+00  0
6.928687507361440e-04  1.662385263160254e+00  1.662385263160254e+00  1.662385263160254e+00  1.662385263160254e+00  0
7.593552071745256e-04  2.881678782782193e+00  2.881678782782193e+00  2.881678782782193e+00  2.881678782782193e+00  0
8.322215860513723e-04  2.811399375778478e+00  2.811399375778478e+00  2.811399375778478e+00  2.811399375778478e+00  0
9.120800934083544e-04  2.654711414550026e+00  2.654711414550026e+00  2.654711414550026e+00  2.654711414550026e+00  0
9.996016814930835e-04  2.419703913348111e+00  2.419703913348111e+00  2.419703913348111e+00  2.419703913348111e+00  0
1.095521685940841e-03  2.143998594212268e+00  2.143998594212268e+00  2.143998594212268e+00  2.143998594212268e+00  0
1.200646003890267e-03  4.927348967619778e+00  4.927348967619778e+00  4.927348967619778e+00  4.927348967619778e+00  0
1.315857864940076e-03  4.377205538914500e+00  4.377205538914500e+00  4.377205538914500e+00  4.377205538914500e+00  0
1.442125251834764e-03  3.905749197450730e+00  3.905749197450730e+00  3.905749197450730e+00  3.905749197450730e+00  0
1.580509033226163e-03  3.546033827961336e+00  3.546033827961336e+00  3.546033827961336e+00  3.546033827961336e+00  0
1.732171876840360e-03  3.283366345204571e+00  3.283366345204571e+00  3.283366345204571e+00  3.283366345204571e+00  0
1.898388017936314e-03  8.594587383931028e+00  8.594587383931028e+00  8.594587383931028e+00  8.594587383931028e+00  0
2.080553965128431e-03  8.053825316022113e+00  8.053825316022113e+00  8.053825316022113e+00  8.053825316022113e+00  0
2.280200233520886e-03  7.388737406783871e+00  7.388737406783871e+00  7.388737406783871e+00  7.388737406783871e+00  0
2.499004203732709e-03  6.633162013871275e+00  6.633162013871275e+00  6.633162013871275e+00  6.633162013871275e+00  0
2.738804214852102e-03  5.843904352240045e+00  5.843904352240045e+00  5.843904352240045e+00  5.843904352240045e+00  0
3.001615009725670e-03  1.283231133871367e+01  1.283231133871367e+01  1.283231133871367e+01  1.283231133871367e+01  0
3.289644662350192e-03  1.243957858903649e+01  1.243957858903649e+01  1.243957858903649e+01  1.243957858903649e+01  0
3.605313129586913e-03  1.180111335843136e+01  1.180111335843136e+01  1.180111335843136e+01  1.180111335843136e+01  0
3.951272583065411e-03  1.102540615937093e+01  1.102540615937093e+01  1.102540615937093e+01  1.102540615937093e+01  0
4.330429692100904e-03  1.017954648835774e+01  1.017954648835774e+01  1.017954648835774e+01  1.017954648835774e+01  0
4.745970044840788e-03  1.232998811112029e+01  1.232998811112029e+01  1.232998811112029e+01  1.232998811112029e+01  0
5.201384912821080e-03  1.312929716239768e+01  1.312929716239768e+01  1.312929716239768e+01  1.312929716239768e+01  0
5.700500583802218e-03  1.364647838935709e+01  1.364647838935709e+01  1.364647838935709e+01  1.364647838935709e+01  0
6.247510509331775e-03  1.383488831359504e+01  1.383488831359504e+01  1.383488831359504e+01  1.383488831359504e+01  0
6.847010537130258e-03  1.368768766517319e+01  1.368768766517319e+01  1.368768766517319e+01  1.368768766517319e+01  0
7.504037524314174e-03  7.089147627909346e+00  7.089147627909346e+00  7.089147627909346e+00  7.089147627909346e+00  0
8.224111655875478e-03  8.358990269299953e+00  8.358990269299953e+00  8.358990269299953e+00  8.358990269299953e+00  0
9.013282823967282e-03  9.611127332603344e+00  9.611127332603344e+00  9.611127332603344e+00  9.611127332603344e+00  0
9.878181457663525e-03  1.080332882188000e+01  1.080332882188000e+01  1.080332882188000e+01  1.080332882188000e+01  0
1.082607423025226e-02  1.187926603810096e+01  1.187926603810096e+01  1.187926603810096e+01  1.187926603810096e+01  0
1.186492511210197e-02  2.817401905579232e+00  2.817401905579232e+00  2.817401905579232e+00  2.817401905579232e+00  0
1.300346228205270e-02  3.482446005453938e+00  3.482446005453938e+00  3.482446005453938e+00  3.482446005453938e+00  0
1.425125145950555e-02  4.266871051792414e+00  4.266871051792414e+00  4.266871051792414e+00  4.266871051792414e+00  0
1.561877627332944e-02  5.160587308007478e+00  5.160587308007478e+00  5.160587308007478e+00  5.160587308007478e+00  0
1.711752634282565e-02  6.132846273388044e+00  6.132846273388044e+00  6.132846273388044e+00  6.132846273388044e+00  0
1.876009381078543e-02  8.856794904997100e-01  8.856794904997100e-01  8.856794904997100e-01  8.856794904997100e-01  0
2.056027913968870e-02  1.171070205552651e+00  1.171070205552651e+00  1.171070205552651e+00  1.171070205552651e+00  0
2.253320705991821e-02  1.529844004443264e+00  1.529844004443264e+00  1.529844004443264e+00  1.529844004443264e+00  0
2.469545364415881e-02  1.976711285988082e+00  1.976711285988082e+00  1.976711285988082e+00  1.976711285988082e+00  0
2.706518557563065e-02  2.525425549656229e+00  2.525425549656229e+00  2.525425549656229e+00  2.525425549656229e+00  0
2.966231278025492e-02  3.138570109978502e-01  3.138570109978502e-01  3.138570109978502e-01  3.138570109978502e-01  0
3.250865570513176e-02  3.891477329896234e-01  3.891477329896234e-01  3.891477329896234e-01  3.891477329896234e-01  0
3.562812864876387e-02  4.857225743493128e-01  4.857225743493128e-01  4.857225743493128e-01  4.857225743493128e-01  0
3.904694068332360e-02  6.130845240637423e-01  6.130845240637423e-01  6.130845240637423e-01  6.130845240637423e-01  0
4.279381585706412e-02  7.779396634472215e-01  7.779396634472215e-01  7.779396634472215e-01  7.779396634472215e-01  0
4.690023452696358e-02  1.034501706723421e-01  1.034501706723421e-01  1.034501706723421e-01  1.034501706723421e-01  0
5.140069784922174e-02  1.303392604209490e-01  1.303392604209490e-01  1.303392604209490e-01  1.303392604209490e-01  0
5.633301764979550e-02  1.682680694293829e-01  1.682680694293829e-01  1.682680694293829e-01  1.682680694293829e-01  0
6.173863411039702e-02  2.201608717930520e-01  2.201608717930520e-01  2.201608717930520e-01  2.201608717930520e-01  0
6.766296393907660e-02  2.889896270184579e-01  2.889896270184579e-01  2.889896270184579e-01  2.889896270184579e-01  0
7.415578195063731e-02  5.037337255885746e-02  5.037337255885746e-02  5.037337255885746e-02  5.037337255885746e-02  0
8.127163926282939e-02  6.025152697227821e-02  6.025152697227821e-02  6.025152697227821e-02  6.025152697227821e-02  0
8.907032162190968e-02  7.053787370456899e-02  7.053787370456899e-02  7.053787370456899e-02  7.053787370456899e-02  0
9.761735170830900e-02  8.266573680586682e-02  8.266573680586682e-02  8.266573680586682e-02  8.266573680586682e-02  0
1.069845396426603e-01  9.898235455444873e-02  9.898235455444873e-02  9.898235455444873e-02  9.898235455444873e-02  0
1.172505863174089e-01  3.812176641300154e-02  3.812176641300154e-02  3.812176641300154e-02  3.812176641300154e-02  0
1.285017446230543e-01  4.182287836839263e-02  4.182287836839263e-02  4.182287836839263e-02  4.182287836839263e-02  0
1.408325441244888e-01  4.553923815911207e-02  4.553923815911207e-02  4.553923815911207e-02  4.553923815911207e-02  0
1.543465852759926e-01  5.022081748814027e-02  5.022081748814027e-02  5.022081748814027e-02  5.022081748814027e-02  0
1.691574098476915e-01  5.677503522698500e-02  5.677503522698500e-02  5.677503522698500e-02  5.677503522698500e-02  0
1.853894548765933e-01  1.565117897676626e-02  1.565117897676626e-02  1.565117897676626e-02  1.565117897676626e-02  0
2.031790981570735e-01  2.075090931302636e-02  2.075090931302636e-02  2.075090931302636e-02  2.075090931302636e-02  0
2.226758040547742e-01  2.623636763787191e-02  2.623636763787191e-02  2.623636763787191e-02  2.623636763787191e-02  0
2.440433792707725e-01  3.168080532482882e-02  3.168080532482882e-02  3.168080532482882e-02  3.168080532482882e-02  0
2.674613491066508e-01  3.674168112145398e-02  3.674168112145398e-02  3.674168112145398e-02  3.674168112145398e-02  0
2.931264657935224e-01  1.956515424005548e-03  1.956515424005548e-03  1.956515424005548e-03  1.956515424005548e-03  0
3.212543615576359e-01  3.181665118252160e-03  3.181665118252160e-03  3.181665118252160e-03  3.181665118252160e-03  0
3.520813603112219e-01  4.981464574844128e-03  4.981464574844128e-03  4.981464574844128e-03  4.981464574844128e-03  0
3.858664631899815e-01  7.536763902473055e-03  7.536763902473055e-03  7.536763902473055e-03  7.536763902473055e-03  0
4.228935246192289e-01  1.102906895153453e-02  1.102906895153453e-02  1.102906895153453e-02  1.102906895153453e-02  0
4.634736371914833e-01  1.287212617670759e-04  1.287212617670759e-04  1.287212617670759e-04  1.287212617670759e-04  0
5.079477453926837e-01  2.258381996082009e-04  2.258381996082009e-04  2.258381996082009e-04  2.258381996082009e-04  0
5.566895101369356e-01  3.980540077013469e-04  3.980540077013469e-04  3.980540077013469e-04  3.980540077013469e-04  0
6.101084481769313e-01  6.959746379835031e-04  6.959746379835031e-04  6.959746379835031e-04  6.959746379835031e-04  0
6.686533727666270e-01  1.193440621068100e-03  1.193440621068100e-03  1.193440621068100e-03  1.193440621068100e-03  0
7.328161644838057e-01  7.594767399635855e-06  7.594767399635855e-06  7.594767399635855e-06  7.594767399635855e-06  0
8.031359038940895e-01  1.356354817400103e-05  1.356354817400103e-05  1.356354817400103e-05  1.356354817400103e-05  0
8.802034007780546e-01  2.300779185275716e-05  2.300779185275716e-05  2.300779185275716e-05  2.300779185275716e-05  0
9.646661579749534e-01  3.790294081570683e-05  3.790294081570683e-05  3.790294081570683e-05  3.790294081570683e-05  0
1.057233811548072e+00  6.262744141829295e-05  6.262744141829295e-05  6.262744141829295e-05  6.262744141829295e-05  0
1.158684092978708e+00  1.339214283003724e-07  1.339214283003724e-07  1.339214283003724e-07  1.339214283003724e-07  0
1.269869363481709e+00  3.484438546279611e-07  3.484438546279611e-07  3.484438546279611e-07  3.484438546279611e-07  0
1.391723775342339e+00  8.364528718826861e-07  8.364528718826861e-07  8.364528718826861e-07  8.364528718826861e-07  0
1.525271120442328e+00  1.860344656498846e-06  1.860344656498846e-06  1.860344656498846e-06  1.860344656498846e-06  0
1.671633431916567e+00  3.848961164225824e-06  3.848961164225824e-06  3.848961164225824e-06  3.848961164225824e-06  0
1.832040411209514e+00  1.836719689150420e-09  1.836719689150420e-09  1.836719689150420e-09  1.836719689150420e-09  0
2.007839759735224e+00  3.646712393651460e-09  3.646712393651460e-09  3.646712393651460e-09  3.646712393651460e-09  0
2.200508501945136e+00  6.747893591524015e-09  6.747893591524015e-09  6.747893591524015e-09  6.747893591524015e-09  0
2.411665394937383e+00  1.224769824229726e-08  1.224769824229726e-08  1.224769824229726e-08  1.224769824229726e-08  0
2.643084528870179e+00  2.411043702579229e-08  2.411043702579229e-08  2.411043702579229e-08  2.411043702579229e-08  0
