-1.832040411209515e+00  9.021087322346603e-05  9.021087322346603e-05  9.021087322346603e-05  9.021087322346603e-05  0
-1.671633431916567e+00  5.127553091866598e-05  5.127553091866598e-05  5.127553091866598e-05  5.127553091866598e-05  0
-1.525271120442328e+00  3.121024673840119e-05  3.121024673840119e-05  3.121024673840119e-05  3.121024673840119e-05  0
-1.391723775342339e+00  1.925570654653113e-05  1.925570654653113e-05  1.925570654653113e-05  1.925570654653113e-05  0
-1.269869363481709e+00  1.150528754347257e-05  1.150528754347257e-05  1.150528754347257e-05  1.150528754347257e-05  0
-1.158684092978708e+00  4.673699770577890e-03  4.673699770577890e-03  4.673699770577890e-03  4.673699770577890e-03  0
-1.057233811548072e+00  2.868488597444104e-03  2.868488597444104e-03  2.868488597444104e-03  2.868488597444104e-03  0
-9.646661579749534e-01  1.640263067201938e-03  1.640263067201938e-03  1.640263067201938e-03  1.640263067201938e-03  0
-8.802034007780547e-01  8.765481192637548e-04  8.765481192637548e-04  8.765481192637548e-04  8.765481192637548e-04  0
-8.031359038940895e-01  4.400115070189842e-04  4.400115070189842e-04  4.400115070189842e-04  4.400115070189842e-04  0
-7.328161644838057e-01  1.700436929983240e-02  1.700436929983240e-02  1.700436929983240e-02  1.700436929983240e-02  0
-6.686533727666266e-01  1.482595570555946e-02  1.482595570555946e-02  1.482595570555946e-02  1.482595570555946e-02  0
-6.101084481769311e-01  1.212650302397793e-02  1.212650302397793e-02  1.212650302397793e-02  1.212650302397793e-02  0
-5.566895101369354e-01  9.245838931663712e-03  9.245838931663712e-03  9.245838931663712e-03  9.245838931663712e-03  0
-5.079477453926834e-01  6.548648805195104e-03  6.548648805195104e-03  6.548648805195104e-03  6.548648805195104e-03  0
-4.634736371914831e-01  3.560701911422967e-02  3.560701911422967e-02  3.560701911422967e-02  3.560701911422967e-02  0
-4.228935246192287e-01  2.908483383653603e-02  2.908483383653603e-02  2.908483383653603e-02  2.908483383653603e-02  0
-3.858664631899813e-01  2.439655513879362e-02  2.439655513879362e-02  2.439655513879362e-02  2.439655513879362e-02  0
-3.520813603112218e-01  2.106258358290874e-02  2.106258358290874e-02  2.106258358290874e-02  2.106258358290874e-02  0
-3.212543615576358e-01  1.844527662879096e-02  1.844527662879096e-02  1.844527662879096e-02  1.844527662879096e-02  0
-2.931264657935223e-01  8.249304855687949e-02  8.249304855687949e-02  8.249304855687949e-02  8.249304855687949e-02  0
-2.674613491066506e-01  7.346154657573688e-02  7.346154657573688e-02  7.346154657573688e-02  7.346154657573688e-02  0
-2.440433792707724e-01  6.191323364144839e-02  6.191323364144839e-02  6.191323364144839e-02  6.191323364144839e-02  0
-2.226758040547742e-01  4.941503211844408e-02  4.941503211844408e-02  4.941503211844408e-02  4.941503211844408e-02  0
-2.031790981570734e-01  3.736751480784360e-02  3.736751480784360e-02  3.736751480784360e-02  3.736751480784360e-02  0
-1.853894548765933e-01  7.678677883952668e-02  7.678677883952668e-02  7.678677883952668e-02  7.678677883952668e-02  0
-1.691574098476915e-01  8.083435929282401e-02  8.083435929282401e-02  8.083435929282401e-02  8.083435929282401e-02  0
-1.543465852759925e-01  8.356006076291130e-02  8.356006076291130e-02  8.356006076291130e-02  8.356006076291130e-02  0
-1.408325441244888e-01  8.299025358162397e-02  8.299025358162397e-02  8.299025358162397e-02  8.299025358162397e-02  0
-1.285017446230543e-01  7.817150304772361e-02  7.817150304772361e-02  7.817150304772361e-02  7.817150304772361e-02  0
-1.172505863174089e-01  8.885824987719558e-02  8.885824987719558e-02  8.885824987719558e-02  8.885824987719558e-02  0
-1.069845396426603e-01  7.752163883674038e-02  7.752163883674038e-02  7.752163883674038e-02  7.752163883674038e-02  0
-9.761735170830897e-02  6.472179773355601e-02  6.472179773355601e-02  6.472179773355601e-02  6.472179773355601e-02  0
-8.907032162190966e-02  5.259216856222091e-02  5.259216856222091e-02  5.259216856222091e-02  5.259216856222091e-02  0
-8.127163926282936e-02  4.239370176442373e-02  4.239370176442373e-02  4.239370176442373e-02  4.239370176442373e-02  0
-7.415578195063730e-02  9.013948856357966e-02  9.013948856357966e-02  9.013948856357966e-02  9.013948856357966e-02  0
-6.766296393907659e-02  9.453092701689518e-02  9.453092701689518e-02  9.453092701689518e-02  9.453092701689518e-02  0
-6.173863411039701e-02  9.890649364251802e-02  9.890649364251802e-02  9.890649364251802e-02  9.890649364251802e-02  0
-5.633301764979549e-02  9.994676343723098e-02  9.994676343723098e-02  9.994676343723098e-02  9.994676343723098e-02  0
-5.140069784922172e-02  9.558353861146164e-02  9.558353861146164e-02  9.558353861146164e-02  9.558353861146164e-02  0
-4.690023452696357e-02  1.269768355996061e-01  1.269768355996061e-01  1.269768355996061e-01  1.269768355996061e-01  0
-4.279381585706411e-02  1.135390170891953e-01  1.135390170891953e-01  1.135390170891953e-01  1.135390170891953e-01  0
-3.904694068332359e-02  9.835230756537626e-02  9.835230756537626e-02  9.835230756537626e-02  9.835230756537626e-02  0
-3.562812864876386e-02  8.514751405734108e-02  8.514751405734108e-02  8.514751405734108e-02  8.514751405734108e-02  0
-3.250865570513174e-02  7.636609663152383e-02  7.636609663152383e-02  7.636609663152383e-02  7.636609663152383e-02  0
-2.966231278025492e-02  1.164619157428365e-01  1.164619157428365e-01  1.164619157428365e-01  1.164619157428365e-01  0
-2.706518557563063e-02  1.243193322349379e-01  1.243193322349379e-01  1.243193322349379e-01  1.243193322349379e-01  0
-2.469545364415880e-02  1.329021194978299e-01  1.329021194978299e-01  1.329021194978299e-01  1.329021194978299e-01  0
-2.253320705991820e-02  1.374432853390199e-01  1.374432853390199e-01  1.374432853390199e-01  1.374432853390199e-01  0
-2.056027913968869e-02  1.345450782201284e-01  1.345450782201284e-01  1.345450782201284e-01  1.345450782201284e-01  0
-1.876009381078543e-02  1.526647676722810e-01  1.526647676722810e-01  1.526647676722810e-01  1.526647676722810e-01  0
-1.711752634282564e-02  1.410166299621883e-01  1.410166299621883e-01  1.410166299621883e-01  1.410166299621883e-01  0
-1.561877627332944e-02  1.270997112661450e-01  1.270997112661450e-01  1.270997112661450e-01  1.270997112661450e-01  0
-1.425125145950554e-02  1.158578619161404e-01  1.158578619161404e-01  1.158578619161404e-01  1.158578619161404e-01  0
-1.300346228205270e-02  1.108000559462298e-01  1.108000559462298e-01  1.108000559462298e-01  1.108000559462298e-01  0
-1.186492511210197e-02  1.271071519301724e-01  1.271071519301724e-01  1.271071519301724e-01  1.271071519301724e-01  0
-1.082607423025225e-02  1.362795156989226e-01  1.362795156989226e-01  1.362795156989226e-01  1.362795156989226e-01  0
-9.878181457663521e-03  1.478201548582731e-01  1.478201548582731e-01  1.478201548582731e-01  1.478201548582731e-01  0
-9.013282823967279e-03  1.560690959414951e-01  1.560690959414951e-01  1.560690959414951e-01  1.560690959414951e-01  0
-8.224111655875475e-03  1.563913197626039e-01  1.563913197626039e-01  1.563913197626039e-01  1.563913197626039e-01  0
-7.504037524314171e-03  1.667758538958848e-01  1.667758538958848e-01  1.667758538958848e-01  1.667758538958848e-01  0
-6.847010537130257e-03  1.559901431207038e-01  1.559901431207038e-01  1.559901431207038e-01  1.559901431207038e-01  0
-6.247510509331774e-03  1.415384670793466e-01  1.415384670793466e-01  1.415384670793466e-01  1.415384670793466e-01  0
-5.700500583802218e-03  1.290899660581288e-01  1.290899660581288e-01  1.290899660581288e-01  1.290899660581288e-01  0
-5.201384912821079e-03  1.232327760955497e-01  1.232327760955497e-01  1.232327760955497e-01  1.232327760955497e-01  0
-4.745970044840788e-03  1.323424266408048e-01  1.323424266408048e-01  1.323424266408048e-01  1.323424266408048e-01  0
-4.330429692100902e-03  1.411311874678059e-01  1.411311874678059e-01  1.411311874678059e-01  1.411311874678059e-01  0
-3.951272583065410e-03  1.540201183774608e-01  1.540201183774608e-01  1.540201183774608e-01  1.540201183774608e-01  0
-3.605313129586913e-03  1.648740985742943e-01  1.648740985742943e-01  1.648740985742943e-01  1.648740985742943e-01  0
-3.289644662350191e-03  1.681643554480995e-01  1.681643554480995e-01  1.681643554480995e-01  1.681643554480995e-01  0
-3.001615009725671e-03  1.798237216489046e-01  1.798237216489046e-01  1.798237216489046e-01  1.798237216489046e-01  0
-2.738804214852105e-03  1.689664764696290e-01  1.689664764696290e-01  1.689664764696290e-01  1.689664764696290e-01  0
-2.499004203732712e-03  1.530936458758107e-01  1.530936458758107e-01  1.530936458758107e-01  1.530936458758107e-01  0
-2.280200233520889e-03  1.383443839000837e-01  1.383443839000837e-01  1.383443839000837e-01  1.383443839000837e-01  0
-2.080553965128434e-03  1.301388718771778e-01  1.301388718771778e-01  1.301388718771778e-01  1.301388718771778e-01  0
-1.898388017936316e-03  1.384196394483856e-01  1.384196394483856e-01  1.384196394483856e-01  1.384196394483856e-01  0
-1.732171876840362e-03  1.468845633892986e-01  1.468845633892986e-01  1.468845633892986e-01  1.468845633892986e-01  0
-1.580509033226165e-03  1.608706658519934e-01  1.608706658519934e-01  1.608706658519934e-01  1.608706658519934e-01  0
-1.442125251834766e-03  1.738041980097270e-01  1.738041980097270e-01  1.738041980097270e-01  1.738041980097270e-01  0
-1.315857864940077e-03  1.794080970254911e-01  1.794080970254911e-01  1.794080970254911e-01  1.794080970254911e-01  0
-1.200646003890268e-03  1.930526204331958e-01  1.930526204331958e-01  1.930526204331958e-01  1.930526204331958e-01  0
-1.095521685940842e-03  1.819450355034981e-01  1.819450355034981e-01  1.819450355034981e-01  1.819450355034981e-01  0
-9.996016814930845e-04  1.647339920566922e-01  1.647339920566922e-01  1.647339920566922e-01  1.647339920566922e-01  0
-9.120800934083555e-04  1.480027885694949e-01  1.480027885694949e-01  1.480027885694949e-01  1.480027885694949e-01  0
-8.322215860513732e-04  1.378518247042563e-01  1.378518247042563e-01  1.378518247042563e-01  1.378518247042563e-01  0
-7.593552071745265e-04  1.454282723474589e-01  1.454282723474589e-01  1.454282723474589e-01  1.454282723474589e-01  0
-6.928687507361448e-04  1.546383069057911e-01  1.546383069057911e-01  1.546383069057911e-01  1.546383069057911e-01  0
-6.322036132904660e-04  1.701451346498961e-01  1.701451346498961e-01  1.701451346498961e-01  1.701451346498961e-01  0
-5.768501007339063e-04  1.849688925101584e-01  1.849688925101584e-01  1.849688925101584e-01  1.849688925101584e-01  0
-5.263431459760308e-04  1.922567364689604e-01  1.922567364689604e-01  1.922567364689604e-01  1.922567364689604e-01  0
-4.802584015561073e-04  2.039742661963110e-01  2.039742661963110e-01  2.039742661963110e-01  2.039742661963110e-01  0
-4.382086743763368e-04  1.926460011673974e-01  1.926460011673974e-01  1.926460011673974e-01  1.926460011673974e-01  0
-3.998406725972339e-04  1.745613719443108e-01  1.745613719443108e-01  1.745613719443108e-01  1.745613719443108e-01  0
-3.648320373633422e-04  1.566853257222798e-01  1.566853257222798e-01  1.566853257222798e-01  1.566853257222798e-01  0
-3.328886344205493e-04  1.456152329065774e-01  1.456152329065774e-01  1.456152329065774e-01  1.456152329065774e-01  0
-3.037420828698106e-04  1.512947365418900e-01  1.512947365418900e-01  1.512947365418900e-01  1.512947365418900e-01  0
-2.771475002944579e-04  1.614377516513220e-01  1.614377516513220e-01  1.614377516513220e-01  1.614377516513220e-01  0
-2.528814453161864e-04  1.784757806952887e-01  1.784757806952887e-01  1.784757806952887e-01  1.784757806952887e-01  0
-2.307400402935626e-04  1.953085844031585e-01  1.953085844031585e-01  1.953085844031585e-01  1.953085844031585e-01  0
-2.105372583904124e-04  2.050687450381128e-01  2.050687450381128e-01  2.050687450381128e-01  2.050687450381128e-01  0
-1.921033606224429e-04  2.105680952899985e-01  2.105680952899985e-01  2.105680952899985e-01  2.105680952899985e-01  0
-1.752834697505347e-04  1.991576134324209e-01  1.991576134324209e-01  1.991576134324209e-01  1.991576134324209e-01  0
-1.599362690388935e-04  1.806906408769549e-01  1.806906408769549e-01  1.806906408769549e-01  1.806906408769549e-01  0
-1.459328149453369e-04  1.623805089196128e-01  1.623805089196128e-01  1.623805089196128e-01  1.623805089196128e-01  0
-1.331554537682197e-04  1.511224657872780e-01  1.511224657872780e-01  1.511224657872780e-01  1.511224657872780e-01  0
-1.214968331479242e-04  1.546405413266577e-01  1.546405413266577e-01  1.546405413266577e-01  1.546405413266577e-01  0
-1.108590001177832e-04  1.653878113682730e-01  1.653878113682730e-01  1.653878113682730e-01  1.653878113682730e-01  0
-1.011525781264745e-04  1.832481871419864e-01  1.832481871419864e-01  1.832481871419864e-01  1.832481871419864e-01  0
-9.229601611742502e-05  2.009357884651471e-01  2.009357884651471e-01  2.009357884651471e-01  2.009357884651471e-01  0
-8.421490335616494e-05  2.113623176734436e-01  2.113623176734436e-01  2.113623176734436e-01  2.113623176734436e-01  0
-7.684134424897716e-05  2.138237083518472e-01  2.138237083518472e-01  2.138237083518472e-01  2.138237083518472e-01  0
-7.011338790021387e-05  2.023987537775891e-01  2.023987537775891e-01  2.023987537775891e-01  2.023987537775891e-01  0
-6.397450761555741e-05  1.837978137567372e-01  1.837978137567372e-01  1.837978137567372e-01  1.837978137567372e-01  0
-5.837312597813476e-05  1.653651167602194e-01  1.653651167602194e-01  1.653651167602194e-01  1.653651167602194e-01  0
-5.326218150728788e-05  1.541463827685623e-01  1.541463827685623e-01  1.541463827685623e-01  1.541463827685623e-01  0
-4.859873325916970e-05  1.562447490456663e-01  1.562447490456663e-01  1.562447490456663e-01  1.562447490456663e-01  0
-4.434360004711327e-05  1.673120480356009e-01  1.673120480356009e-01  1.673120480356009e-01  1.673120480356009e-01  0
-4.046103125058982e-05  1.855894594776214e-01  1.855894594776214e-01  1.855894594776214e-01  1.855894594776214e-01  0
-3.691840644697001e-05  2.037018762038136e-01  2.037018762038136e-01  2.037018762038136e-01  2.037018762038136e-01  0
-3.368596134246598e-05  2.144579115982622e-01  2.144579115982622e-01  2.144579115982622e-01  2.144579115982622e-01  0
-3.073653769959087e-05  2.152602518909912e-01  2.152602518909912e-01  2.152602518909912e-01  2.152602518909912e-01  0
-2.804535516008556e-05  2.038363834168260e-01  2.038363834168260e-01  2.038363834168260e-01  2.038363834168260e-01  0
-2.558980304622297e-05  1.851912649771318e-01  1.851912649771318e-01  1.851912649771318e-01  1.851912649771318e-01  0
-2.334925039125391e-05  1.667292090317801e-01  1.667292090317801e-01  1.667292090317801e-01  1.667292090317801e-01  0
-2.130487260291516e-05  1.555635734660933e-01  1.555635734660933e-01  1.555635734660933e-01  1.555635734660933e-01  0
-1.943949330366788e-05  1.569425569326181e-01  1.569425569326181e-01  1.569425569326181e-01  1.569425569326181e-01  0
-1.773744001884531e-05  1.681545863968064e-01  1.681545863968064e-01  1.681545863968064e-01  1.681545863968064e-01  0
-1.618441250023593e-05  1.866176339919320e-01  1.866176339919320e-01  1.866176339919320e-01  1.866176339919320e-01  0
-1.476736257878800e-05  2.049178282963164e-01  2.049178282963164e-01  2.049178282963164e-01  2.049178282963164e-01  0
-1.347438453698639e-05  2.158196506235288e-01  2.158196506235288e-01  2.158196506235288e-01  2.158196506235288e-01  0
-1.229461507983635e-05  2.158629087124278e-01  2.158629087124278e-01  2.158629087124278e-01  2.158629087124278e-01  0
-1.121814206403422e-05  2.044408678612473e-01  2.044408678612473e-01  2.044408678612473e-01  2.044408678612473e-01  0
-1.023592121848919e-05  1.857800779092391e-01  1.857800779092391e-01  1.857800779092391e-01  1.857800779092391e-01  0
-9.339700156501563e-06  1.673105140354157e-01  1.673105140354157e-01  1.673105140354157e-01  1.673105140354157e-01  0
-8.521949041166063e-06  1.561741425774359e-01  1.561741425774359e-01  1.561741425774359e-01  1.561741425774359e-01  0
-7.775797321467151e-06  1.572345898075493e-01  1.572345898075493e-01  1.572345898075493e-01  1.572345898075493e-01  0
-7.094976007538122e-06  1.685076056578413e-01  1.685076056578413e-01  1.685076056578413e-01  1.685076056578413e-01  0
-6.473765000094370e-06  1.870485405743920e-01  1.870485405743920e-01  1.870485405743920e-01  1.870485405743920e-01  0
-5.906945031515201e-06  2.054273481523985e-01  2.054273481523985e-01  2.054273481523985e-01  2.054273481523985e-01  0
-5.389753814794556e-06  2.163902328004179e-01  2.163902328004179e-01  2.163902328004179e-01  2.163902328004179e-01  0
-4.917846031934539e-06  2.161134453013746e-01  2.161134453013746e-01  2.161134453013746e-01  2.161134453013746e-01  0
-4.487256825613690e-06  2.046921165725692e-01  2.046921165725692e-01  2.046921165725692e-01  2.046921165725692e-01  0
-4.094368487395675e-06  1.860249816674424e-01  1.860249816674424e-01  1.860249816674424e-01  1.860249816674424e-01  0
-3.735880062600625e-06  1.675527203077100e-01  1.675527203077100e-01  1.675527203077100e-01  1.675527203077100e-01  0
-3.408779616466425e-06  1.564291639630059e-01  1.564291639630059e-01  1.564291639630059e-01  1.564291639630059e-01  0
-3.110318928586861e-06  1.573570686797069e-01  1.573570686797069e-01  1.573570686797069e-01  1.573570686797069e-01  0
-2.837990403015249e-06  1.686552353914036e-01  1.686552353914036e-01  1.686552353914036e-01  1.686552353914036e-01  0
-2.589506000037748e-06  1.872283362777242e-01  1.872283362777242e-01  1.872283362777242e-01  1.872283362777242e-01  0
-2.362778012606080e-06  2.056395777837709e-01  2.056395777837709e-01  2.056395777837709e-01  2.056395777837709e-01  0
-2.155901525917822e-06  2.166275875398860e-01  2.166275875398860e-01  2.166275875398860e-01  2.166275875398860e-01  0
-1.967138412773816e-06  2.162201224993858e-01  2.162201224993858e-01  2.162201224993858e-01  2.162201224993858e-01  0
-1.794902730245476e-06  2.047988143174408e-01  2.047988143174408e-01  2.047988143174408e-01  2.047988143174408e-01  0
-1.637747394958270e-06  1.861287018860073e-01  1.861287018860073e-01  1.861287018860073e-01  1.861287018860073e-01  0
-1.494352025040250e-06  1.676549875342782e-01  1.676549875342782e-01  1.676549875342782e-01  1.676549875342782e-01  0
-1.363511846586570e-06  1.565364804441118e-01  1.565364804441118e-01  1.565364804441118e-01  1.565364804441118e-01  0
-1.244127571434744e-06  1.574105712902870e-01  1.574105712902870e-01  1.574105712902870e-01  1.574105712902870e-01  0
-1.135196161206100e-06  1.687191761870861e-01  1.687191761870861e-01  1.687191761870861e-01  1.687191761870861e-01  0
-1.035802400015099e-06  1.873057291226514e-01  1.873057291226514e-01  1.873057291226514e-01  1.873057291226514e-01  0
-9.451112050424321e-07  2.057305228690608e-01  2.057305228690608e-01  2.057305228690608e-01  2.057305228690608e-01  0
-8.623606103671289e-07  2.167289450468606e-01  2.167289450468606e-01  2.167289450468606e-01  2.167289450468606e-01  0
-7.868553651095264e-07  2.162687894978656e-01  2.162687894978656e-01  2.162687894978656e-01  2.162687894978656e-01  0
-7.179610920981903e-07  2.048471846766198e-01  2.048471846766198e-01  2.048471846766198e-01  2.048471846766198e-01  0
-6.550989579833081e-07  1.861753816015806e-01  1.861753816015806e-01  1.861753816015806e-01  1.861753816015806e-01  0
-5.977408100161000e-07  1.677006009313445e-01  1.677006009313445e-01  1.677006009313445e-01  1.677006009313445e-01  0
-5.454047386346280e-07  1.565838442677968e-01  1.565838442677968e-01  1.565838442677968e-01  1.565838442677968e-01  0
-4.976510285738977e-07  1.574363084741925e-01  1.574363084741925e-01  1.574363084741925e-01  1.574363084741925e-01  0
-4.540784644824398e-07  1.687494076799781e-01  1.687494076799781e-01  1.687494076799781e-01  1.687494076799781e-01  0
-4.143209600060397e-07  1.873418606960058e-01  1.873418606960058e-01  1.873418606960058e-01  1.873418606960058e-01  0
-3.780444820169729e-07  2.057725892091831e-01  2.057725892091831e-01  2.057725892091831e-01  2.057725892091831e-01  0
-3.449442441468515e-07  2.167754836491576e-01  2.167754836491576e-01  2.167754836491576e-01  2.167754836491576e-01  0
-3.147421460438105e-07  2.162941856541572e-01  2.162941856541572e-01  2.162941856541572e-01  2.162941856541572e-01  0
-2.871844368392761e-07  2.048721507088252e-01  2.048721507088252e-01  2.048721507088252e-01  2.048721507088252e-01  0
-2.620395831933232e-07  1.861991619751512e-01  1.861991619751512e-01  1.861991619751512e-01  1.861991619751512e-01  0
-2.390963240064400e-07  1.677234520222900e-01  1.677234520222900e-01  1.677234520222900e-01  1.677234520222900e-01  0
-2.181618954538512e-07  1.566070961760694e-01  1.566070961760694e-01  1.566070961760694e-01  1.566070961760694e-01  0
-1.990604114295591e-07  1.574509156821494e-01  1.574509156821494e-01  1.574509156821494e-01  1.574509156821494e-01  0
-1.816313857929760e-07  1.687661228885118e-01  1.687661228885118e-01  1.687661228885118e-01  1.687661228885118e-01  0
-1.657283840024159e-07  1.873614448355550e-01  1.873614448355550e-01  1.873614448355550e-01  1.873614448355550e-01  0
-1.512177928067892e-07  2.057950497637126e-01  2.057950497637126e-01  2.057950497637126e-01  2.057950497637126e-01  0
-1.379776976587407e-07  2.168000278729772e-01  2.168000278729772e-01  2.168000278729772e-01  2.168000278729772e-01  0
-1.258968584175242e-07  2.163102659673364e-01  2.163102659673364e-01  2.163102659673364e-01  2.163102659673364e-01  0
-1.148737747357105e-07  2.048877464190055e-01  2.048877464190055e-01  2.048877464190055e-01  2.048877464190055e-01  0
-1.048158332773293e-07  1.862137724294389e-01  1.862137724294389e-01  1.862137724294389e-01  1.862137724294389e-01  0
-9.563852960257600e-08  1.677371852986577e-01  1.677371852986577e-01  1.677371852986577e-01  1.677371852986577e-01  0
-8.726475818154049e-08  1.566206859848266e-01  1.566206859848266e-01  1.566206859848266e-01  1.566206859848266e-01  0
-7.962416457182364e-08  1.574610684522283e-01  1.574610684522283e-01  1.574610684522283e-01  1.574610684522283e-01  0
-7.265255431719039e-08  1.687774274500886e-01  1.687774274500886e-01  1.687774274500886e-01  1.687774274500886e-01  0
-6.629135360096636e-08  1.873744028371095e-01  1.873744028371095e-01  1.873744028371095e-01  1.873744028371095e-01  0
-6.048711712271566e-08  2.058096549403436e-01  2.058096549403436e-01  2.058096549403436e-01  2.058096549403436e-01  0
-5.519107906349626e-08  2.168157493879672e-01  2.168157493879672e-01  2.168157493879672e-01  2.168157493879672e-01  0
-5.035874336700968e-08  2.163226198410658e-01  2.163226198410658e-01  2.163226198410658e-01  2.163226198410658e-01  0
-4.594950989428418e-08  2.048995937212986e-01  2.048995937212986e-01  2.048995937212986e-01  2.048995937212986e-01  0
-4.192633331093172e-08  1.862247143867641e-01  1.862247143867641e-01  1.862247143867641e-01  1.862247143867641e-01  0
-3.825541184103040e-08  1.677472705459197e-01  1.677472705459197e-01  1.677472705459197e-01  1.677472705459197e-01  0
-3.490590327261619e-08  1.566304094943411e-01  1.566304094943411e-01  1.566304094943411e-01  1.566304094943411e-01  0
-3.184966582872946e-08  1.574694388097392e-01  1.574694388097392e-01  1.574694388097392e-01  1.574694388097392e-01  0
-2.906102172687616e-08  1.687865655612721e-01  1.687865655612721e-01  1.687865655612721e-01  1.687865655612721e-01  0
-2.651654144038655e-08  1.873847039832308e-01  1.873847039832308e-01  1.873847039832308e-01  1.873847039832308e-01  0
-2.419484684908627e-08  2.058211011015423e-01  2.058211011015423e-01  2.058211011015423e-01  2.058211011015423e-01  0
-2.207643162539851e-08  2.168279011347013e-01  2.168279011347013e-01  2.168279011347013e-01  2.168279011347013e-01  0
-2.014349734680388e-08  2.163334829784865e-01  2.163334829784865e-01  2.163334829784865e-01  2.163334829784865e-01  0
-1.837980395771367e-08  2.049099414983393e-01  2.049099414983393e-01  2.049099414983393e-01  2.049099414983393e-01  0
-1.677053332437269e-08  1.862341887985750e-01  1.862341887985750e-01  1.862341887985750e-01  1.862341887985750e-01  0
-1.530216473641216e-08  1.677558964492807e-01  1.677558964492807e-01  1.677558964492807e-01  1.677558964492807e-01  0
-1.396236130904648e-08  1.566385863454794e-01  1.566385863454794e-01  1.566385863454794e-01  1.566385863454794e-01  0
-1.273986633149178e-08  1.574770945461049e-01  1.574770945461049e-01  1.574770945461049e-01  1.574770945461049e-01  0
-1.162440869075046e-08  1.687948330078947e-01  1.687948330078947e-01  1.687948330078947e-01  1.687948330078947e-01  0
-1.060661657615462e-08  1.873939316282449e-01  1.873939316282449e-01  1.873939316282449e-01  1.873939316282449e-01  0
-9.677938739634506e-09  2.058312562183263e-01  2.058312562183263e-01  2.058312562183263e-01  2.058312562183263e-01  0
-8.830572650159401e-09  2.168385594769697e-01  2.168385594769697e-01  2.168385594769697e-01  2.168385594769697e-01  0
-8.057398938721549e-09  2.163437481290759e-01  2.163437481290759e-01  2.163437481290759e-01  2.163437481290759e-01  0
-7.351921583085468e-09  2.049196878546225e-01  2.049196878546225e-01  2.049196878546225e-01  2.049196878546225e-01  0
-6.708213329749074e-09  1.862430747441246e-01  1.862430747441246e-01  1.862430747441246e-01  1.862430747441246e-01  0
-6.120865894564863e-09  1.677639373254246e-01  1.677639373254246e-01  1.677639373254246e-01  1.677639373254246e-01  0
-5.584944523618591e-09  1.566461433176369e-01  1.566461433176369e-01  1.566461433176369e-01  1.566461433176369e-01  0
-5.095946532596712e-09  1.574844638023956e-01  1.574844638023956e-01  1.574844638023956e-01  1.574844638023956e-01  0
-4.649763476300184e-09  1.688027542405428e-01  1.688027542405428e-01  1.688027542405428e-01  1.688027542405428e-01  0
-4.242646630461847e-09  1.874027391605020e-01  1.874027391605020e-01  1.874027391605020e-01  1.874027391605020e-01  0
-3.871175495853802e-09  2.058409221614506e-01  2.058409221614506e-01  2.058409221614506e-01  2.058409221614506e-01  0
-3.532229060063760e-09  2.168486885908547e-01  2.168486885908547e-01  2.168486885908547e-01  2.168486885908547e-01  0
-3.222959575488619e-09  2.163537691222768e-01  2.163537691222768e-01  2.163537691222768e-01  2.163537691222768e-01  0
-2.940768633234187e-09  2.049291888430289e-01  2.049291888430289e-01  2.049291888430289e-01  2.049291888430289e-01  0
-2.683285331899630e-09  1.862517208564855e-01  1.862517208564855e-01  1.862517208564855e-01  1.862517208564855e-01  0
-2.448346357825945e-09  1.677717400326361e-01  1.677717400326361e-01  1.677717400326361e-01  1.677717400326361e-01  0
-2.233977809447436e-09  1.566534481693244e-01  1.566534481693244e-01  1.566534481693244e-01  1.566534481693244e-01  0
-2.038378613038685e-09  1.574917456968377e-01  1.574917456968377e-01  1.574917456968377e-01  1.574917456968377e-01  0
-1.859905390520073e-09  1.688106299946765e-01  1.688106299946765e-01  1.688106299946765e-01  1.688106299946765e-01  0
-1.697058652184739e-09  1.874116500203458e-01  1.874116500203458e-01  1.874116500203458e-01  1.874116500203458e-01  0
-1.548470198341521e-09  2.058511069639009e-01  2.058511069639009e-01  2.058511069639009e-01  2.058511069639009e-01  0
-1.412891624025504e-09  2.168603296913506e-01  2.168603296913506e-01  2.168603296913506e-01  2.168603296913506e-01  0
-1.289183830195448e-09  2.163636809440954e-01  2.163636809440954e-01  2.163636809440954e-01  2.163636809440954e-01  0
-1.176307453293675e-09  2.049385800047474e-01  2.049385800047474e-01  2.049385800047474e-01  2.049385800047474e-01  0
-1.073314132759852e-09  1.862602593966036e-01  1.862602593966036e-01  1.862602593966036e-01  1.862602593966036e-01  0
-9.793385431303781e-10  1.677794353710546e-01  1.677794353710546e-01  1.677794353710546e-01  1.677794353710546e-01  0
-8.935911237789746e-10  1.566606384617046e-01  1.566606384617046e-01  1.566606384617046e-01  1.566606384617046e-01  0
-8.153514452154740e-10  1.574992841389961e-01  1.574992841389961e-01  1.574992841389961e-01  1.574992841389961e-01  0
-7.439621562080295e-10  1.688193966108278e-01  1.688193966108278e-01  1.688193966108278e-01  1.688193966108278e-01  0
-6.788234608738956e-10  1.874231853395238e-01  1.874231853395238e-01  1.874231853395238e-01  1.874231853395238e-01  0
-6.193880793366084e-10  2.058682406489103e-01  2.058682406489103e-01  2.058682406489103e-01  2.058682406489103e-01  0
-5.651566496102017e-10  2.168887846255892e-01  2.168887846255892e-01  2.168887846255892e-01  2.168887846255892e-01  0
-5.156735320781790e-10  2.163735279547041e-01  2.163735279547041e-01  2.163735279547041e-01  2.163735279547041e-01  0
-4.705229813174699e-10  2.049478980680281e-01  2.049478980680281e-01  2.049478980680281e-01  2.049478980680281e-01  0
-4.293256531039407e-10  1.862687139485219e-01  1.862687139485219e-01  1.862687139485219e-01  1.862687139485219e-01  0
-3.917354172521512e-10  1.677870281364675e-01  1.677870281364675e-01  1.677870281364675e-01  1.677870281364675e-01  0
-3.574364495115897e-10  1.566676952825397e-01  1.566676952825397e-01  1.566676952825397e-01  1.566676952825397e-01  0
-3.261405780861896e-10  1.575105670875664e-01  1.575105670875664e-01  1.575105670875664e-01  1.575105670875664e-01  0
-2.975848624832118e-10  1.688399445656047e-01  1.688399445656047e-01  1.688399445656047e-01  1.688399445656047e-01  0
-2.715293843495581e-10  1.874682074582168e-01  1.874682074582168e-01  1.874682074582168e-01  1.874682074582168e-01  0
-2.477552317346433e-10  2.059727234963152e-01  2.059727234963152e-01  2.059727234963152e-01  2.059727234963152e-01  0
-2.260626598440806e-10  2.171271964195870e-01  2.171271964195870e-01  2.171271964195870e-01  2.171271964195870e-01  0
2.260626598440806e-10  1.691912756784059e-01  1.691912756784059e-01  1.691912756784059e-01  1.691912756784059e-01  0
2.477552317346433e-10  1.879723920927480e-01  1.879723920927480e-01  1.879723920927480e-01  1.879723920927480e-01  0
2.715293843495581e-10  2.062418164203822e-01  2.062418164203822e-01  2.062418164203822e-01  2.062418164203822e-01  0
2.975848624832118e-10  2.167868711235048e-01  2.167868711235048e-01  2.167868711235048e-01  2.167868711235048e-01  0
3.261405780861896e-10  2.151912919525307e-01  2.151912919525307e-01  2.151912919525307e-01  2.151912919525307e-01  0
3.574364495115897e-10  2.035167637467779e-01  2.035167637467779e-01  2.035167637467779e-01  2.035167637467779e-01  0
3.917354172521512e-10  1.853472309193740e-01  1.853472309193740e-01  1.853472309193740e-01  1.853472309193740e-01  0
4.293256531039407e-10  1.673734489883393e-01  1.673734489883393e-01  1.673734489883393e-01  1.673734489883393e-01  0
4.705229813174699e-10  1.569805431284083e-01  1.569805431284083e-01  1.569805431284083e-01  1.569805431284083e-01  0
5.156735320781790e-10  1.585889005357171e-01  1.585889005357171e-01  1.585889005357171e-01  1.585889005357171e-01  0
5.651566496102017e-10  1.691827885421647e-01  1.691827885421647e-01  1.691827885421647e-01  1.691827885421647e-01  0
6.193880793366084e-10  1.879633934813241e-01  1.879633934813241e-01  1.879633934813241e-01  1.879633934813241e-01  0
6.788234608738956e-10  2.062322004561874e-01  2.062322004561874e-01  2.062322004561874e-01  2.062322004561874e-01  0
7.439621562080295e-10  2.167768982267591e-01  2.167768982267591e-01  2.167768982267591e-01  2.167768982267591e-01  0
8.153514452154740e-10  2.151814596531473e-01  2.151814596531473e-01  2.151814596531473e-01  2.151814596531473e-01  0
8.935911237789746e-10  2.035075490506474e-01  2.035075490506474e-01  2.035075490506474e-01  2.035075490506474e-01  0
9.793385431303781e-10  1.853388456637511e-01  1.853388456637511e-01  1.853388456637511e-01  1.853388456637511e-01  0
1.073314132759852e-09  1.673658905178665e-01  1.673658905178665e-01  1.673658905178665e-01  1.673658905178665e-01  0
1.176307453293675e-09  1.569734765719164e-01  1.569734765719164e-01  1.569734765719164e-01  1.569734765719164e-01  0
1.289183830195448e-09  1.585817914236153e-01  1.585817914236153e-01  1.585817914236153e-01  1.585817914236153e-01  0
1.412891624025504e-09  1.691749804525147e-01  1.691749804525147e-01  1.691749804525147e-01  1.691749804525147e-01  0
1.548470198341521e-09  1.879547972873456e-01  1.879547972873456e-01  1.879547972873456e-01  1.879547972873456e-01  0
1.697058652184739e-09  2.062228164468017e-01  2.062228164468017e-01  2.062228164468017e-01  2.062228164468017e-01  0
1.859905390520073e-09  2.167670602778715e-01  2.167670602778715e-01  2.167670602778715e-01  2.167670602778715e-01  0
2.038378613038685e-09  2.151717077713369e-01  2.151717077713369e-01  2.151717077713369e-01  2.151717077713369e-01  0
2.233977809447436e-09  2.034983697420028e-01  2.034983697420028e-01  2.034983697420028e-01  2.034983697420028e-01  0
2.448346357825945e-09  1.853304883287130e-01  1.853304883287130e-01  1.853304883287130e-01  1.853304883287130e-01  0
2.683285331899630e-09  1.673583455137254e-01  1.673583455137254e-01  1.673583455137254e-01  1.673583455137254e-01  0
2.940768633234187e-09  1.569664018420852e-01  1.569664018420852e-01  1.569664018420852e-01  1.569664018420852e-01  0
3.222959575488619e-09  1.585746464009499e-01  1.585746464009499e-01  1.585746464009499e-01  1.585746464009499e-01  0
3.532229060063760e-09  1.691673232722427e-01  1.691673232722427e-01  1.691673232722427e-01  1.691673232722427e-01  0
3.871175495853802e-09  1.879463012206344e-01  1.879463012206344e-01  1.879463012206344e-01  1.879463012206344e-01  0
4.242646630461847e-09  2.062135028398440e-01  2.062135028398440e-01  2.062135028398440e-01  2.062135028398440e-01  0
4.649763476300184e-09  2.167572768650677e-01  2.167572768650677e-01  2.167572768650677e-01  2.167572768650677e-01  0
5.095946532596712e-09  2.151620014404138e-01  2.151620014404138e-01  2.151620014404138e-01  2.151620014404138e-01  0
5.584944523618591e-09  2.034893212143382e-01  2.034893212143382e-01  2.034893212143382e-01  2.034893212143382e-01  0
6.120865894564863e-09  1.853222474432747e-01  1.853222474432747e-01  1.853222474432747e-01  1.853222474432747e-01  0
6.708213329749074e-09  1.673508952789673e-01  1.673508952789673e-01  1.673508952789673e-01  1.673508952789673e-01  0
7.351921583085468e-09  1.569593970126804e-01  1.569593970126804e-01  1.569593970126804e-01  1.569593970126804e-01  0
8.057398938721549e-09  1.585675473235435e-01  1.585675473235435e-01  1.585675473235435e-01  1.585675473235435e-01  0
8.830572650159401e-09  1.691598480370756e-01  1.691598480370756e-01  1.691598480370756e-01  1.691598480370756e-01  0
9.677938739634506e-09  1.879379621045330e-01  1.879379621045330e-01  1.879379621045330e-01  1.879379621045330e-01  0
1.060661657615462e-08  2.062043367129073e-01  2.062043367129073e-01  2.062043367129073e-01  2.062043367129073e-01  0
1.162440869075046e-08  2.167476385838424e-01  2.167476385838424e-01  2.167476385838424e-01  2.167476385838424e-01  0
1.273986633149178e-08  2.151524370930496e-01  2.151524370930496e-01  2.151524370930496e-01  2.151524370930496e-01  0
1.396236130904648e-08  2.034806178048684e-01  2.034806178048684e-01  2.034806178048684e-01  2.034806178048684e-01  0
1.530216473641216e-08  1.853143180857614e-01  1.853143180857614e-01  1.853143180857614e-01  1.853143180857614e-01  0
1.677053332437269e-08  1.673437084786135e-01  1.673437084786135e-01  1.673437084786135e-01  1.673437084786135e-01  0
1.837980395771367e-08  1.569526050709053e-01  1.569526050709053e-01  1.569526050709053e-01  1.569526050709053e-01  0
2.014349734680388e-08  1.585606188056930e-01  1.585606188056930e-01  1.585606188056930e-01  1.585606188056930e-01  0
2.207643162539851e-08  1.691527724502199e-01  1.691527724502199e-01  1.691527724502199e-01  1.691527724502199e-01  0
2.419484684908627e-08  1.879299925312509e-01  1.879299925312509e-01  1.879299925312509e-01  1.879299925312509e-01  0
2.651654144038655e-08  2.061955372693203e-01  2.061955372693203e-01  2.061955372693203e-01  2.061955372693203e-01  0
2.906102172687616e-08  2.167383730984287e-01  2.167383730984287e-01  2.167383730984287e-01  2.167383730984287e-01  0
3.184966582872946e-08  2.151432435946260e-01  2.151432435946260e-01  2.151432435946260e-01  2.151432435946260e-01  0
3.490590327261619e-08  2.034727846638255e-01  2.034727846638255e-01  2.034727846638255e-01  2.034727846638255e-01  0
3.825541184103040e-08  1.853071758267826e-01  1.853071758267826e-01  1.853071758267826e-01  1.853071758267826e-01  0
4.192633331093172e-08  1.673371908255518e-01  1.673371908255518e-01  1.673371908255518e-01  1.673371908255518e-01  0
4.594950989428418e-08  1.569463603079137e-01  1.569463603079137e-01  1.569463603079137e-01  1.569463603079137e-01  0
5.035874336700968e-08  1.585541383204223e-01  1.585541383204223e-01  1.585541383204223e-01  1.585541383204223e-01  0
5.519107906349626e-08  1.691466766091268e-01  1.691466766091268e-01  1.691466766091268e-01  1.691466766091268e-01  0
6.048711712271566e-08  1.879229393872043e-01  1.879229393872043e-01  1.879229393872043e-01  1.879229393872043e-01  0
6.629135360096636e-08  2.061876548186688e-01  2.061876548186688e-01  2.061876548186688e-01  2.061876548186688e-01  0
7.265255431719039e-08  2.167300443259957e-01  2.167300443259957e-01  2.167300443259957e-01  2.167300443259957e-01  0
7.962416457182364e-08  2.151349840926552e-01  2.151349840926552e-01  2.151349840926552e-01  2.151349840926552e-01  0
8.726475818154049e-08  2.034671311189112e-01  2.034671311189112e-01  2.034671311189112e-01  2.034671311189112e-01  0
9.563852960257600e-08  1.853020054117967e-01  1.853020054117967e-01  1.853020054117967e-01  1.853020054117967e-01  0
1.048158332773293e-07  1.673323508608009e-01  1.673323508608009e-01  1.673323508608009e-01  1.673323508608009e-01  0
1.148737747357105e-07  1.569414898664700e-01  1.569414898664700e-01  1.569414898664700e-01  1.569414898664700e-01  0
1.258968584175242e-07  1.585487867635257e-01  1.585487867635257e-01  1.585487867635257e-01  1.585487867635257e-01  0
1.379776976587407e-07  1.691430241521359e-01  1.691430241521359e-01  1.691430241521359e-01  1.691430241521359e-01  0
1.512177928067892e-07  1.879181758042580e-01  1.879181758042580e-01  1.879181758042580e-01  1.879181758042580e-01  0
1.657283840024159e-07  2.061820662581393e-01  2.061820662581393e-01  2.061820662581393e-01  2.061820662581393e-01  0
1.816313857929760e-07  2.167240604224598e-01  2.167240604224598e-01  2.167240604224598e-01  2.167240604224598e-01  0
1.990604114295591e-07  2.151290634344618e-01  2.151290634344618e-01  2.151290634344618e-01  2.151290634344618e-01  0
2.181618954538512e-07  2.034669319904954e-01  2.034669319904954e-01  2.034669319904954e-01  2.034669319904954e-01  0
2.390963240064400e-07  1.853017696095574e-01  1.853017696095574e-01  1.853017696095574e-01  1.853017696095574e-01  0
2.620395831933232e-07  1.673317098059382e-01  1.673317098059382e-01  1.673317098059382e-01  1.673317098059382e-01  0
2.871844368392761e-07  1.569400599534279e-01  1.569400599534279e-01  1.569400599534279e-01  1.569400599534279e-01  0
3.147421460438105e-07  1.585462627663733e-01  1.585462627663733e-01  1.585462627663733e-01  1.585462627663733e-01  0
3.449442441468515e-07  1.691454839038887e-01  1.691454839038887e-01  1.691454839038887e-01  1.691454839038887e-01  0
3.780444820169729e-07  1.879191408224590e-01  1.879191408224590e-01  1.879191408224590e-01  1.879191408224590e-01  0
4.143209600060397e-07  2.061822178802823e-01  2.061822178802823e-01  2.061822178802823e-01  2.061822178802823e-01  0
4.540784644824398e-07  2.167239445871430e-01  2.167239445871430e-01  2.167239445871430e-01  2.167239445871430e-01  0
4.976510285738977e-07  2.151289958179576e-01  2.151289958179576e-01  2.151289958179576e-01  2.151289958179576e-01  0
5.454047386346280e-07  2.034803876931225e-01  2.034803876931225e-01  2.034803876931225e-01  2.034803876931225e-01  0
5.977408100161000e-07  1.853138869387473e-01  1.853138869387473e-01  1.853138869387473e-01  1.853138869387473e-01  0
6.550989579833081e-07  1.673415799596021e-01  1.673415799596021e-01  1.673415799596021e-01  1.673415799596021e-01  0
7.179610920981903e-07  1.569472427944907e-01  1.569472427944907e-01  1.569472427944907e-01  1.569472427944907e-01  0
7.868553651095264e-07  1.585508172443434e-01  1.585508172443434e-01  1.585508172443434e-01  1.585508172443434e-01  0
8.623606103671289e-07  1.691632544415312e-01  1.691632544415312e-01  1.691632544415312e-01  1.691632544415312e-01  0
9.451112050424321e-07  1.879344532957594e-01  1.879344532957594e-01  1.879344532957594e-01  1.879344532957594e-01  0
1.035802400015099e-06  2.061967437689495e-01  2.061967437689495e-01  2.061967437689495e-01  2.061967437689495e-01  0
1.135196161206100e-06  2.167385215553644e-01  2.167385215553644e-01  2.167385215553644e-01  2.167385215553644e-01  0
1.244127571434744e-06  2.151435821715349e-01  2.151435821715349e-01  2.151435821715349e-01  2.151435821715349e-01  0
1.363511846586570e-06  2.035280703274217e-01  2.035280703274217e-01  2.035280703274217e-01  2.035280703274217e-01  0
1.494352025040250e-06  1.853569662765172e-01  1.853569662765172e-01  1.853569662765172e-01  1.853569662765172e-01  0
1.637747394958270e-06  1.673777936030587e-01  1.673777936030587e-01  1.673777936030587e-01  1.673777936030587e-01  0
1.794902730245476e-06  1.569760091803220e-01  1.569760091803220e-01  1.569760091803220e-01  1.569760091803220e-01  0
1.967138412773816e-06  1.585731080301750e-01  1.585731080301750e-01  1.585731080301750e-01  1.585731080301750e-01  0
2.155901525917822e-06  1.692194693816931e-01  1.692194693816931e-01  1.692194693816931e-01  1.692194693816931e-01  0
2.362778012606080e-06  1.879857712011928e-01  1.879857712011928e-01  1.879857712011928e-01  1.879857712011928e-01  0
2.589506000037748e-06  2.062473255598189e-01  2.062473255598189e-01  2.062473255598189e-01  2.062473255598189e-01  0
2.837990403015249e-06  2.167899416954812e-01  2.167899416954812e-01  2.167899416954812e-01  2.167899416954812e-01  0
3.110318928586861e-06  2.151949069731683e-01  2.151949069731683e-01  2.151949069731683e-01  2.151949069731683e-01  0
3.408779616466425e-06  2.036618188935254e-01  2.036618188935254e-01  2.036618188935254e-01  2.036618188935254e-01  0
3.735880062600625e-06  1.854778904276892e-01  1.854778904276892e-01  1.854778904276892e-01  1.854778904276892e-01  0
4.094368487395675e-06  1.674802287711401e-01  1.674802287711401e-01  1.674802287711401e-01  1.674802287711401e-01  0
4.487256825613690e-06  1.570590182450240e-01  1.570590182450240e-01  1.570590182450240e-01  1.570590182450240e-01  0
4.917846031934539e-06  1.586399558041728e-01  1.586399558041728e-01  1.586399558041728e-01  1.586399558041728e-01  0
5.389753814794556e-06  1.693727822526797e-01  1.693727822526797e-01  1.693727822526797e-01  1.693727822526797e-01  0
5.906945031515201e-06  1.881278941292896e-01  1.881278941292896e-01  1.881278941292896e-01  1.881278941292896e-01  0
6.473765000094370e-06  2.063887305639792e-01  2.063887305639792e-01  2.063887305639792e-01  2.063887305639792e-01  0
7.094976007538122e-06  2.169340941803442e-01  2.169340941803442e-01  2.169340941803442e-01  2.169340941803442e-01  0
7.775797321467151e-06  2.153386561090322e-01  2.153386561090322e-01  2.153386561090322e-01  2.153386561090322e-01  0
8.521949041166063e-06  2.040137340137018e-01  2.040137340137018e-01  2.040137340137018e-01  2.040137340137018e-01  0
9.339700156501563e-06  1.857960752679708e-01  1.857960752679708e-01  1.857960752679708e-01  1.857960752679708e-01  0
1.023592121848919e-05  1.677504005641542e-01  1.677504005641542e-01  1.677504005641542e-01  1.677504005641542e-01  0
1.121814206403422e-05  1.572793353871883e-01  1.572793353871883e-01  1.572793353871883e-01  1.572793353871883e-01  0
1.229461507983635e-05  1.588194815795257e-01  1.588194815795257e-01  1.588194815795257e-01  1.588194815795257e-01  0
1.347438453698639e-05  1.697750068572668e-01  1.697750068572668e-01  1.697750068572668e-01  1.697750068572668e-01  0
1.476736257878800e-05  1.885019232626169e-01  1.885019232626169e-01  1.885019232626169e-01  1.885019232626169e-01  0
1.618441250023593e-05  2.067613754587512e-01  2.067613754587512e-01  2.067613754587512e-01  2.067613754587512e-01  0
1.773744001884531e-05  2.173138695148731e-01  2.173138695148731e-01  2.173138695148731e-01  2.173138695148731e-01  0
1.943949330366788e-05  2.157169635890765e-01  2.157169635890765e-01  2.157169635890765e-01  2.157169635890765e-01  0
2.130487260291516e-05  2.049301014965958e-01  2.049301014965958e-01  2.049301014965958e-01  2.049301014965958e-01  0
2.334925039125391e-05  1.866242056971263e-01  1.866242056971263e-01  1.866242056971263e-01  1.866242056971263e-01  0
2.558980304622297e-05  1.684537421399547e-01  1.684537421399547e-01  1.684537421399547e-01  1.684537421399547e-01  0
2.804535516008556e-05  1.578536767046431e-01  1.578536767046431e-01  1.578536767046431e-01  1.578536767046431e-01  0
3.073653769959087e-05  1.592887895630605e-01  1.592887895630605e-01  1.592887895630605e-01  1.592887895630605e-01  0
3.368596134246598e-05  1.708403695217774e-01  1.708403695217774e-01  1.708403695217774e-01  1.708403695217774e-01  0
3.691840644697001e-05  1.894877838920354e-01  1.894877838920354e-01  1.894877838920354e-01  1.894877838920354e-01  0
4.046103125058982e-05  2.077392034284521e-01  2.077392034284521e-01  2.077392034284521e-01  2.077392034284521e-01  0
4.434360004711327e-05  2.183070377525095e-01  2.183070377525095e-01  2.183070377525095e-01  2.183070377525095e-01  0
4.859873325916970e-05  2.167039894937924e-01  2.167039894937924e-01  2.167039894937924e-01  2.167039894937924e-01  0
5.326218150728788e-05  2.073858101664555e-01  2.073858101664555e-01  2.073858101664555e-01  2.073858101664555e-01  0
5.837312597813476e-05  1.888402183935271e-01  1.888402183935271e-01  1.888402183935271e-01  1.888402183935271e-01  0
6.397450761555741e-05  1.703329423150160e-01  1.703329423150160e-01  1.703329423150160e-01  1.703329423150160e-01  0
7.011338790021387e-05  1.593851602218446e-01  1.593851602218446e-01  1.593851602218446e-01  1.593851602218446e-01  0
7.684134424897716e-05  1.605364866138297e-01  1.605364866138297e-01  1.605364866138297e-01  1.605364866138297e-01  0
8.421490335616494e-05  1.738689129396510e-01  1.738689129396510e-01  1.738689129396510e-01  1.738689129396510e-01  0
9.229601611742502e-05  1.922371574251730e-01  1.922371574251730e-01  1.922371574251730e-01  1.922371574251730e-01  0
1.011525781264745e-04  2.104223537434811e-01  2.104223537434811e-01  2.104223537434811e-01  2.104223537434811e-01  0
1.108590001177832e-04  2.210027563949392e-01  2.210027563949392e-01  2.210027563949392e-01  2.210027563949392e-01  0
1.214968331479242e-04  2.193656935829595e-01  2.193656935829595e-01  2.193656935829595e-01  2.193656935829595e-01  0
1.331554537682197e-04  2.146855229638926e-01  2.146855229638926e-01  2.146855229638926e-01  2.146855229638926e-01  0
1.459328149453369e-04  1.954003611520105e-01  1.954003611520105e-01  1.954003611520105e-01  1.954003611520105e-01  0
1.599362690388935e-04  1.758678203224605e-01  1.758678203224605e-01  1.758678203224605e-01  1.758678203224605e-01  0
1.752834697505347e-04  1.638612602887220e-01  1.638612602887220e-01  1.638612602887220e-01  1.638612602887220e-01  0
1.921033606224429e-04  1.641383335073793e-01  1.641383335073793e-01  1.641383335073793e-01  1.641383335073793e-01  0
2.105372583904124e-04  1.859688797072008e-01  1.859688797072008e-01  1.859688797072008e-01  1.859688797072008e-01  0
2.307400402935626e-04  2.022328917147496e-01  2.022328917147496e-01  2.022328917147496e-01  2.022328917147496e-01  0
2.528814453161864e-04  2.194082371096215e-01  2.194082371096215e-01  2.194082371096215e-01  2.194082371096215e-01  0
2.771475002944579e-04  2.295403689727888e-01  2.295403689727888e-01  2.295403689727888e-01  2.295403689727888e-01  0
3.037420828698106e-04  2.275273822094554e-01  2.275273822094554e-01  2.275273822094554e-01  2.275273822094554e-01  0
3.328886344205493e-04  2.849090560295047e-01  2.849090560295047e-01  2.849090560295047e-01  2.849090560295047e-01  0
3.648320373633422e-04  2.451677880836765e-01  2.451677880836765e-01  2.451677880836765e-01  2.451677880836765e-01  0
3.998406725972339e-04  2.107552389218033e-01  2.107552389218033e-01  2.107552389218033e-01  2.107552389218033e-01  0
4.382086743763368e-04  1.881601414069300e-01  1.881601414069300e-01  1.881601414069300e-01  1.881601414069300e-01  0
4.802584015561073e-04  1.812534282457743e-01  1.812534282457743e-01  1.812534282457743e-01  1.812534282457743e-01  0
5.263431459760308e-04  4.997378890238972e-01  4.997378890238972e-01  4.997378890238972e-01  4.997378890238972e-01  0
5.768501007339063e-04  4.497361542902235e-01  4.497361542902235e-01  4.497361542902235e-01  4.497361542902235e-01  0
6.322036132904660e-04  4.068707156915779e-01  4.068707156915779e-01  4.068707156915779e-01  4.068707156915779e-01  0
6.928687507361448e-04  3.667004707776182e-01  3.667004707776182e-01  3.667004707776182e-01  3.667004707776182e-01  0
7.593552071745265e-04  3.251085788655260e-01  3.251085788655260e-01  3.251085788655260e-01  3.251085788655260e-01  0
8.322215860513732e-04  7.958526525249058e-01  7.958526525249058e-01  7.958526525249058e-01  7.958526525249058e-01  0
9.120800934083555e-04  7.532054787485167e-01  7.532054787485167e-01  7.532054787485167e-01  7.532054787485167e-01  0
9.996016814930845e-04  6.931994579935504e-01  6.931994579935504e-01  6.931994579935504e-01  6.931994579935504e-01  0
1.095521685940842e-03  6.254808894484857e-01  6.254808894484857e-01  6.254808894484857e-01  6.254808894484857e-01  0
1.200646003890268e-03  5.600778483145032e-01  5.600778483145032e-01  5.600778483145032e-01  5.600778483145032e-01  0
1.315857864940077e-03  7.870537413753511e-01  7.870537413753511e-01  7.870537413753511e-01  7.870537413753511e-01  0
1.442125251834766e-03  8.005531917854007e-01  8.005531917854007e-01  8.005531917854007e-01  8.005531917854007e-01  0
1.580509033226165e-03  8.117876151629447e-01  8.117876151629447e-01  8.117876151629447e-01  8.117876151629447e-01  0
1.732171876840362e-03  8.151440187378333e-01  8.151440187378333e-01  8.151440187378333e-01  8.151440187378333e-01  0
1.898388017936316e-03  8.044711009233173e-01  8.044711009233173e-01  8.044711009233173e-01  8.044711009233173e-01  0
2.080553965128434e-03  7.710852503388910e-01  7.710852503388910e-01  7.710852503388910e-01  7.710852503388910e-01  0
2.280200233520889e-03  7.819145621281574e-01  7.819145621281574e-01  7.819145621281574e-01  7.819145621281574e-01  0
2.499004203732712e-03  7.865828898274381e-01  7.865828898274381e-01  7.865828898274381e-01  7.865828898274381e-01  0
2.738804214852105e-03  7.887979109441946e-01  7.887979109441946e-01  7.887979109441946e-01  7.887979109441946e-01  0
3.001615009725671e-03  7.936086878200957e-01  7.936086878200957e-01  7.936086878200957e-01  7.936086878200957e-01  0
3.289644662350191e-03  6.607633857818014e-01  6.607633857818014e-01  6.607633857818014e-01  6.607633857818014e-01  0
3.605313129586913e-03  6.957694279427482e-01  6.957694279427482e-01  6.957694279427482e-01  6.957694279427482e-01  0
3.951272583065410e-03  7.256474529034287e-01  7.256474529034287e-01  7.256474529034287e-01  7.256474529034287e-01  0
4.330429692100902e-03  7.521977105174118e-01  7.521977105174118e-01  7.521977105174118e-01  7.521977105174118e-01  0
4.745970044840788e-03  7.748618582664513e-01  7.748618582664513e-01  7.748618582664513e-01  7.748618582664513e-01  0
5.201384912821079e-03  4.675235729046604e-01  4.675235729046604e-01  4.675235729046604e-01  4.675235729046604e-01  0
5.700500583802218e-03  5.080752235692064e-01  5.080752235692064e-01  5.080752235692064e-01  5.080752235692064e-01  0
6.247510509331774e-03  5.514145172674255e-01  5.514145172674255e-01  5.514145172674255e-01  5.514145172674255e-01  0
6.847010537130257e-03  5.941508573503341e-01  5.941508573503341e-01  5.941508573503341e-01  5.941508573503341e-01  0
7.504037524314171e-03  6.330018925458761e-01  6.330018925458761e-01  6.330018925458761e-01  6.330018925458761e-01  0
8.224111655875475e-03  4.951046424738889e-01  4.951046424738889e-01  4.951046424738889e-01  4.951046424738889e-01  0
9.013282823967279e-03  4.743867491887547e-01  4.743867491887547e-01  4.743867491887547e-01  4.743867491887547e-01  0
9.878181457663521e-03  4.596954596079110e-01  4.596954596079110e-01  4.596954596079110e-01  4.596954596079110e-01  0
1.082607423025225e-02  4.560268711103051e-01  4.560268711103051e-01  4.560268711103051e-01  4.560268711103051e-01  0
1.186492511210197e-02  4.664537425475053e-01  4.664537425475053e-01  4.664537425475053e-01  4.664537425475053e-01  0
1.300346228205270e-02  1.084005296439014e+00  1.084005296439014e+00  1.084005296439014e+00  1.084005296439014e+00  0
1.425125145950554e-02  9.460270389580722e-01  9.460270389580722e-01  9.460270389580722e-01  9.460270389580722e-01  0
1.561877627332944e-02  8.175531686278815e-01  8.175531686278815e-01  8.175531686278815e-01  8.175531686278815e-01  0
1.711752634282564e-02  7.073547301548040e-01  7.073547301548040e-01  7.073547301548040e-01  7.073547301548040e-01  0
1.876009381078543e-02  6.181954975840100e-01  6.181954975840100e-01  6.181954975840100e-01  6.181954975840100e-01  0
2.056027913968869e-02  1.526014497236117e+00  1.526014497236117e+00  1.526014497236117e+00  1.526014497236117e+00  0
2.253320705991820e-02  1.585807983205884e+00  1.585807983205884e+00  1.585807983205884e+00  1.585807983205884e+00  0
2.469545364415880e-02  1.560577342899311e+00  1.560577342899311e+00  1.560577342899311e+00  1.560577342899311e+00  0
2.706518557563063e-02  1.462764404113311e+00  1.462764404113311e+00  1.462764404113311e+00  1.462764404113311e+00  0
2.966231278025492e-02  1.316691831848531e+00  1.316691831848531e+00  1.316691831848531e+00  1.316691831848531e+00  0
3.250865570513174e-02  1.224656162065572e+00  1.224656162065572e+00  1.224656162065572e+00  1.224656162065572e+00  0
3.562812864876386e-02  1.278310117121634e+00  1.278310117121634e+00  1.278310117121634e+00  1.278310117121634e+00  0
3.904694068332359e-02  1.356332740958286e+00  1.356332740958286e+00  1.356332740958286e+00  1.356332740958286e+00  0
4.279381585706411e-02  1.453700829156521e+00  1.453700829156521e+00  1.453700829156521e+00  1.453700829156521e+00  0
4.690023452696357e-02  1.549332026862245e+00  1.549332026862245e+00  1.549332026862245e+00  1.549332026862245e+00  0
5.140069784922172e-02  1.032783035778146e+00  1.032783035778146e+00  1.032783035778146e+00  1.032783035778146e+00  0
5.633301764979549e-02  1.178552444651096e+00  1.178552444651096e+00  1.178552444651096e+00  1.178552444651096e+00  0
6.173863411039701e-02  1.275254058958447e+00  1.275254058958447e+00  1.275254058958447e+00  1.275254058958447e+00  0
6.766296393907659e-02  1.321976899850767e+00  1.321976899850767e+00  1.321976899850767e+00  1.321976899850767e+00  0
7.415578195063730e-02  1.334337783347238e+00  1.334337783347238e+00  1.334337783347238e+00  1.334337783347238e+00  0
8.127163926282936e-02  1.740901883867674e+00  1.740901883867674e+00  1.740901883867674e+00  1.740901883867674e+00  0
8.907032162190966e-02  1.651945827720545e+00  1.651945827720545e+00  1.651945827720545e+00  1.651945827720545e+00  0
9.761735170830897e-02  1.540069271204720e+00  1.540069271204720e+00  1.540069271204720e+00  1.540069271204720e+00  0
1.069845396426603e-01  1.447005836396503e+00  1.447005836396503e+00  1.447005836396503e+00  1.447005836396503e+00  0
1.172505863174089e-01  1.395868558649405e+00  1.395868558649405e+00  1.395868558649405e+00  1.395868558649405e+00  0
1.285017446230543e-01  2.333511940146518e+00  2.333511940146518e+00  2.333511940146518e+00  2.333511940146518e+00  0
1.408325441244888e-01  2.469639046935797e+00  2.469639046935797e+00  2.469639046935797e+00  2.469639046935797e+00  0
1.543465852759925e-01  2.521850774453323e+00  2.521850774453323e+00  2.521850774453323e+00  2.521850774453323e+00  0
1.691574098476915e-01  2.482785257325419e+00  2.482785257325419e+00  2.482785257325419e+00  2.482785257325419e+00  0
1.853894548765933e-01  2.356149021649028e+00  2.356149021649028e+00  2.356149021649028e+00  2.356149021649028e+00  0
2.031790981570734e-01  1.110868236448100e+00  1.110868236448100e+00  1.110868236448100e+00  1.110868236448100e+00  0
2.226758040547742e-01  1.459945780333510e+00  1.459945780333510e+00  1.459945780333510e+00  1.459945780333510e+00  0
2.440433792707724e-01  1.809254239005783e+00  1.809254239005783e+00  1.809254239005783e+00  1.809254239005783e+00  0
2.674613491066506e-01  2.127465198194392e+00  2.127465198194392e+00  2.127465198194392e+00  2.127465198194392e+00  0
2.931264657935223e-01  2.389617810753961e+00  2.389617810753961e+00  2.389617810753961e+00  2.389617810753961e+00  0
3.212543615576358e-01  1.591022380464276e-01  1.591022380464276e-01  1.591022380464276e-01  1.591022380464276e-01  0
3.520813603112218e-01  2.427582989679867e-01  2.427582989679867e-01  2.427582989679867e-01  2.427582989679867e-01  0
3.858664631899813e-01  3.736399730499340e-01  3.736399730499340e-01  3.736399730499340e-01  3.736399730499340e-01  0
4.228935246192287e-01  5.636402854410694e-01  5.636402854410694e-01  5.636402854410694e-01  5.636402854410694e-01  0
4.634736371914831e-01  8.162082698901615e-01  8.162082698901615e-01  8.162082698901615e-01  8.162082698901615e-01  0
5.079477453926834e-01  3.454511611598839e-02  3.454511611598839e-02  3.454511611598839e-02  3.454511611598839e-02  0
5.566895101369354e-01  4.899121657549926e-02  4.899121657549926e-02  4.899121657549926e-02  4.899121657549926e-02  0
6.101084481769311e-01  6.649885454633220e-02  6.649885454633220e-02  6.649885454633220e-02  6.649885454633220e-02  0
6.686533727666266e-01  8.864773256902365e-02  8.864773256902365e-02  8.864773256902365e-02  8.864773256902365e-02  0
7.328161644838057e-01  1.199778666824769e-01  1.199778666824769e-01  1.199778666824769e-01  1.199778666824769e-01  0
8.031359038940895e-01  2.243829234800847e-03  2.243829234800847e-03  2.243829234800847e-03  2.243829234800847e-03  0
8.802034007780547e-01  4.497433306180574e-03  4.497433306180574e-03  4.497433306180574e-03  4.497433306180574e-03  0
9.646661579749534e-01  8.373446522336767e-03  8.373446522336767e-03  8.373446522336767e-03  8.373446522336767e-03  0
1.057233811548072e+00  1.447630966315166e-02  1.447630966315166e-02  1.447630966315166e-02  1.447630966315166e-02  0
1.158684092978708e+00  2.326085052833541e-02  2.326085052833541e-02  2.326085052833541e-02  2.326085052833541e-02  0
1.269869363481709e+00  3.116767055638575e-05  3.116767055638575e-05  3.116767055638575e-05  3.116767055638575e-05  0
1.391723775342339e+00  7.123165717069766e-05  7.123165717069766e-05  7.123165717069766e-05  7.123165717069766e-05  0
1.525271120442328e+00  1.650129106372576e-04  1.650129106372576e-04  1.650129106372576e-04  1.650129106372576e-04  0
1.671633431916567e+00  3.833983837038916e-04  3.833983837038916e-04  3.833983837038916e-04  3.833983837038916e-04  0
1.832040411209515e+00  8.776584073363630e-04  8.776584073363630e-04  8.776584073363630e-04  8.776584073363630e-04  0
