-2.643084528870179e+00  3.769001437249442e-15  3.769001437249442e-15  3.769001437249442e-15  3.769001437249442e-15  0
-2.411665394937383e+00  4.721617147262896e-16  4.721617147262896e-16  4.721617147262896e-16  4.721617147262896e-16  0
-2.200508501945136e+00  5.458125664003024e-17  5.458125664003024e-17  5.458125664003024e-17  5.458125664003024e-17  0
-2.007839759735224e+00  5.812868632456780e-18  5.812868632456780e-18  5.812868632456780e-18  5.812868632456780e-18  0
-1.832040411209514e+00  5.655926507633651e-19  5.655926507633651e-19  5.655926507633651e-19  5.655926507633651e-19  0
-1.671633431916567e+00  3.677227244013051e-11  3.677227244013051e-11  3.677227244013051e-11  3.677227244013051e-11  0
-1.525271120442328e+00  6.872968739326506e-12  6.872968739326506e-12  6.872968739326506e-12  6.872968739326506e-12  0
-1.391723775342339e+00  1.185836371978637e-12  1.185836371978637e-12  1.185836371978637e-12  1.185836371978637e-12  0
-1.269869363481709e+00  1.888694912789766e-13  1.888694912789766e-13  1.888694912789766e-13  1.888694912789766e-13  0
-1.158684092978708e+00  2.776873056471784e-14  2.776873056471784e-14  2.776873056471784e-14  2.776873056471784e-14  0
-1.057233811548072e+00  8.473548562065354e-06  8.473548562065354e-06  8.473548562065354e-06  8.473548562065354e-06  0
-9.646661579749534e-01  6.152715236603692e-06  6.152715236603692e-06  6.152715236603692e-06  6.152715236603692e-06  0
-8.802034007780546e-01  4.119751955692462e-06  4.119751955692462e-06  4.119751955692462e-06  4.119751955692462e-06  0
-8.031359038940895e-01  2.538569413464244e-06  2.538569413464244e-06  2.538569413464244e-06  2.538569413464244e-06  0
-7.328161644838057e-01  1.438703934310202e-06  1.438703934310202e-06  1.438703934310202e-06  1.438703934310202e-06  0
-6.686533727666270e-01  3.945188906432191e-05  3.945188906432191e-05  3.945188906432191e-05  3.945188906432191e-05  0
-6.101084481769313e-01  2.807838162192920e-05  2.807838162192920e-05  2.807838162192920e-05  2.807838162192920e-05  0
-5.566895101369356e-01  1.923070538271610e-05  1.923070538271610e-05  1.923070538271610e-05  1.923070538271610e-05  0
-5.079477453926837e-01  1.244644828341231e-05  1.244644828341231e-05  1.244644828341231e-05  1.244644828341231e-05  0
-4.634736371914833e-01  7.526391184846061e-06  7.526391184846061e-06  7.526391184846061e-06  7.526391184846061e-06  0
-4.228935246192289e-01  2.262523585748525e-04  2.262523585748525e-04  2.262523585748525e-04  2.262523585748525e-04  0
-3.858664631899815e-01  1.403018653953196e-04  1.403018653953196e-04  1.403018653953196e-04  1.403018653953196e-04  0
-3.520813603112219e-01  8.063259819697493e-05  8.063259819697493e-05  8.063259819697493e-05  8.063259819697493e-05  0
-3.212543615576359e-01  4.293608944111526e-05  4.293608944111526e-05  4.293608944111526e-05  4.293608944111526e-05  0
-2.931264657935224e-01  2.118493970369545e-05  2.118493970369545e-05  2.118493970369545e-05  2.118493970369545e-05  0
-2.674613491066508e-01  6.836196525314565e-04  6.836196525314565e-04  6.836196525314565e-04  6.836196525314565e-04  0
-2.440433792707725e-01  6.337979023013240e-04  6.337979023013240e-04  6.337979023013240e-04  6.337979023013240e-04  0
-2.226758040547742e-01  5.433830169212753e-04  5.433830169212753e-04  5.433830169212753e-04  5.433830169212753e-04  0
-2.031790981570735e-01  4.303980965633420e-04  4.303980965633420e-04  4.303980965633420e-04  4.303980965633420e-04  0
-1.853894548765933e-01  3.147988397891163e-04  3.147988397891163e-04  3.147988397891163e-04  3.147988397891163e-04  0
-1.691574098476915e-01  2.857875395411851e-04  2.857875395411851e-04  2.857875395411851e-04  2.857875395411851e-04  0
-1.543465852759926e-01  3.962523581669282e-04  3.962523581669282e-04  3.962523581669282e-04  3.962523581669282e-04  0
-1.408325441244888e-01  5.072997666307668e-04  5.072997666307668e-04  5.072997666307668e-04  5.072997666307668e-04  0
-1.285017446230543e-01  5.996333463079353e-04  5.996333463079353e-04  5.996333463079353e-04  5.996333463079353e-04  0
-1.172505863174089e-01  6.543532830191678e-04  6.543532830191678e-04  6.543532830191678e-04  6.543532830191678e-04  0
-1.069845396426603e-01  -2.624254050663275e-17  -2.624254050663275e-17  -2.624254050663275e-17  -2.624254050663275e-17  0
-9.761735170830900e-02  -1.530788216588071e-17  -1.530788216588071e-17  -1.530788216588071e-17  -1.530788216588071e-17  0
-8.907032162190968e-02  -8.699083511673335e-18  -8.699083511673335e-18  -8.699083511673335e-18  -8.699083511673335e-18  0
-8.127163926282939e-02  -4.777908970269600e-18  -4.777908970269600e-18  -4.777908970269600e-18  -4.777908970269600e-18  0
-7.415578195063731e-02  -2.465615896034214e-18  -2.465615896034214e-18  -2.465615896034214e-18  -2.465615896034214e-18  0
-6.766296393907660e-02  1.572118516783577e-17  1.572118516783577e-17  1.572118516783577e-17  1.572118516783577e-17  0
-6.173863411039702e-02  1.729457323446299e-17  1.729457323446299e-17  1.729457323446299e-17  1.729457323446299e-17  0
-5.633301764979550e-02  1.644430763433716e-17  1.644430763433716e-17  1.644430763433716e-17  1.644430763433716e-17  0
-5.140069784922174e-02  1.390748229415836e-17  1.390748229415836e-17  1.390748229415836e-17  1.390748229415836e-17  0
-4.690023452696358e-02  1.060035706275167e-17  1.060035706275167e-17  1.060035706275167e-17  1.060035706275167e-17  0
-4.279381585706412e-02  -9.191380702426839e-18  -9.191380702426839e-18  -9.191380702426839e-18  -9.191380702426839e-18  0
-3.904694068332360e-02  -1.499088318348294e-18  -1.499088318348294e-18  -1.499088318348294e-18  -1.499088318348294e-18  0
-3.562812864876387e-02  3.256553031764655e-18  3.256553031764655e-18  3.256553031764655e-18  3.256553031764655e-18  0
-3.250865570513176e-02  5.712641391766025e-18  5.712641391766025e-18  5.712641391766025e-18  5.712641391766025e-18  0
-2.966231278025492e-02  6.463658697333077e-18  6.463658697333077e-18  6.463658697333077e-18  6.463658697333077e-18  0
-2.706518557563065e-02  -3.438030195822383e-17  -3.438030195822383e-17  -3.438030195822383e-17  -3.438030195822383e-17  0
-2.469545364415881e-02  -2.232609230316657e-17  -2.232609230316657e-17  -2.232609230316657e-17  -2.232609230316657e-17  0
-2.253320705991821e-02  -1.461651441447883e-17  -1.461651441447883e-17  -1.461651441447883e-17  -1.461651441447883e-17  0
-2.056027913968870e-02  -9.557733226264892e-18  -9.557733226264892e-18  -9.557733226264892e-18  -9.557733226264892e-18  0
-1.876009381078543e-02  -6.142091073129094e-18  -6.142091073129094e-18  -6.142091073129094e-18  -6.142091073129094e-18  0
-1.711752634282565e-02  -6.227634011632540e-17  -6.227634011632540e-17  -6.227634011632540e-17  -6.227634011632540e-17  0
-1.561877627332944e-02  -3.582375349952892e-17  -3.582375349952892e-17  -3.582375349952892e-17  -3.582375349952892e-17  0
-1.425125145950555e-02  -2.007005983293312e-17  -2.007005983293312e-17  -2.007005983293312e-17  -2.007005983293312e-17  0
-1.300346228205270e-02  -1.095445350855372e-17  -1.095445350855372e-17  -1.095445350855372e-17  -1.095445350855372e-17  0
-1.186492511210197e-02  -5.743947269033943e-18  -5.743947269033943e-18  -5.743947269033943e-18  -5.743947269033943e-18  0
-1.082607423025226e-02  -6.482045082115940e-17  -6.482045082115940e-17  -6.482045082115940e-17  -6.482045082115940e-17  0
-9.878181457663525e-03  -2.049775958511809e-17  -2.049775958511809e-17  -2.049775958511809e-17  -2.049775958511809e-17  0
-9.013282823967282e-03  1.411947669477354e-18  1.411947669477354e-18  1.411947669477354e-18  1.411947669477354e-18  0
-8.224111655875478e-03  9.660185609443590e-18  9.660185609443590e-18  9.660185609443590e-18  9.660185609443590e-18  0
-7.504037524314174e-03  1.064522014857023e-17  1.064522014857023e-17  1.064522014857023e-17  1.064522014857023e-17  0
-6.847010537130258e-03  1.041449339490724e-16  1.041449339490724e-16  1.041449339490724e-16  1.041449339490724e-16  0
-6.247510509331775e-03  7.792580025686300e-17  7.792580025686300e-17  7.792580025686300e-17  7.792580025686300e-17  0
-5.700500583802218e-03  5.965773403343533e-17  5.965773403343533e-17  5.965773403343533e-17  5.965773403343533e-17  0
-5.201384912821080e-03  4.677555935034234e-17  4.677555935034234e-17  4.677555935034234e-17  4.677555935034234e-17  0
-4.745970044840788e-03  3.682681765330804e-17  3.682681765330804e-17  3.682681765330804e-17  3.682681765330804e-17  0
-4.330429692100904e-03  4.840893161752510e-17  4.840893161752510e-17  4.840893161752510e-17  4.840893161752510e-17  0
-3.951272583065411e-03  9.755483117148769e-17  9.755483117148769e-17  9.755483117148769e-17  9.755483117148769e-17  0
-3.605313129586913e-03  1.021743223357026e-16  1.021743223357026e-16  1.021743223357026e-16  1.021743223357026e-16  0
-3.289644662350192e-03  8.569010147166470e-17  8.569010147166470e-17  8.569010147166470e-17  8.569010147166470e-17  0
-3.001615009725670e-03  6.284804171134401e-17  6.284804171134401e-17  6.284804171134401e-17  6.284804171134401e-17  0
-2.738804214852102e-03  1.967810585828193e-16  1.967810585828193e-16  1.967810585828193e-16  1.967810585828193e-16  0
-2.499004203732709e-03  1.307813142232056e-16  1.307813142232056e-16  1.307813142232056e-16  1.307813142232056e-16  0
-2.280200233520886e-03  7.884238904317499e-17  7.884238904317499e-17  7.884238904317499e-17  7.884238904317499e-17  0
-2.080553965128431e-03  4.294993175863185e-17  4.294993175863185e-17  4.294993175863185e-17  4.294993175863185e-17  0
-1.898388017936314e-03  2.056744013498894e-17  2.056744013498894e-17  2.056744013498894e-17  2.056744013498894e-17  0
-1.732171876840360e-03  4.591402498705492e-16  4.591402498705492e-16  4.591402498705492e-16  4.591402498705492e-16  0
-1.580509033226163e-03  4.881567960976235e-16  4.881567960976235e-16  4.881567960976235e-16  4.881567960976235e-16  0
-1.442125251834764e-03  4.265702221849765e-16  4.265702221849765e-16  4.265702221849765e-16  4.265702221849765e-16  0
-1.315857864940076e-03  3.268158004542864e-16  3.268158004542864e-16  3.268158004542864e-16  3.268158004542864e-16  0
-1.200646003890267e-03  2.237327471944728e-16  2.237327471944728e-16  2.237327471944728e-16  2.237327471944728e-16  0
-1.095521685940841e-03  8.348511430644683e-16  8.348511430644683e-16  8.348511430644683e-16  8.348511430644683e-16  0
-9.996016814930835e-04  5.901747366803161e-16  5.901747366803161e-16  5.901747366803161e-16  5.901747366803161e-16  0
-9.120800934083544e-04  3.980301819194217e-16  3.980301819194217e-16  3.980301819194217e-16  3.980301819194217e-16  0
-8.322215860513723e-04  2.573596249315584e-16  2.573596249315584e-16  2.573596249315584e-16  2.573596249315584e-16  0
-7.593552071745256e-04  1.592480846211323e-16  1.592480846211323e-16  1.592480846211323e-16  1.592480846211323e-16  0
-6.928687507361440e-04  1.006261447111268e-15  1.006261447111268e-15  1.006261447111268e-15  1.006261447111268e-15  0
-6.322036132904651e-04  1.017365993754568e-15  1.017365993754568e-15  1.017365993754568e-15  1.017365993754568e-15  0
-5.768501007339055e-04  8.758191623025753e-16  8.758191623025753e-16  8.758191623025753e-16  8.758191623025753e-16  0
-5.263431459760303e-04  6.695056678670568e-16  6.695056678670568e-16  6.695056678670568e-16  6.695056678670568e-16  0
-4.802584015561067e-04  4.600241155266076e-16  4.600241155266076e-16  4.600241155266076e-16  4.600241155266076e-16  0
-4.382086743763362e-04  6.837907870402906e-16  6.837907870402906e-16  6.837907870402906e-16  6.837907870402906e-16  0
-3.998406725972333e-04  5.529324782517099e-16  5.529324782517099e-16  5.529324782517099e-16  5.529324782517099e-16  0
-3.648320373633417e-04  3.971002380861952e-16  3.971002380861952e-16  3.971002380861952e-16  3.971002380861952e-16  0
-3.328886344205489e-04  2.552244364978116e-16  2.552244364978116e-16  2.552244364978116e-16  2.552244364978116e-16  0
-3.037420828698102e-04  1.447241032331495e-16  1.447241032331495e-16  1.447241032331495e-16  1.447241032331495e-16  0
-2.771475002944575e-04  7.283879271255427e-15  7.283879271255427e-15  7.283879271255427e-15  7.283879271255427e-15  0
-2.528814453161860e-04  5.294071933259868e-15  5.294071933259868e-15  5.294071933259868e-15  5.294071933259868e-15  0
-2.307400402935622e-04  3.810931604422154e-15  3.810931604422154e-15  3.810931604422154e-15  3.810931604422154e-15  0
-2.105372583904121e-04  2.669806613611800e-15  2.669806613611800e-15  2.669806613611800e-15  2.669806613611800e-15  0
-1.921033606224427e-04  1.791161539732660e-15  1.791161539732660e-15  1.791161539732660e-15  1.791161539732660e-15  0
-1.752834697505345e-04  1.072460567100788e-15  1.072460567100788e-15  1.072460567100788e-15  1.072460567100788e-15  0
-1.599362690388933e-04  7.206099354877035e-17  7.206099354877035e-17  7.206099354877035e-17  7.206099354877035e-17  0
-1.459328149453367e-04  -3.881436260161667e-16  -3.881436260161667e-16  -3.881436260161667e-16  -3.881436260161667e-16  0
-1.331554537682195e-04  -5.123430101271230e-16  -5.123430101271230e-16  -5.123430101271230e-16  -5.123430101271230e-16  0
-1.214968331479241e-04  -4.651085240751246e-16  -4.651085240751246e-16  -4.651085240751246e-16  -4.651085240751246e-16  0
-1.108590001177830e-04  -3.417423574696057e-15  -3.417423574696057e-15  -3.417423574696057e-15  -3.417423574696057e-15  0
-1.011525781264744e-04  -4.401724033954604e-15  -4.401724033954604e-15  -4.401724033954604e-15  -4.401724033954604e-15  0
-9.229601611742488e-05  -4.460246386112698e-15  -4.460246386112698e-15  -4.460246386112698e-15  -4.460246386112698e-15  0
-8.421490335616483e-05  -3.946459704206178e-15  -3.946459704206178e-15  -3.946459704206178e-15  -3.946459704206178e-15  0
-7.684134424897707e-05  -3.162722946910103e-15  -3.162722946910103e-15  -3.162722946910103e-15  -3.162722946910103e-15  0
-7.011338790021381e-05  -1.274608438843511e-15  -1.274608438843511e-15  -1.274608438843511e-15  -1.274608438843511e-15  0
-6.397450761555734e-05  -1.081316052125619e-15  -1.081316052125619e-15  -1.081316052125619e-15  -1.081316052125619e-15  0
-5.837312597813469e-05  -9.202959127076934e-16  -9.202959127076934e-16  -9.202959127076934e-16  -9.202959127076934e-16  0
-5.326218150728783e-05  -7.571962027680371e-16  -7.571962027680371e-16  -7.571962027680371e-16  -7.571962027680371e-16  0
-4.859873325916964e-05  -5.889624431724902e-16  -5.889624431724902e-16  -5.889624431724902e-16  -5.889624431724902e-16  0
-4.434360004711321e-05  3.167818534432265e-15  3.167818534432265e-15  3.167818534432265e-15  3.167818534432265e-15  0
-4.046103125058977e-05  -7.985566843543383e-16  -7.985566843543383e-16  -7.985566843543383e-16  -7.985566843543383e-16  0
-3.691840644696995e-05  -2.365740250179747e-15  -2.365740250179747e-15  -2.365740250179747e-15  -2.365740250179747e-15  0
-3.368596134246593e-05  -2.572761207000299e-15  -2.572761207000299e-15  -2.572761207000299e-15  -2.572761207000299e-15  0
-3.073653769959083e-05  -2.147330440871175e-15  -2.147330440871175e-15  -2.147330440871175e-15  -2.147330440871175e-15  0
-2.804535516008552e-05  2.018584163475059e-15  2.018584163475059e-15  2.018584163475059e-15  2.018584163475059e-15  0
-2.558980304622294e-05  -1.691469962669844e-16  -1.691469962669844e-16  -1.691469962669844e-16  -1.691469962669844e-16  0
-2.334925039125387e-05  -1.099479003764104e-15  -1.099479003764104e-15  -1.099479003764104e-15  -1.099479003764104e-15  0
-2.130487260291513e-05  -1.251822287991856e-15  -1.251822287991856e-15  -1.251822287991856e-15  -1.251822287991856e-15  0
-1.943949330366785e-05  -1.026478223524411e-15  -1.026478223524411e-15  -1.026478223524411e-15  -1.026478223524411e-15  0
-1.773744001884528e-05  3.868157131475782e-14  3.868157131475782e-14  3.868157131475782e-14  3.868157131475782e-14  0
-1.618441250023591e-05  2.220467243060090e-14  2.220467243060090e-14  2.220467243060090e-14  2.220467243060090e-14  0
-1.476736257878798e-05  1.213990710742946e-14  1.213990710742946e-14  1.213990710742946e-14  1.213990710742946e-14  0
-1.347438453698637e-05  6.155518191645595e-15  6.155518191645595e-15  6.155518191645595e-15  6.155518191645595e-15  0
-1.229461507983633e-05  2.728120408989624e-15  2.728120408989624e-15  2.728120408989624e-15  2.728120408989624e-15  0
-1.121814206403421e-05  1.907338471753430e-14  1.907338471753430e-14  1.907338471753430e-14  1.907338471753430e-14  0
-1.023592121848917e-05  8.850836112478619e-15  8.850836112478619e-15  8.850836112478619e-15  8.850836112478619e-15  0
-9.339700156501548e-06  2.720206655063938e-15  2.720206655063938e-15  2.720206655063938e-15  2.720206655063938e-15  0
-8.521949041166052e-06  -3.666713258661764e-16  -3.666713258661764e-16  -3.666713258661764e-16  -3.666713258661764e-16  0
-7.775797321467140e-06  -1.506941240282258e-15  -1.506941240282258e-15  -1.506941240282258e-15  -1.506941240282258e-15  0
-7.094976007538114e-06  2.101331109166387e-14  2.101331109166387e-14  2.101331109166387e-14  2.101331109166387e-14  0
-6.473765000094363e-06  4.464395517471890e-15  4.464395517471890e-15  4.464395517471890e-15  4.464395517471890e-15  0
-5.906945031515193e-06  -5.300075888194691e-15  -5.300075888194691e-15  -5.300075888194691e-15  -5.300075888194691e-15  0
-5.389753814794549e-06  -9.980464849865793e-15  -9.980464849865793e-15  -9.980464849865793e-15  -9.980464849865793e-15  0
-4.917846031934533e-06  -1.116446952480305e-14  -1.116446952480305e-14  -1.116446952480305e-14  -1.116446952480305e-14  0
-4.487256825613684e-06  -3.664209157726922e-15  -3.664209157726922e-15  -3.664209157726922e-15  -3.664209157726922e-15  0
-4.094368487395670e-06  -4.881529055484027e-15  -4.881529055484027e-15  -4.881529055484027e-15  -4.881529055484027e-15  0
-3.735880062600620e-06  -5.266757903456445e-15  -5.266757903456445e-15  -5.266757903456445e-15  -5.266757903456445e-15  0
-3.408779616466421e-06  -4.995240012156943e-15  -4.995240012156943e-15  -4.995240012156943e-15  -4.995240012156943e-15  0
-3.110318928586857e-06  -4.310571965252393e-15  -4.310571965252393e-15  -4.310571965252393e-15  -4.310571965252393e-15  0
-2.837990403015245e-06  -3.380125548497049e-13  -3.380125548497049e-13  -3.380125548497049e-13  -3.380125548497049e-13  0
-2.589506000037745e-06  -2.264936282649646e-13  -2.264936282649646e-13  -2.264936282649646e-13  -2.264936282649646e-13  0
-2.362778012606077e-06  -1.546398127794956e-13  -1.546398127794956e-13  -1.546398127794956e-13  -1.546398127794956e-13  0
-2.155901525917819e-06  -1.067672608662935e-13  -1.067672608662935e-13  -1.067672608662935e-13  -1.067672608662935e-13  0
-1.967138412773813e-06  -7.322194814925621e-14  -7.322194814925621e-14  -7.322194814925621e-14  -7.322194814925621e-14  0
-1.794902730245473e-06  -1.830532286926307e-14  -1.830532286926307e-14  -1.830532286926307e-14  -1.830532286926307e-14  0
-1.637747394958268e-06  2.480257610177639e-14  2.480257610177639e-14  2.480257610177639e-14  2.480257610177639e-14  0
-1.494352025040248e-06  4.528403371947166e-14  4.528403371947166e-14  4.528403371947166e-14  4.528403371947166e-14  0
-1.363511846586568e-06  4.922000708517094e-14  4.922000708517094e-14  4.922000708517094e-14  4.922000708517094e-14  0
-1.244127571434742e-06  4.333850619728636e-14  4.333850619728636e-14  4.333850619728636e-14  4.333850619728636e-14  0
-1.135196161206098e-06  1.460609623177167e-12  1.460609623177167e-12  1.460609623177167e-12  1.460609623177167e-12  0
-1.035802400015098e-06  9.240912417321095e-13  9.240912417321095e-13  9.240912417321095e-13  9.240912417321095e-13  0
-9.451112050424309e-07  6.081944306143132e-13  6.081944306143132e-13  6.081944306143132e-13  6.081944306143132e-13  0
-8.623606103671279e-07  4.202701658225211e-13  4.202701658225211e-13  4.202701658225211e-13  4.202701658225211e-13  0
-7.868553651095252e-07  2.997784676875923e-13  2.997784676875923e-13  2.997784676875923e-13  2.997784676875923e-13  0
-7.179610920981894e-07  1.577466762802776e-14  1.577466762802776e-14  1.577466762802776e-14  1.577466762802776e-14  0
-6.550989579833072e-07  -2.000904080713848e-13  -2.000904080713848e-13  -2.000904080713848e-13  -2.000904080713848e-13  0
-5.977408100160992e-07  -2.957195105562786e-13  -2.957195105562786e-13  -2.957195105562786e-13  -2.957195105562786e-13  0
-5.454047386346274e-07  -3.031346067771417e-13  -3.031346067771417e-13  -3.031346067771417e-13  -3.031346067771417e-13  0
-4.976510285738970e-07  -2.587556254405686e-13  -2.587556254405686e-13  -2.587556254405686e-13  -2.587556254405686e-13  0
-4.540784644824392e-07  7.475498376571680e-13  7.475498376571680e-13  7.475498376571680e-13  7.475498376571680e-13  0
-4.143209600060391e-07  2.029295848688422e-13  2.029295848688422e-13  2.029295848688422e-13  2.029295848688422e-13  0
-3.780444820169723e-07  -1.274276887174779e-13  -1.274276887174779e-13  -1.274276887174779e-13  -1.274276887174779e-13  0
-3.449442441468511e-07  -2.999692860508022e-13  -2.999692860508022e-13  -2.999692860508022e-13  -2.999692860508022e-13  0
-3.147421460438101e-07  -3.603418113784965e-13  -3.603418113784965e-13  -3.603418113784965e-13  -3.603418113784965e-13  0
-2.871844368392758e-07  -2.627716363069646e-13  -2.627716363069646e-13  -2.627716363069646e-13  -2.627716363069646e-13  0
-2.620395831933229e-07  -2.837272370244928e-13  -2.837272370244928e-13  -2.837272370244928e-13  -2.837272370244928e-13  0
-2.390963240064397e-07  -2.733114162937922e-13  -2.733114162937922e-13  -2.733114162937922e-13  -2.733114162937922e-13  0
-2.181618954538510e-07  -2.395956000535427e-13  -2.395956000535427e-13  -2.395956000535427e-13  -2.395956000535427e-13  0
-1.990604114295588e-07  -1.932390022356856e-13  -1.932390022356856e-13  -1.932390022356856e-13  -1.932390022356856e-13  0
-1.816313857929757e-07  7.121373032432235e-12  7.121373032432235e-12  7.121373032432235e-12  7.121373032432235e-12  0
-1.657283840024157e-07  3.782109128701102e-12  3.782109128701102e-12  3.782109128701102e-12  3.782109128701102e-12  0
-1.512177928067889e-07  1.900953233660311e-12  1.900953233660311e-12  1.900953233660311e-12  1.900953233660311e-12  0
-1.379776976587405e-07  9.141705461200161e-13  9.141705461200161e-13  9.141705461200161e-13  9.141705461200161e-13  0
-1.258968584175240e-07  4.260432285195731e-13  4.260432285195731e-13  4.260432285195731e-13  4.260432285195731e-13  0
-1.148737747357103e-07  3.089404166491574e-13  3.089404166491574e-13  3.089404166491574e-13  3.089404166491574e-13  0
-1.048158332773291e-07  -6.710349195582049e-13  -6.710349195582049e-13  -6.710349195582049e-13  -6.710349195582049e-13  0
-9.563852960257586e-08  -1.128035979958074e-12  -1.128035979958074e-12  -1.128035979958074e-12  -1.128035979958074e-12  0
-8.726475818154038e-08  -1.200520846231099e-12  -1.200520846231099e-12  -1.200520846231099e-12  -1.200520846231099e-12  0
-7.962416457182352e-08  -1.044439855934215e-12  -1.044439855934215e-12  -1.044439855934215e-12  -1.044439855934215e-12  0
-7.265255431719029e-08  -2.064563297383888e-11  -2.064563297383888e-11  -2.064563297383888e-11  -2.064563297383888e-11  0
-6.629135360096627e-08  -1.333778203889934e-11  -1.333778203889934e-11  -1.333778203889934e-11  -1.333778203889934e-11  0
-6.048711712271557e-08  -9.101047804181500e-12  -9.101047804181500e-12  -9.101047804181500e-12  -9.101047804181500e-12  0
-5.519107906349619e-08  -6.591322672203926e-12  -6.591322672203926e-12  -6.591322672203926e-12  -6.591322672203926e-12  0
-5.035874336700961e-08  -4.934389224166972e-12  -4.934389224166972e-12  -4.934389224166972e-12  -4.934389224166972e-12  0
-4.594950989428412e-08  -1.939874369491880e-12  -1.939874369491880e-12  -1.939874369491880e-12  -1.939874369491880e-12  0
-4.192633331093166e-08  8.257709006271467e-13  8.257709006271467e-13  8.257709006271467e-13  8.257709006271467e-13  0
-3.825541184103035e-08  2.197625282040588e-12  2.197625282040588e-12  2.197625282040588e-12  2.197625282040588e-12  0
-3.490590327261615e-08  2.544977491905033e-12  2.544977491905033e-12  2.544977491905033e-12  2.544977491905033e-12  0
-3.184966582872941e-08  2.278675578338708e-12  2.278675578338708e-12  2.278675578338708e-12  2.278675578338708e-12  0
-2.906102172687611e-08  -5.178853627739828e-11  -5.178853627739828e-11  -5.178853627739828e-11  -5.178853627739828e-11  0
-2.651654144038651e-08  -3.135492089214460e-11  -3.135492089214460e-11  -3.135492089214460e-11  -3.135492089214460e-11  0
-2.419484684908623e-08  -1.844401283569729e-11  -1.844401283569729e-11  -1.844401283569729e-11  -1.844401283569729e-11  0
-2.207643162539847e-08  -1.040940556819973e-11  -1.040940556819973e-11  -1.040940556819973e-11  -1.040940556819973e-11  0
-2.014349734680384e-08  -5.475990402600410e-12  -5.475990402600410e-12  -5.475990402600410e-12  -5.475990402600410e-12  0
-1.837980395771364e-08  -7.355861992436538e-12  -7.355861992436538e-12  -7.355861992436538e-12  -7.355861992436538e-12  0
-1.677053332437266e-08  1.250020297023283e-12  1.250020297023283e-12  1.250020297023283e-12  1.250020297023283e-12  0
-1.530216473641213e-08  5.687728775919332e-12  5.687728775919332e-12  5.687728775919332e-12  5.687728775919332e-12  0
-1.396236130904646e-08  7.056829577075092e-12  7.056829577075092e-12  7.056829577075092e-12  7.056829577075092e-12  0
-1.273986633149176e-08  6.562464773756830e-12  6.562464773756830e-12  6.562464773756830e-12  6.562464773756830e-12  0
-1.162440869075045e-08  -1.301602947463919e-10  -1.301602947463919e-10  -1.301602947463919e-10  -1.301602947463919e-10  0
-1.060661657615460e-08  -7.274911617783091e-11  -7.274911617783091e-11  -7.274911617783091e-11  -7.274911617783091e-11  0
-9.677938739634492e-09  -3.794882356445572e-11  -3.794882356445572e-11  -3.794882356445572e-11  -3.794882356445572e-11  0
-8.830572650159389e-09  -1.773037690935455e-11  -1.773037690935455e-11  -1.773037690935455e-11  -1.773037690935455e-11  0
-8.057398938721539e-09  -6.512553334219547e-12  -6.512553334219547e-12  -6.512553334219547e-12  -6.512553334219547e-12  0
-7.351921583085459e-09  -2.794320856862377e-11  -2.794320856862377e-11  -2.794320856862377e-11  -2.794320856862377e-11  0
-6.708213329749065e-09  -2.439713939199556e-12  -2.439713939199556e-12  -2.439713939199556e-12  -2.439713939199556e-12  0
-6.120865894564855e-09  1.119677579332039e-11  1.119677579332039e-11  1.119677579332039e-11  1.119677579332039e-11  0
-5.584944523618584e-09  1.609772187911464e-11  1.609772187911464e-11  1.609772187911464e-11  1.609772187911464e-11  0
-5.095946532596706e-09  1.565089456121408e-11  1.565089456121408e-11  1.565089456121408e-11  1.565089456121408e-11  0
-4.649763476300179e-09  -2.668558887753801e-10  -2.668558887753801e-10  -2.668558887753801e-10  -2.668558887753801e-10  0
-4.242646630461842e-09  -1.431853726013172e-10  -1.431853726013172e-10  -1.431853726013172e-10  -1.431853726013172e-10  0
-3.871175495853797e-09  -6.785206919923691e-11  -6.785206919923691e-11  -6.785206919923691e-11  -6.785206919923691e-11  0
-3.532229060063756e-09  -2.440630448018655e-11  -2.440630448018655e-11  -2.440630448018655e-11  -2.440630448018655e-11  0
-3.222959575488616e-09  -1.215487953550946e-12  -1.215487953550946e-12  -1.215487953550946e-12  -1.215487953550946e-12  0
-2.940768633234184e-09  7.889790097169055e-12  7.889790097169055e-12  7.889790097169055e-12  7.889790097169055e-12  0
-2.683285331899626e-09  4.227059183236514e-11  4.227059183236514e-11  4.227059183236514e-11  4.227059183236514e-11  0
-2.448346357825942e-09  5.707038386797630e-11  5.707038386797630e-11  5.707038386797630e-11  5.707038386797630e-11  0
-2.233977809447434e-09  5.743717885762101e-11  5.743717885762101e-11  5.743717885762101e-11  5.743717885762101e-11  0
-2.038378613038682e-09  4.928840552764346e-11  4.928840552764346e-11  4.928840552764346e-11  4.928840552764346e-11  0
-1.859905390520071e-09  -6.196708702727220e-10  -6.196708702727220e-10  -6.196708702727220e-10  -6.196708702727220e-10  0
-1.697058652184737e-09  -3.310965518231503e-10  -3.310965518231503e-10  -3.310965518231503e-10  -3.310965518231503e-10  0
-1.548470198341519e-09  -1.580315013775708e-10  -1.580315013775708e-10  -1.580315013775708e-10  -1.580315013775708e-10  0
-1.412891624025502e-09  -5.993764358890367e-11  -5.993764358890367e-11  -5.993764358890367e-11  -5.993764358890367e-11  0
-1.289183830195446e-09  -8.307136838543392e-12  -8.307136838543392e-12  -8.307136838543392e-12  -8.307136838543392e-12  0
-1.176307453293673e-09  -9.768372363032052e-11  -9.768372363032052e-11  -9.768372363032052e-11  -9.768372363032052e-11  0
-1.073314132759850e-09  1.304633549351069e-11  1.304633549351069e-11  1.304633549351069e-11  1.304633549351069e-11  0
-9.793385431303769e-10  7.043419442623010e-11  7.043419442623010e-11  7.043419442623010e-11  7.043419442623010e-11  0
-8.935911237789734e-10  8.852798588932917e-11  8.852798588932917e-11  8.852798588932917e-11  8.852798588932917e-11  0
-8.153514452154729e-10  8.271142190815885e-11  8.271142190815885e-11  8.271142190815885e-11  8.271142190815885e-11  0
-7.439621562080285e-10  2.431800342860218e-10  2.431800342860218e-10  2.431800342860218e-10  2.431800342860218e-10  0
-6.788234608738945e-10  3.448891011016585e-10  3.448891011016585e-10  3.448891011016585e-10  3.448891011016585e-10  0
-6.193880793366075e-10  3.905376737638486e-10  3.905376737638486e-10  3.905376737638486e-10  3.905376737638486e-10  0
-5.651566496102009e-10  3.882404015332746e-10  3.882404015332746e-10  3.882404015332746e-10  3.882404015332746e-10  0
-5.156735320781784e-10  3.499596368036618e-10  3.499596368036618e-10  3.499596368036618e-10  3.499596368036618e-10  0
-4.705229813174694e-10  4.398181623785946e-12  4.398181623785946e-12  4.398181623785946e-12  4.398181623785946e-12  0
-4.293256531039402e-10  4.083561804859949e-12  4.083561804859949e-12  4.083561804859949e-12  4.083561804859949e-12  0
-3.917354172521507e-10  3.775158326904569e-12  3.775158326904569e-12  3.775158326904569e-12  3.775158326904569e-12  0
-3.574364495115894e-10  3.459318734307444e-12  3.459318734307444e-12  3.459318734307444e-12  3.459318734307444e-12  0
-3.261405780861892e-10  3.139365945258467e-12  3.139365945258467e-12  3.139365945258467e-12  3.139365945258467e-12  0
3.261405780861892e-10  3.139372761647457e-12  3.139372761647457e-12  3.139372761647457e-12  3.139372761647457e-12  0
3.574364495115894e-10  3.459326051877440e-12  3.459326051877440e-12  3.459326051877440e-12  3.459326051877440e-12  0
3.917354172521507e-10  3.775165866030813e-12  3.775165866030813e-12  3.775165866030813e-12  3.775165866030813e-12  0
4.293256531039402e-10  4.083569106664059e-12  4.083569106664059e-12  4.083569106664059e-12  4.083569106664059e-12  0
4.705229813174694e-10  4.398188064257357e-12  4.398188064257357e-12  4.398188064257357e-12  4.398188064257357e-12  0
5.156735320781784e-10  3.414732360992438e-10  3.414732360992438e-10  3.414732360992438e-10  3.414732360992438e-10  0
5.651566496102009e-10  3.773508003239458e-10  3.773508003239458e-10  3.773508003239458e-10  3.773508003239458e-10  0
6.193880793366075e-10  3.800541924343768e-10  3.800541924343768e-10  3.800541924343768e-10  3.800541924343768e-10  0
6.788234608738945e-10  3.413139454179983e-10  3.413139454179983e-10  3.413139454179983e-10  3.413139454179983e-10  0
7.439621562080285e-10  2.579089991454931e-10  2.579089991454931e-10  2.579089991454931e-10  2.579089991454931e-10  0
8.153514452154729e-10  8.835986342198053e-11  8.835986342198053e-11  8.835986342198053e-11  8.835986342198053e-11  0
8.935911237789734e-10  9.549168257741931e-11  9.549168257741931e-11  9.549168257741931e-11  9.549168257741931e-11  0
9.793385431303769e-10  7.805954135163811e-11  7.805954135163811e-11  7.805954135163811e-11  7.805954135163811e-11  0
1.073314132759850e-09  2.016407751134837e-11  2.016407751134837e-11  2.016407751134837e-11  2.016407751134837e-11  0
1.176307453293673e-09  -9.266525488908151e-11  -9.266525488908151e-11  -9.266525488908151e-11  -9.266525488908151e-11  0
1.289183830195446e-09  -9.686504153118029e-12  -9.686504153118029e-12  -9.686504153118029e-12  -9.686504153118029e-12  0
1.412891624025502e-09  -6.305382042356451e-11  -6.305382042356451e-11  -6.305382042356451e-11  -6.305382042356451e-11  0
1.548470198341519e-09  -1.653531687783269e-10  -1.653531687783269e-10  -1.653531687783269e-10  -1.653531687783269e-10  0
1.697058652184737e-09  -3.473125795678994e-10  -3.473125795678994e-10  -3.473125795678994e-10  -3.473125795678994e-10  0
1.859905390520071e-09  -6.525772291067800e-10  -6.525772291067800e-10  -6.525772291067800e-10  -6.525772291067800e-10  0
2.038378613038682e-09  4.744694633914075e-11  4.744694633914075e-11  4.744694633914075e-11  4.744694633914075e-11  0
2.233977809447434e-09  5.513413244044629e-11  5.513413244044629e-11  5.513413244044629e-11  5.513413244044629e-11  0
2.448346357825942e-09  5.447777431900624e-11  5.447777431900624e-11  5.447777431900624e-11  5.447777431900624e-11  0
2.683285331899626e-09  3.970375283348928e-11  3.970375283348928e-11  3.970375283348928e-11  3.970375283348928e-11  0
2.940768633234184e-09  5.777214091934929e-12  5.777214091934929e-12  5.777214091934929e-12  5.777214091934929e-12  0
3.222959575488616e-09  9.062102895974153e-13  9.062102895974153e-13  9.062102895974153e-13  9.062102895974153e-13  0
3.532229060063756e-09  -2.150432270620914e-11  -2.150432270620914e-11  -2.150432270620914e-11  -2.150432270620914e-11  0
3.871175495853797e-09  -6.395780894669359e-11  -6.395780894669359e-11  -6.395780894669359e-11  -6.395780894669359e-11  0
4.242646630461842e-09  -1.379322878163915e-10  -1.379322878163915e-10  -1.379322878163915e-10  -1.379322878163915e-10  0
4.649763476300179e-09  -2.595992775242969e-10  -2.595992775242969e-10  -2.595992775242969e-10  -2.595992775242969e-10  0
5.095946532596706e-09  1.581592704165468e-11  1.581592704165468e-11  1.581592704165468e-11  1.581592704165468e-11  0
5.584944523618584e-09  1.626072167219233e-11  1.626072167219233e-11  1.626072167219233e-11  1.626072167219233e-11  0
6.120865894564855e-09  1.128648611188461e-11  1.128648611188461e-11  1.128648611188461e-11  1.128648611188461e-11  0
6.708213329749065e-09  -2.539379692507696e-12  -2.539379692507696e-12  -2.539379692507696e-12  -2.539379692507696e-12  0
7.351921583085459e-09  -2.838993760217176e-11  -2.838993760217176e-11  -2.838993760217176e-11  -2.838993760217176e-11  0
8.057398938721539e-09  -6.439456873576144e-12  -6.439456873576144e-12  -6.439456873576144e-12  -6.439456873576144e-12  0
8.830572650159389e-09  -1.766876749325286e-11  -1.766876749325286e-11  -1.766876749325286e-11  -1.766876749325286e-11  0
9.677938739634492e-09  -3.798889816048911e-11  -3.798889816048911e-11  -3.798889816048911e-11  -3.798889816048911e-11  0
1.060661657615460e-08  -7.306152992156035e-11  -7.306152992156035e-11  -7.306152992156035e-11  -7.306152992156035e-11  0
1.162440869075045e-08  -1.310221805148980e-10  -1.310221805148980e-10  -1.310221805148980e-10  -1.310221805148980e-10  0
1.273986633149176e-08  6.710667807177178e-12  6.710667807177178e-12  6.710667807177178e-12  6.710667807177178e-12  0
1.396236130904646e-08  7.244158696791890e-12  7.244158696791890e-12  7.244158696791890e-12  7.244158696791890e-12  0
1.530216473641213e-08  5.902587587161061e-12  5.902587587161061e-12  5.902587587161061e-12  5.902587587161061e-12  0
1.677053332437266e-08  1.470431475874753e-12  1.470431475874753e-12  1.470431475874753e-12  1.470431475874753e-12  0
1.837980395771364e-08  -7.159745976956205e-12  -7.159745976956205e-12  -7.159745976956205e-12  -7.159745976956205e-12  0
2.014349734680384e-08  -6.039861895243105e-12  -6.039861895243105e-12  -6.039861895243105e-12  -6.039861895243105e-12  0
2.207643162539847e-08  -1.113053732939543e-11  -1.113053732939543e-11  -1.113053732939543e-11  -1.113053732939543e-11  0
2.419484684908623e-08  -1.933047736156497e-11  -1.933047736156497e-11  -1.933047736156497e-11  -1.933047736156497e-11  0
2.651654144038651e-08  -3.242405204796065e-11  -3.242405204796065e-11  -3.242405204796065e-11  -3.242405204796065e-11  0
2.906102172687611e-08  -5.308588760551143e-11  -5.308588760551143e-11  -5.308588760551143e-11  -5.308588760551143e-11  0
3.184966582872941e-08  2.066119299624986e-12  2.066119299624986e-12  2.066119299624986e-12  2.066119299624986e-12  0
3.490590327261615e-08  2.280481593523196e-12  2.280481593523196e-12  2.280481593523196e-12  2.280481593523196e-12  0
3.825541184103035e-08  1.903694394498236e-12  1.903694394498236e-12  1.903694394498236e-12  1.903694394498236e-12  0
4.192633331093166e-08  5.432136217352554e-13  5.432136217352554e-13  5.432136217352554e-13  5.432136217352554e-13  0
4.594950989428412e-08  -2.155472684951095e-12  -2.155472684951095e-12  -2.155472684951095e-12  -2.155472684951095e-12  0
5.035874336700961e-08  -4.631046407184033e-12  -4.631046407184033e-12  -4.631046407184033e-12  -4.631046407184033e-12  0
5.519107906349619e-08  -6.188648500105968e-12  -6.188648500105968e-12  -6.188648500105968e-12  -6.188648500105968e-12  0
6.048711712271557e-08  -8.569397356658274e-12  -8.569397356658274e-12  -8.569397356658274e-12  -8.569397356658274e-12  0
6.629135360096627e-08  -1.262009977796943e-11  -1.262009977796943e-11  -1.262009977796943e-11  -1.262009977796943e-11  0
7.265255431719029e-08  -1.963849356319969e-11  -1.963849356319969e-11  -1.963849356319969e-11  -1.963849356319969e-11  0
7.962416457182352e-08  -9.667921618682489e-13  -9.667921618682489e-13  -9.667921618682489e-13  -9.667921618682489e-13  0
8.726475818154038e-08  -1.107888918905543e-12  -1.107888918905543e-12  -1.107888918905543e-12  -1.107888918905543e-12  0
9.563852960257586e-08  -1.032980841346976e-12  -1.032980841346976e-12  -1.032980841346976e-12  -1.032980841346976e-12  0
1.048158332773291e-07  -5.952152582337712e-13  -5.952152582337712e-13  -5.952152582337712e-13  -5.952152582337712e-13  0
1.148737747357103e-07  3.360446003583457e-13  3.360446003583457e-13  3.360446003583457e-13  3.360446003583457e-13  0
1.258968584175240e-07  2.720685288195899e-13  2.720685288195899e-13  2.720685288195899e-13  2.720685288195899e-13  0
1.379776976587405e-07  7.051029781358703e-13  7.051029781358703e-13  7.051029781358703e-13  7.051029781358703e-13  0
1.512177928067889e-07  1.624540827458048e-12  1.624540827458048e-12  1.624540827458048e-12  1.624540827458048e-12  0
1.657283840024157e-07  3.418358146334925e-12  3.418358146334925e-12  3.418358146334925e-12  3.418358146334925e-12  0
1.816313857929757e-07  6.635133032927055e-12  6.635133032927055e-12  6.635133032927055e-12  6.635133032927055e-12  0
1.990604114295588e-07  -2.144063587380283e-13  -2.144063587380283e-13  -2.144063587380283e-13  -2.144063587380283e-13  0
2.181618954538510e-07  -2.649763372501754e-13  -2.649763372501754e-13  -2.649763372501754e-13  -2.649763372501754e-13  0
2.390963240064397e-07  -3.000411828152440e-13  -3.000411828152440e-13  -3.000411828152440e-13  -3.000411828152440e-13  0
2.620395831933229e-07  -3.068238730325267e-13  -3.068238730325267e-13  -3.068238730325267e-13  -3.068238730325267e-13  0
2.871844368392758e-07  -2.754490039724685e-13  -2.754490039724685e-13  -2.754490039724685e-13  -2.754490039724685e-13  0
3.147421460438101e-07  -3.274642876131306e-13  -3.274642876131306e-13  -3.274642876131306e-13  -3.274642876131306e-13  0
3.449442441468511e-07  -2.498770624795045e-13  -2.498770624795045e-13  -2.498770624795045e-13  -2.498770624795045e-13  0
3.780444820169723e-07  -5.446736873558700e-14  -5.446736873558700e-14  -5.446736873558700e-14  -5.446736873558700e-14  0
4.143209600060391e-07  3.067305768474291e-13  3.067305768474291e-13  3.067305768474291e-13  3.067305768474291e-13  0
4.540784644824392e-07  8.944458704805463e-13  8.944458704805463e-13  8.944458704805463e-13  8.944458704805463e-13  0
4.976510285738970e-07  -2.519011172395030e-13  -2.519011172395030e-13  -2.519011172395030e-13  -2.519011172395030e-13  0
5.454047386346274e-07  -2.932959924103354e-13  -2.932959924103354e-13  -2.932959924103354e-13  -2.932959924103354e-13  0
5.977408100160992e-07  -2.819926267793870e-13  -2.819926267793870e-13  -2.819926267793870e-13  -2.819926267793870e-13  0
6.550989579833072e-07  -1.812272562906054e-13  -1.812272562906054e-13  -1.812272562906054e-13  -1.812272562906054e-13  0
7.179610920981894e-07  4.147567731246780e-14  4.147567731246780e-14  4.147567731246780e-14  4.147567731246780e-14  0
7.868553651095252e-07  3.019088895064383e-13  3.019088895064383e-13  3.019088895064383e-13  3.019088895064383e-13  0
8.623606103671279e-07  4.234113004385725e-13  4.234113004385725e-13  4.234113004385725e-13  4.234113004385725e-13  0
9.451112050424309e-07  6.129590854210178e-13  6.129590854210178e-13  6.129590854210178e-13  6.129590854210178e-13  0
1.035802400015098e-06  9.316491882438178e-13  9.316491882438178e-13  9.316491882438178e-13  9.316491882438178e-13  0
1.135196161206098e-06  1.472977066349900e-12  1.472977066349900e-12  1.472977066349900e-12  1.472977066349900e-12  0
1.244127571434742e-06  4.512425633554744e-14  4.512425633554744e-14  4.512425633554744e-14  4.512425633554744e-14  0
1.363511846586568e-06  5.134325143788426e-14  5.134325143788426e-14  5.134325143788426e-14  5.134325143788426e-14  0
1.494352025040248e-06  4.747668282263210e-14  4.747668282263210e-14  4.747668282263210e-14  4.747668282263210e-14  0
1.637747394958268e-06  2.660900930987732e-14  2.660900930987732e-14  2.660900930987732e-14  2.660900930987732e-14  0
1.794902730245473e-06  -1.749661326525860e-14  -1.749661326525860e-14  -1.749661326525860e-14  -1.749661326525860e-14  0
1.967138412773813e-06  -7.595438876583398e-14  -7.595438876583398e-14  -7.595438876583398e-14  -7.595438876583398e-14  0
2.155901525917819e-06  -1.106060028943291e-13  -1.106060028943291e-13  -1.106060028943291e-13  -1.106060028943291e-13  0
2.362778012606077e-06  -1.596519577036662e-13  -1.596519577036662e-13  -1.596519577036662e-13  -1.596519577036662e-13  0
2.589506000037745e-06  -2.325614603710001e-13  -2.325614603710001e-13  -2.325614603710001e-13  -2.325614603710001e-13  0
2.837990403015245e-06  -3.448166707036083e-13  -3.448166707036083e-13  -3.448166707036083e-13  -3.448166707036083e-13  0
3.110318928586857e-06  -3.862379638417365e-15  -3.862379638417365e-15  -3.862379638417365e-15  -3.862379638417365e-15  0
3.408779616466421e-06  -4.446237341435169e-15  -4.446237341435169e-15  -4.446237341435169e-15  -4.446237341435169e-15  0
3.735880062600620e-06  -4.676682166945225e-15  -4.676682166945225e-15  -4.676682166945225e-15  -4.676682166945225e-15  0
4.094368487395670e-06  -4.364213513168730e-15  -4.364213513168730e-15  -4.364213513168730e-15  -4.364213513168730e-15  0
4.487256825613684e-06  -3.388933257589241e-15  -3.388933257589241e-15  -3.388933257589241e-15  -3.388933257589241e-15  0
4.917846031934533e-06  -1.064557475024328e-14  -1.064557475024328e-14  -1.064557475024328e-14  -1.064557475024328e-14  0
5.389753814794549e-06  -9.826459954131679e-15  -9.826459954131679e-15  -9.826459954131679e-15  -9.826459954131679e-15  0
5.906945031515193e-06  -5.983472676808119e-15  -5.983472676808119e-15  -5.983472676808119e-15  -5.983472676808119e-15  0
6.473765000094363e-06  2.218973627712746e-15  2.218973627712746e-15  2.218973627712746e-15  2.218973627712746e-15  0
7.094976007538114e-06  1.613828311221104e-14  1.613828311221104e-14  1.613828311221104e-14  1.613828311221104e-14  0
7.775797321467140e-06  4.769900348889401e-17  4.769900348889401e-17  4.769900348889401e-17  4.769900348889401e-17  0
8.521949041166052e-06  1.690762334667490e-15  1.690762334667490e-15  1.690762334667490e-15  1.690762334667490e-15  0
9.339700156501548e-06  5.205424958668713e-15  5.205424958668713e-15  5.205424958668713e-15  5.205424958668713e-15  0
1.023592121848917e-05  1.156851704950282e-14  1.156851704950282e-14  1.156851704950282e-14  1.156851704950282e-14  0
1.121814206403421e-05  2.171841453260152e-14  2.171841453260152e-14  2.171841453260152e-14  2.171841453260152e-14  0
1.229461507983633e-05  3.409070690348691e-15  3.409070690348691e-15  3.409070690348691e-15  3.409070690348691e-15  0
1.347438453698637e-05  6.813784616886629e-15  6.813784616886629e-15  6.813784616886629e-15  6.813784616886629e-15  0
1.476736257878798e-05  1.248225141069273e-14  1.248225141069273e-14  1.248225141069273e-14  1.248225141069273e-14  0
1.618441250023591e-05  2.168775696412770e-14  2.168775696412770e-14  2.168775696412770e-14  2.168775696412770e-14  0
1.773744001884528e-05  3.640602077330664e-14  3.640602077330664e-14  3.640602077330664e-14  3.640602077330664e-14  0
1.943949330366785e-05  -5.147127837824741e-16  -5.147127837824741e-16  -5.147127837824741e-16  -5.147127837824741e-16  0
2.130487260291513e-05  -5.663179555465444e-16  -5.663179555465444e-16  -5.663179555465444e-16  -5.663179555465444e-16  0
2.334925039125387e-05  -2.678699163915047e-16  -2.678699163915047e-16  -2.678699163915047e-16  -2.678699163915047e-16  0
2.558980304622294e-05  7.296831989714136e-16  7.296831989714136e-16  7.296831989714136e-16  7.296831989714136e-16  0
2.804535516008552e-05  2.853824552278020e-15  2.853824552278020e-15  2.853824552278020e-15  2.853824552278020e-15  0
3.073653769959083e-05  -2.123397974545044e-15  -2.123397974545044e-15  -2.123397974545044e-15  -2.123397974545044e-15  0
3.368596134246593e-05  -2.595766900822439e-15  -2.595766900822439e-15  -2.595766900822439e-15  -2.595766900822439e-15  0
3.691840644696995e-05  -2.540661915052284e-15  -2.540661915052284e-15  -2.540661915052284e-15  -2.540661915052284e-15  0
4.046103125058977e-05  -1.339096657130288e-15  -1.339096657130288e-15  -1.339096657130288e-15  -1.339096657130288e-15  0
4.434360004711321e-05  1.873890702996341e-15  1.873890702996341e-15  1.873890702996341e-15  1.873890702996341e-15  0
4.859873325916964e-05  -5.801656088914878e-16  -5.801656088914878e-16  -5.801656088914878e-16  -5.801656088914878e-16  0
5.326218150728783e-05  -7.288268554878202e-16  -7.288268554878202e-16  -7.288268554878202e-16  -7.288268554878202e-16  0
5.837312597813469e-05  -8.670444840047210e-16  -8.670444840047210e-16  -8.670444840047210e-16  -8.670444840047210e-16  0
6.397450761555734e-05  -1.003938903127849e-15  -1.003938903127849e-15  -1.003938903127849e-15  -1.003938903127849e-15  0
7.011338790021381e-05  -1.184476215640093e-15  -1.184476215640093e-15  -1.184476215640093e-15  -1.184476215640093e-15  0
7.684134424897707e-05  -3.065810736799187e-15  -3.065810736799187e-15  -3.065810736799187e-15  -3.065810736799187e-15  0
8.421490335616483e-05  -3.793716583972064e-15  -3.793716583972064e-15  -3.793716583972064e-15  -3.793716583972064e-15  0
9.229601611742488e-05  -4.237918902655975e-15  -4.237918902655975e-15  -4.237918902655975e-15  -4.237918902655975e-15  0
1.011525781264744e-04  -4.099613571695274e-15  -4.099613571695274e-15  -4.099613571695274e-15  -4.099613571695274e-15  0
1.108590001177830e-04  -3.035346293569443e-15  -3.035346293569443e-15  -3.035346293569443e-15  -3.035346293569443e-15  0
1.214968331479241e-04  -4.173975106620937e-16  -4.173975106620937e-16  -4.173975106620937e-16  -4.173975106620937e-16  0
1.331554537682195e-04  -4.389730049826908e-16  -4.389730049826908e-16  -4.389730049826908e-16  -4.389730049826908e-16  0
1.459328149453367e-04  -2.795981877532184e-16  -2.795981877532184e-16  -2.795981877532184e-16  -2.795981877532184e-16  0
1.599362690388933e-04  2.269218619229230e-16  2.269218619229230e-16  2.269218619229230e-16  2.269218619229230e-16  0
1.752834697505345e-04  1.285987422244237e-15  1.285987422244237e-15  1.285987422244237e-15  1.285987422244237e-15  0
1.921033606224427e-04  1.762342421969182e-15  1.762342421969182e-15  1.762342421969182e-15  1.762342421969182e-15  0
2.105372583904121e-04  2.626117982413816e-15  2.626117982413816e-15  2.626117982413816e-15  2.626117982413816e-15  0
2.307400402935622e-04  3.749043589255621e-15  3.749043589255621e-15  3.749043589255621e-15  3.749043589255621e-15  0
2.528814453161860e-04  5.210799798259218e-15  5.210799798259218e-15  5.210799798259218e-15  5.210799798259218e-15  0
2.771475002944575e-04  7.174814148850032e-15  7.174814148850032e-15  7.174814148850032e-15  7.174814148850032e-15  0
3.037420828698102e-04  1.406518792001945e-16  1.406518792001945e-16  1.406518792001945e-16  1.406518792001945e-16  0
3.328886344205489e-04  2.481083627915339e-16  2.481083627915339e-16  2.481083627915339e-16  2.481083627915339e-16  0
3.648320373633417e-04  3.857086770933219e-16  3.857086770933219e-16  3.857086770933219e-16  3.857086770933219e-16  0
3.998406725972333e-04  5.364126552337472e-16  5.364126552337472e-16  5.364126552337472e-16  5.364126552337472e-16  0
4.382086743763362e-04  6.623160060764764e-16  6.623160060764764e-16  6.623160060764764e-16  6.623160060764764e-16  0
4.802584015561067e-04  4.592169095348925e-16  4.592169095348925e-16  4.592169095348925e-16  4.592169095348925e-16  0
5.263431459760303e-04  6.701535532389681e-16  6.701535532389681e-16  6.701535532389681e-16  6.701535532389681e-16  0
5.768501007339055e-04  8.794830977297681e-16  8.794830977297681e-16  8.794830977297681e-16  8.794830977297681e-16  0
6.322036132904651e-04  1.026432517601584e-15  1.026432517601584e-15  1.026432517601584e-15  1.026432517601584e-15  0
6.928687507361440e-04  1.024765580732654e-15  1.024765580732654e-15  1.024765580732654e-15  1.024765580732654e-15  0
7.593552071745256e-04  1.610825995636921e-16  1.610825995636921e-16  1.610825995636921e-16  1.610825995636921e-16  0
8.322215860513723e-04  2.603437954726619e-16  2.603437954726619e-16  2.603437954726619e-16  2.603437954726619e-16  0
9.120800934083544e-04  4.037352905415427e-16  4.037352905415427e-16  4.037352905415427e-16  4.037352905415427e-16  0
9.996016814930835e-04  6.013458830461535e-16  6.013458830461535e-16  6.013458830461535e-16  6.013458830461535e-16  0
1.095521685940841e-03  8.555134520777818e-16  8.555134520777818e-16  8.555134520777818e-16  8.555134520777818e-16  0
1.200646003890267e-03  2.198034225305006e-16  2.198034225305006e-16  2.198034225305006e-16  2.198034225305006e-16  0
1.315857864940076e-03  3.207407234191771e-16  3.207407234191771e-16  3.207407234191771e-16  3.207407234191771e-16  0
1.442125251834764e-03  4.176579532409916e-16  4.176579532409916e-16  4.176579532409916e-16  4.176579532409916e-16  0
1.580509033226163e-03  4.757786276504616e-16  4.757786276504616e-16  4.757786276504616e-16  4.757786276504616e-16  0
1.732171876840360e-03  4.427610744151523e-16  4.427610744151523e-16  4.427610744151523e-16  4.427610744151523e-16  0
1.898388017936314e-03  1.996787817153370e-17  1.996787817153370e-17  1.996787817153370e-17  1.996787817153370e-17  0
2.080553965128431e-03  4.199730739528020e-17  4.199730739528020e-17  4.199730739528020e-17  4.199730739528020e-17  0
2.280200233520886e-03  7.712228591899686e-17  7.712228591899686e-17  7.712228591899686e-17  7.712228591899686e-17  0
2.499004203732709e-03  1.275282568823311e-16  1.275282568823311e-16  1.275282568823311e-16  1.275282568823311e-16  0
2.738804214852102e-03  1.907867451793275e-16  1.907867451793275e-16  1.907867451793275e-16  1.907867451793275e-16  0
3.001615009725670e-03  6.656141400986742e-17  6.656141400986742e-17  6.656141400986742e-17  6.656141400986742e-17  0
3.289644662350192e-03  9.128893226725949e-17  9.128893226725949e-17  9.128893226725949e-17  9.128893226725949e-17  0
3.605313129586913e-03  1.099924595586071e-16  1.099924595586071e-16  1.099924595586071e-16  1.099924595586071e-16  0
3.951272583065411e-03  1.077062414574325e-16  1.077062414574325e-16  1.077062414574325e-16  1.077062414574325e-16  0
4.330429692100904e-03  6.073153129113048e-17  6.073153129113048e-17  6.073153129113048e-17  6.073153129113048e-17  0
4.745970044840788e-03  3.728644464425774e-17  3.728644464425774e-17  3.728644464425774e-17  3.728644464425774e-17  0
5.201384912821080e-03  4.763678663213867e-17  4.763678663213867e-17  4.763678663213867e-17  4.763678663213867e-17  0
5.700500583802218e-03  6.120567962121472e-17  6.120567962121472e-17  6.120567962121472e-17  6.120567962121472e-17  0
6.247510509331775e-03  8.061241629870833e-17  8.061241629870833e-17  8.061241629870833e-17  8.061241629870833e-17  0
6.847010537130258e-03  1.086381432403620e-16  1.086381432403620e-16  1.086381432403620e-16  1.086381432403620e-16  0
7.504037524314174e-03  1.110651154219206e-17  1.110651154219206e-17  1.110651154219206e-17  1.110651154219206e-17  0
8.224111655875478e-03  1.026944736022443e-17  1.026944736022443e-17  1.026944736022443e-17  1.026944736022443e-17  0
9.013282823967282e-03  2.200851562837375e-18  2.200851562837375e-18  2.200851562837375e-18  2.200851562837375e-18  0
9.878181457663525e-03  -1.950470289648328e-17  -1.950470289648328e-17  -1.950470289648328e-17  -1.950470289648328e-17  0
1.082607423025226e-02  -6.360196703544100e-17  -6.360196703544100e-17  -6.360196703544100e-17  -6.360196703544100e-17  0
1.186492511210197e-02  -5.345904511238498e-18  -5.345904511238498e-18  -5.345904511238498e-18  -5.345904511238498e-18  0
1.300346228205270e-02  -1.061079161650109e-17  -1.061079161650109e-17  -1.061079161650109e-17  -1.061079161650109e-17  0
1.425125145950555e-02  -1.982870420730609e-17  -1.982870420730609e-17  -1.982870420730609e-17  -1.982870420730609e-17  0
1.561877627332944e-02  -3.568612046503875e-17  -3.568612046503875e-17  -3.568612046503875e-17  -3.568612046503875e-17  0
1.711752634282565e-02  -6.216064433483235e-17  -6.216064433483235e-17  -6.216064433483235e-17  -6.216064433483235e-17  0
1.876009381078543e-02  -6.690931017189385e-18  -6.690931017189385e-18  -6.690931017189385e-18  -6.690931017189385e-18  0
2.056027913968870e-02  -1.090980674481139e-17  -1.090980674481139e-17  -1.090980674481139e-17  -1.090980674481139e-17  0
2.253320705991821e-02  -1.689297095997948e-17  -1.689297095997948e-17  -1.689297095997948e-17  -1.689297095997948e-17  0
2.469545364415881e-02  -2.552918136785076e-17  -2.552918136785076e-17  -2.552918136785076e-17  -2.552918136785076e-17  0
2.706518557563065e-02  -3.837126812140254e-17  -3.837126812140254e-17  -3.837126812140254e-17  -3.837126812140254e-17  0
2.966231278025492e-02  1.220163989435123e-17  1.220163989435123e-17  1.220163989435123e-17  1.220163989435123e-17  0
3.250865570513176e-02  1.177109637253087e-17  1.177109637253087e-17  1.177109637253087e-17  1.177109637253087e-17  0
3.562812864876387e-02  8.845942405114521e-18  8.845942405114521e-18  8.845942405114521e-18  8.845942405114521e-18  0
3.904694068332360e-02  2.637864870099591e-18  2.637864870099591e-18  2.637864870099591e-18  2.637864870099591e-18  0
4.279381585706412e-02  -7.599166207065749e-18  -7.599166207065749e-18  -7.599166207065749e-18  -7.599166207065749e-18  0
4.690023452696358e-02  1.282076217782083e-17  1.282076217782083e-17  1.282076217782083e-17  1.282076217782083e-17  0
5.140069784922174e-02  1.438799135492865e-17  1.438799135492865e-17  1.438799135492865e-17  1.438799135492865e-17  0
5.633301764979550e-02  1.443477956351369e-17  1.443477956351369e-17  1.443477956351369e-17  1.443477956351369e-17  0
6.173863411039702e-02  1.208614093437837e-17  1.208614093437837e-17  1.208614093437837e-17  1.208614093437837e-17  0
6.766296393907660e-02  6.714693248617669e-18  6.714693248617669e-18  6.714693248617669e-18  6.714693248617669e-18  0
7.415578195063731e-02  3.194203205753205e-17  3.194203205753205e-17  3.194203205753205e-17  3.194203205753205e-17  0
8.127163926282939e-02  3.191554944713996e-17  3.191554944713996e-17  3.191554944713996e-17  3.191554944713996e-17  0
8.907032162190968e-02  2.595416697526077e-17  2.595416697526077e-17  2.595416697526077e-17  2.595416697526077e-17  0
9.761735170830900e-02  1.185498854686942e-17  1.185498854686942e-17  1.185498854686942e-17  1.185498854686942e-17  0
1.069845396426603e-01  -1.273024811435819e-17  -1.273024811435819e-17  -1.273024811435819e-17  -1.273024811435819e-17  0
1.172505863174089e-01  4.199649496014476e+00  4.199649496014476e+00  4.199649496014476e+00  4.199649496014476e+00  0
1.285017446230543e-01  3.848456095491376e+00  3.848456095491376e+00  3.848456095491376e+00  3.848456095491376e+00  0
1.408325441244888e-01  3.255857752568450e+00  3.255857752568450e+00  3.255857752568450e+00  3.255857752568450e+00  0
1.543465852759926e-01  2.543153768044473e+00  2.543153768044473e+00  2.543153768044473e+00  2.543153768044473e+00  0
1.691574098476915e-01  1.834188860131022e+00  1.834188860131022e+00  1.834188860131022e+00  1.834188860131022e+00  0
1.853894548765933e-01  2.027433114070018e+00  2.027433114070018e+00  2.027433114070018e+00  2.027433114070018e+00  0
2.031790981570735e-01  2.772438514501765e+00  2.772438514501765e+00  2.772438514501765e+00  2.772438514501765e+00  0
2.226758040547742e-01  3.499470998300822e+00  3.499470998300822e+00  3.499470998300822e+00  3.499470998300822e+00  0
2.440433792707725e-01  4.077383181689490e+00  4.077383181689490e+00  4.077383181689490e+00  4.077383181689490e+00  0
2.674613491066508e-01  4.385430667710621e+00  4.385430667710621e+00  4.385430667710621e+00  4.385430667710621e+00  0
2.931264657935224e-01  1.264481183989771e-01  1.264481183989771e-01  1.264481183989771e-01  1.264481183989771e-01  0
3.212543615576359e-01  2.583942777863071e-01  2.583942777863071e-01  2.583942777863071e-01  2.583942777863071e-01  0
3.520813603112219e-01  4.872961639045163e-01  4.872961639045163e-01  4.872961639045163e-01  4.872961639045163e-01  0
3.858664631899815e-01  8.482027467773028e-01  8.482027467773028e-01  8.482027467773028e-01  8.482027467773028e-01  0
4.228935246192289e-01  1.362801584969653e+00  1.362801584969653e+00  1.362801584969653e+00  1.362801584969653e+00  0
4.634736371914833e-01  8.662000996876693e-04  8.662000996876693e-04  8.662000996876693e-04  8.662000996876693e-04  0
5.079477453926837e-01  2.949987798439649e-03  2.949987798439649e-03  2.949987798439649e-03  2.949987798439649e-03  0
5.566895101369356e-01  8.729090854895271e-03  8.729090854895271e-03  8.729090854895271e-03  8.729090854895271e-03  0
6.101084481769313e-01  2.322173453119509e-02  2.322173453119509e-02  2.322173453119509e-02  2.322173453119509e-02  0
6.686533727666270e-01  5.633034415502724e-02  5.633034415502724e-02  5.633034415502724e-02  5.633034415502724e-02  0
7.328161644838057e-01  -5.793909678997656e-06  -5.793909678997656e-06  -5.793909678997656e-06  -5.793909678997656e-06  0
8.031359038940895e-01  -7.788584334153603e-06  -7.788584334153603e-06  -7.788584334153603e-06  -7.788584334153603e-06  0
8.802034007780546e-01  -1.270561717754493e-07  -1.270561717754493e-07  -1.270561717754493e-07  -1.270561717754493e-07  0
9.646661579749534e-01  5.163730710803748e-05  5.163730710803748e-05  5.163730710803748e-05  5.163730710803748e-05  0
1.057233811548072e+00  2.615957604916297e-04  2.615957604916297e-04  2.615957604916297e-04  2.615957604916297e-04  0
1.158684092978708e+00  1.782195659138794e-10  1.782195659138794e-10  1.782195659138794e-10  1.782195659138794e-10  0
1.269869363481709e+00  1.212166216949722e-09  1.212166216949722e-09  1.212166216949722e-09  1.212166216949722e-09  0
1.391723775342339e+00  7.610714230033078e-09  7.610714230033078e-09  7.610714230033078e-09  7.610714230033078e-09  0
1.525271120442328e+00  4.411081649124298e-08  4.411081649124298e-08  4.411081649124298e-08  4.411081649124298e-08  0
1.671633431916567e+00  2.360050085671877e-07  2.360050085671877e-07  2.360050085671877e-07  2.360050085671877e-07  0
1.832040411209514e+00  3.688041197029588e-15  3.688041197029588e-15  3.688041197029588e-15  3.688041197029588e-15  0
2.007839759735224e+00  3.742177592756341e-14  3.742177592756341e-14  3.742177592756341e-14  3.742177592756341e-14  0
2.200508501945136e+00  3.505146145201054e-13  3.505146145201054e-13  3.505146145201054e-13  3.505146145201054e-13  0
2.411665394937383e+00  3.030705506086951e-12  3.030705506086951e-12  3.030705506086951e-12  3.030705506086951e-12  0
2.643084528870179e+00  2.419010101588916e-11  2.419010101588916e-11  2.419010101588916e-11  2.419010101588916e-11  0
