-1.832040411209515e+00  2.593222329096994e-04  2.593222329096994e-04  2.593222329096994e-04  2.593222329096994e-04  0
-1.671633431916567e+00  1.214764453317444e-04  1.214764453317444e-04  1.214764453317444e-04  1.214764453317444e-04  0
-1.525271120442328e+00  5.799192252884469e-05  5.799192252884469e-05  5.799192252884469e-05  5.799192252884469e-05  0
-1.391723775342339e+00  2.819914945078302e-05  2.819914945078302e-05  2.819914945078302e-05  2.819914945078302e-05  0
-1.269869363481709e+00  1.377040398150624e-05  1.377040398150624e-05  1.377040398150624e-05  1.377040398150624e-05  0
-1.158684092978708e+00  9.171058905623157e-03  9.171058905623157e-03  9.171058905623157e-03  9.171058905623157e-03  0
-1.057233811548072e+00  5.675899029670496e-03  5.675899029670496e-03  5.675899029670496e-03  5.675899029670496e-03  0
-9.646661579749534e-01  3.252606933484271e-03  3.252606933484271e-03  3.252606933484271e-03  3.252606933484271e-03  0
-8.802034007780547e-01  1.727603171074466e-03  1.727603171074466e-03  1.727603171074466e-03  1.727603171074466e-03  0
-8.031359038940895e-01  8.518042155321365e-04  8.518042155321365e-04  8.518042155321365e-04  8.518042155321365e-04  0
-7.328161644838057e-01  3.294908487297273e-02  3.294908487297273e-02  3.294908487297273e-02  3.294908487297273e-02  0
-6.686533727666266e-01  2.920596785734726e-02  2.920596785734726e-02  2.920596785734726e-02  2.920596785734726e-02  0
-6.101084481769311e-01  2.431820865686861e-02  2.431820865686861e-02  2.431820865686861e-02  2.431820865686861e-02  0
-5.566895101369354e-01  1.886687263354673e-02  1.886687263354673e-02  1.886687263354673e-02  1.886687263354673e-02  0
-5.079477453926834e-01  1.358549174910317e-02  1.358549174910317e-02  1.358549174910317e-02  1.358549174910317e-02  0
-4.634736371914831e-01  6.914511772904046e-02  6.914511772904046e-02  6.914511772904046e-02  6.914511772904046e-02  0
-4.228935246192287e-01  4.900843065268085e-02  4.900843065268085e-02  4.900843065268085e-02  4.900843065268085e-02  0
-3.858664631899813e-01  3.628140741331965e-02  3.628140741331965e-02  3.628140741331965e-02  3.628140741331965e-02  0
-3.520813603112218e-01  2.879906017662168e-02  2.879906017662168e-02  2.879906017662168e-02  2.879906017662168e-02  0
-3.212543615576358e-01  2.432687188900450e-02  2.432687188900450e-02  2.432687188900450e-02  2.432687188900450e-02  0
-2.931264657935223e-01  3.088483476355290e-01  3.088483476355290e-01  3.088483476355290e-01  3.088483476355290e-01  0
-2.674613491066506e-01  2.443052542462504e-01  2.443052542462504e-01  2.443052542462504e-01  2.443052542462504e-01  0
-2.440433792707724e-01  1.865771978488737e-01  1.865771978488737e-01  1.865771978488737e-01  1.865771978488737e-01  0
-2.226758040547742e-01  1.358325437317859e-01  1.358325437317859e-01  1.358325437317859e-01  1.358325437317859e-01  0
-2.031790981570734e-01  9.350907204518770e-02  9.350907204518770e-02  9.350907204518770e-02  9.350907204518770e-02  0
-1.853894548765933e-01  1.034946983951970e+00  1.034946983951970e+00  1.034946983951970e+00  1.034946983951970e+00  0
-1.691574098476915e-01  8.026691770780986e-01  8.026691770780986e-01  8.026691770780986e-01  8.026691770780986e-01  0
-1.543465852759925e-01  6.212490323199489e-01  6.212490323199489e-01  6.212490323199489e-01  6.212490323199489e-01  0
-1.408325441244888e-01  4.842370236382346e-01  4.842370236382346e-01  4.842370236382346e-01  4.842370236382346e-01  0
-1.285017446230543e-01  3.805359372680246e-01  3.805359372680246e-01  3.805359372680246e-01  3.805359372680246e-01  0
-1.172505863174089e-01  2.624459720463700e+00  2.624459720463700e+00  2.624459720463700e+00  2.624459720463700e+00  0
-1.069845396426603e-01  2.310099846252786e+00  2.310099846252786e+00  2.310099846252786e+00  2.310099846252786e+00  0
-9.761735170830897e-02  1.968115380355979e+00  1.968115380355979e+00  1.968115380355979e+00  1.968115380355979e+00  0
-8.907032162190966e-02  1.609965390458049e+00  1.609965390458049e+00  1.609965390458049e+00  1.609965390458049e+00  0
-8.127163926282936e-02  1.257201887872115e+00  1.257201887872115e+00  1.257201887872115e+00  1.257201887872115e+00  0
-7.415578195063730e-02  3.909749126974085e+00  3.909749126974085e+00  3.909749126974085e+00  3.909749126974085e+00  0
-6.766296393907659e-02  3.674601536447876e+00  3.674601536447876e+00  3.674601536447876e+00  3.674601536447876e+00  0
-6.173863411039701e-02  3.416888500349433e+00  3.416888500349433e+00  3.416888500349433e+00  3.416888500349433e+00  0
-5.633301764979549e-02  3.143405888342857e+00  3.143405888342857e+00  3.143405888342857e+00  3.143405888342857e+00  0
-5.140069784922172e-02  2.852456439078814e+00  2.852456439078814e+00  2.852456439078814e+00  2.852456439078814e+00  0
-4.690023452696357e-02  3.967124445981118e+00  3.967124445981118e+00  3.967124445981118e+00  3.967124445981118e+00  0
-4.279381585706411e-02  4.024893495977543e+00  4.024893495977543e+00  4.024893495977543e+00  4.024893495977543e+00  0
-3.904694068332359e-02  4.010473068131678e+00  4.010473068131678e+00  4.010473068131678e+00  4.010473068131678e+00  0
-3.562812864876386e-02  3.889653320561010e+00  3.889653320561010e+00  3.889653320561010e+00  3.889653320561010e+00  0
-3.250865570513174e-02  3.646193925926509e+00  3.646193925926509e+00  3.646193925926509e+00  3.646193925926509e+00  0
-2.966231278025492e-02  3.918807560443764e+00  3.918807560443764e+00  3.918807560443764e+00  3.918807560443764e+00  0
-2.706518557563063e-02  3.768042865014972e+00  3.768042865014972e+00  3.768042865014972e+00  3.768042865014972e+00  0
-2.469545364415880e-02  3.610276230816911e+00  3.610276230816911e+00  3.610276230816911e+00  3.610276230816911e+00  0
-2.253320705991820e-02  3.446748084512498e+00  3.446748084512498e+00  3.446748084512498e+00  3.446748084512498e+00  0
-2.056027913968869e-02  3.260372575620077e+00  3.260372575620077e+00  3.260372575620077e+00  3.260372575620077e+00  0
-1.876009381078543e-02  4.429446754269028e+00  4.429446754269028e+00  4.429446754269028e+00  4.429446754269028e+00  0
-1.711752634282564e-02  4.295191309993744e+00  4.295191309993744e+00  4.295191309993744e+00  4.295191309993744e+00  0
-1.561877627332944e-02  4.116396465656180e+00  4.116396465656180e+00  4.116396465656180e+00  4.116396465656180e+00  0
-1.425125145950554e-02  3.868748841957420e+00  3.868748841957420e+00  3.868748841957420e+00  3.868748841957420e+00  0
-1.300346228205270e-02  3.540032078949354e+00  3.540032078949354e+00  3.540032078949354e+00  3.540032078949354e+00  0
-1.186492511210197e-02  5.135925724392433e+00  5.135925724392433e+00  5.135925724392433e+00  5.135925724392433e+00  0
-1.082607423025225e-02  4.978819905140639e+00  4.978819905140639e+00  4.978819905140639e+00  4.978819905140639e+00  0
-9.878181457663521e-03  4.764715072356358e+00  4.764715072356358e+00  4.764715072356358e+00  4.764715072356358e+00  0
-9.013282823967279e-03  4.532607539782905e+00  4.532607539782905e+00  4.532607539782905e+00  4.532607539782905e+00  0
-8.224111655875475e-03  4.300384888965397e+00  4.300384888965397e+00  4.300384888965397e+00  4.300384888965397e+00  0
-7.504037524314171e-03  3.953077535558431e+00  3.953077535558431e+00  3.953077535558431e+00  3.953077535558431e+00  0
-6.847010537130257e-03  4.388199999642515e+00  4.388199999642515e+00  4.388199999642515e+00  4.388199999642515e+00  0
-6.247510509331774e-03  4.746357620420266e+00  4.746357620420266e+00  4.746357620420266e+00  4.746357620420266e+00  0
-5.700500583802218e-03  4.965951783840634e+00  4.965951783840634e+00  4.965951783840634e+00  4.965951783840634e+00  0
-5.201384912821079e-03  5.012612103167733e+00  5.012612103167733e+00  5.012612103167733e+00  5.012612103167733e+00  0
-4.745970044840788e-03  2.979245269563441e+00  2.979245269563441e+00  2.979245269563441e+00  2.979245269563441e+00  0
-4.330429692100902e-03  2.901264608963982e+00  2.901264608963982e+00  2.901264608963982e+00  2.901264608963982e+00  0
-3.951272583065410e-03  2.942691259756313e+00  2.942691259756313e+00  2.942691259756313e+00  2.942691259756313e+00  0
-3.605313129586913e-03  3.131845625284561e+00  3.131845625284561e+00  3.131845625284561e+00  3.131845625284561e+00  0
-3.289644662350191e-03  3.449531253070766e+00  3.449531253070766e+00  3.449531253070766e+00  3.449531253070766e+00  0
-3.001615009725671e-03  2.841733744663317e+00  2.841733744663317e+00  2.841733744663317e+00  2.841733744663317e+00  0
-2.738804214852105e-03  3.056201074659514e+00  3.056201074659514e+00  3.056201074659514e+00  3.056201074659514e+00  0
-2.499004203732712e-03  3.169415330744292e+00  3.169415330744292e+00  3.169415330744292e+00  3.169415330744292e+00  0
-2.280200233520889e-03  3.149579555498707e+00  3.149579555498707e+00  3.149579555498707e+00  3.149579555498707e+00  0
-2.080553965128434e-03  3.013570976999680e+00  3.013570976999680e+00  3.013570976999680e+00  3.013570976999680e+00  0
-1.898388017936316e-03  2.810972434539937e+00  2.810972434539937e+00  2.810972434539937e+00  2.810972434539937e+00  0
-1.732171876840362e-03  2.585914959338598e+00  2.585914959338598e+00  2.585914959338598e+00  2.585914959338598e+00  0
-1.580509033226165e-03  2.468900761257665e+00  2.468900761257665e+00  2.468900761257665e+00  2.468900761257665e+00  0
-1.442125251834766e-03  2.497385656951286e+00  2.497385656951286e+00  2.497385656951286e+00  2.497385656951286e+00  0
-1.315857864940077e-03  2.650446455342723e+00  2.650446455342723e+00  2.650446455342723e+00  2.650446455342723e+00  0
-1.200646003890268e-03  2.892279692641428e+00  2.892279692641428e+00  2.892279692641428e+00  2.892279692641428e+00  0
-1.095521685940842e-03  3.120457542205561e+00  3.120457542205561e+00  3.120457542205561e+00  3.120457542205561e+00  0
-9.996016814930845e-04  3.233899825175121e+00  3.233899825175121e+00  3.233899825175121e+00  3.233899825175121e+00  0
-9.120800934083555e-04  3.187218741726053e+00  3.187218741726053e+00  3.187218741726053e+00  3.187218741726053e+00  0
-8.322215860513732e-04  2.998567542941240e+00  2.998567542941240e+00  2.998567542941240e+00  2.998567542941240e+00  0
-7.593552071745265e-04  3.047259554923493e+00  3.047259554923493e+00  3.047259554923493e+00  3.047259554923493e+00  0
-6.928687507361448e-04  2.732509613602924e+00  2.732509613602924e+00  2.732509613602924e+00  2.732509613602924e+00  0
-6.322036132904660e-04  2.541538066621341e+00  2.541538066621341e+00  2.541538066621341e+00  2.541538066621341e+00  0
-5.768501007339063e-04  2.527777006354604e+00  2.527777006354604e+00  2.527777006354604e+00  2.527777006354604e+00  0
-5.263431459760308e-04  2.673957287099163e+00  2.673957287099163e+00  2.673957287099163e+00  2.673957287099163e+00  0
-4.802584015561073e-04  3.191563312509473e+00  3.191563312509473e+00  3.191563312509473e+00  3.191563312509473e+00  0
-4.382086743763368e-04  3.472088248415713e+00  3.472088248415713e+00  3.472088248415713e+00  3.472088248415713e+00  0
-3.998406725972339e-04  3.619205753975270e+00  3.619205753975270e+00  3.619205753975270e+00  3.619205753975270e+00  0
-3.648320373633422e-04  3.570957478368680e+00  3.570957478368680e+00  3.570957478368680e+00  3.570957478368680e+00  0
-3.328886344205493e-04  3.342266114189593e+00  3.342266114189593e+00  3.342266114189593e+00  3.342266114189593e+00  0
-3.037420828698106e-04  3.252812714387880e+00  3.252812714387880e+00  3.252812714387880e+00  3.252812714387880e+00  0
-2.771475002944579e-04  2.931579600081563e+00  2.931579600081563e+00  2.931579600081563e+00  2.931579600081563e+00  0
-2.528814453161864e-04  2.739334045152138e+00  2.739334045152138e+00  2.739334045152138e+00  2.739334045152138e+00  0
-2.307400402935626e-04  2.742324409306923e+00  2.742324409306923e+00  2.742324409306923e+00  2.742324409306923e+00  0
-2.105372583904124e-04  2.928325689452203e+00  2.928325689452203e+00  2.928325689452203e+00  2.928325689452203e+00  0
-1.921033606224429e-04  3.262264709322203e+00  3.262264709322203e+00  3.262264709322203e+00  3.262264709322203e+00  0
-1.752834697505347e-04  3.581213083016977e+00  3.581213083016977e+00  3.581213083016977e+00  3.581213083016977e+00  0
-1.599362690388935e-04  3.770276733849314e+00  3.770276733849314e+00  3.770276733849314e+00  3.770276733849314e+00  0
-1.459328149453369e-04  3.756464434751337e+00  3.756464434751337e+00  3.756464434751337e+00  3.756464434751337e+00  0
-1.331554537682197e-04  3.546898876492631e+00  3.546898876492631e+00  3.546898876492631e+00  3.546898876492631e+00  0
-1.214968331479242e-04  3.311948352822622e+00  3.311948352822622e+00  3.311948352822622e+00  3.311948352822622e+00  0
-1.108590001177832e-04  2.980542232391621e+00  2.980542232391621e+00  2.980542232391621e+00  2.980542232391621e+00  0
-1.011525781264745e-04  2.777464186587954e+00  2.777464186587954e+00  2.777464186587954e+00  2.777464186587954e+00  0
-9.229601611742502e-05  2.776883218441563e+00  2.776883218441563e+00  2.776883218441563e+00  2.776883218441563e+00  0
-8.421490335616494e-05  2.973326829728692e+00  2.973326829728692e+00  2.973326829728692e+00  2.973326829728692e+00  0
-7.684134424897716e-05  3.279304097709599e+00  3.279304097709599e+00  3.279304097709599e+00  3.279304097709599e+00  0
-7.011338790021387e-05  3.611309035287991e+00  3.611309035287991e+00  3.611309035287991e+00  3.611309035287991e+00  0
-6.397450761555741e-05  3.815366690984615e+00  3.815366690984615e+00  3.815366690984615e+00  3.815366690984615e+00  0
-5.837312597813476e-05  3.813633017348932e+00  3.813633017348932e+00  3.813633017348932e+00  3.813633017348932e+00  0
-5.326218150728788e-05  3.609014016030634e+00  3.609014016030634e+00  3.609014016030634e+00  3.609014016030634e+00  0
-4.859873325916970e-05  3.333661593100480e+00  3.333661593100480e+00  3.333661593100480e+00  3.333661593100480e+00  0
-4.434360004711327e-05  2.997482818928008e+00  2.997482818928008e+00  2.997482818928008e+00  2.997482818928008e+00  0
-4.046103125058982e-05  2.788707960382312e+00  2.788707960382312e+00  2.788707960382312e+00  2.788707960382312e+00  0
-3.691840644697001e-05  2.784658895017157e+00  2.784658895017157e+00  2.784658895017157e+00  2.784658895017157e+00  0
-3.368596134246598e-05  2.982803680169513e+00  2.982803680169513e+00  2.982803680169513e+00  2.982803680169513e+00  0
-3.073653769959087e-05  3.284779459242853e+00  3.284779459242853e+00  3.284779459242853e+00  3.284779459242853e+00  0
-2.804535516008556e-05  3.621804971217423e+00  3.621804971217423e+00  3.621804971217423e+00  3.621804971217423e+00  0
-2.558980304622297e-05  3.831789362775786e+00  3.831789362775786e+00  3.831789362775786e+00  3.831789362775786e+00  0
-2.334925039125391e-05  3.834910501857474e+00  3.834910501857474e+00  3.834910501857474e+00  3.834910501857474e+00  0
-2.130487260291516e-05  3.632253672044396e+00  3.632253672044396e+00  3.632253672044396e+00  3.632253672044396e+00  0
-1.943949330366788e-05  3.342137831548287e+00  3.342137831548287e+00  3.342137831548287e+00  3.342137831548287e+00  0
-1.773744001884531e-05  3.003956649361353e+00  3.003956649361353e+00  3.003956649361353e+00  3.003956649361353e+00  0
-1.618441250023593e-05  2.792724352935032e+00  2.792724352935032e+00  2.792724352935032e+00  2.792724352935032e+00  0
-1.476736257878800e-05  2.787026972440067e+00  2.787026972440067e+00  2.787026972440067e+00  2.787026972440067e+00  0
-1.347438453698639e-05  2.985545347507245e+00  2.985545347507245e+00  2.985545347507245e+00  2.985545347507245e+00  0
-1.229461507983635e-05  3.286814122437490e+00  3.286814122437490e+00  3.286814122437490e+00  3.286814122437490e+00  0
-1.121814206403422e-05  3.625826204973842e+00  3.625826204973842e+00  3.625826204973842e+00  3.625826204973842e+00  0
-1.023592121848919e-05  3.838180723389138e+00  3.838180723389138e+00  3.838180723389138e+00  3.838180723389138e+00  0
-9.339700156501563e-06  3.843259116344468e+00  3.843259116344468e+00  3.843259116344468e+00  3.843259116344468e+00  0
-8.521949041166063e-06  3.641401074361279e+00  3.641401074361279e+00  3.641401074361279e+00  3.641401074361279e+00  0
-7.775797321467151e-06  3.345543303063540e+00  3.345543303063540e+00  3.345543303063540e+00  3.345543303063540e+00  0
-7.094976007538122e-06  3.006542105795347e+00  3.006542105795347e+00  3.006542105795347e+00  3.006542105795347e+00  0
-6.473765000094370e-06  2.794296526546236e+00  2.794296526546236e+00  2.794296526546236e+00  2.794296526546236e+00  0
-5.906945031515201e-06  2.787900154364167e+00  2.787900154364167e+00  2.787900154364167e+00  2.787900154364167e+00  0
-5.389753814794556e-06  2.986524921551311e+00  2.986524921551311e+00  2.986524921551311e+00  2.986524921551311e+00  0
-4.917846031934539e-06  3.287649335925710e+00  3.287649335925710e+00  3.287649335925710e+00  3.287649335925710e+00  0
-4.487256825613690e-06  3.627457356203142e+00  3.627457356203142e+00  3.627457356203142e+00  3.627457356203142e+00  0
-4.094368487395675e-06  3.840762664497299e+00  3.840762664497299e+00  3.840762664497299e+00  3.840762664497299e+00  0
-3.735880062600625e-06  3.846625942942942e+00  3.846625942942942e+00  3.846625942942942e+00  3.846625942942942e+00  0
-3.408779616466425e-06  3.645085600570019e+00  3.645085600570019e+00  3.645085600570019e+00  3.645085600570019e+00  0
-3.110318928586861e-06  3.346955051365661e+00  3.346955051365661e+00  3.346955051365661e+00  3.346955051365661e+00  0
-2.837990403015249e-06  3.007617977902685e+00  3.007617977902685e+00  3.007617977902685e+00  3.007617977902685e+00  0
-2.589506000037748e-06  2.794959202007654e+00  2.794959202007654e+00  2.794959202007654e+00  2.794959202007654e+00  0
-2.362778012606080e-06  2.788276783040474e+00  2.788276783040474e+00  2.788276783040474e+00  2.788276783040474e+00  0
-2.155901525917822e-06  2.986940065051307e+00  2.986940065051307e+00  2.986940065051307e+00  2.986940065051307e+00  0
-1.967138412773816e-06  3.288033127986804e+00  3.288033127986804e+00  3.288033127986804e+00  3.288033127986804e+00  0
-1.794902730245476e-06  3.628164536792452e+00  3.628164536792452e+00  3.628164536792452e+00  3.628164536792452e+00  0
-1.637747394958270e-06  3.841853623334755e+00  3.841853623334755e+00  3.841853623334755e+00  3.841853623334755e+00  0
-1.494352025040250e-06  3.848031268248972e+00  3.848031268248972e+00  3.848031268248972e+00  3.848031268248972e+00  0
-1.363511846586570e-06  3.646614872312846e+00  3.646614872312846e+00  3.646614872312846e+00  3.646614872312846e+00  0
-1.244127571434744e-06  3.347574814866822e+00  3.347574814866822e+00  3.347574814866822e+00  3.347574814866822e+00  0
-1.135196161206100e-06  3.008097346972182e+00  3.008097346972182e+00  3.008097346972182e+00  3.008097346972182e+00  0
-1.035802400015099e-06  2.795269028820113e+00  2.795269028820113e+00  2.795269028820113e+00  2.795269028820113e+00  0
-9.451112050424321e-07  2.788471060392459e+00  2.788471060392459e+00  2.788471060392459e+00  2.788471060392459e+00  0
-8.623606103671289e-07  2.987151902159234e+00  2.987151902159234e+00  2.987151902159234e+00  2.987151902159234e+00  0
-7.868553651095264e-07  3.288240886708290e+00  3.288240886708290e+00  3.288240886708290e+00  3.288240886708290e+00  0
-7.179610920981903e-07  3.628507246187981e+00  3.628507246187981e+00  3.628507246187981e+00  3.628507246187981e+00  0
-6.550989579833081e-07  3.842353411763328e+00  3.842353411763328e+00  3.842353411763328e+00  3.842353411763328e+00  0
-5.977408100161000e-07  3.848656959709238e+00  3.848656959709238e+00  3.848656959709238e+00  3.848656959709238e+00  0
-5.454047386346280e-07  3.647286804190236e+00  3.647286804190236e+00  3.647286804190236e+00  3.647286804190236e+00  0
-4.976510285738977e-07  3.347878661623948e+00  3.347878661623948e+00  3.347878661623948e+00  3.347878661623948e+00  0
-4.540784644824398e-07  3.008339287941359e+00  3.008339287941359e+00  3.008339287941359e+00  3.008339287941359e+00  0
-4.143209600060397e-07  2.795439472021603e+00  2.795439472021603e+00  2.795439472021603e+00  2.795439472021603e+00  0
-3.780444820169729e-07  2.788595005311089e+00  2.788595005311089e+00  2.788595005311089e+00  2.788595005311089e+00  0
-3.449442441468515e-07  2.987286012728482e+00  2.987286012728482e+00  2.987286012728482e+00  2.987286012728482e+00  0
-3.147421460438105e-07  3.288378957730856e+00  3.288378957730856e+00  3.288378957730856e+00  3.288378957730856e+00  0
-2.871844368392761e-07  3.628704983750223e+00  3.628704983750223e+00  3.628704983750223e+00  3.628704983750223e+00  0
-2.620395831933232e-07  3.842617562573646e+00  3.842617562573646e+00  3.842617562573646e+00  3.842617562573646e+00  0
-2.390963240064400e-07  3.848971583549481e+00  3.848971583549481e+00  3.848971583549481e+00  3.848971583549481e+00  0
-2.181618954538512e-07  3.647616548667263e+00  3.647616548667263e+00  3.647616548667263e+00  3.647616548667263e+00  0
-1.990604114295591e-07  3.348056281326064e+00  3.348056281326064e+00  3.348056281326064e+00  3.348056281326064e+00  0
-1.816313857929760e-07  3.008486445238826e+00  3.008486445238826e+00  3.008486445238826e+00  3.008486445238826e+00  0
-1.657283840024159e-07  2.795554443319289e+00  2.795554443319289e+00  2.795554443319289e+00  2.795554443319289e+00  0
-1.512177928067892e-07  2.788691235666660e+00  2.788691235666660e+00  2.788691235666660e+00  2.788691235666660e+00  0
-1.379776976587407e-07  2.987389609034484e+00  2.987389609034484e+00  2.987389609034484e+00  2.987389609034484e+00  0
-1.258968584175242e-07  3.288489269913319e+00  3.288489269913319e+00  3.288489269913319e+00  3.288489269913319e+00  0
-1.148737747357105e-07  3.628844861737673e+00  3.628844861737673e+00  3.628844861737673e+00  3.628844861737673e+00  0
-1.048158332773293e-07  3.842787586297164e+00  3.842787586297164e+00  3.842787586297164e+00  3.842787586297164e+00  0
-9.563852960257600e-08  3.849161894612703e+00  3.849161894612703e+00  3.849161894612703e+00  3.849161894612703e+00  0
-8.726475818154049e-08  3.647809514637999e+00  3.647809514637999e+00  3.647809514637999e+00  3.647809514637999e+00  0
-7.962416457182364e-08  3.348183432984031e+00  3.348183432984031e+00  3.348183432984031e+00  3.348183432984031e+00  0
-7.265255431719039e-08  3.008595719674971e+00  3.008595719674971e+00  3.008595719674971e+00  3.008595719674971e+00  0
-6.629135360096636e-08  2.795647271763562e+00  2.795647271763562e+00  2.795647271763562e+00  2.795647271763562e+00  0
-6.048711712271566e-08  2.788776448260321e+00  2.788776448260321e+00  2.788776448260321e+00  2.788776448260321e+00  0
-5.519107906349626e-08  2.987481093076010e+00  2.987481093076010e+00  2.987481093076010e+00  2.987481093076010e+00  0
-5.035874336700968e-08  3.288588496288868e+00  3.288588496288868e+00  3.288588496288868e+00  3.288588496288868e+00  0
-4.594950989428418e-08  3.628961612366198e+00  3.628961612366198e+00  3.628961612366198e+00  3.628961612366198e+00  0
-4.192633331093172e-08  3.842919967833194e+00  3.842919967833194e+00  3.842919967833194e+00  3.842919967833194e+00  0
-3.825541184103040e-08  3.849302471153026e+00  3.849302471153026e+00  3.849302471153026e+00  3.849302471153026e+00  0
-3.490590327261619e-08  3.647947726767000e+00  3.647947726767000e+00  3.647947726767000e+00  3.647947726767000e+00  0
-3.184966582872946e-08  3.348290401874702e+00  3.348290401874702e+00  3.348290401874702e+00  3.348290401874702e+00  0
-2.906102172687616e-08  3.008689846803437e+00  3.008689846803437e+00  3.008689846803437e+00  3.008689846803437e+00  0
-2.651654144038655e-08  2.795731251555537e+00  2.795731251555537e+00  2.795731251555537e+00  2.795731251555537e+00  0
-2.419484684908627e-08  2.788857266013650e+00  2.788857266013650e+00  2.788857266013650e+00  2.788857266013650e+00  0
-2.207643162539851e-08  2.987567748726193e+00  2.987567748726193e+00  2.987567748726193e+00  2.987567748726193e+00  0
-2.014349734680388e-08  3.288683286952742e+00  3.288683286952742e+00  3.288683286952742e+00  3.288683286952742e+00  0
-1.837980395771367e-08  3.629069101630629e+00  3.629069101630629e+00  3.629069101630629e+00  3.629069101630629e+00  0
-1.677053332437269e-08  3.843037260447586e+00  3.843037260447586e+00  3.843037260447586e+00  3.843037260447586e+00  0
-1.530216473641216e-08  3.849423076188788e+00  3.849423076188788e+00  3.849423076188788e+00  3.849423076188788e+00  0
-1.396236130904648e-08  3.648063872517235e+00  3.648063872517235e+00  3.648063872517235e+00  3.648063872517235e+00  0
-1.273986633149178e-08  3.348389299118882e+00  3.348389299118882e+00  3.348389299118882e+00  3.348389299118882e+00  0
-1.162440869075046e-08  3.008777917049717e+00  3.008777917049717e+00  3.008777917049717e+00  3.008777917049717e+00  0
-1.060661657615462e-08  2.795811694765391e+00  2.795811694765391e+00  2.795811694765391e+00  2.795811694765391e+00  0
-9.677938739634506e-09  2.788936329734832e+00  2.788936329734832e+00  2.788936329734832e+00  2.788936329734832e+00  0
-8.830572650159401e-09  2.987652477972464e+00  2.987652477972464e+00  2.987652477972464e+00  2.987652477972464e+00  0
-8.057398938721549e-09  3.288776287869533e+00  3.288776287869533e+00  3.288776287869533e+00  3.288776287869533e+00  0
-7.351921583085468e-09  3.629172842521357e+00  3.629172842521357e+00  3.629172842521357e+00  3.629172842521357e+00  0
-6.708213329749074e-09  3.843148408356008e+00  3.843148408356008e+00  3.843148408356008e+00  3.843148408356008e+00  0
-6.120865894564863e-09  3.849535446434780e+00  3.849535446434780e+00  3.849535446434780e+00  3.849535446434780e+00  0
-5.584944523618591e-09  3.648170683047259e+00  3.648170683047259e+00  3.648170683047259e+00  3.648170683047259e+00  0
-5.095946532596712e-09  3.348484968333965e+00  3.348484968333965e+00  3.348484968333965e+00  3.348484968333965e+00  0
-4.649763476300184e-09  3.008863566322288e+00  3.008863566322288e+00  3.008863566322288e+00  3.008863566322288e+00  0
-4.242646630461847e-09  2.795890726357154e+00  2.795890726357154e+00  2.795890726357154e+00  2.795890726357154e+00  0
-3.871175495853802e-09  2.789014696045338e+00  2.789014696045338e+00  2.789014696045338e+00  2.789014696045338e+00  0
-3.532229060063760e-09  2.987736441863157e+00  2.987736441863157e+00  2.987736441863157e+00  2.987736441863157e+00  0
-3.222959575488619e-09  3.288868510175382e+00  3.288868510175382e+00  3.288868510175382e+00  3.288868510175382e+00  0
-2.940768633234187e-09  3.629274915448389e+00  3.629274915448389e+00  3.629274915448389e+00  3.629274915448389e+00  0
-2.683285331899630e-09  3.843256687148379e+00  3.843256687148379e+00  3.843256687148379e+00  3.843256687148379e+00  0
-2.448346357825945e-09  3.849643602984992e+00  3.849643602984992e+00  3.849643602984992e+00  3.849643602984992e+00  0
-2.233977809447436e-09  3.648271865683008e+00  3.648271865683008e+00  3.648271865683008e+00  3.648271865683008e+00  0
-2.038378613038685e-09  3.348579347356673e+00  3.348579347356673e+00  3.348579347356673e+00  3.348579347356673e+00  0
-1.859905390520073e-09  3.008948251418559e+00  3.008948251418559e+00  3.008948251418559e+00  3.008948251418559e+00  0
-1.697058652184739e-09  2.795969200761851e+00  2.795969200761851e+00  2.795969200761851e+00  2.795969200761851e+00  0
-1.548470198341521e-09  2.789092793787320e+00  2.789092793787320e+00  2.789092793787320e+00  2.789092793787320e+00  0
-1.412891624025504e-09  2.987820112337274e+00  2.987820112337274e+00  2.987820112337274e+00  2.987820112337274e+00  0
-1.289183830195448e-09  3.288960088770393e+00  3.288960088770393e+00  3.288960088770393e+00  3.288960088770393e+00  0
-1.176307453293675e-09  3.629375434106545e+00  3.629375434106545e+00  3.629375434106545e+00  3.629375434106545e+00  0
-1.073314132759852e-09  3.843361662948919e+00  3.843361662948919e+00  3.843361662948919e+00  3.843361662948919e+00  0
-9.793385431303781e-10  3.849745262054233e+00  3.849745262054233e+00  3.849745262054233e+00  3.849745262054233e+00  0
-8.935911237789746e-10  3.648360897490168e+00  3.648360897490168e+00  3.648360897490168e+00  3.648360897490168e+00  0
-8.153514452154740e-10  3.348673228246420e+00  3.348673228246420e+00  3.348673228246420e+00  3.348673228246420e+00  0
-7.439621562080295e-10  3.009032578648192e+00  3.009032578648192e+00  3.009032578648192e+00  3.009032578648192e+00  0
-6.788234608738956e-10  2.796047490135532e+00  2.796047490135532e+00  2.796047490135532e+00  2.796047490135532e+00  0
-6.193880793366084e-10  2.789170831169092e+00  2.789170831169092e+00  2.789170831169092e+00  2.789170831169092e+00  0
-5.651566496102017e-10  2.987903720021925e+00  2.987903720021925e+00  2.987903720021925e+00  2.987903720021925e+00  0
-5.156735320781790e-10  3.289048091353519e+00  3.289048091353519e+00  3.289048091353519e+00  3.289048091353519e+00  0
-4.705229813174699e-10  3.629466513322600e+00  3.629466513322600e+00  3.629466513322600e+00  3.629466513322600e+00  0
-4.293256531039407e-10  3.843443956807782e+00  3.843443956807782e+00  3.843443956807782e+00  3.843443956807782e+00  0
-3.917354172521512e-10  3.849796704985805e+00  3.849796704985805e+00  3.849796704985805e+00  3.849796704985805e+00  0
-3.574364495115897e-10  3.648347177883653e+00  3.648347177883653e+00  3.648347177883653e+00  3.648347177883653e+00  0
-3.261405780861896e-10  3.348767152368256e+00  3.348767152368256e+00  3.348767152368256e+00  3.348767152368256e+00  0
-2.975848624832118e-10  3.009117071607184e+00  3.009117071607184e+00  3.009117071607184e+00  3.009117071607184e+00  0
-2.715293843495581e-10  2.796126086812403e+00  2.796126086812403e+00  2.796126086812403e+00  2.796126086812403e+00  0
-2.477552317346433e-10  2.789249299085023e+00  2.789249299085023e+00  2.789249299085023e+00  2.789249299085023e+00  0
-2.260626598440806e-10  2.987987824507093e+00  2.987987824507093e+00  2.987987824507093e+00  2.987987824507093e+00  0
2.260626598440806e-10  2.987988003827890e+00  2.987988003827890e+00  2.987988003827890e+00  2.987988003827890e+00  0
2.477552317346433e-10  2.789249446529253e+00  2.789249446529253e+00  2.789249446529253e+00  2.789249446529253e+00  0
2.715293843495581e-10  2.796126211416189e+00  2.796126211416189e+00  2.796126211416189e+00  2.796126211416189e+00  0
2.975848624832118e-10  3.009117184284829e+00  3.009117184284829e+00  3.009117184284829e+00  3.009117184284829e+00  0
3.261405780861896e-10  3.348767262067275e+00  3.348767262067275e+00  3.348767262067275e+00  3.348767262067275e+00  0
3.574364495115897e-10  3.648347453385933e+00  3.648347453385933e+00  3.648347453385933e+00  3.648347453385933e+00  0
3.917354172521512e-10  3.849796982414467e+00  3.849796982414467e+00  3.849796982414467e+00  3.849796982414467e+00  0
4.293256531039407e-10  3.843444225862043e+00  3.843444225862043e+00  3.843444225862043e+00  3.843444225862043e+00  0
4.705229813174699e-10  3.629466760479004e+00  3.629466760479004e+00  3.629466760479004e+00  3.629466760479004e+00  0
5.156735320781790e-10  3.289048305930618e+00  3.289048305930618e+00  3.289048305930618e+00  3.289048305930618e+00  0
5.651566496102017e-10  2.987904168312000e+00  2.987904168312000e+00  2.987904168312000e+00  2.987904168312000e+00  0
6.193880793366084e-10  2.789171199769830e+00  2.789171199769830e+00  2.789171199769830e+00  2.789171199769830e+00  0
6.788234608738956e-10  2.796047801636664e+00  2.796047801636664e+00  2.796047801636664e+00  2.796047801636664e+00  0
7.439621562080295e-10  3.009032860334786e+00  3.009032860334786e+00  3.009032860334786e+00  3.009032860334786e+00  0
8.153514452154740e-10  3.348673502486693e+00  3.348673502486693e+00  3.348673502486693e+00  3.348673502486693e+00  0
8.935911237789746e-10  3.648361586278480e+00  3.648361586278480e+00  3.648361586278480e+00  3.648361586278480e+00  0
9.793385431303781e-10  3.849745955632405e+00  3.849745955632405e+00  3.849745955632405e+00  3.849745955632405e+00  0
1.073314132759852e-09  3.843362335578079e+00  3.843362335578079e+00  3.843362335578079e+00  3.843362335578079e+00  0
1.176307453293675e-09  3.629376051986036e+00  3.629376051986036e+00  3.629376051986036e+00  3.629376051986036e+00  0
1.289183830195448e-09  3.288960625200950e+00  3.288960625200950e+00  3.288960625200950e+00  3.288960625200950e+00  0
1.412891624025504e-09  2.987821233033390e+00  2.987821233033390e+00  2.987821233033390e+00  2.987821233033390e+00  0
1.548470198341521e-09  2.789093715265284e+00  2.789093715265284e+00  2.789093715265284e+00  2.789093715265284e+00  0
1.697058652184739e-09  2.795969979494523e+00  2.795969979494523e+00  2.795969979494523e+00  2.795969979494523e+00  0
1.859905390520073e-09  3.008948955616823e+00  3.008948955616823e+00  3.008948955616823e+00  3.008948955616823e+00  0
2.038378613038685e-09  3.348580032939625e+00  3.348580032939625e+00  3.348580032939625e+00  3.348580032939625e+00  0
2.233977809447436e-09  3.648273587623978e+00  3.648273587623978e+00  3.648273587623978e+00  3.648273587623978e+00  0
2.448346357825945e-09  3.849645336892539e+00  3.849645336892539e+00  3.849645336892539e+00  3.849645336892539e+00  0
2.683285331899630e-09  3.843258368680773e+00  3.843258368680773e+00  3.843258368680773e+00  3.843258368680773e+00  0
2.940768633234187e-09  3.629276460108347e+00  3.629276460108347e+00  3.629276460108347e+00  3.629276460108347e+00  0
3.222959575488619e-09  3.288869851217535e+00  3.288869851217535e+00  3.288869851217535e+00  3.288869851217535e+00  0
3.532229060063760e-09  2.987739243531050e+00  2.987739243531050e+00  2.987739243531050e+00  2.987739243531050e+00  0
3.871175495853802e-09  2.789016999680900e+00  2.789016999680900e+00  2.789016999680900e+00  2.789016999680900e+00  0
4.242646630461847e-09  2.795892673138671e+00  2.795892673138671e+00  2.795892673138671e+00  2.795892673138671e+00  0
4.649763476300184e-09  3.008865326772460e+00  3.008865326772460e+00  3.008865326772460e+00  3.008865326772460e+00  0
5.095946532596712e-09  3.348486682246921e+00  3.348486682246921e+00  3.348486682246921e+00  3.348486682246921e+00  0
5.584944523618591e-09  3.648174987795165e+00  3.648174987795165e+00  3.648174987795165e+00  3.648174987795165e+00  0
6.120865894564863e-09  3.849539781093906e+00  3.849539781093906e+00  3.849539781093906e+00  3.849539781093906e+00  0
6.708213329749074e-09  3.843152612078738e+00  3.843152612078738e+00  3.843152612078738e+00  3.843152612078738e+00  0
7.351921583085468e-09  3.629176704071368e+00  3.629176704071368e+00  3.629176704071368e+00  3.629176704071368e+00  0
8.057398938721549e-09  3.288779640388315e+00  3.288779640388315e+00  3.288779640388315e+00  3.288779640388315e+00  0
8.830572650159401e-09  2.987659481962678e+00  2.987659481962678e+00  2.987659481962678e+00  2.987659481962678e+00  0
9.677938739634506e-09  2.788942088677194e+00  2.788942088677194e+00  2.788942088677194e+00  2.788942088677194e+00  0
1.060661657615462e-08  2.795816561595161e+00  2.795816561595161e+00  2.795816561595161e+00  2.795816561595161e+00  0
1.162440869075046e-08  3.008782318061987e+00  3.008782318061987e+00  3.008782318061987e+00  3.008782318061987e+00  0
1.273986633149178e-08  3.348393583789949e+00  3.348393583789949e+00  3.348393583789949e+00  3.348393583789949e+00  0
1.396236130904648e-08  3.648074634107110e+00  3.648074634107110e+00  3.648074634107110e+00  3.648074634107110e+00  0
1.530216473641216e-08  3.849433912550370e+00  3.849433912550370e+00  3.849433912550370e+00  3.849433912550370e+00  0
1.677053332437269e-08  3.843047769476904e+00  3.843047769476904e+00  3.843047769476904e+00  3.843047769476904e+00  0
1.837980395771367e-08  3.629078755253013e+00  3.629078755253013e+00  3.629078755253013e+00  3.629078755253013e+00  0
2.014349734680388e-08  3.288691668033082e+00  3.288691668033082e+00  3.288691668033082e+00  3.288691668033082e+00  0
2.207643162539851e-08  2.987585258261431e+00  2.987585258261431e+00  2.987585258261431e+00  2.987585258261431e+00  0
2.419484684908627e-08  2.788871663014189e+00  2.788871663014189e+00  2.788871663014189e+00  2.788871663014189e+00  0
2.651654144038655e-08  2.795743418328452e+00  2.795743418328452e+00  2.795743418328452e+00  2.795743418328452e+00  0
2.906102172687616e-08  3.008700849054950e+00  3.008700849054950e+00  3.008700849054950e+00  3.008700849054950e+00  0
3.184966582872946e-08  3.348301113273153e+00  3.348301113273153e+00  3.348301113273153e+00  3.348301113273153e+00  0
3.490590327261619e-08  3.647974630006434e+00  3.647974630006434e+00  3.647974630006434e+00  3.647974630006434e+00  0
3.825541184103040e-08  3.849329561306450e+00  3.849329561306450e+00  3.849329561306450e+00  3.849329561306450e+00  0
4.192633331093172e-08  3.842946239687597e+00  3.842946239687597e+00  3.842946239687597e+00  3.842946239687597e+00  0
4.594950989428418e-08  3.628985745779580e+00  3.628985745779580e+00  3.628985745779580e+00  3.628985745779580e+00  0
5.035874336700968e-08  3.288609448450274e+00  3.288609448450274e+00  3.288609448450274e+00  3.288609448450274e+00  0
5.519107906349626e-08  2.987524865866535e+00  2.987524865866535e+00  2.987524865866535e+00  2.987524865866535e+00  0
6.048711712271566e-08  2.788812439941898e+00  2.788812439941898e+00  2.788812439941898e+00  2.788812439941898e+00  0
6.629135360096636e-08  2.795677687995479e+00  2.795677687995479e+00  2.795677687995479e+00  2.795677687995479e+00  0
7.265255431719039e-08  3.008623224629530e+00  3.008623224629530e+00  3.008623224629530e+00  3.008623224629530e+00  0
7.962416457182364e-08  3.348210210777125e+00  3.348210210777125e+00  3.348210210777125e+00  3.348210210777125e+00  0
8.726475818154049e-08  3.647876770730844e+00  3.647876770730844e+00  3.647876770730844e+00  3.647876770730844e+00  0
9.563852960257600e-08  3.849229617928053e+00  3.849229617928053e+00  3.849229617928053e+00  3.849229617928053e+00  0
1.048158332773293e-07  3.842853263990787e+00  3.842853263990787e+00  3.842853263990787e+00  3.842853263990787e+00  0
1.148737747357105e-07  3.628905193601192e+00  3.628905193601192e+00  3.628905193601192e+00  3.628905193601192e+00  0
1.258968584175242e-07  3.288541648983327e+00  3.288541648983327e+00  3.288541648983327e+00  3.288541648983327e+00  0
1.379776976587407e-07  2.987499038723950e+00  2.987499038723950e+00  2.987499038723950e+00  2.987499038723950e+00  0
1.512177928067892e-07  2.788781213250123e+00  2.788781213250123e+00  2.788781213250123e+00  2.788781213250123e+00  0
1.657283840024159e-07  2.795630482482126e+00  2.795630482482126e+00  2.795630482482126e+00  2.795630482482126e+00  0
1.816313857929760e-07  3.008555206088209e+00  3.008555206088209e+00  3.008555206088209e+00  3.008555206088209e+00  0
1.990604114295591e-07  3.348123224020767e+00  3.348123224020767e+00  3.348123224020767e+00  3.348123224020767e+00  0
2.181618954538512e-07  3.647784682883126e+00  3.647784682883126e+00  3.647784682883126e+00  3.647784682883126e+00  0
2.390963240064400e-07  3.849140885490254e+00  3.849140885490254e+00  3.849140885490254e+00  3.849140885490254e+00  0
2.620395831933232e-07  3.842781751054474e+00  3.842781751054474e+00  3.842781751054474e+00  3.842781751054474e+00  0
2.871844368392761e-07  3.628855808841480e+00  3.628855808841480e+00  3.628855808841480e+00  3.628855808841480e+00  0
3.147421460438105e-07  3.288509902168447e+00  3.288509902168447e+00  3.288509902168447e+00  3.288509902168447e+00  0
3.449442441468515e-07  2.987559583315357e+00  2.987559583315357e+00  2.987559583315357e+00  2.987559583315357e+00  0
3.780444820169729e-07  2.788819947902986e+00  2.788819947902986e+00  2.788819947902986e+00  2.788819947902986e+00  0
4.143209600060397e-07  2.795629568476004e+00  2.795629568476004e+00  2.795629568476004e+00  2.795629568476004e+00  0
4.540784644824398e-07  3.008511187152415e+00  3.008511187152415e+00  3.008511187152415e+00  3.008511187152415e+00  0
4.976510285738977e-07  3.348046013701736e+00  3.348046013701736e+00  3.348046013701736e+00  3.348046013701736e+00  0
5.454047386346280e-07  3.647707118488337e+00  3.647707118488337e+00  3.647707118488337e+00  3.647707118488337e+00  0
5.977408100161000e-07  3.849080191370701e+00  3.849080191370701e+00  3.849080191370701e+00  3.849080191370701e+00  0
6.550989579833081e-07  3.842763862995191e+00  3.842763862995191e+00  3.842763862995191e+00  3.842763862995191e+00  0
7.179610920981903e-07  3.628884295056061e+00  3.628884295056061e+00  3.628884295056061e+00  3.628884295056061e+00  0
7.868553651095264e-07  3.288568240319063e+00  3.288568240319063e+00  3.288568240319063e+00  3.288568240319063e+00  0
8.623606103671289e-07  2.987835832623669e+00  2.987835832623669e+00  2.987835832623669e+00  2.987835832623669e+00  0
9.451112050424321e-07  2.789033430298347e+00  2.789033430298347e+00  2.789033430298347e+00  2.789033430298347e+00  0
1.035802400015099e-06  2.795744279432735e+00  2.795744279432735e+00  2.795744279432735e+00  2.795744279432735e+00  0
1.135196161206100e-06  3.008527093566504e+00  3.008527093566504e+00  3.008527093566504e+00  3.008527093566504e+00  0
1.244127571434744e-06  3.347993182258733e+00  3.347993182258733e+00  3.347993182258733e+00  3.347993182258733e+00  0
1.363511846586570e-06  3.647665566551635e+00  3.647665566551635e+00  3.647665566551635e+00  3.647665566551635e+00  0
1.494352025040250e-06  3.849089243930250e+00  3.849089243930250e+00  3.849089243930250e+00  3.849089243930250e+00  0
1.637747394958270e-06  3.842879666770935e+00  3.842879666770935e+00  3.842879666770935e+00  3.842879666770935e+00  0
1.794902730245476e-06  3.629107109210203e+00  3.629107109210203e+00  3.629107109210203e+00  3.629107109210203e+00  0
1.967138412773816e-06  3.288851497238613e+00  3.288851497238613e+00  3.288851497238613e+00  3.288851497238613e+00  0
2.155901525917822e-06  2.988649984401327e+00  2.988649984401327e+00  2.988649984401327e+00  2.988649984401327e+00  0
2.362778012606080e-06  2.789682847682573e+00  2.789682847682573e+00  2.789682847682573e+00  2.789682847682573e+00  0
2.589506000037748e-06  2.796147434915859e+00  2.796147434915859e+00  2.796147434915859e+00  2.796147434915859e+00  0
2.837990403015249e-06  3.008692377899534e+00  3.008692377899534e+00  3.008692377899534e+00  3.008692377899534e+00  0
3.110318928586861e-06  3.348000931022038e+00  3.348000931022038e+00  3.348000931022038e+00  3.348000931022038e+00  0
3.408779616466425e-06  3.647711872377161e+00  3.647711872377161e+00  3.647711872377161e+00  3.647711872377161e+00  0
3.735880062600625e-06  3.849270342973958e+00  3.849270342973958e+00  3.849270342973958e+00  3.849270342973958e+00  0
4.094368487395675e-06  3.843327347540426e+00  3.843327347540426e+00  3.843327347540426e+00  3.843327347540426e+00  0
4.487256825613690e-06  3.629813570881663e+00  3.629813570881663e+00  3.629813570881663e+00  3.629813570881663e+00  0
4.917846031934539e-06  3.289695248550006e+00  3.289695248550006e+00  3.289695248550006e+00  3.289695248550006e+00  0
5.389753814794556e-06  2.990800494945483e+00  2.990800494945483e+00  2.990800494945483e+00  2.990800494945483e+00  0
5.906945031515201e-06  2.791416346726558e+00  2.791416346726558e+00  2.791416346726558e+00  2.791416346726558e+00  0
6.473765000094370e-06  2.797267903625709e+00  2.797267903625709e+00  2.797267903625709e+00  2.797267903625709e+00  0
7.094976007538122e-06  3.009228430107355e+00  3.009228430107355e+00  3.009228430107355e+00  3.009228430107355e+00  0
7.775797321467151e-06  3.348157868940250e+00  3.348157868940250e+00  3.348157868940250e+00  3.348157868940250e+00  0
8.521949041166063e-06  3.647964204503845e+00  3.647964204503845e+00  3.647964204503845e+00  3.647964204503845e+00  0
9.339700156501563e-06  3.849867076452561e+00  3.849867076452561e+00  3.849867076452561e+00  3.849867076452561e+00  0
1.023592121848919e-05  3.844590078235092e+00  3.844590078235092e+00  3.844590078235092e+00  3.844590078235092e+00  0
1.121814206403422e-05  3.631715663953334e+00  3.631715663953334e+00  3.631715663953334e+00  3.631715663953334e+00  0
1.229461507983635e-05  3.291929072379002e+00  3.291929072379002e+00  3.291929072379002e+00  3.291929072379002e+00  0
1.347438453698639e-05  2.996239960098429e+00  2.996239960098429e+00  2.996239960098429e+00  2.996239960098429e+00  0
1.476736257878800e-05  2.795824554073845e+00  2.795824554073845e+00  2.795824554073845e+00  2.795824554073845e+00  0
1.618441250023593e-05  2.800158282803274e+00  2.800158282803274e+00  2.800158282803274e+00  2.800158282803274e+00  0
1.773744001884531e-05  3.010674914487527e+00  3.010674914487527e+00  3.010674914487527e+00  3.010674914487527e+00  0
1.943949330366788e-05  3.348673789558886e+00  3.348673789558886e+00  3.348673789558886e+00  3.348673789558886e+00  0
2.130487260291516e-05  3.648647731951959e+00  3.648647731951959e+00  3.648647731951959e+00  3.648647731951959e+00  0
2.334925039125391e-05  3.851413216424735e+00  3.851413216424735e+00  3.851413216424735e+00  3.851413216424735e+00  0
2.558980304622297e-05  3.847799588387731e+00  3.847799588387731e+00  3.847799588387731e+00  3.847799588387731e+00  0
2.804535516008556e-05  3.636523180645210e+00  3.636523180645210e+00  3.636523180645210e+00  3.636523180645210e+00  0
3.073653769959087e-05  3.297568944193378e+00  3.297568944193378e+00  3.297568944193378e+00  3.297568944193378e+00  0
3.368596134246598e-05  3.009583677166953e+00  3.009583677166953e+00  3.009583677166953e+00  3.009583677166953e+00  0
3.691840644697001e-05  2.806703332665105e+00  2.806703332665105e+00  2.806703332665105e+00  2.806703332665105e+00  0
4.046103125058982e-05  2.807331624287226e+00  2.807331624287226e+00  2.807331624287226e+00  2.807331624287226e+00  0
4.434360004711327e-05  3.014297210813999e+00  3.014297210813999e+00  3.014297210813999e+00  3.014297210813999e+00  0
4.859873325916970e-05  3.350001257089484e+00  3.350001257089484e+00  3.350001257089484e+00  3.350001257089484e+00  0
5.326218150728788e-05  3.649941675426399e+00  3.649941675426399e+00  3.649941675426399e+00  3.649941675426399e+00  0
5.837312597813476e-05  3.854804112331042e+00  3.854804112331042e+00  3.854804112331042e+00  3.854804112331042e+00  0
6.397450761555741e-05  3.855327059505474e+00  3.855327059505474e+00  3.855327059505474e+00  3.855327059505474e+00  0
7.011338790021387e-05  3.648084114169880e+00  3.648084114169880e+00  3.648084114169880e+00  3.648084114169880e+00  0
7.684134424897716e-05  3.311301588898517e+00  3.311301588898517e+00  3.311301588898517e+00  3.311301588898517e+00  0
8.421490335616494e-05  3.040665943455580e+00  3.040665943455580e+00  3.040665943455580e+00  3.040665943455580e+00  0
9.229601611742502e-05  2.832400391520534e+00  2.832400391520534e+00  2.832400391520534e+00  2.832400391520534e+00  0
1.011525781264745e-04  2.824333059644010e+00  2.824333059644010e+00  2.824333059644010e+00  2.824333059644010e+00  0
1.108590001177832e-04  3.022743849976883e+00  3.022743849976883e+00  3.022743849976883e+00  3.022743849976883e+00  0
1.214968331479242e-04  3.352831766080527e+00  3.352831766080527e+00  3.352831766080527e+00  3.352831766080527e+00  0
1.331554537682197e-04  3.649346064306140e+00  3.649346064306140e+00  3.649346064306140e+00  3.649346064306140e+00  0
1.459328149453369e-04  3.859211395754214e+00  3.859211395754214e+00  3.859211395754214e+00  3.859211395754214e+00  0
1.599362690388935e-04  3.870037955198922e+00  3.870037955198922e+00  3.870037955198922e+00  3.870037955198922e+00  0
1.752834697505347e-04  3.673230184252922e+00  3.673230184252922e+00  3.673230184252922e+00  3.673230184252922e+00  0
1.921033606224429e-04  3.342567449784163e+00  3.342567449784163e+00  3.342567449784163e+00  3.342567449784163e+00  0
2.105372583904124e-04  3.101242280378414e+00  3.101242280378414e+00  3.101242280378414e+00  3.101242280378414e+00  0
2.307400402935626e-04  2.885364518244904e+00  2.885364518244904e+00  2.885364518244904e+00  2.885364518244904e+00  0
2.528814453161864e-04  2.859729525726759e+00  2.859729525726759e+00  2.859729525726759e+00  2.859729525726759e+00  0
2.771475002944579e-04  3.039047944384021e+00  3.039047944384021e+00  3.039047944384021e+00  3.039047944384021e+00  0
3.037420828698106e-04  3.355896094635421e+00  3.355896094635421e+00  3.355896094635421e+00  3.355896094635421e+00  0
3.328886344205493e-04  3.604247233538419e+00  3.604247233538419e+00  3.604247233538419e+00  3.604247233538419e+00  0
3.648320373633422e-04  3.831938584218720e+00  3.831938584218720e+00  3.831938584218720e+00  3.831938584218720e+00  0
3.998406725972339e-04  3.872341880078446e+00  3.872341880078446e+00  3.872341880078446e+00  3.872341880078446e+00  0
4.382086743763368e-04  3.706418721423964e+00  3.706418721423964e+00  3.706418721423964e+00  3.706418721423964e+00  0
4.802584015561073e-04  3.397274233567749e+00  3.397274233567749e+00  3.397274233567749e+00  3.397274233567749e+00  0
5.263431459760308e-04  3.062796814975924e+00  3.062796814975924e+00  3.062796814975924e+00  3.062796814975924e+00  0
5.768501007339063e-04  2.871811978088570e+00  2.871811978088570e+00  2.871811978088570e+00  2.871811978088570e+00  0
6.322036132904660e-04  2.844855026817136e+00  2.844855026817136e+00  2.844855026817136e+00  2.844855026817136e+00  0
6.928687507361448e-04  3.008657022557554e+00  3.008657022557554e+00  3.008657022557554e+00  3.008657022557554e+00  0
7.593552071745265e-04  3.311634037855093e+00  3.311634037855093e+00  3.311634037855093e+00  3.311634037855093e+00  0
8.322215860513732e-04  3.347197693190292e+00  3.347197693190292e+00  3.347197693190292e+00  3.347197693190292e+00  0
9.120800934083555e-04  3.579715588779391e+00  3.579715588779391e+00  3.579715588779391e+00  3.579715588779391e+00  0
9.996016814930845e-04  3.659483053253074e+00  3.659483053253074e+00  3.659483053253074e+00  3.659483053253074e+00  0
1.095521685940842e-03  3.554759451248668e+00  3.554759451248668e+00  3.554759451248668e+00  3.554759451248668e+00  0
1.200646003890268e-03  3.307786676854075e+00  3.307786676854075e+00  3.307786676854075e+00  3.307786676854075e+00  0
1.315857864940077e-03  3.115559231498835e+00  3.115559231498835e+00  3.115559231498835e+00  3.115559231498835e+00  0
1.442125251834766e-03  2.889292993042288e+00  2.889292993042288e+00  2.889292993042288e+00  2.889292993042288e+00  0
1.580509033226165e-03  2.799857440744260e+00  2.799857440744260e+00  2.799857440744260e+00  2.799857440744260e+00  0
1.732171876840362e-03  2.885967594006185e+00  2.885967594006185e+00  2.885967594006185e+00  2.885967594006185e+00  0
1.898388017936316e-03  3.115931336716485e+00  3.115931336716485e+00  3.115931336716485e+00  3.115931336716485e+00  0
2.080553965128434e-03  3.475533610914602e+00  3.475533610914602e+00  3.475533610914602e+00  3.475533610914602e+00  0
2.280200233520889e-03  3.665949424878193e+00  3.665949424878193e+00  3.665949424878193e+00  3.665949424878193e+00  0
2.499004203732712e-03  3.726350007879189e+00  3.726350007879189e+00  3.726350007879189e+00  3.726350007879189e+00  0
2.738804214852105e-03  3.619250756181775e+00  3.619250756181775e+00  3.619250756181775e+00  3.619250756181775e+00  0
3.001615009725671e-03  3.371586982187917e+00  3.371586982187917e+00  3.371586982187917e+00  3.371586982187917e+00  0
3.289644662350191e-03  3.586177341532299e+00  3.586177341532299e+00  3.586177341532299e+00  3.586177341532299e+00  0
3.605313129586913e-03  3.369679360556407e+00  3.369679360556407e+00  3.369679360556407e+00  3.369679360556407e+00  0
3.951272583065410e-03  3.233255620286693e+00  3.233255620286693e+00  3.233255620286693e+00  3.233255620286693e+00  0
4.330429692100902e-03  3.234056763487958e+00  3.234056763487958e+00  3.234056763487958e+00  3.234056763487958e+00  0
4.745970044840788e-03  3.368043912205795e+00  3.368043912205795e+00  3.368043912205795e+00  3.368043912205795e+00  0
5.201384912821079e-03  3.487878537420739e+00  3.487878537420739e+00  3.487878537420739e+00  3.487878537420739e+00  0
5.700500583802218e-03  3.766528215461439e+00  3.766528215461439e+00  3.766528215461439e+00  3.766528215461439e+00  0
6.247510509331774e-03  3.940170739637830e+00  3.940170739637830e+00  3.940170739637830e+00  3.940170739637830e+00  0
6.847010537130257e-03  3.957498963798280e+00  3.957498963798280e+00  3.957498963798280e+00  3.957498963798280e+00  0
7.504037524314171e-03  3.818534595410373e+00  3.818534595410373e+00  3.818534595410373e+00  3.818534595410373e+00  0
8.224111655875475e-03  3.172958367265231e+00  3.172958367265231e+00  3.172958367265231e+00  3.172958367265231e+00  0
9.013282823967279e-03  3.176949927802645e+00  3.176949927802645e+00  3.176949927802645e+00  3.176949927802645e+00  0
9.878181457663521e-03  3.183487455435121e+00  3.183487455435121e+00  3.183487455435121e+00  3.183487455435121e+00  0
1.082607423025225e-02  3.256508232709397e+00  3.256508232709397e+00  3.256508232709397e+00  3.256508232709397e+00  0
1.186492511210197e-02  3.421395232210493e+00  3.421395232210493e+00  3.421395232210493e+00  3.421395232210493e+00  0
1.300346228205270e-02  2.008968395498167e+00  2.008968395498167e+00  2.008968395498167e+00  2.008968395498167e+00  0
1.425125145950554e-02  2.377579455386656e+00  2.377579455386656e+00  2.377579455386656e+00  2.377579455386656e+00  0
1.561877627332944e-02  2.724457264374088e+00  2.724457264374088e+00  2.724457264374088e+00  2.724457264374088e+00  0
1.711752634282564e-02  2.991627727940896e+00  2.991627727940896e+00  2.991627727940896e+00  2.991627727940896e+00  0
1.876009381078543e-02  3.143197812358080e+00  3.143197812358080e+00  3.143197812358080e+00  3.143197812358080e+00  0
2.056027913968869e-02  1.378703008163720e+00  1.378703008163720e+00  1.378703008163720e+00  1.378703008163720e+00  0
2.253320705991820e-02  1.465756989464711e+00  1.465756989464711e+00  1.465756989464711e+00  1.465756989464711e+00  0
2.469545364415880e-02  1.554660982551304e+00  1.554660982551304e+00  1.554660982551304e+00  1.554660982551304e+00  0
2.706518557563063e-02  1.685389799279869e+00  1.685389799279869e+00  1.685389799279869e+00  1.685389799279869e+00  0
2.966231278025492e-02  1.888481656934311e+00  1.888481656934311e+00  1.888481656934311e+00  1.888481656934311e+00  0
3.250865570513174e-02  5.403429539304232e-01  5.403429539304232e-01  5.403429539304232e-01  5.403429539304232e-01  0
3.562812864876386e-02  7.317300023319118e-01  7.317300023319118e-01  7.317300023319118e-01  7.317300023319118e-01  0
3.904694068332359e-02  9.333539773296873e-01  9.333539773296873e-01  9.333539773296873e-01  9.333539773296873e-01  0
4.279381585706411e-02  1.120983469158554e+00  1.120983469158554e+00  1.120983469158554e+00  1.120983469158554e+00  0
4.690023452696357e-02  1.272764844832056e+00  1.272764844832056e+00  1.272764844832056e+00  1.272764844832056e+00  0
5.140069784922172e-02  4.402712026668727e-01  4.402712026668727e-01  4.402712026668727e-01  4.402712026668727e-01  0
5.633301764979549e-02  4.726556109014418e-01  4.726556109014418e-01  4.726556109014418e-01  4.726556109014418e-01  0
6.173863411039701e-02  5.006486624200294e-01  5.006486624200294e-01  5.006486624200294e-01  5.006486624200294e-01  0
6.766296393907659e-02  5.399513982865468e-01  5.399513982865468e-01  5.399513982865468e-01  5.399513982865468e-01  0
7.415578195063730e-02  6.076086798573782e-01  6.076086798573782e-01  6.076086798573782e-01  6.076086798573782e-01  0
8.127163926282936e-02  1.472404490325717e-01  1.472404490325717e-01  1.472404490325717e-01  1.472404490325717e-01  0
8.907032162190966e-02  2.066719235296268e-01  2.066719235296268e-01  2.066719235296268e-01  2.066719235296268e-01  0
9.761735170830897e-02  2.730369617501070e-01  2.730369617501070e-01  2.730369617501070e-01  2.730369617501070e-01  0
1.069845396426603e-01  3.387454328663658e-01  3.387454328663658e-01  3.387454328663658e-01  3.387454328663658e-01  0
1.172505863174089e-01  3.951594888561305e-01  3.951594888561305e-01  3.951594888561305e-01  3.951594888561305e-01  0
1.285017446230543e-01  1.445301120188332e-01  1.445301120188332e-01  1.445301120188332e-01  1.445301120188332e-01  0
1.408325441244888e-01  1.559885837590687e-01  1.559885837590687e-01  1.559885837590687e-01  1.559885837590687e-01  0
1.543465852759925e-01  1.634547211562117e-01  1.634547211562117e-01  1.634547211562117e-01  1.634547211562117e-01  0
1.691574098476915e-01  1.714960801495636e-01  1.714960801495636e-01  1.714960801495636e-01  1.714960801495636e-01  0
1.853894548765933e-01  1.862774491422337e-01  1.862774491422337e-01  1.862774491422337e-01  1.862774491422337e-01  0
2.031790981570734e-01  1.599598458081314e-01  1.599598458081314e-01  1.599598458081314e-01  1.599598458081314e-01  0
2.226758040547742e-01  1.698980287371409e-01  1.698980287371409e-01  1.698980287371409e-01  1.698980287371409e-01  0
2.440433792707724e-01  1.760931547468182e-01  1.760931547468182e-01  1.760931547468182e-01  1.760931547468182e-01  0
2.674613491066506e-01  1.797230635670995e-01  1.797230635670995e-01  1.797230635670995e-01  1.797230635670995e-01  0
2.931264657935223e-01  1.813097258202795e-01  1.813097258202795e-01  1.813097258202795e-01  1.813097258202795e-01  0
3.212543615576358e-01  1.286498197850786e-01  1.286498197850786e-01  1.286498197850786e-01  1.286498197850786e-01  0
3.520813603112218e-01  1.621537137128970e-01  1.621537137128970e-01  1.621537137128970e-01  1.621537137128970e-01  0
3.858664631899813e-01  1.932525044826455e-01  1.932525044826455e-01  1.932525044826455e-01  1.932525044826455e-01  0
4.228935246192287e-01  2.180099302283889e-01  2.180099302283889e-01  2.180099302283889e-01  2.180099302283889e-01  0
4.634736371914831e-01  2.336685788728639e-01  2.336685788728639e-01  2.336685788728639e-01  2.336685788728639e-01  0
5.079477453926834e-01  2.927765269786648e-02  2.927765269786648e-02  2.927765269786648e-02  2.927765269786648e-02  0
5.566895101369354e-01  4.355977826900551e-02  4.355977826900551e-02  4.355977826900551e-02  4.355977826900551e-02  0
6.101084481769311e-01  6.192067282274928e-02  6.192067282274928e-02  6.192067282274928e-02  6.192067282274928e-02  0
6.686533727666266e-01  8.452892798371127e-02  8.452892798371127e-02  8.452892798371127e-02  8.452892798371127e-02  0
7.328161644838057e-01  1.112303781673602e-01  1.112303781673602e-01  1.112303781673602e-01  1.112303781673602e-01  0
8.031359038940895e-01  1.987683737115998e-03  1.987683737115998e-03  1.987683737115998e-03  1.987683737115998e-03  0
8.802034007780547e-01  3.777638996130323e-03  3.777638996130323e-03  3.777638996130323e-03  3.777638996130323e-03  0
9.646661579749534e-01  6.836089503948883e-03  6.836089503948883e-03  6.836089503948883e-03  6.836089503948883e-03  0
1.057233811548072e+00  1.175481596008564e-02  1.175481596008564e-02  1.175481596008564e-02  1.175481596008564e-02  0
1.158684092978708e+00  1.920251525837540e-02  1.920251525837540e-02  1.920251525837540e-02  1.920251525837540e-02  0
1.269869363481709e+00  7.625980008363012e-05  7.625980008363012e-05  7.625980008363012e-05  7.625980008363012e-05  0
1.391723775342339e+00  1.486221107002018e-04  1.486221107002018e-04  1.486221107002018e-04  1.486221107002018e-04  0
1.525271120442328e+00  2.844456650003374e-04  2.844456650003374e-04  2.844456650003374e-04  2.844456650003374e-04  0
1.671633431916567e+00  5.369715228888976e-04  5.369715228888976e-04  5.369715228888976e-04  5.369715228888976e-04  0
1.832040411209515e+00  1.001371026188175e-03  1.001371026188175e-03  1.001371026188175e-03  1.001371026188175e-03  0
