-1.832040411209515e+00  9.020040774302801e-07  9.020040774302801e-07  9.020040774302801e-07  9.020040774302801e-07  0
-1.671633431916567e+00  -7.134812822140910e-07  -7.134812822140910e-07  -7.134812822140910e-07  -7.134812822140910e-07  0
-1.525271120442328e+00  -6.990551425113690e-07  -6.990551425113690e-07  -6.990551425113690e-07  -6.990551425113690e-07  0
-1.391723775342339e+00  -4.101166409242105e-07  -4.101166409242105e-07  -4.101166409242105e-07  -4.101166409242105e-07  0
-1.269869363481709e+00  -1.927200411420777e-07  -1.927200411420777e-07  -1.927200411420777e-07  -1.927200411420777e-07  0
-1.158684092978708e+00  6.282679143716149e-04  6.282679143716149e-04  6.282679143716149e-04  6.282679143716149e-04  0
-1.057233811548072e+00  2.457982416779080e-04  2.457982416779080e-04  2.457982416779080e-04  2.457982416779080e-04  0
-9.646661579749534e-01  9.222331993273150e-05  9.222331993273150e-05  9.222331993273150e-05  9.222331993273150e-05  0
-8.802034007780547e-01  3.291113145909654e-05  3.291113145909654e-05  3.291113145909654e-05  3.291113145909654e-05  0
-8.031359038940895e-01  1.102035331706224e-05  1.102035331706224e-05  1.102035331706224e-05  1.102035331706224e-05  0
-7.328161644838057e-01  3.636803047090719e-02  3.636803047090719e-02  3.636803047090719e-02  3.636803047090719e-02  0
-6.686533727666266e-01  1.770697965038335e-02  1.770697965038335e-02  1.770697965038335e-02  1.770697965038335e-02  0
-6.101084481769311e-01  8.108300833881903e-03  8.108300833881903e-03  8.108300833881903e-03  8.108300833881903e-03  0
-5.566895101369354e-01  3.502508675791809e-03  3.502508675791809e-03  3.502508675791809e-03  3.502508675791809e-03  0
-5.079477453926834e-01  1.433638787473267e-03  1.433638787473267e-03  1.433638787473267e-03  1.433638787473267e-03  0
-4.634736371914831e-01  5.080401717571954e-01  5.080401717571954e-01  5.080401717571954e-01  5.080401717571954e-01  0
-4.228935246192287e-01  3.424043337114607e-01  3.424043337114607e-01  3.424043337114607e-01  3.424043337114607e-01  0
-3.858664631899813e-01  2.156841193052423e-01  2.156841193052423e-01  2.156841193052423e-01  2.156841193052423e-01  0
-3.520813603112218e-01  1.269881217572032e-01  1.269881217572032e-01  1.269881217572032e-01  1.269881217572032e-01  0
-3.212543615576358e-01  6.992588053485545e-02  6.992588053485545e-02  6.992588053485545e-02  6.992588053485545e-02  0
-2.931264657935223e-01  1.391169864327142e+00  1.391169864327142e+00  1.391169864327142e+00  1.391169864327142e+00  0
-2.674613491066506e-01  1.281442035312071e+00  1.281442035312071e+00  1.281442035312071e+00  1.281442035312071e+00  0
-2.440433792707724e-01  1.115677096469251e+00  1.115677096469251e+00  1.115677096469251e+00  1.115677096469251e+00  0
-2.226758040547742e-01  9.142424112259294e-01  9.142424112259294e-01  9.142424112259294e-01  9.142424112259294e-01  0
-2.031790981570734e-01  7.029344918966217e-01  7.029344918966217e-01  7.029344918966217e-01  7.029344918966217e-01  0
-1.853894548765933e-01  1.081003155547717e+00  1.081003155547717e+00  1.081003155547717e+00  1.081003155547717e+00  0
-1.691574098476915e-01  1.204882708064377e+00  1.204882708064377e+00  1.204882708064377e+00  1.204882708064377e+00  0
-1.543465852759925e-01  1.304853491405554e+00  1.304853491405554e+00  1.304853491405554e+00  1.304853491405554e+00  0
-1.408325441244888e-01  1.367185502173792e+00  1.367185502173792e+00  1.367185502173792e+00  1.367185502173792e+00  0
-1.285017446230543e-01  1.378404927481065e+00  1.378404927481065e+00  1.378404927481065e+00  1.378404927481065e+00  0
-1.172505863174089e-01  4.315396264528299e-01  4.315396264528299e-01  4.315396264528299e-01  4.315396264528299e-01  0
-1.069845396426603e-01  4.994411248813302e-01  4.994411248813302e-01  4.994411248813302e-01  4.994411248813302e-01  0
-9.761735170830897e-02  5.669865266817250e-01  5.669865266817250e-01  5.669865266817250e-01  5.669865266817250e-01  0
-8.907032162190966e-02  6.209637052622259e-01  6.209637052622259e-01  6.209637052622259e-01  6.209637052622259e-01  0
-8.127163926282936e-02  6.472462202804038e-01  6.472462202804038e-01  6.472462202804038e-01  6.472462202804038e-01  0
-7.415578195063730e-02  2.419884947734799e-01  2.419884947734799e-01  2.419884947734799e-01  2.419884947734799e-01  0
-6.766296393907659e-02  2.412476411074315e-01  2.412476411074315e-01  2.412476411074315e-01  2.412476411074315e-01  0
-6.173863411039701e-02  2.380895547448666e-01  2.380895547448666e-01  2.380895547448666e-01  2.380895547448666e-01  0
-5.633301764979549e-02  2.289484868209644e-01  2.289484868209644e-01  2.289484868209644e-01  2.289484868209644e-01  0
-5.140069784922172e-02  2.120708518413585e-01  2.120708518413585e-01  2.120708518413585e-01  2.120708518413585e-01  0
-4.690023452696357e-02  5.478939139708050e-01  5.478939139708050e-01  5.478939139708050e-01  5.478939139708050e-01  0
-4.279381585706411e-02  3.904457374037596e-01  3.904457374037596e-01  3.904457374037596e-01  3.904457374037596e-01  0
-3.904694068332359e-02  2.969435668038443e-01  2.969435668038443e-01  2.969435668038443e-01  2.969435668038443e-01  0
-3.562812864876386e-02  2.478066941427926e-01  2.478066941427926e-01  2.478066941427926e-01  2.478066941427926e-01  0
-3.250865570513174e-02  2.254161178166450e-01  2.254161178166450e-01  2.254161178166450e-01  2.254161178166450e-01  0
-2.966231278025492e-02  2.340123048749612e+00  2.340123048749612e+00  2.340123048749612e+00  2.340123048749612e+00  0
-2.706518557563063e-02  1.927581288531859e+00  1.927581288531859e+00  1.927581288531859e+00  1.927581288531859e+00  0
-2.469545364415880e-02  1.489505776749604e+00  1.489505776749604e+00  1.489505776749604e+00  1.489505776749604e+00  0
-2.253320705991820e-02  1.086837080970558e+00  1.086837080970558e+00  1.086837080970558e+00  1.086837080970558e+00  0
-2.056027913968869e-02  7.579412950523126e-01  7.579412950523126e-01  7.579412950523126e-01  7.579412950523126e-01  0
-1.876009381078543e-02  2.347558504945182e+00  2.347558504945182e+00  2.347558504945182e+00  2.347558504945182e+00  0
-1.711752634282564e-02  2.645090557847336e+00  2.645090557847336e+00  2.645090557847336e+00  2.645090557847336e+00  0
-1.561877627332944e-02  2.822490236138302e+00  2.822490236138302e+00  2.822490236138302e+00  2.822490236138302e+00  0
-1.425125145950554e-02  2.834096085683597e+00  2.834096085683597e+00  2.834096085683597e+00  2.834096085683597e+00  0
-1.300346228205270e-02  2.665628454443482e+00  2.665628454443482e+00  2.665628454443482e+00  2.665628454443482e+00  0
-1.186492511210197e-02  7.580519336289240e-01  7.580519336289240e-01  7.580519336289240e-01  7.580519336289240e-01  0
-1.082607423025225e-02  9.905323704210316e-01  9.905323704210316e-01  9.905323704210316e-01  9.905323704210316e-01  0
-9.878181457663521e-03  1.277723791694106e+00  1.277723791694106e+00  1.277723791694106e+00  1.277723791694106e+00  0
-9.013282823967279e-03  1.613245464016743e+00  1.613245464016743e+00  1.613245464016743e+00  1.613245464016743e+00  0
-8.224111655875475e-03  1.978659146347447e+00  1.978659146347447e+00  1.978659146347447e+00  1.978659146347447e+00  0
-7.504037524314171e-03  3.732851406383275e-01  3.732851406383275e-01  3.732851406383275e-01  3.732851406383275e-01  0
-6.847010537130257e-03  3.688525900780901e-01  3.688525900780901e-01  3.688525900780901e-01  3.688525900780901e-01  0
-6.247510509331774e-03  3.938637825802282e-01  3.938637825802282e-01  3.938637825802282e-01  3.938637825802282e-01  0
-5.700500583802218e-03  4.608674191888573e-01  4.608674191888573e-01  4.608674191888573e-01  4.608674191888573e-01  0
-5.201384912821079e-03  5.762630763524136e-01  5.762630763524136e-01  5.762630763524136e-01  5.762630763524136e-01  0
-4.745970044840788e-03  3.398632892212487e-01  3.398632892212487e-01  3.398632892212487e-01  3.398632892212487e-01  0
-4.330429692100902e-03  3.752640408994829e-01  3.752640408994829e-01  3.752640408994829e-01  3.752640408994829e-01  0
-3.951272583065410e-03  3.973384888157870e-01  3.973384888157870e-01  3.973384888157870e-01  3.973384888157870e-01  0
-3.605313129586913e-03  4.001522873893633e-01  4.001522873893633e-01  4.001522873893633e-01  4.001522873893633e-01  0
-3.289644662350191e-03  3.865051990384721e-01  3.865051990384721e-01  3.865051990384721e-01  3.865051990384721e-01  0
-3.001615009725671e-03  3.200658201922189e-01  3.200658201922189e-01  3.200658201922189e-01  3.200658201922189e-01  0
-2.738804214852105e-03  2.911301179429135e-01  2.911301179429135e-01  2.911301179429135e-01  2.911301179429135e-01  0
-2.499004203732712e-03  2.760689130536360e-01  2.760689130536360e-01  2.760689130536360e-01  2.760689130536360e-01  0
-2.280200233520889e-03  2.815473358365784e-01  2.815473358365784e-01  2.815473358365784e-01  2.815473358365784e-01  0
-2.080553965128434e-03  3.062435726025812e-01  3.062435726025812e-01  3.062435726025812e-01  3.062435726025812e-01  0
-1.898388017936316e-03  3.167888749890815e-01  3.167888749890815e-01  3.167888749890815e-01  3.167888749890815e-01  0
-1.732171876840362e-03  3.487954455578322e-01  3.487954455578322e-01  3.487954455578322e-01  3.487954455578322e-01  0
-1.580509033226165e-03  3.679170370907784e-01  3.679170370907784e-01  3.679170370907784e-01  3.679170370907784e-01  0
-1.442125251834766e-03  3.671996036420090e-01  3.671996036420090e-01  3.671996036420090e-01  3.671996036420090e-01  0
-1.315857864940077e-03  3.475570206756698e-01  3.475570206756698e-01  3.475570206756698e-01  3.475570206756698e-01  0
-1.200646003890268e-03  3.141261485332163e-01  3.141261485332163e-01  3.141261485332163e-01  3.141261485332163e-01  0
-1.095521685940842e-03  2.831654263539878e-01  2.831654263539878e-01  2.831654263539878e-01  2.831654263539878e-01  0
-9.996016814930845e-04  2.650553150041470e-01  2.650553150041470e-01  2.650553150041470e-01  2.650553150041470e-01  0
-9.120800934083555e-04  2.667143451338813e-01  2.667143451338813e-01  2.667143451338813e-01  2.667143451338813e-01  0
-8.322215860513732e-04  2.873793742382593e-01  2.873793742382593e-01  2.873793742382593e-01  2.873793742382593e-01  0
-7.593552071745265e-04  3.124991345981717e-01  3.124991345981717e-01  3.124991345981717e-01  3.124991345981717e-01  0
-6.928687507361448e-04  3.441457768710937e-01  3.441457768710937e-01  3.441457768710937e-01  3.441457768710937e-01  0
-6.322036132904660e-04  3.631397375951083e-01  3.631397375951083e-01  3.631397375951083e-01  3.631397375951083e-01  0
-5.768501007339063e-04  3.623505301086620e-01  3.623505301086620e-01  3.623505301086620e-01  3.623505301086620e-01  0
-5.263431459760308e-04  3.423845401821302e-01  3.423845401821302e-01  3.423845401821302e-01  3.423845401821302e-01  0
-4.802584015561073e-04  3.130869280619044e-01  3.130869280619044e-01  3.130869280619044e-01  3.130869280619044e-01  0
-4.382086743763368e-04  2.816971241580358e-01  2.816971241580358e-01  2.816971241580358e-01  2.816971241580358e-01  0
-3.998406725972339e-04  2.629372172547340e-01  2.629372172547340e-01  2.629372172547340e-01  2.629372172547340e-01  0
-3.648320373633422e-04  2.638171090581078e-01  2.638171090581078e-01  2.638171090581078e-01  2.638171090581078e-01  0
-3.328886344205493e-04  2.837265457057552e-01  2.837265457057552e-01  2.837265457057552e-01  2.837265457057552e-01  0
-3.037420828698106e-04  3.114920731832500e-01  3.114920731832500e-01  3.114920731832500e-01  3.114920731832500e-01  0
-2.771475002944579e-04  3.431165125049878e-01  3.431165125049878e-01  3.431165125049878e-01  3.431165125049878e-01  0
-2.528814453161864e-04  3.621642100651303e-01  3.621642100651303e-01  3.621642100651303e-01  3.621642100651303e-01  0
-2.307400402935626e-04  3.614452793837413e-01  3.614452793837413e-01  3.614452793837413e-01  3.614452793837413e-01  0
-2.105372583904124e-04  3.414774493049794e-01  3.414774493049794e-01  3.414774493049794e-01  3.414774493049794e-01  0
-1.921033606224429e-04  3.128657930407427e-01  3.128657930407427e-01  3.128657930407427e-01  3.128657930407427e-01  0
-1.752834697505347e-04  2.813605760138764e-01  2.813605760138764e-01  2.813605760138764e-01  2.813605760138764e-01  0
-1.599362690388935e-04  2.624246728444196e-01  2.624246728444196e-01  2.624246728444196e-01  2.624246728444196e-01  0
-1.459328149453369e-04  2.631030444371173e-01  2.631030444371173e-01  2.631030444371173e-01  2.631030444371173e-01  0
-1.331554537682197e-04  2.828365431486522e-01  2.828365431486522e-01  2.828365431486522e-01  2.828365431486522e-01  0
-1.214968331479242e-04  3.112057051536726e-01  3.112057051536726e-01  3.112057051536726e-01  3.112057051536726e-01  0
-1.108590001177832e-04  3.428429252304395e-01  3.428429252304395e-01  3.428429252304395e-01  3.428429252304395e-01  0
-1.011525781264745e-04  3.619345301292097e-01  3.619345301292097e-01  3.619345301292097e-01  3.619345301292097e-01  0
-9.229601611742502e-05  3.612715926679535e-01  3.612715926679535e-01  3.612715926679535e-01  3.612715926679535e-01  0
-8.421490335616494e-05  3.413465713642194e-01  3.413465713642194e-01  3.413465713642194e-01  3.413465713642194e-01  0
-7.684134424897716e-05  3.128116739214312e-01  3.128116739214312e-01  3.128116739214312e-01  3.128116739214312e-01  0
-7.011338790021387e-05  2.812689872111479e-01  2.812689872111479e-01  2.812689872111479e-01  2.812689872111479e-01  0
-6.397450761555741e-05  2.622757703721709e-01  2.622757703721709e-01  2.622757703721709e-01  2.622757703721709e-01  0
-5.837312597813476e-05  2.628908567452394e-01  2.628908567452394e-01  2.628908567452394e-01  2.628908567452394e-01  0
-5.326218150728788e-05  2.825739995423315e-01  2.825739995423315e-01  2.825739995423315e-01  2.825739995423315e-01  0
-4.859873325916970e-05  3.111126504628567e-01  3.111126504628567e-01  3.111126504628567e-01  3.111126504628567e-01  0
-4.434360004711327e-05  3.427570155124482e-01  3.427570155124482e-01  3.427570155124482e-01  3.427570155124482e-01  0
-4.046103125058982e-05  3.618659693698441e-01  3.618659693698441e-01  3.618659693698441e-01  3.618659693698441e-01  0
-3.691840644697001e-05  3.612215509569858e-01  3.612215509569858e-01  3.612215509569858e-01  3.612215509569858e-01  0
-3.368596134246598e-05  3.413045742623866e-01  3.413045742623866e-01  3.413045742623866e-01  3.413045742623866e-01  0
-3.073653769959087e-05  3.128001507592991e-01  3.128001507592991e-01  3.128001507592991e-01  3.128001507592991e-01  0
-2.804535516008556e-05  2.812433451631348e-01  2.812433451631348e-01  2.812433451631348e-01  2.812433451631348e-01  0
-2.558980304622297e-05  2.622289109834626e-01  2.622289109834626e-01  2.622289109834626e-01  2.622289109834626e-01  0
-2.334925039125391e-05  2.628213214145728e-01  2.628213214145728e-01  2.628213214145728e-01  2.628213214145728e-01  0
-2.130487260291516e-05  2.824876542020540e-01  2.824876542020540e-01  2.824876542020540e-01  2.824876542020540e-01  0
-1.943949330366788e-05  3.110835570444945e-01  3.110835570444945e-01  3.110835570444945e-01  3.110835570444945e-01  0
-1.773744001884531e-05  3.427317872896429e-01  3.427317872896429e-01  3.427317872896429e-01  3.427317872896429e-01  0
-1.618441250023593e-05  3.618483936820193e-01  3.618483936820193e-01  3.618483936820193e-01  3.618483936820193e-01  0
-1.476736257878800e-05  3.612117069288562e-01  3.612117069288562e-01  3.612117069288562e-01  3.612117069288562e-01  0
-1.347438453698639e-05  3.412980088248732e-01  3.412980088248732e-01  3.412980088248732e-01  3.412980088248732e-01  0
-1.229461507983635e-05  3.128015766837413e-01  3.128015766837413e-01  3.128015766837413e-01  3.128015766837413e-01  0
-1.121814206403422e-05  2.812388384753444e-01  2.812388384753444e-01  2.812388384753444e-01  2.812388384753444e-01  0
-1.023592121848919e-05  2.622159487566874e-01  2.622159487566874e-01  2.622159487566874e-01  2.622159487566874e-01  0
-9.339700156501563e-06  2.627997507996361e-01  2.627997507996361e-01  2.627997507996361e-01  2.627997507996361e-01  0
-8.521949041166063e-06  2.824602052025763e-01  2.824602052025763e-01  2.824602052025763e-01  2.824602052025763e-01  0
-7.775797321467151e-06  3.110773006240089e-01  3.110773006240089e-01  3.110773006240089e-01  3.110773006240089e-01  0
-7.094976007538122e-06  3.427272215853377e-01  3.427272215853377e-01  3.427272215853377e-01  3.427272215853377e-01  0
-6.473765000094370e-06  3.618462251577426e-01  3.618462251577426e-01  3.618462251577426e-01  3.618462251577426e-01  0
-5.906945031515201e-06  3.612104960456181e-01  3.612104960456181e-01  3.612104960456181e-01  3.612104960456181e-01  0
-5.389753814794556e-06  3.412936939042799e-01  3.412936939042799e-01  3.412936939042799e-01  3.412936939042799e-01  0
-4.917846031934539e-06  3.128075175320823e-01  3.128075175320823e-01  3.128075175320823e-01  3.128075175320823e-01  0
-4.487256825613690e-06  2.812419148597984e-01  2.812419148597984e-01  2.812419148597984e-01  2.812419148597984e-01  0
-4.094368487395675e-06  2.622153784719896e-01  2.622153784719896e-01  2.622153784719896e-01  2.622153784719896e-01  0
-3.735880062600625e-06  2.627958175510530e-01  2.627958175510530e-01  2.627958175510530e-01  2.627958175510530e-01  0
-3.408779616466425e-06  2.824543310149919e-01  2.824543310149919e-01  2.824543310149919e-01  2.824543310149919e-01  0
-3.110318928586861e-06  3.110802045017034e-01  3.110802045017034e-01  3.110802045017034e-01  3.110802045017034e-01  0
-2.837990403015249e-06  3.427315312064438e-01  3.427315312064438e-01  3.427315312064438e-01  3.427315312064438e-01  0
-2.589506000037748e-06  3.618522463271983e-01  3.618522463271983e-01  3.618522463271983e-01  3.618522463271983e-01  0
-2.362778012606080e-06  3.612177759896518e-01  3.612177759896518e-01  3.612177759896518e-01  3.612177759896518e-01  0
-2.155901525917822e-06  3.413010793716921e-01  3.413010793716921e-01  3.413010793716921e-01  3.413010793716921e-01  0
-1.967138412773816e-06  3.128151430632628e-01  3.128151430632628e-01  3.128151430632628e-01  3.128151430632628e-01  0
-1.794902730245476e-06  2.812478756836317e-01  2.812478756836317e-01  2.812478756836317e-01  2.812478756836317e-01  0
-1.637747394958270e-06  2.622195746186747e-01  2.622195746186747e-01  2.622195746186747e-01  2.622195746186747e-01  0
-1.494352025040250e-06  2.627986933594947e-01  2.627986933594947e-01  2.627986933594947e-01  2.627986933594947e-01  0
-1.363511846586570e-06  2.824567760924435e-01  2.824567760924435e-01  2.824567760924435e-01  2.824567760924435e-01  0
-1.244127571434744e-06  3.110865777987508e-01  3.110865777987508e-01  3.110865777987508e-01  3.110865777987508e-01  0
-1.135196161206100e-06  3.427389952004693e-01  3.427389952004693e-01  3.427389952004693e-01  3.427389952004693e-01  0
-1.035802400015099e-06  3.618607149755370e-01  3.618607149755370e-01  3.618607149755370e-01  3.618607149755370e-01  0
-9.451112050424321e-07  3.612267390556312e-01  3.612267390556312e-01  3.612267390556312e-01  3.612267390556312e-01  0
-8.623606103671289e-07  3.413097547993018e-01  3.413097547993018e-01  3.413097547993018e-01  3.413097547993018e-01  0
-7.868553651095264e-07  3.128234582087600e-01  3.128234582087600e-01  3.128234582087600e-01  3.128234582087600e-01  0
-7.179610920981903e-07  2.812549905754839e-01  2.812549905754839e-01  2.812549905754839e-01  2.812549905754839e-01  0
-6.550989579833081e-07  2.622256591560486e-01  2.622256591560486e-01  2.622256591560486e-01  2.622256591560486e-01  0
-5.977408100161000e-07  2.628042542654265e-01  2.628042542654265e-01  2.628042542654265e-01  2.628042542654265e-01  0
-5.454047386346280e-07  2.824624897514914e-01  2.824624897514914e-01  2.824624897514914e-01  2.824624897514914e-01  0
-4.976510285738977e-07  3.110943668425736e-01  3.110943668425736e-01  3.110943668425736e-01  3.110943668425736e-01  0
-4.540784644824398e-07  3.427477536382511e-01  3.427477536382511e-01  3.427477536382511e-01  3.427477536382511e-01  0
-4.143209600060397e-07  3.618701974188496e-01  3.618701974188496e-01  3.618701974188496e-01  3.618701974188496e-01  0
-3.780444820169729e-07  3.612364087770802e-01  3.612364087770802e-01  3.612364087770802e-01  3.612364087770802e-01  0
-3.449442441468515e-07  3.413189743518653e-01  3.413189743518653e-01  3.413189743518653e-01  3.413189743518653e-01  0
-3.147421460438105e-07  3.128320538840836e-01  3.128320538840836e-01  3.128320538840836e-01  3.128320538840836e-01  0
-2.871844368392761e-07  2.812625743074794e-01  2.812625743074794e-01  2.812625743074794e-01  2.812625743074794e-01  0
-2.620395831933232e-07  2.622325100890873e-01  2.622325100890873e-01  2.622325100890873e-01  2.622325100890873e-01  0
-2.390963240064400e-07  2.628109053516971e-01  2.628109053516971e-01  2.628109053516971e-01  2.628109053516971e-01  0
-2.181618954538512e-07  2.824695329240172e-01  2.824695329240172e-01  2.824695329240172e-01  2.824695329240172e-01  0
-1.990604114295591e-07  3.111027232516323e-01  3.111027232516323e-01  3.111027232516323e-01  3.111027232516323e-01  0
-1.816313857929760e-07  3.427570314126807e-01  3.427570314126807e-01  3.427570314126807e-01  3.427570314126807e-01  0
-1.657283840024159e-07  3.618800877886560e-01  3.618800877886560e-01  3.618800877886560e-01  3.618800877886560e-01  0
-1.512177928067892e-07  3.612463651671375e-01  3.612463651671375e-01  3.612463651671375e-01  3.612463651671375e-01  0
-1.379776976587407e-07  3.413284185407847e-01  3.413284185407847e-01  3.413284185407847e-01  3.413284185407847e-01  0
-1.258968584175242e-07  3.128407618610398e-01  3.128407618610398e-01  3.128407618610398e-01  3.128407618610398e-01  0
-1.148737747357105e-07  2.812703457351445e-01  2.812703457351445e-01  2.812703457351445e-01  2.812703457351445e-01  0
-1.048158332773293e-07  2.622396678547206e-01  2.622396678547206e-01  2.622396678547206e-01  2.622396678547206e-01  0
-9.563852960257600e-08  2.628179929438418e-01  2.628179929438418e-01  2.628179929438418e-01  2.628179929438418e-01  0
-8.726475818154049e-08  2.824771085248291e-01  2.824771085248291e-01  2.824771085248291e-01  2.824771085248291e-01  0
-7.962416457182364e-08  3.111113069462108e-01  3.111113069462108e-01  3.111113069462108e-01  3.111113069462108e-01  0
-7.265255431719039e-08  3.427665178189094e-01  3.427665178189094e-01  3.427665178189094e-01  3.427665178189094e-01  0
-6.629135360096636e-08  3.618901435140693e-01  3.618901435140693e-01  3.618901435140693e-01  3.618901435140693e-01  0
-6.048711712271566e-08  3.612564411060351e-01  3.612564411060351e-01  3.612564411060351e-01  3.612564411060351e-01  0
-5.519107906349626e-08  3.413379626107502e-01  3.413379626107502e-01  3.413379626107502e-01  3.413379626107502e-01  0
-5.035874336700968e-08  3.128495148780682e-01  3.128495148780682e-01  3.128495148780682e-01  3.128495148780682e-01  0
-4.594950989428418e-08  2.812781923245137e-01  2.812781923245137e-01  2.812781923245137e-01  2.812781923245137e-01  0
-4.192633331093172e-08  2.622469483986201e-01  2.622469483986201e-01  2.622469483986201e-01  2.622469483986201e-01  0
-3.825541184103040e-08  2.628252551463111e-01  2.628252551463111e-01  2.628252551463111e-01  2.628252551463111e-01  0
-3.490590327261619e-08  2.824848970708771e-01  2.824848970708771e-01  2.824848970708771e-01  2.824848970708771e-01  0
-3.184966582872946e-08  3.111199825840008e-01  3.111199825840008e-01  3.111199825840008e-01  3.111199825840008e-01  0
-2.906102172687616e-08  3.427760901333450e-01  3.427760901333450e-01  3.427760901333450e-01  3.427760901333450e-01  0
-2.651654144038655e-08  3.619002710687187e-01  3.619002710687187e-01  3.619002710687187e-01  3.619002710687187e-01  0
-2.419484684908627e-08  3.612665772737478e-01  3.612665772737478e-01  3.612665772737478e-01  3.612665772737478e-01  0
-2.207643162539851e-08  3.413475718440758e-01  3.413475718440758e-01  3.413475718440758e-01  3.413475718440758e-01  0
-2.014349734680388e-08  3.128582861132704e-01  3.128582861132704e-01  3.128582861132704e-01  3.128582861132704e-01  0
-1.837980395771367e-08  2.812860691517193e-01  2.812860691517193e-01  2.812860691517193e-01  2.812860691517193e-01  0
-1.677053332437269e-08  2.622542781948216e-01  2.622542781948216e-01  2.622542781948216e-01  2.622542781948216e-01  0
-1.530216473641216e-08  2.628325873017019e-01  2.628325873017019e-01  2.628325873017019e-01  2.628325873017019e-01  0
-1.396236130904648e-08  2.824927708735457e-01  2.824927708735457e-01  2.824927708735457e-01  2.824927708735457e-01  0
-1.273986633149178e-08  3.111286974061204e-01  3.111286974061204e-01  3.111286974061204e-01  3.111286974061204e-01  0
-1.162440869075046e-08  3.427857027977069e-01  3.427857027977069e-01  3.427857027977069e-01  3.427857027977069e-01  0
-1.060661657615462e-08  3.619104414692109e-01  3.619104414692109e-01  3.619104414692109e-01  3.619104414692109e-01  0
-9.677938739634506e-09  3.612767685649307e-01  3.612767685649307e-01  3.612767685649307e-01  3.612767685649307e-01  0
-8.830572650159401e-09  3.413572703916010e-01  3.413572703916010e-01  3.413572703916010e-01  3.413572703916010e-01  0
-8.057398938721549e-09  3.128670649435151e-01  3.128670649435151e-01  3.128670649435151e-01  3.128670649435151e-01  0
-7.351921583085468e-09  2.812939583217855e-01  2.812939583217855e-01  2.812939583217855e-01  2.812939583217855e-01  0
-6.708213329749074e-09  2.622616278637940e-01  2.622616278637940e-01  2.622616278637940e-01  2.622616278637940e-01  0
-6.120865894564863e-09  2.628399475225708e-01  2.628399475225708e-01  2.628399475225708e-01  2.628399475225708e-01  0
-5.584944523618591e-09  2.825006787704816e-01  2.825006787704816e-01  2.825006787704816e-01  2.825006787704816e-01  0
-5.095946532596712e-09  3.111374338053375e-01  3.111374338053375e-01  3.111374338053375e-01  3.111374338053375e-01  0
-4.649763476300184e-09  3.427953465545948e-01  3.427953465545948e-01  3.427953465545948e-01  3.427953465545948e-01  0
-4.242646630461847e-09  3.619206645449008e-01  3.619206645449008e-01  3.619206645449008e-01  3.619206645449008e-01  0
-3.871175495853802e-09  3.612870603239177e-01  3.612870603239177e-01  3.612870603239177e-01  3.612870603239177e-01  0
-3.532229060063760e-09  3.413671647667474e-01  3.413671647667474e-01  3.413671647667474e-01  3.413671647667474e-01  0
-3.222959575488619e-09  3.128758473760655e-01  3.128758473760655e-01  3.128758473760655e-01  3.128758473760655e-01  0
-2.940768633234187e-09  2.813018528286638e-01  2.813018528286638e-01  2.813018528286638e-01  2.813018528286638e-01  0
-2.683285331899630e-09  2.622689856562203e-01  2.622689856562203e-01  2.622689856562203e-01  2.622689856562203e-01  0
-2.448346357825945e-09  2.628473188659980e-01  2.628473188659980e-01  2.628473188659980e-01  2.628473188659980e-01  0
-2.233977809447436e-09  2.825085998926246e-01  2.825085998926246e-01  2.825085998926246e-01  2.825085998926246e-01  0
-2.038378613038685e-09  3.111461938396376e-01  3.111461938396376e-01  3.111461938396376e-01  3.111461938396376e-01  0
-1.859905390520073e-09  3.428050412672322e-01  3.428050412672322e-01  3.428050412672322e-01  3.428050412672322e-01  0
-1.697058652184739e-09  3.619310007648737e-01  3.619310007648737e-01  3.619310007648737e-01  3.619310007648737e-01  0
-1.548470198341521e-09  3.612975959719892e-01  3.612975959719892e-01  3.612975959719892e-01  3.612975959719892e-01  0
-1.412891624025504e-09  3.413775538592637e-01  3.413775538592637e-01  3.413775538592637e-01  3.413775538592637e-01  0
-1.289183830195448e-09  3.128846325106625e-01  3.128846325106625e-01  3.128846325106625e-01  3.128846325106625e-01  0
-1.176307453293675e-09  2.813097500381038e-01  2.813097500381038e-01  2.813097500381038e-01  2.813097500381038e-01  0
-1.073314132759852e-09  2.622763463370160e-01  2.622763463370160e-01  2.622763463370160e-01  2.622763463370160e-01  0
-9.793385431303781e-10  2.628546931689372e-01  2.628546931689372e-01  2.628546931689372e-01  2.628546931689372e-01  0
-8.935911237789746e-10  2.825165235799697e-01  2.825165235799697e-01  2.825165235799697e-01  2.825165235799697e-01  0
-8.153514452154740e-10  3.111550089104300e-01  3.111550089104300e-01  3.111550089104300e-01  3.111550089104300e-01  0
-7.439621562080295e-10  3.428148745774091e-01  3.428148745774091e-01  3.428148745774091e-01  3.428148745774091e-01  0
-6.788234608738956e-10  3.619416659314917e-01  3.619416659314917e-01  3.619416659314917e-01  3.619416659314917e-01  0
-6.193880793366084e-10  3.613088579189564e-01  3.613088579189564e-01  3.613088579189564e-01  3.613088579189564e-01  0
-5.651566496102017e-10  3.413894272302801e-01  3.413894272302801e-01  3.413894272302801e-01  3.413894272302801e-01  0
-5.156735320781790e-10  3.128934208536960e-01  3.128934208536960e-01  3.128934208536960e-01  3.128934208536960e-01  0
-4.705229813174699e-10  2.813176460708575e-01  2.813176460708575e-01  2.813176460708575e-01  2.813176460708575e-01  0
-4.293256531039407e-10  2.622837001475695e-01  2.622837001475695e-01  2.622837001475695e-01  2.622837001475695e-01  0
-3.917354172521512e-10  2.628620537229908e-01  2.628620537229908e-01  2.628620537229908e-01  2.628620537229908e-01  0
-3.574364495115897e-10  2.825244259043336e-01  2.825244259043336e-01  2.825244259043336e-01  2.825244259043336e-01  0
-3.261405780861896e-10  3.111642200211355e-01  3.111642200211355e-01  3.111642200211355e-01  3.111642200211355e-01  0
-2.975848624832118e-10  3.428256213606319e-01  3.428256213606319e-01  3.428256213606319e-01  3.428256213606319e-01  0
-2.715293843495581e-10  3.619543941394510e-01  3.619543941394510e-01  3.619543941394510e-01  3.619543941394510e-01  0
-2.477552317346433e-10  3.613245617818986e-01  3.613245617818986e-01  3.613245617818986e-01  3.613245617818986e-01  0
-2.260626598440806e-10  3.414102689829245e-01  3.414102689829245e-01  3.414102689829245e-01  3.414102689829245e-01  0
2.260626598440806e-10  3.446269756703864e-01  3.446269756703864e-01  3.446269756703864e-01  3.446269756703864e-01  0
2.477552317346433e-10  3.625323314869551e-01  3.625323314869551e-01  3.625323314869551e-01  3.625323314869551e-01  0
2.715293843495581e-10  3.606917416545420e-01  3.606917416545420e-01  3.606917416545420e-01  3.606917416545420e-01  0
2.975848624832118e-10  3.396060274254140e-01  3.396060274254140e-01  3.396060274254140e-01  3.396060274254140e-01  0
3.261405780861896e-10  3.072990827200635e-01  3.072990827200635e-01  3.072990827200635e-01  3.072990827200635e-01  0
3.574364495115897e-10  2.793494351105745e-01  2.793494351105745e-01  2.793494351105745e-01  2.793494351105745e-01  0
3.917354172521512e-10  2.616704352287314e-01  2.616704352287314e-01  2.616704352287314e-01  2.616704352287314e-01  0
4.293256531039407e-10  2.635413165968439e-01  2.635413165968439e-01  2.635413165968439e-01  2.635413165968439e-01  0
4.705229813174699e-10  2.845278501103171e-01  2.845278501103171e-01  2.845278501103171e-01  2.845278501103171e-01  0
5.156735320781790e-10  3.167710745273115e-01  3.167710745273115e-01  3.167710745273115e-01  3.167710745273115e-01  0
5.651566496102017e-10  3.445965974218630e-01  3.445965974218630e-01  3.445965974218630e-01  3.445965974218630e-01  0
6.193880793366084e-10  3.625120780599201e-01  3.625120780599201e-01  3.625120780599201e-01  3.625120780599201e-01  0
6.788234608738956e-10  3.606770627344170e-01  3.606770627344170e-01  3.606770627344170e-01  3.606770627344170e-01  0
7.439621562080295e-10  3.395945714436575e-01  3.395945714436575e-01  3.395945714436575e-01  3.395945714436575e-01  0
8.153514452154740e-10  3.072896902904326e-01  3.072896902904326e-01  3.072896902904326e-01  3.072896902904326e-01  0
8.935911237789746e-10  2.793416170009320e-01  2.793416170009320e-01  2.793416170009320e-01  2.793416170009320e-01  0
9.793385431303781e-10  2.616631076975816e-01  2.616631076975816e-01  2.616631076975816e-01  2.616631076975816e-01  0
1.073314132759852e-09  2.635339310385467e-01  2.635339310385467e-01  2.635339310385467e-01  2.635339310385467e-01  0
1.176307453293675e-09  2.845198706628895e-01  2.845198706628895e-01  2.845198706628895e-01  2.845198706628895e-01  0
1.289183830195448e-09  3.167621862492326e-01  3.167621862492326e-01  3.167621862492326e-01  3.167621862492326e-01  0
1.412891624025504e-09  3.445863261187620e-01  3.445863261187620e-01  3.445863261187620e-01  3.445863261187620e-01  0
1.548470198341521e-09  3.625016120912449e-01  3.625016120912449e-01  3.625016120912449e-01  3.625016120912449e-01  0
1.697058652184739e-09  3.606668085928658e-01  3.606668085928658e-01  3.606668085928658e-01  3.606668085928658e-01  0
1.859905390520073e-09  3.395849855083146e-01  3.395849855083146e-01  3.395849855083146e-01  3.395849855083146e-01  0
2.038378613038685e-09  3.072810446673790e-01  3.072810446673790e-01  3.072810446673790e-01  3.072810446673790e-01  0
2.233977809447436e-09  2.793337759972931e-01  2.793337759972931e-01  2.793337759972931e-01  2.793337759972931e-01  0
2.448346357825945e-09  2.616557630085750e-01  2.616557630085750e-01  2.616557630085750e-01  2.616557630085750e-01  0
2.683285331899630e-09  2.635265333387961e-01  2.635265333387961e-01  2.635265333387961e-01  2.635265333387961e-01  0
2.940768633234187e-09  2.845118830976138e-01  2.845118830976138e-01  2.845118830976138e-01  2.845118830976138e-01  0
3.222959575488619e-09  3.167532928894233e-01  3.167532928894233e-01  3.167532928894233e-01  3.167532928894233e-01  0
3.532229060063760e-09  3.445765909716781e-01  3.445765909716781e-01  3.445765909716781e-01  3.445765909716781e-01  0
3.871175495853802e-09  3.624914035424639e-01  3.624914035424639e-01  3.624914035424639e-01  3.624914035424639e-01  0
4.242646630461847e-09  3.606566677416713e-01  3.606566677416713e-01  3.606566677416713e-01  3.606566677416713e-01  0
4.649763476300184e-09  3.395754449801781e-01  3.395754449801781e-01  3.395754449801781e-01  3.395754449801781e-01  0
5.095946532596712e-09  3.072724152709051e-01  3.072724152709051e-01  3.072724152709051e-01  3.072724152709051e-01  0
5.584944523618591e-09  2.793259316455574e-01  2.793259316455574e-01  2.793259316455574e-01  2.793259316455574e-01  0
6.120865894564863e-09  2.616484154164513e-01  2.616484154164513e-01  2.616484154164513e-01  2.616484154164513e-01  0
6.708213329749074e-09  2.635191325583493e-01  2.635191325583493e-01  2.635191325583493e-01  2.635191325583493e-01  0
7.351921583085468e-09  2.845038920104058e-01  2.845038920104058e-01  2.845038920104058e-01  2.845038920104058e-01  0
8.057398938721549e-09  3.167443956795667e-01  3.167443956795667e-01  3.167443956795667e-01  3.167443956795667e-01  0
8.830572650159401e-09  3.445668950073114e-01  3.445668950073114e-01  3.445668950073114e-01  3.445668950073114e-01  0
9.677938739634506e-09  3.624812101411775e-01  3.624812101411775e-01  3.624812101411775e-01  3.624812101411775e-01  0
1.060661657615462e-08  3.606465308461900e-01  3.606465308461900e-01  3.606465308461900e-01  3.606465308461900e-01  0
1.162440869075046e-08  3.395659043117554e-01  3.395659043117554e-01  3.395659043117554e-01  3.395659043117554e-01  0
1.273986633149178e-08  3.072637847784443e-01  3.072637847784443e-01  3.072637847784443e-01  3.072637847784443e-01  0
1.396236130904648e-08  2.793180833038990e-01  2.793180833038990e-01  2.793180833038990e-01  2.793180833038990e-01  0
1.530216473641216e-08  2.616410642189062e-01  2.616410642189062e-01  2.616410642189062e-01  2.616410642189062e-01  0
1.677053332437269e-08  2.635117269462516e-01  2.635117269462516e-01  2.635117269462516e-01  2.635117269462516e-01  0
1.837980395771367e-08  2.844958942248700e-01  2.844958942248700e-01  2.844958942248700e-01  2.844958942248700e-01  0
2.014349734680388e-08  3.167354902722116e-01  3.167354902722116e-01  3.167354902722116e-01  3.167354902722116e-01  0
2.207643162539851e-08  3.445571844474657e-01  3.445571844474657e-01  3.445571844474657e-01  3.445571844474657e-01  0
2.419484684908627e-08  3.624710004126086e-01  3.624710004126086e-01  3.624710004126086e-01  3.624710004126086e-01  0
2.651654144038655e-08  3.606363799213156e-01  3.606363799213156e-01  3.606363799213156e-01  3.606363799213156e-01  0
2.906102172687616e-08  3.395563537310754e-01  3.395563537310754e-01  3.395563537310754e-01  3.395563537310754e-01  0
3.184966582872946e-08  3.072551482358523e-01  3.072551482358523e-01  3.072551482358523e-01  3.072551482358523e-01  0
3.490590327261619e-08  2.793102251934115e-01  2.793102251934115e-01  2.793102251934115e-01  2.793102251934115e-01  0
3.825541184103040e-08  2.616337043599535e-01  2.616337043599535e-01  2.616337043599535e-01  2.616337043599535e-01  0
4.192633331093172e-08  2.635043096799792e-01  2.635043096799792e-01  2.635043096799792e-01  2.635043096799792e-01  0
4.594950989428418e-08  2.844878801157214e-01  2.844878801157214e-01  2.844878801157214e-01  2.844878801157214e-01  0
5.035874336700968e-08  3.167265647345089e-01  3.167265647345089e-01  3.167265647345089e-01  3.167265647345089e-01  0
5.519107906349626e-08  3.445474211383673e-01  3.445474211383673e-01  3.445474211383673e-01  3.445474211383673e-01  0
6.048711712271566e-08  3.624607419260166e-01  3.624607419260166e-01  3.624607419260166e-01  3.624607419260166e-01  0
6.629135360096636e-08  3.606261903218094e-01  3.606261903218094e-01  3.606261903218094e-01  3.606261903218094e-01  0
7.265255431719039e-08  3.395467768527609e-01  3.395467768527609e-01  3.395467768527609e-01  3.395467768527609e-01  0
7.962416457182364e-08  3.072464959914739e-01  3.072464959914739e-01  3.072464959914739e-01  3.072464959914739e-01  0
8.726475818154049e-08  2.793023423757137e-01  2.793023423757137e-01  2.793023423757137e-01  2.793023423757137e-01  0
9.563852960257600e-08  2.616263226766986e-01  2.616263226766986e-01  2.616263226766986e-01  2.616263226766986e-01  0
1.048158332773293e-07  2.634968631775366e-01  2.634968631775366e-01  2.634968631775366e-01  2.634968631775366e-01  0
1.148737747357105e-07  2.844798251188566e-01  2.844798251188566e-01  2.844798251188566e-01  2.844798251188566e-01  0
1.258968584175242e-07  3.167175887783957e-01  3.167175887783957e-01  3.167175887783957e-01  3.167175887783957e-01  0
1.379776976587407e-07  3.445375231192448e-01  3.445375231192448e-01  3.445375231192448e-01  3.445375231192448e-01  0
1.512177928067892e-07  3.624503600280796e-01  3.624503600280796e-01  3.624503600280796e-01  3.624503600280796e-01  0
1.657283840024159e-07  3.606159032166227e-01  3.606159032166227e-01  3.606159032166227e-01  3.606159032166227e-01  0
1.816313857929760e-07  3.395371337608465e-01  3.395371337608465e-01  3.395371337608465e-01  3.395371337608465e-01  0
1.990604114295591e-07  3.072378041992661e-01  3.072378041992661e-01  3.072378041992661e-01  3.072378041992661e-01  0
2.181618954538512e-07  2.792943976682541e-01  2.792943976682541e-01  2.792943976682541e-01  2.792943976682541e-01  0
2.390963240064400e-07  2.616188863333941e-01  2.616188863333941e-01  2.616188863333941e-01  2.616188863333941e-01  0
2.620395831933232e-07  2.634893434821678e-01  2.634893434821678e-01  2.634893434821678e-01  2.634893434821678e-01  0
2.871844368392761e-07  2.844716677722486e-01  2.844716677722486e-01  2.844716677722486e-01  2.844716677722486e-01  0
3.147421460438105e-07  3.167084866024352e-01  3.167084866024352e-01  3.167084866024352e-01  3.167084866024352e-01  0
3.449442441468515e-07  3.445272879407242e-01  3.445272879407242e-01  3.445272879407242e-01  3.445272879407242e-01  0
3.780444820169729e-07  3.624396693964939e-01  3.624396693964939e-01  3.624396693964939e-01  3.624396693964939e-01  0
4.143209600060397e-07  3.606053722371001e-01  3.606053722371001e-01  3.606053722371001e-01  3.606053722371001e-01  0
4.540784644824398e-07  3.395273250702404e-01  3.395273250702404e-01  3.395273250702404e-01  3.395273250702404e-01  0
4.976510285738977e-07  3.072290134894272e-01  3.072290134894272e-01  3.072290134894272e-01  3.072290134894272e-01  0
5.454047386346280e-07  2.792862993068977e-01  2.792862993068977e-01  2.792862993068977e-01  2.792862993068977e-01  0
5.977408100161000e-07  2.616113141223246e-01  2.616113141223246e-01  2.616113141223246e-01  2.616113141223246e-01  0
6.550989579833081e-07  2.634816413293324e-01  2.634816413293324e-01  2.634816413293324e-01  2.634816413293324e-01  0
7.179610920981903e-07  2.844632548683445e-01  2.844632548683445e-01  2.844632548683445e-01  2.844632548683445e-01  0
7.868553651095264e-07  3.166990690408596e-01  3.166990690408596e-01  3.166990690408596e-01  3.166990690408596e-01  0
8.623606103671289e-07  3.445162125402738e-01  3.445162125402738e-01  3.445162125402738e-01  3.445162125402738e-01  0
9.451112050424321e-07  3.624282092401779e-01  3.624282092401779e-01  3.624282092401779e-01  3.624282092401779e-01  0
1.035802400015099e-06  3.605942336038974e-01  3.605942336038974e-01  3.605942336038974e-01  3.605942336038974e-01  0
1.135196161206100e-06  3.395171041336617e-01  3.395171041336617e-01  3.395171041336617e-01  3.395171041336617e-01  0
1.244127571434744e-06  3.072199769217619e-01  3.072199769217619e-01  3.072199769217619e-01  3.072199769217619e-01  0
1.363511846586570e-06  2.792778288049189e-01  2.792778288049189e-01  2.792778288049189e-01  2.792778288049189e-01  0
1.494352025040250e-06  2.616034112767064e-01  2.616034112767064e-01  2.616034112767064e-01  2.616034112767064e-01  0
1.637747394958270e-06  2.634734895553101e-01  2.634734895553101e-01  2.634734895553101e-01  2.634734895553101e-01  0
1.794902730245476e-06  2.844542077162797e-01  2.844542077162797e-01  2.844542077162797e-01  2.844542077162797e-01  0
1.967138412773816e-06  3.166888664065883e-01  3.166888664065883e-01  3.166888664065883e-01  3.166888664065883e-01  0
2.155901525917822e-06  3.445030643357901e-01  3.445030643357901e-01  3.445030643357901e-01  3.445030643357901e-01  0
2.362778012606080e-06  3.624148491904137e-01  3.624148491904137e-01  3.624148491904137e-01  3.624148491904137e-01  0
2.589506000037748e-06  3.605815969558628e-01  3.605815969558628e-01  3.605815969558628e-01  3.605815969558628e-01  0
2.837990403015249e-06  3.395058709176667e-01  3.395058709176667e-01  3.395058709176667e-01  3.395058709176667e-01  0
3.110318928586861e-06  3.072103409533694e-01  3.072103409533694e-01  3.072103409533694e-01  3.072103409533694e-01  0
3.408779616466425e-06  2.792685452075407e-01  2.792685452075407e-01  2.792685452075407e-01  2.792685452075407e-01  0
3.735880062600625e-06  2.615947700159686e-01  2.615947700159686e-01  2.615947700159686e-01  2.615947700159686e-01  0
4.094368487395675e-06  2.634642774000002e-01  2.634642774000002e-01  2.634642774000002e-01  2.634642774000002e-01  0
4.487256825613690e-06  2.844436205587037e-01  2.844436205587037e-01  2.844436205587037e-01  2.844436205587037e-01  0
4.917846031934539e-06  3.166767349156998e-01  3.166767349156998e-01  3.166767349156998e-01  3.166767349156998e-01  0
5.389753814794556e-06  3.444849021285871e-01  3.444849021285871e-01  3.444849021285871e-01  3.444849021285871e-01  0
5.906945031515201e-06  3.623969229553480e-01  3.623969229553480e-01  3.623969229553480e-01  3.623969229553480e-01  0
6.473765000094370e-06  3.605653992889423e-01  3.605653992889423e-01  3.605653992889423e-01  3.605653992889423e-01  0
7.094976007538122e-06  3.394922772833155e-01  3.394922772833155e-01  3.394922772833155e-01  3.394922772833155e-01  0
7.775797321467151e-06  3.071993526008098e-01  3.071993526008098e-01  3.071993526008098e-01  3.071993526008098e-01  0
8.521949041166063e-06  2.792572251755286e-01  2.792572251755286e-01  2.792572251755286e-01  2.792572251755286e-01  0
9.339700156501563e-06  2.615843139091601e-01  2.615843139091601e-01  2.615843139091601e-01  2.615843139091601e-01  0
1.023592121848919e-05  2.634524836041349e-01  2.634524836041349e-01  2.634524836041349e-01  2.634524836041349e-01  0
1.121814206403422e-05  2.844292908548063e-01  2.844292908548063e-01  2.844292908548063e-01  2.844292908548063e-01  0
1.229461507983635e-05  3.166599229376583e-01  3.166599229376583e-01  3.166599229376583e-01  3.166599229376583e-01  0
1.347438453698639e-05  3.444542083249994e-01  3.444542083249994e-01  3.444542083249994e-01  3.444542083249994e-01  0
1.476736257878800e-05  3.623675448245517e-01  3.623675448245517e-01  3.623675448245517e-01  3.623675448245517e-01  0
1.618441250023593e-05  3.605402464989005e-01  3.605402464989005e-01  3.605402464989005e-01  3.605402464989005e-01  0
1.773744001884531e-05  3.394727323731154e-01  3.394727323731154e-01  3.394727323731154e-01  3.394727323731154e-01  0
1.943949330366788e-05  3.071849494639087e-01  3.071849494639087e-01  3.071849494639087e-01  3.071849494639087e-01  0
2.130487260291516e-05  2.792415248355124e-01  2.792415248355124e-01  2.792415248355124e-01  2.792415248355124e-01  0
2.334925039125391e-05  2.615698316848409e-01  2.615698316848409e-01  2.615698316848409e-01  2.615698316848409e-01  0
2.558980304622297e-05  2.634345631205301e-01  2.634345631205301e-01  2.634345631205301e-01  2.634345631205301e-01  0
2.804535516008556e-05  2.844057783798518e-01  2.844057783798518e-01  2.844057783798518e-01  2.844057783798518e-01  0
3.073653769959087e-05  3.166314647209680e-01  3.166314647209680e-01  3.166314647209680e-01  3.166314647209680e-01  0
3.368596134246598e-05  3.443935886509908e-01  3.443935886509908e-01  3.443935886509908e-01  3.443935886509908e-01  0
3.691840644697001e-05  3.623108471327595e-01  3.623108471327595e-01  3.623108471327595e-01  3.623108471327595e-01  0
4.046103125058982e-05  3.604939197112471e-01  3.604939197112471e-01  3.604939197112471e-01  3.604939197112471e-01  0
4.434360004711327e-05  3.394393926171073e-01  3.394393926171073e-01  3.394393926171073e-01  3.394393926171073e-01  0
4.859873325916970e-05  3.071629258313526e-01  3.071629258313526e-01  3.071629258313526e-01  3.071629258313526e-01  0
5.326218150728788e-05  2.792193399866665e-01  2.792193399866665e-01  2.792193399866665e-01  2.792193399866665e-01  0
5.837312597813476e-05  2.615487727516361e-01  2.615487727516361e-01  2.615487727516361e-01  2.615487727516361e-01  0
6.397450761555741e-05  2.634039768583049e-01  2.634039768583049e-01  2.634039768583049e-01  2.634039768583049e-01  0
7.011338790021387e-05  2.843613230528903e-01  2.843613230528903e-01  2.843613230528903e-01  2.843613230528903e-01  0
7.684134424897716e-05  3.165754665875724e-01  3.165754665875724e-01  3.165754665875724e-01  3.165754665875724e-01  0
8.421490335616494e-05  3.442672382238864e-01  3.442672382238864e-01  3.442672382238864e-01  3.442672382238864e-01  0
9.229601611742502e-05  3.621940184740383e-01  3.621940184740383e-01  3.621940184740383e-01  3.621940184740383e-01  0
1.011525781264745e-04  3.604020605813636e-01  3.604020605813636e-01  3.604020605813636e-01  3.604020605813636e-01  0
1.108590001177832e-04  3.393781232302609e-01  3.393781232302609e-01  3.393781232302609e-01  3.393781232302609e-01  0
1.214968331479242e-04  3.071274348690253e-01  3.071274348690253e-01  3.071274348690253e-01  3.071274348690253e-01  0
1.331554537682197e-04  2.792100783011353e-01  2.792100783011353e-01  2.792100783011353e-01  2.792100783011353e-01  0
1.459328149453369e-04  2.615338696499199e-01  2.615338696499199e-01  2.615338696499199e-01  2.615338696499199e-01  0
1.599362690388935e-04  2.633586996087949e-01  2.633586996087949e-01  2.633586996087949e-01  2.633586996087949e-01  0
1.752834697505347e-04  2.842771945159467e-01  2.842771945159467e-01  2.842771945159467e-01  2.842771945159467e-01  0
1.921033606224429e-04  3.164603546314901e-01  3.164603546314901e-01  3.164603546314901e-01  3.164603546314901e-01  0
2.105372583904124e-04  3.440010921778335e-01  3.440010921778335e-01  3.440010921778335e-01  3.440010921778335e-01  0
2.307400402935626e-04  3.619629302108398e-01  3.619629302108398e-01  3.619629302108398e-01  3.619629302108398e-01  0
2.528814453161864e-04  3.602366312430456e-01  3.602366312430456e-01  3.602366312430456e-01  3.602366312430456e-01  0
2.771475002944579e-04  3.392862104396647e-01  3.392862104396647e-01  3.392862104396647e-01  3.392862104396647e-01  0
3.037420828698106e-04  3.070930860084946e-01  3.070930860084946e-01  3.070930860084946e-01  3.070930860084946e-01  0
3.328886344205493e-04  2.794162582437512e-01  2.794162582437512e-01  2.794162582437512e-01  2.794162582437512e-01  0
3.648320373633422e-04  2.616759661729345e-01  2.616759661729345e-01  2.616759661729345e-01  2.616759661729345e-01  0
3.998406725972339e-04  2.633826661842857e-01  2.633826661842857e-01  2.633826661842857e-01  2.633826661842857e-01  0
4.382086743763368e-04  2.841728838580874e-01  2.841728838580874e-01  2.841728838580874e-01  2.841728838580874e-01  0
4.802584015561073e-04  3.162582868386715e-01  3.162582868386715e-01  3.162582868386715e-01  3.162582868386715e-01  0
5.263431459760308e-04  3.438626867105754e-01  3.438626867105754e-01  3.438626867105754e-01  3.438626867105754e-01  0
5.768501007339063e-04  3.618317936475107e-01  3.618317936475107e-01  3.618317936475107e-01  3.618317936475107e-01  0
6.322036132904660e-04  3.602134542179871e-01  3.602134542179871e-01  3.602134542179871e-01  3.602134542179871e-01  0
6.928687507361448e-04  3.393957367227681e-01  3.393957367227681e-01  3.393957367227681e-01  3.393957367227681e-01  0
7.593552071745265e-04  3.072934596081690e-01  3.072934596081690e-01  3.072934596081690e-01  3.072934596081690e-01  0
8.322215860513732e-04  2.813168914113167e-01  2.813168914113167e-01  2.813168914113167e-01  2.813168914113167e-01  0
9.120800934083555e-04  2.631042367234651e-01  2.631042367234651e-01  2.631042367234651e-01  2.631042367234651e-01  0
9.996016814930845e-04  2.642499654956967e-01  2.642499654956967e-01  2.642499654956967e-01  2.642499654956967e-01  0
1.095521685940842e-03  2.845216465692715e-01  2.845216465692715e-01  2.845216465692715e-01  2.845216465692715e-01  0
1.200646003890268e-03  3.162327779526712e-01  3.162327779526712e-01  3.162327779526712e-01  3.162327779526712e-01  0
1.315857864940077e-03  3.463531085883245e-01  3.463531085883245e-01  3.463531085883245e-01  3.463531085883245e-01  0
1.442125251834766e-03  3.640522069541462e-01  3.640522069541462e-01  3.640522069541462e-01  3.640522069541462e-01  0
1.580509033226165e-03  3.624639746168902e-01  3.624639746168902e-01  3.624639746168902e-01  3.624639746168902e-01  0
1.732171876840362e-03  3.417115083268008e-01  3.417115083268008e-01  3.417115083268008e-01  3.417115083268008e-01  0
1.898388017936316e-03  3.095250140249299e-01  3.095250140249299e-01  3.095250140249299e-01  3.095250140249299e-01  0
2.080553965128434e-03  2.952423974280868e-01  2.952423974280868e-01  2.952423974280868e-01  2.952423974280868e-01  0
2.280200233520889e-03  2.737957461538966e-01  2.737957461538966e-01  2.737957461538966e-01  2.737957461538966e-01  0
2.499004203732712e-03  2.717884708354164e-01  2.717884708354164e-01  2.717884708354164e-01  2.717884708354164e-01  0
2.738804214852105e-03  2.894626636452647e-01  2.894626636452647e-01  2.894626636452647e-01  2.894626636452647e-01  0
3.001615009725671e-03  3.193874373577225e-01  3.193874373577225e-01  3.193874373577225e-01  3.193874373577225e-01  0
3.289644662350191e-03  3.764089241507323e-01  3.764089241507323e-01  3.764089241507323e-01  3.764089241507323e-01  0
3.605313129586913e-03  3.890379040719558e-01  3.890379040719558e-01  3.890379040719558e-01  3.890379040719558e-01  0
3.951272583065410e-03  3.845845635684954e-01  3.845845635684954e-01  3.845845635684954e-01  3.845845635684954e-01  0
4.330429692100902e-03  3.615525595991175e-01  3.615525595991175e-01  3.615525595991175e-01  3.615525595991175e-01  0
4.745970044840788e-03  3.267615166492038e-01  3.267615166492038e-01  3.267615166492038e-01  3.267615166492038e-01  0
5.201384912821079e-03  5.070929292699007e-01  5.070929292699007e-01  5.070929292699007e-01  5.070929292699007e-01  0
5.700500583802218e-03  4.158795894570202e-01  4.158795894570202e-01  4.158795894570202e-01  4.158795894570202e-01  0
6.247510509331774e-03  3.654654567781570e-01  3.654654567781570e-01  3.654654567781570e-01  3.654654567781570e-01  0
6.847010537130257e-03  3.509441976472604e-01  3.509441976472604e-01  3.509441976472604e-01  3.509441976472604e-01  0
7.504037524314171e-03  3.608557365596989e-01  3.608557365596989e-01  3.608557365596989e-01  3.608557365596989e-01  0
8.224111655875475e-03  1.710484095293463e+00  1.710484095293463e+00  1.710484095293463e+00  1.710484095293463e+00  0
9.013282823967279e-03  1.393862384576894e+00  1.393862384576894e+00  1.393862384576894e+00  1.393862384576894e+00  0
9.878181457663521e-03  1.107598906209157e+00  1.107598906209157e+00  1.107598906209157e+00  1.107598906209157e+00  0
1.082607423025225e-02  8.642517277032404e-01  8.642517277032404e-01  8.642517277032404e-01  8.642517277032404e-01  0
1.186492511210197e-02  6.677427323617765e-01  6.677427323617765e-01  6.677427323617765e-01  6.677427323617765e-01  0
1.300346228205270e-02  2.427373231819515e+00  2.427373231819515e+00  2.427373231819515e+00  2.427373231819515e+00  0
1.425125145950554e-02  2.545018359807617e+00  2.545018359807617e+00  2.545018359807617e+00  2.545018359807617e+00  0
1.561877627332944e-02  2.501530585932152e+00  2.501530585932152e+00  2.501530585932152e+00  2.501530585932152e+00  0
1.711752634282564e-02  2.317143632613665e+00  2.317143632613665e+00  2.317143632613665e+00  2.317143632613665e+00  0
1.876009381078543e-02  2.037288322486679e+00  2.037288322486679e+00  2.037288322486679e+00  2.037288322486679e+00  0
2.056027913968869e-02  7.110145143923020e-01  7.110145143923020e-01  7.110145143923020e-01  7.110145143923020e-01  0
2.253320705991820e-02  1.027718672130957e+00  1.027718672130957e+00  1.027718672130957e+00  1.027718672130957e+00  0
2.469545364415880e-02  1.404551440595348e+00  1.404551440595348e+00  1.404551440595348e+00  1.404551440595348e+00  0
2.706518557563063e-02  1.801406513804958e+00  1.801406513804958e+00  1.801406513804958e+00  1.801406513804958e+00  0
2.966231278025492e-02  2.160297729927890e+00  2.160297729927890e+00  2.160297729927890e+00  2.160297729927890e+00  0
3.250865570513174e-02  1.262720121456793e-01  1.262720121456793e-01  1.262720121456793e-01  1.262720121456793e-01  0
3.562812864876386e-02  1.606227729863854e-01  1.606227729863854e-01  1.606227729863854e-01  1.606227729863854e-01  0
3.904694068332359e-02  2.214881624842824e-01  2.214881624842824e-01  2.214881624842824e-01  2.214881624842824e-01  0
4.279381585706411e-02  3.244616772558544e-01  3.244616772558544e-01  3.244616772558544e-01  3.244616772558544e-01  0
4.690023452696357e-02  4.865990130053371e-01  4.865990130053371e-01  4.865990130053371e-01  4.865990130053371e-01  0
5.140069784922172e-02  9.667057812973866e-02  9.667057812973866e-02  9.667057812973866e-02  9.667057812973866e-02  0
5.633301764979549e-02  1.054246161780514e-01  1.054246161780514e-01  1.054246161780514e-01  1.054246161780514e-01  0
6.173863411039701e-02  1.118702749434029e-01  1.118702749434029e-01  1.118702749434029e-01  1.118702749434029e-01  0
6.766296393907659e-02  1.174060035282236e-01  1.174060035282236e-01  1.174060035282236e-01  1.174060035282236e-01  0
7.415578195063730e-02  1.247002020108381e-01  1.247002020108381e-01  1.247002020108381e-01  1.247002020108381e-01  0
8.127163926282936e-02  3.703298537382737e-01  3.703298537382737e-01  3.703298537382737e-01  3.703298537382737e-01  0
8.907032162190966e-02  3.109089974358943e-01  3.109089974358943e-01  3.109089974358943e-01  3.109089974358943e-01  0
9.761735170830897e-02  2.521850569544687e-01  2.521850569544687e-01  2.521850569544687e-01  2.521850569544687e-01  0
1.069845396426603e-01  2.027555885499878e-01  2.027555885499878e-01  2.027555885499878e-01  2.027555885499878e-01  0
1.172505863174089e-01  1.664607051738691e-01  1.664607051738691e-01  1.664607051738691e-01  1.664607051738691e-01  0
1.285017446230543e-01  1.552696330738817e+00  1.552696330738817e+00  1.552696330738817e+00  1.552696330738817e+00  0
1.408325441244888e-01  1.525632966089823e+00  1.525632966089823e+00  1.525632966089823e+00  1.525632966089823e+00  0
1.543465852759925e-01  1.401988839944136e+00  1.401988839944136e+00  1.401988839944136e+00  1.401988839944136e+00  0
1.691574098476915e-01  1.208026423547119e+00  1.208026423547119e+00  1.208026423547119e+00  1.208026423547119e+00  0
1.853894548765933e-01  9.796452345950831e-01  9.796452345950831e-01  9.796452345950831e-01  9.796452345950831e-01  0
2.031790981570734e-01  7.031933892040430e-01  7.031933892040430e-01  7.031933892040430e-01  7.031933892040430e-01  0
2.226758040547742e-01  9.520736320634062e-01  9.520736320634062e-01  9.520736320634062e-01  9.520736320634062e-01  0
2.440433792707724e-01  1.207282629700876e+00  1.207282629700876e+00  1.207282629700876e+00  1.207282629700876e+00  0
2.674613491066506e-01  1.432601394622974e+00  1.432601394622974e+00  1.432601394622974e+00  1.432601394622974e+00  0
2.931264657935223e-01  1.590100181403786e+00  1.590100181403786e+00  1.590100181403786e+00  1.590100181403786e+00  0
3.212543615576358e-01  6.208742736634625e-02  6.208742736634625e-02  6.208742736634625e-02  6.208742736634625e-02  0
3.520813603112218e-01  1.132891372853542e-01  1.132891372853542e-01  1.132891372853542e-01  1.132891372853542e-01  0
3.858664631899813e-01  1.955926243239007e-01  1.955926243239007e-01  1.955926243239007e-01  1.955926243239007e-01  0
4.228935246192287e-01  3.186518821203981e-01  3.186518821203981e-01  3.186518821203981e-01  3.186518821203981e-01  0
4.634736371914831e-01  4.886873705875553e-01  4.886873705875553e-01  4.886873705875553e-01  4.886873705875553e-01  0
5.079477453926834e-01  1.573635163478603e-03  1.573635163478603e-03  1.573635163478603e-03  1.573635163478603e-03  0
5.566895101369354e-01  3.577422401305148e-03  3.577422401305148e-03  3.577422401305148e-03  3.577422401305148e-03  0
6.101084481769311e-01  7.824798227855407e-03  7.824798227855407e-03  7.824798227855407e-03  7.824798227855407e-03  0
6.686533727666266e-01  1.639536769038954e-02  1.639536769038954e-02  1.639536769038954e-02  1.639536769038954e-02  0
7.328161644838057e-01  3.280563345382284e-02  3.280563345382284e-02  3.280563345382284e-02  3.280563345382284e-02  0
8.031359038940895e-01  1.917498822424084e-05  1.917498822424084e-05  1.917498822424084e-05  1.917498822424084e-05  0
8.802034007780547e-01  4.956655494788416e-05  4.956655494788416e-05  4.956655494788416e-05  4.956655494788416e-05  0
9.646661579749534e-01  1.238790957987952e-04  1.238790957987952e-04  1.238790957987952e-04  1.238790957987952e-04  0
1.057233811548072e+00  3.003927046128262e-04  3.003927046128262e-04  3.003927046128262e-04  3.003927046128262e-04  0
1.158684092978708e+00  7.087805659241248e-04  7.087805659241248e-04  7.087805659241248e-04  7.087805659241248e-04  0
1.269869363481709e+00  -1.506253109380150e-07  -1.506253109380150e-07  -1.506253109380150e-07  -1.506253109380150e-07  0
1.391723775342339e+00  -2.844827354676540e-07  -2.844827354676540e-07  -2.844827354676540e-07  -2.844827354676540e-07  0
1.525271120442328e+00  -2.989621567028125e-07  -2.989621567028125e-07  -2.989621567028125e-07  -2.989621567028125e-07  0
1.671633431916567e+00  5.400955732056894e-07  5.400955732056894e-07  5.400955732056894e-07  5.400955732056894e-07  0
1.832040411209515e+00  4.585014982096378e-06  4.585014982096378e-06  4.585014982096378e-06  4.585014982096378e-06  0
