-3.174673408704273e+00  3.963845005230399e-06  3.963845005230399e-06  3.963845005230399e-06  3.963845005230399e-06  0
-2.896710232446770e+00  1.794796918193287e-06  1.794796918193287e-06  1.794796918193287e-06  1.794796918193287e-06  0
-2.643084528870180e+00  7.750002218146496e-07  7.750002218146496e-07  7.750002218146496e-07  7.750002218146496e-07  0
-2.411665394937384e+00  3.170056853238787e-07  3.170056853238787e-07  3.170056853238787e-07  3.170056853238787e-07  0
-2.200508501945137e+00  1.223978883712485e-07  1.223978883712485e-07  1.223978883712485e-07  1.223978883712485e-07  0
-2.007839759735224e+00  3.186109722164192e-04  3.186109722164192e-04  3.186109722164192e-04  3.186109722164192e-04  0
-1.832040411209515e+00  1.355056832666919e-04  1.355056832666919e-04  1.355056832666919e-04  1.355056832666919e-04  0
-1.671633431916567e+00  5.358519338081130e-05  5.358519338081130e-05  5.358519338081130e-05  5.358519338081130e-05  0
-1.525271120442328e+00  1.972053315835261e-05  1.972053315835261e-05  1.972053315835261e-05  1.972053315835261e-05  0
-1.391723775342338e+00  6.758567716686984e-06  6.758567716686984e-06  6.758567716686984e-06  6.758567716686984e-06  0
-1.269869363481709e+00  6.834932312146800e-03  6.834932312146800e-03  6.834932312146800e-03  6.834932312146800e-03  0
-1.158684092978708e+00  4.330528574992802e-03  4.330528574992802e-03  4.330528574992802e-03  4.330528574992802e-03  0
-1.057233811548072e+00  2.552096116387908e-03  2.552096116387908e-03  2.552096116387908e-03  2.552096116387908e-03  0
-9.646661579749535e-01  1.394844413284375e-03  1.394844413284375e-03  1.394844413284375e-03  1.394844413284375e-03  0
-8.802034007780546e-01  7.060422697552264e-04  7.060422697552264e-04  7.060422697552264e-04  7.060422697552264e-04  0
-8.031359038940895e-01  3.801035222691349e-02  3.801035222691349e-02  3.801035222691349e-02  3.801035222691349e-02  0
-7.328161644838058e-01  2.785000904192282e-02  2.785000904192282e-02  2.785000904192282e-02  2.785000904192282e-02  0
-6.686533727666267e-01  2.034678742651210e-02  2.034678742651210e-02  2.034678742651210e-02  2.034678742651210e-02  0
-6.101084481769312e-01  1.467824031072876e-02  1.467824031072876e-02  1.467824031072876e-02  1.467824031072876e-02  0
-5.566895101369354e-01  1.029742390925713e-02  1.029742390925713e-02  1.029742390925713e-02  1.029742390925713e-02  0
-5.079477453926835e-01  1.440618757228463e-01  1.440618757228463e-01  1.440618757228463e-01  1.440618757228463e-01  0
-4.634736371914831e-01  1.097768638663753e-01  1.097768638663753e-01  1.097768638663753e-01  1.097768638663753e-01  0
-4.228935246192287e-01  8.101855854344123e-02  8.101855854344123e-02  8.101855854344123e-02  8.101855854344123e-02  0
-3.858664631899814e-01  5.677527309231084e-02  5.677527309231084e-02  5.677527309231084e-02  5.677527309231084e-02  0
-3.520813603112218e-01  3.733179059856318e-02  3.733179059856318e-02  3.733179059856318e-02  3.733179059856318e-02  0
-3.212543615576358e-01  7.140971331573722e-01  7.140971331573722e-01  7.140971331573722e-01  7.140971331573722e-01  0
-2.931264657935223e-01  5.047444815065152e-01  5.047444815065152e-01  5.047444815065152e-01  5.047444815065152e-01  0
-2.674613491066506e-01  3.554138648846223e-01  3.554138648846223e-01  3.554138648846223e-01  3.554138648846223e-01  0
-2.440433792707724e-01  2.547548834584792e-01  2.547548834584792e-01  2.547548834584792e-01  2.547548834584792e-01  0
-2.226758040547741e-01  1.878662005932027e-01  1.878662005932027e-01  1.878662005932027e-01  1.878662005932027e-01  0
-2.031790981570734e-01  2.444045747977235e+00  2.444045747977235e+00  2.444045747977235e+00  2.444045747977235e+00  0
-1.853894548765933e-01  2.064310500041041e+00  2.064310500041041e+00  2.064310500041041e+00  2.064310500041041e+00  0
-1.691574098476915e-01  1.672705944631951e+00  1.672705944631951e+00  1.672705944631951e+00  1.672705944631951e+00  0
-1.543465852759926e-01  1.290041559408584e+00  1.290041559408584e+00  1.290041559408584e+00  1.290041559408584e+00  0
-1.408325441244888e-01  9.402789627850184e-01  9.402789627850184e-01  9.402789627850184e-01  9.402789627850184e-01  0
-1.285017446230544e-01  3.498065451990683e+00  3.498065451990683e+00  3.498065451990683e+00  3.498065451990683e+00  0
-1.172505863174090e-01  3.448924324826006e+00  3.448924324826006e+00  3.448924324826006e+00  3.448924324826006e+00  0
-1.069845396426603e-01  3.289462406975530e+00  3.289462406975530e+00  3.289462406975530e+00  3.289462406975530e+00  0
-9.761735170830904e-02  3.043956116032060e+00  3.043956116032060e+00  3.043956116032060e+00  3.043956116032060e+00  0
-8.907032162190970e-02  2.736804724881126e+00  2.736804724881126e+00  2.736804724881126e+00  2.736804724881126e+00  0
-8.127163926282940e-02  2.404724792526550e+00  2.404724792526550e+00  2.404724792526550e+00  2.404724792526550e+00  0
-7.415578195063734e-02  2.588728450917042e+00  2.588728450917042e+00  2.588728450917042e+00  2.588728450917042e+00  0
-6.766296393907663e-02  2.780009602214975e+00  2.780009602214975e+00  2.780009602214975e+00  2.780009602214975e+00  0
-6.173863411039705e-02  2.915897722597195e+00  2.915897722597195e+00  2.915897722597195e+00  2.915897722597195e+00  0
-5.633301764979552e-02  2.933742960201403e+00  2.933742960201403e+00  2.933742960201403e+00  2.933742960201403e+00  0
-5.140069784922175e-02  1.897867400707407e+00  1.897867400707407e+00  1.897867400707407e+00  1.897867400707407e+00  0
-4.690023452696359e-02  1.879786330320242e+00  1.879786330320242e+00  1.879786330320242e+00  1.879786330320242e+00  0
-4.279381585706413e-02  1.778496304539513e+00  1.778496304539513e+00  1.778496304539513e+00  1.778496304539513e+00  0
-3.904694068332362e-02  1.599336597399621e+00  1.599336597399621e+00  1.599336597399621e+00  1.599336597399621e+00  0
-3.562812864876388e-02  1.363782722884602e+00  1.363782722884602e+00  1.363782722884602e+00  1.363782722884602e+00  0
-3.250865570513176e-02  1.537623479385747e+00  1.537623479385747e+00  1.537623479385747e+00  1.537623479385747e+00  0
-2.966231278025493e-02  1.511728829235995e+00  1.511728829235995e+00  1.511728829235995e+00  1.511728829235995e+00  0
-2.706518557563065e-02  1.525388464804672e+00  1.525388464804672e+00  1.525388464804672e+00  1.525388464804672e+00  0
-2.469545364415882e-02  1.557988918795677e+00  1.557988918795677e+00  1.557988918795677e+00  1.557988918795677e+00  0
-2.253320705991821e-02  1.577098368182525e+00  1.577098368182525e+00  1.577098368182525e+00  1.577098368182525e+00  0
-2.056027913968870e-02  1.839507870433782e+00  1.839507870433782e+00  1.839507870433782e+00  1.839507870433782e+00  0
-1.876009381078543e-02  1.798934688684615e+00  1.798934688684615e+00  1.798934688684615e+00  1.798934688684615e+00  0
-1.711752634282565e-02  1.693597550146146e+00  1.693597550146146e+00  1.693597550146146e+00  1.693597550146146e+00  0
-1.561877627332944e-02  1.530399356655162e+00  1.530399356655162e+00  1.530399356655162e+00  1.530399356655162e+00  0
-1.425125145950555e-02  1.327277159686034e+00  1.327277159686034e+00  1.327277159686034e+00  1.327277159686034e+00  0
-1.300346228205270e-02  1.931213031961379e+00  1.931213031961379e+00  1.931213031961379e+00  1.931213031961379e+00  0
-1.186492511210197e-02  1.832434078909734e+00  1.832434078909734e+00  1.832434078909734e+00  1.832434078909734e+00  0
-1.082607423025226e-02  1.776155044289962e+00  1.776155044289962e+00  1.776155044289962e+00  1.776155044289962e+00  0
-9.878181457663527e-03  1.748658160132806e+00  1.748658160132806e+00  1.748658160132806e+00  1.748658160132806e+00  0
-9.013282823967282e-03  1.720139795273466e+00  1.720139795273466e+00  1.720139795273466e+00  1.720139795273466e+00  0
-8.224111655875480e-03  2.359588293727569e+00  2.359588293727569e+00  2.359588293727569e+00  2.359588293727569e+00  0
-7.504037524314174e-03  2.371027824371529e+00  2.371027824371529e+00  2.371027824371529e+00  2.371027824371529e+00  0
-6.847010537130260e-03  2.281498663698175e+00  2.281498663698175e+00  2.281498663698175e+00  2.281498663698175e+00  0
-6.247510509331778e-03  2.099941844640897e+00  2.099941844640897e+00  2.099941844640897e+00  2.099941844640897e+00  0
-5.700500583802221e-03  1.853269238614557e+00  1.853269238614557e+00  1.853269238614557e+00  1.853269238614557e+00  0
-5.201384912821082e-03  1.756478056066307e+00  1.756478056066307e+00  1.756478056066307e+00  1.756478056066307e+00  0
-4.745970044840789e-03  1.820508561409106e+00  1.820508561409106e+00  1.820508561409106e+00  1.820508561409106e+00  0
-4.330429692100905e-03  1.932658321426613e+00  1.932658321426613e+00  1.932658321426613e+00  1.932658321426613e+00  0
-3.951272583065412e-03  2.071234986186056e+00  2.071234986186056e+00  2.071234986186056e+00  2.071234986186056e+00  0
-3.605313129586914e-03  2.196794972518676e+00  2.196794972518676e+00  2.196794972518676e+00  2.196794972518676e+00  0
-3.289644662350192e-03  1.656949858572283e+00  1.656949858572283e+00  1.656949858572283e+00  1.656949858572283e+00  0
-3.001615009725670e-03  1.694766192011169e+00  1.694766192011169e+00  1.694766192011169e+00  1.694766192011169e+00  0
-2.738804214852104e-03  1.675493807917528e+00  1.675493807917528e+00  1.675493807917528e+00  1.675493807917528e+00  0
-2.499004203732711e-03  1.597811365607839e+00  1.597811365607839e+00  1.597811365607839e+00  1.597811365607839e+00  0
-2.280200233520888e-03  1.472270666224516e+00  1.472270666224516e+00  1.472270666224516e+00  1.472270666224516e+00  0
-2.080553965128433e-03  1.317995921804958e+00  1.317995921804958e+00  1.317995921804958e+00  1.317995921804958e+00  0
-1.898388017936316e-03  1.341577747425087e+00  1.341577747425087e+00  1.341577747425087e+00  1.341577747425087e+00  0
-1.732171876840361e-03  1.393028510473346e+00  1.393028510473346e+00  1.393028510473346e+00  1.393028510473346e+00  0
-1.580509033226164e-03  1.467163698702178e+00  1.467163698702178e+00  1.467163698702178e+00  1.467163698702178e+00  0
-1.442125251834765e-03  1.544079747891191e+00  1.544079747891191e+00  1.544079747891191e+00  1.544079747891191e+00  0
-1.315857864940077e-03  1.125134749316589e+00  1.125134749316589e+00  1.125134749316589e+00  1.125134749316589e+00  0
-1.200646003890268e-03  1.210089132613046e+00  1.210089132613046e+00  1.210089132613046e+00  1.210089132613046e+00  0
-1.095521685940842e-03  1.263791323905633e+00  1.263791323905633e+00  1.263791323905633e+00  1.263791323905633e+00  0
-9.996016814930845e-04  1.279353480049219e+00  1.279353480049219e+00  1.279353480049219e+00  1.279353480049219e+00  0
-9.120800934083554e-04  1.262375792829367e+00  1.262375792829367e+00  1.262375792829367e+00  1.262375792829367e+00  0
-8.322215860513730e-04  8.166833255086475e-01  8.166833255086475e-01  8.166833255086475e-01  8.166833255086475e-01  0
-7.593552071745262e-04  8.278653613720818e-01  8.278653613720818e-01  8.278653613720818e-01  8.278653613720818e-01  0
-6.928687507361445e-04  8.633809840731416e-01  8.633809840731416e-01  8.633809840731416e-01  8.633809840731416e-01  0
-6.322036132904656e-04  9.261048286368962e-01  9.261048286368962e-01  9.261048286368962e-01  9.261048286368962e-01  0
-5.768501007339061e-04  1.007423104511027e+00  1.007423104511027e+00  1.007423104511027e+00  1.007423104511027e+00  0
-5.263431459760307e-04  7.742420327370296e-01  7.742420327370296e-01  7.742420327370296e-01  7.742420327370296e-01  0
-4.802584015561072e-04  7.940426017635523e-01  7.940426017635523e-01  7.940426017635523e-01  7.940426017635523e-01  0
-4.382086743763367e-04  7.996202150387758e-01  7.996202150387758e-01  7.996202150387758e-01  7.996202150387758e-01  0
-3.998406725972338e-04  7.819678260045163e-01  7.819678260045163e-01  7.819678260045163e-01  7.819678260045163e-01  0
-3.648320373633421e-04  7.365970440045155e-01  7.365970440045155e-01  7.365970440045155e-01  7.365970440045155e-01  0
-3.328886344205492e-04  7.185786733916278e-01  7.185786733916278e-01  7.185786733916278e-01  7.185786733916278e-01  0
-3.037420828698105e-04  7.167049816260851e-01  7.167049816260851e-01  7.167049816260851e-01  7.167049816260851e-01  0
-2.771475002944578e-04  7.193987146108708e-01  7.193987146108708e-01  7.193987146108708e-01  7.193987146108708e-01  0
-2.528814453161863e-04  7.297941588356451e-01  7.297941588356451e-01  7.297941588356451e-01  7.297941588356451e-01  0
-2.307400402935625e-04  7.481901138017869e-01  7.481901138017869e-01  7.481901138017869e-01  7.481901138017869e-01  0
-2.105372583904123e-04  7.281908587706760e-01  7.281908587706760e-01  7.281908587706760e-01  7.281908587706760e-01  0
-1.921033606224429e-04  7.253555801390505e-01  7.253555801390505e-01  7.253555801390505e-01  7.253555801390505e-01  0
-1.752834697505346e-04  7.209441798740597e-01  7.209441798740597e-01  7.209441798740597e-01  7.209441798740597e-01  0
-1.599362690388935e-04  7.108582277736405e-01  7.108582277736405e-01  7.108582277736405e-01  7.108582277736405e-01  0
-1.459328149453368e-04  6.901836381242737e-01  6.901836381242737e-01  6.901836381242737e-01  6.901836381242737e-01  0
-1.331554537682197e-04  7.193514170514858e-01  7.193514170514858e-01  7.193514170514858e-01  7.193514170514858e-01  0
-1.214968331479242e-04  7.272663165582645e-01  7.272663165582645e-01  7.272663165582645e-01  7.272663165582645e-01  0
-1.108590001177831e-04  7.306657723271169e-01  7.306657723271169e-01  7.306657723271169e-01  7.306657723271169e-01  0
-1.011525781264745e-04  7.293245550750597e-01  7.293245550750597e-01  7.293245550750597e-01  7.293245550750597e-01  0
-9.229601611742499e-05  7.246389030946534e-01  7.246389030946534e-01  7.246389030946534e-01  7.246389030946534e-01  0
-8.421490335616491e-05  7.268436610245251e-01  7.268436610245251e-01  7.268436610245251e-01  7.268436610245251e-01  0
-7.684134424897715e-05  7.136185745171253e-01  7.136185745171253e-01  7.136185745171253e-01  7.136185745171253e-01  0
-7.011338790021387e-05  7.064407995402201e-01  7.064407995402201e-01  7.064407995402201e-01  7.064407995402201e-01  0
-6.397450761555741e-05  7.059434442881121e-01  7.059434442881121e-01  7.059434442881121e-01  7.059434442881121e-01  0
-5.837312597813474e-05  7.094701350591114e-01  7.094701350591114e-01  7.094701350591114e-01  7.094701350591114e-01  0
-5.326218150728787e-05  7.256350473105991e-01  7.256350473105991e-01  7.256350473105991e-01  7.256350473105991e-01  0
-4.859873325916968e-05  7.411610417058216e-01  7.411610417058216e-01  7.411610417058216e-01  7.411610417058216e-01  0
-4.434360004711325e-05  7.489223568956743e-01  7.489223568956743e-01  7.489223568956743e-01  7.489223568956743e-01  0
-4.046103125058980e-05  7.459127552229251e-01  7.459127552229251e-01  7.459127552229251e-01  7.459127552229251e-01  0
-3.691840644696999e-05  7.332829846875695e-01  7.332829846875695e-01  7.332829846875695e-01  7.332829846875695e-01  0
-3.368596134246597e-05  7.307089741889177e-01  7.307089741889177e-01  7.307089741889177e-01  7.307089741889177e-01  0
-3.073653769959086e-05  7.111627636053237e-01  7.111627636053237e-01  7.111627636053237e-01  7.111627636053237e-01  0
-2.804535516008555e-05  7.000573978992182e-01  7.000573978992182e-01  7.000573978992182e-01  7.000573978992182e-01  0
-2.558980304622297e-05  7.000430739596509e-01  7.000430739596509e-01  7.000430739596509e-01  7.000430739596509e-01  0
-2.334925039125390e-05  7.090454951294333e-01  7.090454951294333e-01  7.090454951294333e-01  7.090454951294333e-01  0
-2.130487260291515e-05  7.416627779832891e-01  7.416627779832891e-01  7.416627779832891e-01  7.416627779832891e-01  0
-1.943949330366787e-05  7.603709816855808e-01  7.603709816855808e-01  7.603709816855808e-01  7.603709816855808e-01  0
-1.773744001884530e-05  7.696638536969733e-01  7.696638536969733e-01  7.696638536969733e-01  7.696638536969733e-01  0
-1.618441250023592e-05  7.655299541085588e-01  7.655299541085588e-01  7.655299541085588e-01  7.655299541085588e-01  0
-1.476736257878800e-05  7.493206869208877e-01  7.493206869208877e-01  7.493206869208877e-01  7.493206869208877e-01  0
-1.347438453698639e-05  7.551433893523082e-01  7.551433893523082e-01  7.551433893523082e-01  7.551433893523082e-01  0
-1.229461507983634e-05  7.299466179657026e-01  7.299466179657026e-01  7.299466179657026e-01  7.299466179657026e-01  0
-1.121814206403422e-05  7.145893644570549e-01  7.145893644570549e-01  7.145893644570549e-01  7.145893644570549e-01  0
-1.023592121848918e-05  7.133920616598235e-01  7.133920616598235e-01  7.133920616598235e-01  7.133920616598235e-01  0
-9.339700156501558e-06  7.249500312091278e-01  7.249500312091278e-01  7.249500312091278e-01  7.249500312091278e-01  0
-8.521949041166062e-06  7.613875948623700e-01  7.613875948623700e-01  7.613875948623700e-01  7.613875948623700e-01  0
-7.775797321467150e-06  7.854259484484437e-01  7.854259484484437e-01  7.854259484484437e-01  7.854259484484437e-01  0
-7.094976007538121e-06  7.988059185279045e-01  7.988059185279045e-01  7.988059185279045e-01  7.988059185279045e-01  0
-6.473765000094370e-06  7.961157457291512e-01  7.961157457291512e-01  7.961157457291512e-01  7.961157457291512e-01  0
-5.906945031515200e-06  7.783001868437273e-01  7.783001868437273e-01  7.783001868437273e-01  7.783001868437273e-01  0
-5.389753814794554e-06  7.648780634708154e-01  7.648780634708154e-01  7.648780634708154e-01  7.648780634708154e-01  0
-4.917846031934537e-06  7.388425945597248e-01  7.388425945597248e-01  7.388425945597248e-01  7.388425945597248e-01  0
-4.487256825613687e-06  7.232590260910398e-01  7.232590260910398e-01  7.232590260910398e-01  7.232590260910398e-01  0
-4.094368487395674e-06  7.235798987179534e-01  7.235798987179534e-01  7.235798987179534e-01  7.235798987179534e-01  0
-3.735880062600623e-06  7.389421896837819e-01  7.389421896837819e-01  7.389421896837819e-01  7.389421896837819e-01  0
-3.408779616466424e-06  7.635311194140294e-01  7.635311194140294e-01  7.635311194140294e-01  7.635311194140294e-01  0
-3.110318928586860e-06  7.899310136782707e-01  7.899310136782707e-01  7.899310136782707e-01  7.899310136782707e-01  0
-2.837990403015248e-06  8.059083544275664e-01  8.059083544275664e-01  8.059083544275664e-01  8.059083544275664e-01  0
-2.589506000037748e-06  8.052783674376507e-01  8.052783674376507e-01  8.052783674376507e-01  8.052783674376507e-01  0
-2.362778012606080e-06  7.884453039671208e-01  7.884453039671208e-01  7.884453039671208e-01  7.884453039671208e-01  0
-2.155901525917819e-06  7.674910496028785e-01  7.674910496028785e-01  7.674910496028785e-01  7.674910496028785e-01  0
-1.967138412773812e-06  7.405613165158089e-01  7.405613165158089e-01  7.405613165158089e-01  7.405613165158089e-01  0
-1.794902730245472e-06  7.240249404803691e-01  7.240249404803691e-01  7.240249404803691e-01  7.240249404803691e-01  0
-1.637747394958267e-06  7.238698011613887e-01  7.238698011613887e-01  7.238698011613887e-01  7.238698011613887e-01  0
-1.494352025040247e-06  7.396974131945951e-01  7.396974131945951e-01  7.396974131945951e-01  7.396974131945951e-01  0
-1.363511846586567e-06  7.640456133888263e-01  7.640456133888263e-01  7.640456133888263e-01  7.640456133888263e-01  0
-1.244127571434742e-06  7.912485112868735e-01  7.912485112868735e-01  7.912485112868735e-01  7.912485112868735e-01  0
-1.135196161206098e-06  8.081229021174713e-01  8.081229021174713e-01  8.081229021174713e-01  8.081229021174713e-01  0
-1.035802400015097e-06  8.081588424047900e-01  8.081588424047900e-01  8.081588424047900e-01  8.081588424047900e-01  0
-9.451112050424303e-07  7.914835713985721e-01  7.914835713985721e-01  7.914835713985721e-01  7.914835713985721e-01  0
-8.623606103671273e-07  7.685193213929210e-01  7.685193213929210e-01  7.685193213929210e-01  7.685193213929210e-01  0
-7.868553651095247e-07  7.412200714121702e-01  7.412200714121702e-01  7.412200714121702e-01  7.412200714121702e-01  0
-7.179610920981888e-07  7.242673604434822e-01  7.242673604434822e-01  7.242673604434822e-01  7.242673604434822e-01  0
-6.550989579833068e-07  7.238542589485354e-01  7.238542589485354e-01  7.238542589485354e-01  7.238542589485354e-01  0
-5.977408100160987e-07  7.397669181353183e-01  7.397669181353183e-01  7.397669181353183e-01  7.397669181353183e-01  0
-5.454047386346270e-07  7.642390148621883e-01  7.642390148621883e-01  7.642390148621883e-01  7.642390148621883e-01  0
-4.976510285738967e-07  7.917579077196227e-01  7.917579077196227e-01  7.917579077196227e-01  7.917579077196227e-01  0
-4.540784644824390e-07  8.089895639055540e-01  8.089895639055540e-01  8.089895639055540e-01  8.089895639055540e-01  0
-4.143209600060390e-07  8.092944476329071e-01  8.092944476329071e-01  8.092944476329071e-01  8.092944476329071e-01  0
-3.780444820169721e-07  7.926867702964169e-01  7.926867702964169e-01  7.926867702964169e-01  7.926867702964169e-01  0
-3.449442441468510e-07  7.689413253208539e-01  7.689413253208539e-01  7.689413253208539e-01  7.689413253208539e-01  0
-3.147421460438099e-07  7.414928534295373e-01  7.414928534295373e-01  7.414928534295373e-01  7.414928534295373e-01  0
-2.871844368392756e-07  7.243704047354217e-01  7.243704047354217e-01  7.243704047354217e-01  7.243704047354217e-01  0
-2.620395831933227e-07  7.238488275094360e-01  7.238488275094360e-01  7.238488275094360e-01  7.238488275094360e-01  0
-2.390963240064395e-07  7.397884569404596e-01  7.397884569404596e-01  7.397884569404596e-01  7.397884569404596e-01  0
-2.181618954538508e-07  7.643261378460675e-01  7.643261378460675e-01  7.643261378460675e-01  7.643261378460675e-01  0
-1.990604114295587e-07  7.919715118874682e-01  7.919715118874682e-01  7.919715118874682e-01  7.919715118874682e-01  0
-1.816313857929756e-07  8.093465082804321e-01  8.093465082804321e-01  8.093465082804321e-01  8.093465082804321e-01  0
-1.657283840024156e-07  8.097596051382183e-01  8.097596051382183e-01  8.097596051382183e-01  8.097596051382183e-01  0
-1.512177928067889e-07  7.931794648033073e-01  7.931794648033073e-01  7.931794648033073e-01  7.931794648033073e-01  0
-1.379776976587404e-07  7.691227509600318e-01  7.691227509600318e-01  7.691227509600318e-01  7.691227509600318e-01  0
-1.258968584175239e-07  7.416139714441100e-01  7.416139714441100e-01  7.416139714441100e-01  7.416139714441100e-01  0
-1.148737747357102e-07  7.244229368684567e-01  7.244229368684567e-01  7.244229368684567e-01  7.244229368684567e-01  0
-1.048158332773291e-07  7.238573064527098e-01  7.238573064527098e-01  7.238573064527098e-01  7.238573064527098e-01  0
-9.563852960257580e-08  7.398071823936276e-01  7.398071823936276e-01  7.398071823936276e-01  7.398071823936276e-01  0
-8.726475818154030e-08  7.643733504914876e-01  7.643733504914876e-01  7.643733504914876e-01  7.643733504914876e-01  0
-7.962416457182346e-08  7.920697497376209e-01  7.920697497376209e-01  7.920697497376209e-01  7.920697497376209e-01  0
-7.265255431719022e-08  8.095024214168588e-01  8.095024214168588e-01  8.095024214168588e-01  8.095024214168588e-01  0
-6.629135360096623e-08  8.099589194446609e-01  8.099589194446609e-01  8.099589194446609e-01  8.099589194446609e-01  0
-6.048711712271553e-08  7.933896260642025e-01  7.933896260642025e-01  7.933896260642025e-01  7.933896260642025e-01  0
-5.519107906349615e-08  7.692081764563355e-01  7.692081764563355e-01  7.692081764563355e-01  7.692081764563355e-01  0
-5.035874336700958e-08  7.416747834475774e-01  7.416747834475774e-01  7.416747834475774e-01  7.416747834475774e-01  0
-4.594950989428408e-08  7.244559605976998e-01  7.244559605976998e-01  7.244559605976998e-01  7.244559605976998e-01  0
-4.192633331093163e-08  7.238726002778169e-01  7.238726002778169e-01  7.238726002778169e-01  7.238726002778169e-01  0
-3.825541184103032e-08  7.398267280126477e-01  7.398267280126477e-01  7.398267280126477e-01  7.398267280126477e-01  0
-3.490590327261613e-08  7.644049800368052e-01  7.644049800368052e-01  7.644049800368052e-01  7.644049800368052e-01  0
-3.184966582872939e-08  7.921222499683035e-01  7.921222499683035e-01  7.921222499683035e-01  7.921222499683035e-01  0
-2.906102172687609e-08  8.095782910336140e-01  8.095782910336140e-01  8.095782910336140e-01  8.095782910336140e-01  0
-2.651654144038649e-08  8.100521695827840e-01  8.100521695827840e-01  8.100521695827840e-01  8.100521695827840e-01  0
-2.419484684908621e-08  7.934869423893981e-01  7.934869423893981e-01  7.934869423893981e-01  7.934869423893981e-01  0
-2.207643162539846e-08  7.692552375814180e-01  7.692552375814180e-01  7.692552375814180e-01  7.692552375814180e-01  0
-2.014349734680383e-08  7.417115317458643e-01  7.417115317458643e-01  7.417115317458643e-01  7.417115317458643e-01  0
-1.837980395771363e-08  7.244812928537947e-01  7.244812928537947e-01  7.244812928537947e-01  7.244812928537947e-01  0
-1.677053332437265e-08  7.238908129159232e-01  7.238908129159232e-01  7.238908129159232e-01  7.238908129159232e-01  0
-1.530216473641213e-08  7.398468876523828e-01  7.398468876523828e-01  7.398468876523828e-01  7.398468876523828e-01  0
-1.396236130904645e-08  7.644304350372443e-01  7.644304350372443e-01  7.644304350372443e-01  7.644304350372443e-01  0
-1.273986633149176e-08  7.921565147723725e-01  7.921565147723725e-01  7.921565147723725e-01  7.921565147723725e-01  0
-1.162440869075044e-08  8.096221908264005e-01  8.096221908264005e-01  8.096221908264005e-01  8.096221908264005e-01  0
-1.060661657615460e-08  8.101030170700012e-01  8.101030170700012e-01  8.101030170700012e-01  8.101030170700012e-01  0
-9.677938739634486e-09  7.935391112302861e-01  7.935391112302861e-01  7.935391112302861e-01  7.935391112302861e-01  0
-8.830572650159383e-09  7.692869588518945e-01  7.692869588518945e-01  7.692869588518945e-01  7.692869588518945e-01  0
-8.057398938721533e-09  7.417386647906975e-01  7.417386647906975e-01  7.417386647906975e-01  7.417386647906975e-01  0
-7.351921583085453e-09  7.245035681526643e-01  7.245035681526643e-01  7.245035681526643e-01  7.245035681526643e-01  0
-6.708213329749061e-09  7.239102268763120e-01  7.239102268763120e-01  7.239102268763120e-01  7.239102268763120e-01  0
-6.120865894564850e-09  7.398673434104979e-01  7.398673434104979e-01  7.398673434104979e-01  7.398673434104979e-01  0
-5.584944523618580e-09  7.644534265005611e-01  7.644534265005611e-01  7.644534265005611e-01  7.644534265005611e-01  0
-5.095946532596702e-09  7.921834867052858e-01  7.921834867052858e-01  7.921834867052858e-01  7.921834867052858e-01  0
-4.649763476300175e-09  8.096532905151762e-01  8.096532905151762e-01  8.096532905151762e-01  8.096532905151762e-01  0
-4.242646630461839e-09  8.101368634446831e-01  8.101368634446831e-01  8.101368634446831e-01  8.101368634446831e-01  0
-3.871175495853794e-09  7.935731301753067e-01  7.935731301753067e-01  7.935731301753067e-01  7.935731301753067e-01  0
-3.532229060063754e-09  7.693125482545048e-01  7.693125482545048e-01  7.693125482545048e-01  7.693125482545048e-01  0
-3.222959575488613e-09  7.417619623822074e-01  7.417619623822074e-01  7.417619623822074e-01  7.417619623822074e-01  0
-2.940768633234181e-09  7.245246460076428e-01  7.245246460076428e-01  7.245246460076428e-01  7.245246460076428e-01  0
-2.683285331899625e-09  7.239301763004606e-01  7.239301763004606e-01  7.239301763004606e-01  7.239301763004606e-01  0
-2.448346357825941e-09  7.398880272723833e-01  7.398880272723833e-01  7.398880272723833e-01  7.398880272723833e-01  0
-2.233977809447432e-09  7.644754223830522e-01  7.644754223830522e-01  7.644754223830522e-01  7.644754223830522e-01  0
-2.038378613038681e-09  7.922075133597217e-01  7.922075133597217e-01  7.922075133597217e-01  7.922075133597217e-01  0
-1.859905390520070e-09  8.096792006034663e-01  8.096792006034663e-01  8.096792006034663e-01  8.096792006034663e-01  0
-1.697058652184735e-09  8.101637531411708e-01  8.101637531411708e-01  8.101637531411708e-01  8.101637531411708e-01  0
-1.548470198341518e-09  7.935995674273398e-01  7.935995674273398e-01  7.935995674273398e-01  7.935995674273398e-01  0
-1.412891624025501e-09  7.693357137987549e-01  7.693357137987549e-01  7.693357137987549e-01  7.693357137987549e-01  0
-1.289183830195445e-09  7.417838059060132e-01  7.417838059060132e-01  7.417838059060132e-01  7.417838059060132e-01  0
-1.176307453293673e-09  7.245454407811571e-01  7.245454407811571e-01  7.245454407811571e-01  7.245454407811571e-01  0
-1.073314132759850e-09  7.239507766942561e-01  7.239507766942561e-01  7.239507766942561e-01  7.239507766942561e-01  0
-9.793385431303761e-10  7.399096986159904e-01  7.399096986159904e-01  7.399096986159904e-01  7.399096986159904e-01  0
-8.935911237789728e-10  7.644968927790533e-01  7.644968927790533e-01  7.644968927790533e-01  7.644968927790533e-01  0
-8.153514452154724e-10  7.922300352106091e-01  7.922300352106091e-01  7.922300352106091e-01  7.922300352106091e-01  0
-7.439621562080280e-10  8.097022549129191e-01  8.097022549129191e-01  8.097022549129191e-01  8.097022549129191e-01  0
-6.788234608738942e-10  8.101861332213574e-01  8.101861332213574e-01  8.101861332213574e-01  8.101861332213574e-01  0
-6.193880793366070e-10  7.936194333895392e-01  7.936194333895392e-01  7.936194333895392e-01  7.936194333895392e-01  0
-5.651566496102005e-10  7.693583827872967e-01  7.693583827872967e-01  7.693583827872967e-01  7.693583827872967e-01  0
-5.156735320781780e-10  7.418062224091040e-01  7.418062224091040e-01  7.418062224091040e-01  7.418062224091040e-01  0
-4.705229813174689e-10  7.245688012062310e-01  7.245688012062310e-01  7.245688012062310e-01  7.245688012062310e-01  0
-4.293256531039398e-10  7.239774768603479e-01  7.239774768603479e-01  7.239774768603479e-01  7.239774768603479e-01  0
-3.917354172521504e-10  7.399436286770475e-01  7.399436286770475e-01  7.399436286770475e-01  7.399436286770475e-01  0
3.917354172521504e-10  7.399444349784408e-01  7.399444349784408e-01  7.399444349784408e-01  7.399444349784408e-01  0
4.293256531039398e-10  7.239780621109101e-01  7.239780621109101e-01  7.239780621109101e-01  7.239780621109101e-01  0
4.705229813174689e-10  7.245692429586439e-01  7.245692429586439e-01  7.245692429586439e-01  7.245692429586439e-01  0
5.156735320781780e-10  7.418066160022423e-01  7.418066160022423e-01  7.418066160022423e-01  7.418066160022423e-01  0
5.651566496102005e-10  7.693588057650821e-01  7.693588057650821e-01  7.693588057650821e-01  7.693588057650821e-01  0
6.193880793366070e-10  7.936206342822145e-01  7.936206342822145e-01  7.936206342822145e-01  7.936206342822145e-01  0
6.788234608738942e-10  8.101874689219007e-01  8.101874689219007e-01  8.101874689219007e-01  8.101874689219007e-01  0
7.439621562080280e-10  8.097036204691499e-01  8.097036204691499e-01  8.097036204691499e-01  8.097036204691499e-01  0
8.153514452154724e-10  7.922312964217088e-01  7.922312964217088e-01  7.922312964217088e-01  7.922312964217088e-01  0
8.935911237789728e-10  7.644979423906243e-01  7.644979423906243e-01  7.644979423906243e-01  7.644979423906243e-01  0
9.793385431303761e-10  7.399117144336596e-01  7.399117144336596e-01  7.399117144336596e-01  7.399117144336596e-01  0
1.073314132759850e-09  7.239522398403322e-01  7.239522398403322e-01  7.239522398403322e-01  7.239522398403322e-01  0
1.176307453293673e-09  7.245465451595193e-01  7.245465451595193e-01  7.245465451595193e-01  7.245465451595193e-01  0
1.289183830195445e-09  7.417847898734322e-01  7.417847898734322e-01  7.417847898734322e-01  7.417847898734322e-01  0
1.412891624025501e-09  7.693367712185464e-01  7.693367712185464e-01  7.693367712185464e-01  7.693367712185464e-01  0
1.548470198341518e-09  7.936025696510250e-01  7.936025696510250e-01  7.936025696510250e-01  7.936025696510250e-01  0
1.697058652184735e-09  8.101670923337675e-01  8.101670923337675e-01  8.101670923337675e-01  8.101670923337675e-01  0
1.859905390520070e-09  8.096826144144892e-01  8.096826144144892e-01  8.096826144144892e-01  8.096826144144892e-01  0
2.038378613038681e-09  7.922106663086123e-01  7.922106663086123e-01  7.922106663086123e-01  7.922106663086123e-01  0
2.233977809447432e-09  7.644780463462236e-01  7.644780463462236e-01  7.644780463462236e-01  7.644780463462236e-01  0
2.448346357825941e-09  7.398930667208438e-01  7.398930667208438e-01  7.398930667208438e-01  7.398930667208438e-01  0
2.683285331899625e-09  7.239338340984189e-01  7.239338340984189e-01  7.239338340984189e-01  7.239338340984189e-01  0
2.940768633234181e-09  7.245274068988921e-01  7.245274068988921e-01  7.245274068988921e-01  7.245274068988921e-01  0
3.222959575488613e-09  7.417644222425129e-01  7.417644222425129e-01  7.417644222425129e-01  7.417644222425129e-01  0
3.532229060063754e-09  7.693151917319375e-01  7.693151917319375e-01  7.693151917319375e-01  7.693151917319375e-01  0
3.871175495853794e-09  7.935806355105443e-01  7.935806355105443e-01  7.935806355105443e-01  7.935806355105443e-01  0
4.242646630461839e-09  8.101452111596947e-01  8.101452111596947e-01  8.101452111596947e-01  8.101452111596947e-01  0
4.649763476300175e-09  8.096618247793592e-01  8.096618247793592e-01  8.096618247793592e-01  8.096618247793592e-01  0
5.095946532596702e-09  7.921913688532816e-01  7.921913688532816e-01  7.921913688532816e-01  7.921913688532816e-01  0
5.584944523618580e-09  7.644599862414546e-01  7.644599862414546e-01  7.644599862414546e-01  7.644599862414546e-01  0
6.120865894564850e-09  7.398799418023366e-01  7.398799418023366e-01  7.398799418023366e-01  7.398799418023366e-01  0
6.708213329749061e-09  7.239193712570920e-01  7.239193712570920e-01  7.239193712570920e-01  7.239193712570920e-01  0
7.351921583085453e-09  7.245104702945532e-01  7.245104702945532e-01  7.245104702945532e-01  7.245104702945532e-01  0
8.057398938721533e-09  7.417448143192037e-01  7.417448143192037e-01  7.417448143192037e-01  7.417448143192037e-01  0
8.830572650159383e-09  7.692935673592866e-01  7.692935673592866e-01  7.692935673592866e-01  7.692935673592866e-01  0
9.677938739634486e-09  7.935578737828547e-01  7.935578737828547e-01  7.935578737828547e-01  7.935578737828547e-01  0
1.060661657615460e-08  8.101238854538493e-01  8.101238854538493e-01  8.101238854538493e-01  8.101238854538493e-01  0
1.162440869075044e-08  8.096435256541192e-01  8.096435256541192e-01  8.096435256541192e-01  8.096435256541192e-01  0
1.273986633149176e-08  7.921762195073162e-01  7.921762195073162e-01  7.921762195073162e-01  7.921762195073162e-01  0
1.396236130904645e-08  7.644468339918740e-01  7.644468339918740e-01  7.644468339918740e-01  7.644468339918740e-01  0
1.530216473641213e-08  7.398783834396420e-01  7.398783834396420e-01  7.398783834396420e-01  7.398783834396420e-01  0
1.677053332437265e-08  7.239136740769013e-01  7.239136740769013e-01  7.239136740769013e-01  7.239136740769013e-01  0
1.837980395771363e-08  7.244985483802131e-01  7.244985483802131e-01  7.244985483802131e-01  7.244985483802131e-01  0
2.014349734680383e-08  7.417269054391250e-01  7.417269054391250e-01  7.417269054391250e-01  7.417269054391250e-01  0
2.207643162539846e-08  7.692717583609175e-01  7.692717583609175e-01  7.692717583609175e-01  7.692717583609175e-01  0
2.419484684908621e-08  7.935338456729146e-01  7.935338456729146e-01  7.935338456729146e-01  7.935338456729146e-01  0
2.651654144038649e-08  8.101043369446840e-01  8.101043369446840e-01  8.101043369446840e-01  8.101043369446840e-01  0
2.906102172687609e-08  8.096316250086500e-01  8.096316250086500e-01  8.096316250086500e-01  8.096316250086500e-01  0
3.184966582872939e-08  7.921715097949928e-01  7.921715097949928e-01  7.921715097949928e-01  7.921715097949928e-01  0
3.490590327261613e-08  7.644459765790990e-01  7.644459765790990e-01  7.644459765790990e-01  7.644459765790990e-01  0
3.825541184103032e-08  7.399054696700262e-01  7.399054696700262e-01  7.399054696700262e-01  7.399054696700262e-01  0
4.192633331093163e-08  7.239297569839480e-01  7.239297569839480e-01  7.239297569839480e-01  7.239297569839480e-01  0
4.594950989428408e-08  7.244991023869883e-01  7.244991023869883e-01  7.244991023869883e-01  7.244991023869883e-01  0
5.035874336700958e-08  7.417132185504279e-01  7.417132185504279e-01  7.417132185504279e-01  7.417132185504279e-01  0
5.519107906349615e-08  7.692494770890881e-01  7.692494770890881e-01  7.692494770890881e-01  7.692494770890881e-01  0
6.048711712271553e-08  7.935068702003355e-01  7.935068702003355e-01  7.935068702003355e-01  7.935068702003355e-01  0
6.629135360096623e-08  8.100893210409278e-01  8.100893210409278e-01  8.100893210409278e-01  8.100893210409278e-01  0
7.265255431719022e-08  8.096357427200834e-01  8.096357427200834e-01  8.096357427200834e-01  8.096357427200834e-01  0
7.962416457182346e-08  7.921928919768364e-01  7.921928919768364e-01  7.921928919768364e-01  7.921928919768364e-01  0
8.726475818154030e-08  7.644758409420971e-01  7.644758409420971e-01  7.644758409420971e-01  7.644758409420971e-01  0
9.563852960257580e-08  7.400040618808003e-01  7.400040618808003e-01  7.400040618808003e-01  7.400040618808003e-01  0
1.048158332773291e-07  7.240002305908240e-01  7.240002305908240e-01  7.240002305908240e-01  7.240002305908240e-01  0
1.148737747357102e-07  7.245308163258739e-01  7.245308163258739e-01  7.245308163258739e-01  7.245308163258739e-01  0
1.258968584175239e-07  7.417100699377851e-01  7.417100699377851e-01  7.417100699377851e-01  7.417100699377851e-01  0
1.379776976587404e-07  7.692259994511614e-01  7.692259994511614e-01  7.692259994511614e-01  7.692259994511614e-01  0
1.512177928067889e-07  7.934725097730315e-01  7.934725097730315e-01  7.934725097730315e-01  7.934725097730315e-01  0
1.657283840024156e-07  8.100855256694482e-01  8.100855256694482e-01  8.100855256694482e-01  8.100855256694482e-01  0
1.816313857929756e-07  8.096797467499628e-01  8.096797467499628e-01  8.096797467499628e-01  8.096797467499628e-01  0
1.990604114295587e-07  7.922793399406824e-01  7.922793399406824e-01  7.922793399406824e-01  7.922793399406824e-01  0
2.181618954538508e-07  7.645823733963509e-01  7.645823733963509e-01  7.645823733963509e-01  7.645823733963509e-01  0
2.390963240064395e-07  7.402808931791577e-01  7.402808931791577e-01  7.402808931791577e-01  7.402808931791577e-01  0
2.620395831933227e-07  7.242063987776131e-01  7.242063987776131e-01  7.242063987776131e-01  7.242063987776131e-01  0
2.871844368392756e-07  7.246403015677040e-01  7.246403015677040e-01  7.246403015677040e-01  7.246403015677040e-01  0
3.147421460438099e-07  7.417331977976128e-01  7.417331977976128e-01  7.417331977976128e-01  7.417331977976128e-01  0
3.449442441468510e-07  7.691994524298070e-01  7.691994524298070e-01  7.691994524298070e-01  7.691994524298070e-01  0
3.780444820169721e-07  7.934191771652948e-01  7.934191771652948e-01  7.934191771652948e-01  7.934191771652948e-01  0
4.143209600060390e-07  8.101088973575331e-01  8.101088973575331e-01  8.101088973575331e-01  8.101088973575331e-01  0
4.540784644824390e-07  8.098224029957074e-01  8.098224029957074e-01  8.098224029957074e-01  8.098224029957074e-01  0
4.976510285738967e-07  7.925274323652175e-01  7.925274323652175e-01  7.925274323652175e-01  7.925274323652175e-01  0
5.454047386346270e-07  7.648797657249774e-01  7.648797657249774e-01  7.648797657249774e-01  7.648797657249774e-01  0
5.977408100160987e-07  7.410004878714374e-01  7.410004878714374e-01  7.410004878714374e-01  7.410004878714374e-01  0
6.550989579833068e-07  7.247505575636595e-01  7.247505575636595e-01  7.247505575636595e-01  7.247505575636595e-01  0
7.179610920981888e-07  7.249438634461072e-01  7.249438634461072e-01  7.249438634461072e-01  7.249438634461072e-01  0
7.868553651095247e-07  7.418219081923847e-01  7.418219081923847e-01  7.418219081923847e-01  7.418219081923847e-01  0
8.623606103671273e-07  7.691649366274929e-01  7.691649366274929e-01  7.691649366274929e-01  7.691649366274929e-01  0
9.451112050424303e-07  7.933162399931083e-01  7.933162399931083e-01  7.933162399931083e-01  7.933162399931083e-01  0
1.035802400015097e-06  8.101950858761976e-01  8.101950858761976e-01  8.101950858761976e-01  8.101950858761976e-01  0
1.135196161206098e-06  8.102053216949112e-01  8.102053216949112e-01  8.102053216949112e-01  8.102053216949112e-01  0
1.244127571434742e-06  7.931736532528720e-01  7.931736532528720e-01  7.931736532528720e-01  7.931736532528720e-01  0
1.363511846586567e-06  7.656498069547509e-01  7.656498069547509e-01  7.656498069547509e-01  7.656498069547509e-01  0
1.494352025040247e-06  7.428127145821846e-01  7.428127145821846e-01  7.428127145821846e-01  7.428127145821846e-01  0
1.637747394958267e-06  7.261372508099111e-01  7.261372508099111e-01  7.261372508099111e-01  7.261372508099111e-01  0
1.794902730245472e-06  7.257355959304493e-01  7.257355959304493e-01  7.257355959304493e-01  7.257355959304493e-01  0
1.967138412773812e-06  7.420777493738865e-01  7.420777493738865e-01  7.420777493738865e-01  7.420777493738865e-01  0
2.155901525917819e-06  7.691109256548430e-01  7.691109256548430e-01  7.691109256548430e-01  7.691109256548430e-01  0
2.362778012606080e-06  7.930918466743496e-01  7.930918466743496e-01  7.930918466743496e-01  7.930918466743496e-01  0
2.589506000037748e-06  8.104104376584846e-01  8.104104376584846e-01  8.104104376584846e-01  8.104104376584846e-01  0
2.837990403015248e-06  8.111488426589737e-01  8.111488426589737e-01  8.111488426589737e-01  8.111488426589737e-01  0
3.110318928586860e-06  7.947786573629695e-01  7.947786573629695e-01  7.947786573629695e-01  7.947786573629695e-01  0
3.408779616466424e-06  7.675772567056253e-01  7.675772567056253e-01  7.675772567056253e-01  7.675772567056253e-01  0
3.735880062600623e-06  7.472535094295540e-01  7.472535094295540e-01  7.472535094295540e-01  7.472535094295540e-01  0
4.094368487395674e-06  7.296580426979061e-01  7.296580426979061e-01  7.296580426979061e-01  7.296580426979061e-01  0
4.487256825613687e-06  7.278271146106695e-01  7.278271146106695e-01  7.278271146106695e-01  7.278271146106695e-01  0
4.917846031934537e-06  7.428225033248130e-01  7.428225033248130e-01  7.428225033248130e-01  7.428225033248130e-01  0
5.389753814794554e-06  7.690413747192593e-01  7.690413747192593e-01  7.690413747192593e-01  7.690413747192593e-01  0
5.906945031515200e-06  7.915681393991217e-01  7.915681393991217e-01  7.915681393991217e-01  7.915681393991217e-01  0
6.473765000094370e-06  8.101896799668484e-01  8.101896799668484e-01  8.101896799668484e-01  8.101896799668484e-01  0
7.094976007538121e-06  8.128897462102710e-01  8.128897462102710e-01  8.128897462102710e-01  8.128897462102710e-01  0
7.775797321467150e-06  7.983600347349702e-01  7.983600347349702e-01  7.983600347349702e-01  7.983600347349702e-01  0
8.521949041166062e-06  7.721860813441453e-01  7.721860813441453e-01  7.721860813441453e-01  7.721860813441453e-01  0
9.339700156501558e-06  7.469519247065086e-01  7.469519247065086e-01  7.469519247065086e-01  7.469519247065086e-01  0
1.023592121848918e-05  7.310566438479009e-01  7.310566438479009e-01  7.310566438479009e-01  7.310566438479009e-01  0
1.121814206403422e-05  7.288007059295264e-01  7.288007059295264e-01  7.288007059295264e-01  7.288007059295264e-01  0
1.229461507983634e-05  7.424121653065081e-01  7.424121653065081e-01  7.424121653065081e-01  7.424121653065081e-01  0
1.347438453698639e-05  7.675547469742331e-01  7.675547469742331e-01  7.675547469742331e-01  7.675547469742331e-01  0
1.476736257878800e-05  7.658290086830308e-01  7.658290086830308e-01  7.658290086830308e-01  7.658290086830308e-01  0
1.618441250023592e-05  7.876589427655656e-01  7.876589427655656e-01  7.876589427655656e-01  7.876589427655656e-01  0
1.773744001884530e-05  7.956311603352694e-01  7.956311603352694e-01  7.956311603352694e-01  7.956311603352694e-01  0
1.943949330366787e-05  7.872836438196279e-01  7.872836438196279e-01  7.872836438196279e-01  7.872836438196279e-01  0
2.130487260291515e-05  7.666664285483621e-01  7.666664285483621e-01  7.666664285483621e-01  7.666664285483621e-01  0
2.334925039125390e-05  7.263570520872993e-01  7.263570520872993e-01  7.263570520872993e-01  7.263570520872993e-01  0
2.558980304622297e-05  7.112512250780458e-01  7.112512250780458e-01  7.112512250780458e-01  7.112512250780458e-01  0
2.804535516008555e-05  7.074259030014550e-01  7.074259030014550e-01  7.074259030014550e-01  7.074259030014550e-01  0
3.073653769959086e-05  7.184479134363000e-01  7.184479134363000e-01  7.184479134363000e-01  7.184479134363000e-01  0
3.368596134246597e-05  7.416842562081457e-01  7.416842562081457e-01  7.416842562081457e-01  7.416842562081457e-01  0
3.691840644696999e-05  7.356614089650133e-01  7.356614089650133e-01  7.356614089650133e-01  7.356614089650133e-01  0
4.046103125058980e-05  7.596002592121702e-01  7.596002592121702e-01  7.596002592121702e-01  7.596002592121702e-01  0
4.434360004711325e-05  7.707616423613443e-01  7.707616423613443e-01  7.707616423613443e-01  7.707616423613443e-01  0
4.859873325916968e-05  7.660628612666393e-01  7.660628612666393e-01  7.660628612666393e-01  7.660628612666393e-01  0
5.326218150728787e-05  7.486257015099593e-01  7.486257015099593e-01  7.486257015099593e-01  7.486257015099593e-01  0
5.837312597813474e-05  7.180463957825239e-01  7.180463957825239e-01  7.180463957825239e-01  7.180463957825239e-01  0
6.397450761555741e-05  7.015623156006980e-01  7.015623156006980e-01  7.015623156006980e-01  7.015623156006980e-01  0
7.011338790021387e-05  6.938735456113749e-01  6.938735456113749e-01  6.938735456113749e-01  6.938735456113749e-01  0
7.684134424897715e-05  7.003351845688045e-01  7.003351845688045e-01  7.003351845688045e-01  7.003351845688045e-01  0
8.421490335616491e-05  7.199532766952477e-01  7.199532766952477e-01  7.199532766952477e-01  7.199532766952477e-01  0
9.229601611742499e-05  7.020938428795930e-01  7.020938428795930e-01  7.020938428795930e-01  7.020938428795930e-01  0
1.011525781264745e-04  7.304977575056687e-01  7.304977575056687e-01  7.304977575056687e-01  7.304977575056687e-01  0
1.108590001177831e-04  7.482146997402966e-01  7.482146997402966e-01  7.482146997402966e-01  7.482146997402966e-01  0
1.214968331479242e-04  7.500954965580757e-01  7.500954965580757e-01  7.500954965580757e-01  7.500954965580757e-01  0
1.331554537682197e-04  7.368689882470355e-01  7.368689882470355e-01  7.368689882470355e-01  7.368689882470355e-01  0
1.459328149453368e-04  6.964192547108392e-01  6.964192547108392e-01  6.964192547108392e-01  6.964192547108392e-01  0
1.599362690388935e-04  6.817887107288787e-01  6.817887107288787e-01  6.817887107288787e-01  6.817887107288787e-01  0
1.752834697505346e-04  6.710918530297982e-01  6.710918530297982e-01  6.710918530297982e-01  6.710918530297982e-01  0
1.921033606224429e-04  6.726296586986584e-01  6.726296586986584e-01  6.726296586986584e-01  6.726296586986584e-01  0
2.105372583904123e-04  6.885154761947095e-01  6.885154761947095e-01  6.885154761947095e-01  6.885154761947095e-01  0
2.307400402935625e-04  6.573224340949082e-01  6.573224340949082e-01  6.573224340949082e-01  6.573224340949082e-01  0
2.528814453161863e-04  6.924806860233751e-01  6.924806860233751e-01  6.924806860233751e-01  6.924806860233751e-01  0
2.771475002944578e-04  7.185469350188017e-01  7.185469350188017e-01  7.185469350188017e-01  7.185469350188017e-01  0
3.037420828698105e-04  7.285437690516728e-01  7.285437690516728e-01  7.285437690516728e-01  7.285437690516728e-01  0
3.328886344205492e-04  7.210933711099070e-01  7.210933711099070e-01  7.210933711099070e-01  7.210933711099070e-01  0
3.648320373633421e-04  6.992870821893417e-01  6.992870821893417e-01  6.992870821893417e-01  6.992870821893417e-01  0
3.998406725972338e-04  6.700402982723477e-01  6.700402982723477e-01  6.700402982723477e-01  6.700402982723477e-01  0
4.382086743763367e-04  6.458751666803703e-01  6.458751666803703e-01  6.458751666803703e-01  6.458751666803703e-01  0
4.802584015561072e-04  6.372021339823259e-01  6.372021339823259e-01  6.372021339823259e-01  6.372021339823259e-01  0
5.263431459760307e-04  6.475856644153619e-01  6.475856644153619e-01  6.475856644153619e-01  6.475856644153619e-01  0
5.768501007339061e-04  6.672207349003003e-01  6.672207349003003e-01  6.672207349003003e-01  6.672207349003003e-01  0
6.322036132904656e-04  7.059390602069862e-01  7.059390602069862e-01  7.059390602069862e-01  7.059390602069862e-01  0
6.928687507361445e-04  7.348655651327263e-01  7.348655651327263e-01  7.348655651327263e-01  7.348655651327263e-01  0
7.593552071745262e-04  7.440485050292295e-01  7.440485050292295e-01  7.440485050292295e-01  7.440485050292295e-01  0
8.322215860513730e-04  7.306888248461041e-01  7.306888248461041e-01  7.306888248461041e-01  7.306888248461041e-01  0
9.120800934083554e-04  8.936128896923793e-01  8.936128896923793e-01  8.936128896923793e-01  8.936128896923793e-01  0
9.996016814930845e-04  8.280190162194218e-01  8.280190162194218e-01  8.280190162194218e-01  8.280190162194218e-01  0
1.095521685940842e-03  7.621725167448031e-01  7.621725167448031e-01  7.621725167448031e-01  7.621725167448031e-01  0
1.200646003890268e-03  7.159361696843586e-01  7.159361696843586e-01  7.159361696843586e-01  7.159361696843586e-01  0
1.315857864940077e-03  6.987274858494422e-01  6.987274858494422e-01  6.987274858494422e-01  6.987274858494422e-01  0
1.442125251834765e-03  8.573511953695226e-01  8.573511953695226e-01  8.573511953695226e-01  8.573511953695226e-01  0
1.580509033226164e-03  9.106264048394697e-01  9.106264048394697e-01  9.106264048394697e-01  9.106264048394697e-01  0
1.732171876840361e-03  9.567805942518455e-01  9.567805942518455e-01  9.567805942518455e-01  9.567805942518455e-01  0
1.898388017936316e-03  9.754664150617965e-01  9.754664150617965e-01  9.754664150617965e-01  9.754664150617965e-01  0
2.080553965128433e-03  9.556926156595326e-01  9.556926156595326e-01  9.556926156595326e-01  9.556926156595326e-01  0
2.280200233520888e-03  9.827326413065981e-01  9.827326413065981e-01  9.827326413065981e-01  9.827326413065981e-01  0
2.499004203732711e-03  9.589889437717785e-01  9.589889437717785e-01  9.589889437717785e-01  9.589889437717785e-01  0
2.738804214852104e-03  9.166151478324647e-01  9.166151478324647e-01  9.166151478324647e-01  9.166151478324647e-01  0
3.001615009725670e-03  8.815958666034385e-01  8.815958666034385e-01  8.815958666034385e-01  8.815958666034385e-01  0
3.289644662350192e-03  8.728571751354509e-01  8.728571751354509e-01  8.728571751354509e-01  8.728571751354509e-01  0
3.605313129586914e-03  6.872678315394121e-01  6.872678315394121e-01  6.872678315394121e-01  6.872678315394121e-01  0
3.951272583065412e-03  7.726779507007567e-01  7.726779507007567e-01  7.726779507007567e-01  7.726779507007567e-01  0
4.330429692100905e-03  8.661265595003863e-01  8.661265595003863e-01  8.661265595003863e-01  8.661265595003863e-01  0
4.745970044840789e-03  9.455645359690734e-01  9.455645359690734e-01  9.455645359690734e-01  9.455645359690734e-01  0
5.201384912821082e-03  9.910905740980717e-01  9.910905740980717e-01  9.910905740980717e-01  9.910905740980717e-01  0
5.700500583802221e-03  7.837129616506885e-01  7.837129616506885e-01  7.837129616506885e-01  7.837129616506885e-01  0
6.247510509331778e-03  7.874311566967870e-01  7.874311566967870e-01  7.874311566967870e-01  7.874311566967870e-01  0
6.847010537130260e-03  7.665702300594947e-01  7.665702300594947e-01  7.665702300594947e-01  7.665702300594947e-01  0
7.504037524314174e-03  7.430182772552176e-01  7.430182772552176e-01  7.430182772552176e-01  7.430182772552176e-01  0
8.224111655875480e-03  7.389637719993271e-01  7.389637719993271e-01  7.389637719993271e-01  7.389637719993271e-01  0
9.013282823967282e-03  3.497572543726548e-01  3.497572543726548e-01  3.497572543726548e-01  3.497572543726548e-01  0
9.878181457663527e-03  4.602071210615075e-01  4.602071210615075e-01  4.602071210615075e-01  4.602071210615075e-01  0
1.082607423025226e-02  5.754866567155380e-01  5.754866567155380e-01  5.754866567155380e-01  5.754866567155380e-01  0
1.186492511210197e-02  6.793265041985784e-01  6.793265041985784e-01  6.793265041985784e-01  6.793265041985784e-01  0
1.300346228205270e-02  7.549184624164719e-01  7.549184624164719e-01  7.549184624164719e-01  7.549184624164719e-01  0
1.425125145950555e-02  5.220812592734427e-01  5.220812592734427e-01  5.220812592734427e-01  5.220812592734427e-01  0
1.561877627332944e-02  5.347426616245626e-01  5.347426616245626e-01  5.347426616245626e-01  5.347426616245626e-01  0
1.711752634282565e-02  5.275314627002483e-01  5.275314627002483e-01  5.275314627002483e-01  5.275314627002483e-01  0
1.876009381078543e-02  5.146949358293949e-01  5.146949358293949e-01  5.146949358293949e-01  5.146949358293949e-01  0
2.056027913968870e-02  5.129731987374563e-01  5.129731987374563e-01  5.129731987374563e-01  5.129731987374563e-01  0
2.253320705991821e-02  1.995263303725659e-01  1.995263303725659e-01  1.995263303725659e-01  1.995263303725659e-01  0
2.469545364415882e-02  2.721741952822334e-01  2.721741952822334e-01  2.721741952822334e-01  2.721741952822334e-01  0
2.706518557563065e-02  3.517035534419768e-01  3.517035534419768e-01  3.517035534419768e-01  3.517035534419768e-01  0
2.966231278025493e-02  4.272272884632914e-01  4.272272884632914e-01  4.272272884632914e-01  4.272272884632914e-01  0
3.250865570513176e-02  4.861206996846167e-01  4.861206996846167e-01  4.861206996846167e-01  4.861206996846167e-01  0
3.562812864876388e-02  3.042562469498709e-01  3.042562469498709e-01  3.042562469498709e-01  3.042562469498709e-01  0
3.904694068332362e-02  3.178556627913656e-01  3.178556627913656e-01  3.178556627913656e-01  3.178556627913656e-01  0
4.279381585706413e-02  3.178406560929168e-01  3.178406560929168e-01  3.178406560929168e-01  3.178406560929168e-01  0
4.690023452696359e-02  3.122474234775147e-01  3.122474234775147e-01  3.122474234775147e-01  3.122474234775147e-01  0
5.140069784922175e-02  3.120861025940546e-01  3.120861025940546e-01  3.120861025940546e-01  3.120861025940546e-01  0
5.633301764979552e-02  1.243035835960996e-01  1.243035835960996e-01  1.243035835960996e-01  1.243035835960996e-01  0
6.173863411039705e-02  1.588138405626698e-01  1.588138405626698e-01  1.588138405626698e-01  1.588138405626698e-01  0
6.766296393907663e-02  2.000790201143421e-01  2.000790201143421e-01  2.000790201143421e-01  2.000790201143421e-01  0
7.415578195063734e-02  2.428513230747179e-01  2.428513230747179e-01  2.428513230747179e-01  2.428513230747179e-01  0
8.127163926282940e-02  2.795706388873110e-01  2.795706388873110e-01  2.795706388873110e-01  2.795706388873110e-01  0
8.907032162190970e-02  1.651328791045245e-01  1.651328791045245e-01  1.651328791045245e-01  1.651328791045245e-01  0
9.761735170830904e-02  1.774861110219851e-01  1.774861110219851e-01  1.774861110219851e-01  1.774861110219851e-01  0
1.069845396426603e-01  1.813636351278084e-01  1.813636351278084e-01  1.813636351278084e-01  1.813636351278084e-01  0
1.172505863174090e-01  1.800045041393679e-01  1.800045041393679e-01  1.800045041393679e-01  1.800045041393679e-01  0
1.285017446230544e-01  1.791314532408751e-01  1.791314532408751e-01  1.791314532408751e-01  1.791314532408751e-01  0
1.408325441244888e-01  2.118597483970267e-01  2.118597483970267e-01  2.118597483970267e-01  2.118597483970267e-01  0
1.543465852759926e-01  2.125965282139866e-01  2.125965282139866e-01  2.125965282139866e-01  2.125965282139866e-01  0
1.691574098476915e-01  2.102195442903883e-01  2.102195442903883e-01  2.102195442903883e-01  2.102195442903883e-01  0
1.853894548765933e-01  2.075490500617179e-01  2.075490500617179e-01  2.075490500617179e-01  2.075490500617179e-01  0
2.031790981570734e-01  2.053190752354448e-01  2.053190752354448e-01  2.053190752354448e-01  2.053190752354448e-01  0
2.226758040547741e-01  2.348026688487512e-01  2.348026688487512e-01  2.348026688487512e-01  2.348026688487512e-01  0
2.440433792707724e-01  2.699488412708979e-01  2.699488412708979e-01  2.699488412708979e-01  2.699488412708979e-01  0
2.674613491066506e-01  2.946665572794623e-01  2.946665572794623e-01  2.946665572794623e-01  2.946665572794623e-01  0
2.931264657935223e-01  3.060141056373279e-01  3.060141056373279e-01  3.060141056373279e-01  3.060141056373279e-01  0
3.212543615576358e-01  3.037040729570707e-01  3.037040729570707e-01  3.037040729570707e-01  3.037040729570707e-01  0
3.520813603112218e-01  5.585993988123982e-02  5.585993988123982e-02  5.585993988123982e-02  5.585993988123982e-02  0
3.858664631899814e-01  8.339293184516955e-02  8.339293184516955e-02  8.339293184516955e-02  8.339293184516955e-02  0
4.228935246192287e-01  1.175922163816220e-01  1.175922163816220e-01  1.175922163816220e-01  1.175922163816220e-01  0
4.634736371914831e-01  1.569447354811153e-01  1.569447354811153e-01  1.569447354811153e-01  1.569447354811153e-01  0
5.079477453926835e-01  1.986209824795869e-01  1.986209824795869e-01  1.986209824795869e-01  1.986209824795869e-01  0
5.566895101369354e-01  9.627036813651665e-03  9.627036813651665e-03  9.627036813651665e-03  9.627036813651665e-03  0
6.101084481769312e-01  1.477616678701880e-02  1.477616678701880e-02  1.477616678701880e-02  1.477616678701880e-02  0
6.686533727666267e-01  2.219587846395203e-02  2.219587846395203e-02  2.219587846395203e-02  2.219587846395203e-02  0
7.328161644838058e-01  3.280420617842675e-02  3.280420617842675e-02  3.280420617842675e-02  3.280420617842675e-02  0
8.031359038940895e-01  4.769165588961245e-02  4.769165588961245e-02  4.769165588961245e-02  4.769165588961245e-02  0
8.802034007780546e-01  6.171427044653604e-04  6.171427044653604e-04  6.171427044653604e-04  6.171427044653604e-04  0
9.646661579749535e-01  1.211391705720747e-03  1.211391705720747e-03  1.211391705720747e-03  1.211391705720747e-03  0
1.057233811548072e+00  2.223508494432450e-03  2.223508494432450e-03  2.223508494432450e-03  2.223508494432450e-03  0
1.158684092978708e+00  3.828197574205976e-03  3.828197574205976e-03  3.828197574205976e-03  3.828197574205976e-03  0
1.269869363481709e+00  6.217099495888378e-03  6.217099495888378e-03  6.217099495888378e-03  6.217099495888378e-03  0
1.391723775342338e+00  9.399749054058701e-06  9.399749054058701e-06  9.399749054058701e-06  9.399749054058701e-06  0
1.525271120442328e+00  2.439787795588578e-05  2.439787795588578e-05  2.439787795588578e-05  2.439787795588578e-05  0
1.671633431916567e+00  6.079637312779693e-05  6.079637312779693e-05  6.079637312779693e-05  6.079637312779693e-05  0
1.832040411209515e+00  1.442451922136238e-04  1.442451922136238e-04  1.442451922136238e-04  1.442451922136238e-04  0
2.007839759735224e+00  3.235940603800883e-04  3.235940603800883e-04  3.235940603800883e-04  3.235940603800883e-04  0
2.200508501945137e+00  3.310842685383292e-07  3.310842685383292e-07  3.310842685383292e-07  3.310842685383292e-07  0
2.411665394937384e+00  8.089173736183172e-07  8.089173736183172e-07  8.089173736183172e-07  8.089173736183172e-07  0
2.643084528870180e+00  1.844226840031030e-06  1.844226840031030e-06  1.844226840031030e-06  1.844226840031030e-06  0
2.896710232446770e+00  3.935800603181477e-06  3.935800603181477e-06  3.935800603181477e-06  3.935800603181477e-06  0
3.174673408704273e+00  7.911108231972966e-06  7.911108231972966e-06  7.911108231972966e-06  7.911108231972966e-06  0
