-2.20050850194513714086e+00 2.35901207260706436835e-08 2.35901207260706436835e-08 2.35901207260706436835e-08 2.35901207260706436835e-08 0
-2.00783975973522421654e+00 2.57363149588135895184e-08 2.57363149588135895184e-08 2.57363149588135895184e-08 2.57363149588135895184e-08 0
-1.83204041120951499622e+00 2.41911441681130122549e-08 2.41911441681130122549e-08 2.41911441681130122549e-08 2.41911441681130122549e-08 0
-1.67163343191656688091e+00 3.22129699938398030341e-08 3.22129699938398030341e-08 3.22129699938398030341e-08 3.22129699938398030341e-08 0
-1.52527112044232815435e+00 2.54295130735653577487e-08 2.54295130735653577487e-08 2.54295130735653577487e-08 2.54295130735653577487e-08 0
-1.39172377534233904228e+00 5.03240353709452702756e-08 5.03240353709452702756e-08 5.03240353709452702756e-08 5.03240353709452702756e-08 0
-1.26986936348170909028e+00 7.95238427593069365618e-08 7.95238427593069365618e-08 7.95238427593069365618e-08 7.95238427593069365618e-08 0
-1.15868409297870789132e+00 1.61333435010429459599e-07 1.61333435010429459599e-07 1.61333435010429459599e-07 1.61333435010429459599e-07 0
-1.05723381154807194449e+00 2.49646556761167804002e-07 2.49646556761167804002e-07 2.49646556761167804002e-07 2.49646556761167804002e-07 0
-9.64666157974953475396e-01 4.40001822254896739134e-07 4.40001822254896739134e-07 4.40001822254896739134e-07 4.40001822254896739134e-07 0
-8.80203400778054700915e-01 6.78239177791048141971e-07 6.78239177791048141971e-07 6.78239177791048141971e-07 6.78239177791048141971e-07 0
-8.03135903894089508981e-01 1.19644112750639620942e-06 1.19644112750639620942e-06 1.19644112750639620942e-06 1.19644112750639620942e-06 0
-7.32816164483805709828e-01 1.71771124913713963500e-06 1.71771124913713963500e-06 1.71771124913713963500e-06 1.71771124913713963500e-06 0
-6.68653372766626730161e-01 2.95590650881394343517e-06 2.95590650881394343517e-06 2.95590650881394343517e-06 2.95590650881394343517e-06 0
-6.10108448176931106310e-01 4.33183525763517821819e-06 4.33183525763517821819e-06 4.33183525763517821819e-06 4.33183525763517821819e-06 0
-5.56689510136935350459e-01 7.24284894352123920626e-06 7.24284894352123920626e-06 7.24284894352123920626e-06 7.24284894352123920626e-06 0
-5.07947745392683502885e-01 1.12948244239693529995e-05 1.12948244239693529995e-05 1.12948244239693529995e-05 1.12948244239693529995e-05 0
-4.63473637191483156528e-01 1.77931938124421022359e-05 1.77931938124421022359e-05 1.77931938124421022359e-05 1.77931938124421022359e-05 0
-4.22893524619228744488e-01 2.58948677609473199273e-05 2.58948677609473199273e-05 2.58948677609473199273e-05 2.58948677609473199273e-05 0
-3.85866463189981301340e-01 3.89428709900200987061e-05 3.89428709900200987061e-05 3.89428709900200987061e-05 3.89428709900200987061e-05 0
-3.52081360311221891468e-01 5.33994989688552963323e-05 5.33994989688552963323e-05 5.33994989688552963323e-05 5.33994989688552963323e-05 0
-3.21254361557635814695e-01 7.23784173898290022087e-05 7.23784173898290022087e-05 7.23784173898290022087e-05 7.23784173898290022087e-05 0
-2.93126465793522417158e-01 9.58776715195892875352e-05 9.58776715195892875352e-05 9.58776715195892875352e-05 9.58776715195892875352e-05 0
-2.67461349106650703167e-01 1.23516865396481012292e-04 1.23516865396481012292e-04 1.23516865396481012292e-04 1.23516865396481012292e-04 0
-2.44043379270772520240e-01 1.55776398175216560611e-04 1.55776398175216560611e-04 1.55776398175216560611e-04 1.55776398175216560611e-04 0
-2.22675804054774217899e-01 1.91422806654861381087e-04 1.91422806654861381087e-04 1.91422806654861381087e-04 1.91422806654861381087e-04 0
-2.03179098157073412256e-01 2.31050616197694274907e-04 2.31050616197694274907e-04 2.31050616197694274907e-04 2.31050616197694274907e-04 0
-1.85389454876593307020e-01 2.69585723304744577858e-04 2.69585723304744577858e-04 2.69585723304744577858e-04 2.69585723304744577858e-04 0
-1.69157409847691508897e-01 3.16181499652333302362e-04 3.16181499652333302362e-04 3.16181499652333302362e-04 3.16181499652333302362e-04 0
-1.54346585275992514985e-01 3.51466094482893391237e-04 3.51466094482893391237e-04 3.51466094482893391237e-04 3.51466094482893391237e-04 0
-1.40832544124488812098e-01 4.04823698885133965737e-04 4.04823698885133965737e-04 4.04823698885133965737e-04 4.04823698885133965737e-04 0
-1.28501744623054303673e-01 4.47874698939005537295e-04 4.47874698939005537295e-04 4.47874698939005537295e-04 4.47874698939005537295e-04 0
-1.17250586317408908577e-01 5.13234012481920119121e-04 5.13234012481920119121e-04 5.13234012481920119121e-04 5.13234012481920119121e-04 0
-1.06984539642660303471e-01 5.64305323418975166364e-04 5.64305323418975166364e-04 5.64305323418975166364e-04 5.64305323418975166364e-04 0
-9.76173517083089858914e-02 6.66408669815505639092e-04 6.66408669815505639092e-04 6.66408669815505639092e-04 6.66408669815505639092e-04 0
-8.90703216219096705064e-02 7.36810507122517225481e-04 7.36810507122517225481e-04 7.36810507122517225481e-04 7.36810507122517225481e-04 0
-8.12716392628293760048e-02 8.99096789353077746262e-04 8.99096789353077746262e-04 8.99096789353077746262e-04 8.99096789353077746262e-04 0
-7.41557819506373228080e-02 1.00794226702380579699e-03 1.00794226702380579699e-03 1.00794226702380579699e-03 1.00794226702380579699e-03 0
-6.76629639390766007834e-02 1.24661332355354174603e-03 1.24661332355354174603e-03 1.24661332355354174603e-03 1.24661332355354174603e-03 0
-6.17386341103970184840e-02 1.41716642157469147403e-03 1.41716642157469147403e-03 1.41716642157469147403e-03 1.41716642157469147403e-03 0
-5.63330176497955012471e-02 1.77112244309029359668e-03 1.77112244309029359668e-03 1.77112244309029359668e-03 1.77112244309029359668e-03 0
-5.14006978492217297960e-02 2.04180437517775901363e-03 2.04180437517775901363e-03 2.04180437517775901363e-03 2.04180437517775901363e-03 0
-4.69002345269635689817e-02 2.56730883614118918917e-03 2.56730883614118918917e-03 2.56730883614118918917e-03 2.56730883614118918917e-03 0
-4.27938158570641130618e-02 2.98523674797547674750e-03 2.98523674797547674750e-03 2.98523674797547674750e-03 2.98523674797547674750e-03 0
-3.90469406833235874177e-02 3.76693540288361699425e-03 3.76693540288361699425e-03 3.76693540288361699425e-03 3.76693540288361699425e-03 0
-3.56281286487638709781e-02 4.40648535981020845337e-03 4.40648535981020845337e-03 4.40648535981020845337e-03 4.40648535981020845337e-03 0
-3.25086557051317490141e-02 5.59595288497394260929e-03 5.59595288497394260929e-03 5.59595288497394260929e-03 5.59595288497394260929e-03 0
-2.96623127802549194088e-02 6.56787962225580113085e-03 6.56787962225580113085e-03 6.56787962225580113085e-03 6.56787962225580113085e-03 0
-2.70651855756306389256e-02 8.35344888212564452845e-03 8.35344888212564452845e-03 8.35344888212564452845e-03 8.35344888212564452845e-03 0
-2.46954536441588087814e-02 9.82998054404927643080e-03 9.82998054404927643080e-03 9.82998054404927643080e-03 9.82998054404927643080e-03 0
-2.25332070599182018866e-02 1.25142699953630365250e-02 1.25142699953630365250e-02 1.25142699953630365250e-02 1.25142699953630365250e-02 0
-2.05602791396886919184e-02 1.48335069636509192526e-02 1.48335069636509192526e-02 1.48335069636509192526e-02 1.48335069636509192526e-02 0
-1.87600938107854303682e-02 1.88522312656502696870e-02 1.88522312656502696870e-02 1.88522312656502696870e-02 1.88522312656502696870e-02 0
-1.71175263428256507758e-02 2.24005331960058298724e-02 2.24005331960058298724e-02 2.24005331960058298724e-02 2.24005331960058298724e-02 0
-1.56187762733294398243e-02 2.84161850799568745096e-02 2.84161850799568745096e-02 2.84161850799568745096e-02 2.84161850799568745096e-02 0
-1.42512514595055511668e-02 3.38689997183835786454e-02 3.38689997183835786454e-02 3.38689997183835786454e-02 3.38689997183835786454e-02 0
-1.30034622820527009934e-02 4.30833492758521396926e-02 4.30833492758521396926e-02 4.30833492758521396926e-02 4.30833492758521396926e-02 0
-1.18649251121019701921e-02 5.14242275802465412249e-02 5.14242275802465412249e-02 5.14242275802465412249e-02 5.14242275802465412249e-02 0
-1.08260742302522597336e-02 6.53119434258139092142e-02 6.53119434258139092142e-02 6.53119434258139092142e-02 6.53119434258139092142e-02 0
-9.87818145766352143089e-03 7.80817834377017516712e-02 7.80817834377017516712e-02 7.80817834377017516712e-02 7.80817834377017516712e-02 0
-9.01328282396728075465e-03 9.90399982774664011664e-02 9.90399982774664011664e-02 9.90399982774664011664e-02 9.90399982774664011664e-02 0
-8.22411165587547642042e-03 1.19318966703503698268e-01 1.19318966703503698268e-01 1.19318966703503698268e-01 1.19318966703503698268e-01 0
-7.50403752431417180035e-03 1.50796245870005340972e-01 1.50796245870005340972e-01 1.50796245870005340972e-01 1.50796245870005340972e-01 0
-6.84701053713025840214e-03 1.82003833208843918134e-01 1.82003833208843918134e-01 1.82003833208843918134e-01 1.82003833208843918134e-01 0
-6.24751050933177506236e-03 2.29300195366016312803e-01 2.29300195366016312803e-01 2.29300195366016312803e-01 2.29300195366016312803e-01 0
-5.70050058380221821158e-03 2.77706222344631381560e-01 2.77706222344631381560e-01 2.77706222344631381560e-01 2.77706222344631381560e-01 0
-5.20138491282107900959e-03 3.50702120057261701458e-01 3.50702120057261701458e-01 3.50702120057261701458e-01 3.50702120057261701458e-01 0
-4.74597004484078686254e-03 4.25480209632743300308e-01 4.25480209632743300308e-01 4.25480209632743300308e-01 4.25480209632743300308e-01 0
-4.33042969210090198523e-03 5.36018072343180773665e-01 5.36018072343180773665e-01 5.36018072343180773665e-01 5.36018072343180773665e-01 0
-3.95127258306540891930e-03 6.51530638300943598651e-01 6.51530638300943598651e-01 6.51530638300943598651e-01 6.51530638300943598651e-01 0
-3.60531312958691212839e-03 8.19700990068402801647e-01 8.19700990068402801647e-01 8.19700990068402801647e-01 8.19700990068402801647e-01 0
-3.28964466235019117532e-03 1.00522040695913394970e+00 1.00522040695913394970e+00 1.00522040695913394970e+00 1.00522040695913394970e+00 0
-3.00161500972566906709e-03 1.26028125421636394421e+00 1.26028125421636394421e+00 1.26028125421636394421e+00 1.26028125421636394421e+00 0
-2.73880421485210318738e-03 1.54969305355371389510e+00 1.54969305355371389510e+00 1.54969305355371389510e+00 1.54969305355371389510e+00 0
-2.49900420373270993821e-03 1.93754960194474423751e+00 1.93754960194474423751e+00 1.93754960194474423751e+00 1.93754960194474423751e+00 0
-2.28020023352088797852e-03 2.38994977249560758281e+00 2.38994977249560758281e+00 2.38994977249560758281e+00 2.38994977249560758281e+00 0
-2.08055396512843221099e-03 2.99838525420527179932e+00 2.99838525420527179932e+00 2.99838525420527179932e+00 2.99838525420527179932e+00 0
-1.89838801793631517870e-03 3.70095058322460968014e+00 3.70095058322460968014e+00 3.70095058322460968014e+00 3.70095058322460968014e+00 0
-1.73217187684036096756e-03 4.63415295873079635669e+00 4.63415295873079635669e+00 4.63415295873079635669e+00 4.63415295873079635669e+00 0
-1.58050903322616391466e-03 5.72975379460225386907e+00 5.72975379460225386907e+00 5.72975379460225386907e+00 5.72975379460225386907e+00 0
-1.44212525183476511156e-03 7.16640211683742922588e+00 7.16640211683742922588e+00 7.16640211683742922588e+00 7.16640211683742922588e+00 0
-1.31585786494007607982e-03 8.92799623461495883703e+00 8.92799623461495883703e+00 8.92799623461495883703e+00 8.92799623461495883703e+00 0
-1.20064600389026797378e-03 1.11246467528669263913e+01 1.11246467528669263913e+01 1.11246467528669263913e+01 1.11246467528669263913e+01 0
-1.09552168594084092801e-03 1.38654034448461942475e+01 1.38654034448461942475e+01 1.38654034448461942475e+01 1.38654034448461942475e+01 0
-9.99601681493084105387e-04 1.72133460106071645157e+01 1.72133460106071645157e+01 1.72133460106071645157e+01 1.72133460106071645157e+01 0
-9.12080093408355169725e-04 2.14562693808194140388e+01 2.14562693808194140388e+01 2.14562693808194140388e+01 2.14562693808194140388e+01 0
-8.32221586051372971132e-04 2.66440008815979076928e+01 2.66440008815979076928e+01 2.66440008815979076928e+01 2.66440008815979076928e+01 0
-7.59355207174526093163e-04 3.30903486069969261507e+01 3.30903486069969261507e+01 3.30903486069969261507e+01 3.30903486069969261507e+01 0
-6.92868750736144387026e-04 4.08285329942731465280e+01 4.08285329942731465280e+01 4.08285329942731465280e+01 4.08285329942731465280e+01 0
-6.32203613290465522498e-04 5.03909243370531996220e+01 5.03909243370531996220e+01 5.03909243370531996220e+01 5.03909243370531996220e+01 0
-5.76850100733905979573e-04 6.16190590724239868337e+01 6.16190590724239868337e+01 6.16190590724239868337e+01 6.16190590724239868337e+01 0
-5.26343145976030496978e-04 7.55971226236067792570e+01 7.55971226236067792570e+01 7.55971226236067792570e+01 7.55971226236067792570e+01 0
-4.80258401556107005197e-04 9.12633381765652558215e+01 9.12633381765652558215e+01 9.12633381765652558215e+01 9.12633381765652558215e+01 0
-4.38208674376336609728e-04 1.10419881127583565217e+02 1.10419881127583565217e+02 1.10419881127583565217e+02 1.10419881127583565217e+02 0
-3.99840672597233707207e-04 1.31196865663150248338e+02 1.31196865663150248338e+02 1.31196865663150248338e+02 1.31196865663150248338e+02 0
-3.64832037363341959470e-04 1.55922390000840550783e+02 1.55922390000840550783e+02 1.55922390000840550783e+02 1.55922390000840550783e+02 0
-3.32888634420549069191e-04 1.81730973933321081404e+02 1.81730973933321081404e+02 1.81730973933321081404e+02 1.81730973933321081404e+02 0
-3.03742082869810372213e-04 2.11612630195681049372e+02 2.11612630195681049372e+02 2.11612630195681049372e+02 2.11612630195681049372e+02 0
-2.77147500294457819862e-04 2.41557344758034560073e+02 2.41557344758034560073e+02 2.41557344758034560073e+02 2.41557344758034560073e+02 0
-2.52881445316186208999e-04 2.75002939009599572273e+02 2.75002939009599572273e+02 2.75002939009599572273e+02 2.75002939009599572273e+02 0
-2.30740040293562408092e-04 3.06875892052392032383e+02 3.06875892052392032383e+02 3.06875892052392032383e+02 3.06875892052392032383e+02 0
-2.10537258390412209633e-04 3.40284710529066614981e+02 3.40284710529066614981e+02 3.40284710529066614981e+02 3.40284710529066614981e+02 0
-1.92103360622442823763e-04 3.71016905851180240461e+02 3.71016905851180240461e+02 3.71016905851180240461e+02 3.71016905851180240461e+02 0
-1.75283469750534622207e-04 4.01581959887356447325e+02 4.01581959887356447325e+02 4.01581959887356447325e+02 4.01581959887356447325e+02 0
-1.59936269038893493725e-04 4.28523548609300064527e+02 4.28523548609300064527e+02 4.28523548609300064527e+02 4.28523548609300064527e+02 0
-1.45932814945336810893e-04 4.53144749636287258454e+02 4.53144749636287258454e+02 4.53144749636287258454e+02 4.53144749636287258454e+02 0
-1.33155453768219595150e-04 4.72784778642771925661e+02 4.72784778642771925661e+02 4.72784778642771925661e+02 4.72784778642771925661e+02 0
-1.21496833147924203095e-04 4.89496316659748401889e+02 4.89496316659748401889e+02 4.89496316659748401889e+02 4.89496316659748401889e+02 0
-1.10859000117783106261e-04 5.01773657790145193758e+02 5.01773657790145193758e+02 5.01773657790145193758e+02 5.01773657790145193758e+02 0
-1.01152578126474505284e-04 5.10253953305015613751e+02 5.10253953305015613751e+02 5.10253953305015613751e+02 5.10253953305015613751e+02 0
-9.22960161174249523949e-05 5.15745942000988634391e+02 5.15745942000988634391e+02 5.15745942000988634391e+02 5.15745942000988634391e+02 0
-8.42149033561649001164e-05 5.16546412476945079106e+02 5.16546412476945079106e+02 5.16546412476945079106e+02 5.16546412476945079106e+02 0
-7.68413442489771078212e-05 5.16486230138950531909e+02 5.16486230138950531909e+02 5.16486230138950531909e+02 5.16486230138950531909e+02 0
-7.01133879002138461723e-05 5.11849928026455472718e+02 5.11849928026455472718e+02 5.11849928026455472718e+02 5.11849928026455472718e+02 0
-6.39745076155573839374e-05 5.08159218438362245251e+02 5.08159218438362245251e+02 5.08159218438362245251e+02 5.08159218438362245251e+02 0
-5.83731259781347216467e-05 5.00207939890734621713e+02 5.00207939890734621713e+02 5.00207939890734621713e+02 5.00207939890734621713e+02 0
-5.32621815072878638099e-05 4.95410050767518782777e+02 4.95410050767518782777e+02 4.95410050767518782777e+02 4.95410050767518782777e+02 0
-4.85987332591696622646e-05 4.85550735738884668535e+02 4.85550735738884668535e+02 4.85550735738884668535e+02 4.85550735738884668535e+02 0
-4.43436000471132397939e-05 4.80469437277386646201e+02 4.80469437277386646201e+02 4.80469437277386646201e+02 4.80469437277386646201e+02 0
-4.04610312505897939820e-05 4.69542465553446504600e+02 4.69542465553446504600e+02 4.69542465553446504600e+02 4.69542465553446504600e+02 0
-3.69184064469699809580e-05 4.65071369460598816659e+02 4.65071369460598816659e+02 4.65071369460598816659e+02 4.65071369460598816659e+02 0
-3.36859613424659532703e-05 4.54647103122613430060e+02 4.54647103122613430060e+02 4.54647103122613430060e+02 4.54647103122613430060e+02 0
-3.07365376995908377075e-05 4.50954634867778793250e+02 4.50954634867778793250e+02 4.50954634867778793250e+02 4.50954634867778793250e+02 0
-2.80453551600855418571e-05 4.40932403773474106856e+02 4.40932403773474106856e+02 4.40932403773474106856e+02 4.40932403773474106856e+02 0
-2.55898030462229522197e-05 4.37887661823124460625e+02 4.37887661823124460625e+02 4.37887661823124460625e+02 4.37887661823124460625e+02 0
-2.33492503912538900139e-05 4.28600925450910551717e+02 4.28600925450910551717e+02 4.28600925450910551717e+02 4.28600925450910551717e+02 0
-2.13048726029151414582e-05 4.26438146467061983458e+02 4.26438146467061983458e+02 4.26438146467061983458e+02 4.26438146467061983458e+02 0
-1.94394933036678710045e-05 4.18023144756567205604e+02 4.18023144756567205604e+02 4.18023144756567205604e+02 4.18023144756567205604e+02 0
-1.77374400188453006609e-05 4.16124547722736849664e+02 4.16124547722736849664e+02 4.16124547722736849664e+02 4.16124547722736849664e+02 0
-1.61844125002359203033e-05 4.08533071879044996422e+02 4.08533071879044996422e+02 4.08533071879044996422e+02 4.08533071879044996422e+02 0
-1.47673625787879903503e-05 4.06917426517561125365e+02 4.06917426517561125365e+02 4.06917426517561125365e+02 4.06917426517561125365e+02 0
-1.34743845369863799529e-05 4.00281398283971043384e+02 4.00281398283971043384e+02 4.00281398283971043384e+02 4.00281398283971043384e+02 0
-1.22946150798363418592e-05 3.98943106687549970957e+02 3.98943106687549970957e+02 3.98943106687549970957e+02 3.98943106687549970957e+02 0
-1.12181420640342204698e-05 3.92782169883947290145e+02 3.92782169883947290145e+02 3.92782169883947290145e+02 3.92782169883947290145e+02 0
-1.02359212184891812267e-05 3.91727498630483410125e+02 3.91727498630483410125e+02 3.91727498630483410125e+02 3.91727498630483410125e+02 0
-9.33970015650155600557e-06 3.86135520674666850027e+02 3.86135520674666850027e+02 3.86135520674666850027e+02 3.86135520674666850027e+02 0
-8.52194904116605827734e-06 3.84906242306550325338e+02 3.84906242306550325338e+02 3.84906242306550325338e+02 3.84906242306550325338e+02 0
-7.77579732146714636891e-06 3.79858902111003203572e+02 3.79858902111003203572e+02 3.79858902111003203572e+02 3.79858902111003203572e+02 0
-7.09497600753811890912e-06 3.78382659792106210261e+02 3.78382659792106210261e+02 3.78382659792106210261e+02 3.78382659792106210261e+02 0
-6.47376500009436693547e-06 3.73952701915765942431e+02 3.73952701915765942431e+02 3.73952701915765942431e+02 3.73952701915765942431e+02 0
-5.90694503151519647894e-06 3.72522768095969979640e+02 3.72522768095969979640e+02 3.72522768095969979640e+02 3.72522768095969979640e+02 0
-5.38975381479455248936e-06 3.68896983818125022481e+02 3.68896983818125022481e+02 3.68896983818125022481e+02 3.68896983818125022481e+02 0
-4.91784603193453437201e-06 3.67911978077477044735e+02 3.67911978077477044735e+02 3.67911978077477044735e+02 3.67911978077477044735e+02 0
-4.48725682561368615503e-06 3.64957491030005598986e+02 3.64957491030005598986e+02 3.64957491030005598986e+02 3.64957491030005598986e+02 0
-4.09436848739567181305e-06 3.64529689604853842866e+02 3.64529689604853842866e+02 3.64529689604853842866e+02 3.64529689604853842866e+02 0
-3.73588006260062214812e-06 3.62251126942591440638e+02 3.62251126942591440638e+02 3.62251126942591440638e+02 3.62251126942591440638e+02 0
-3.40877961646642297212e-06 3.62356016567080416735e+02 3.62356016567080416735e+02 3.62356016567080416735e+02 3.62356016567080416735e+02 0
-3.11031892858685803934e-06 3.60683582880383426073e+02 3.60683582880383426073e+02 3.60683582880383426073e+02 3.60683582880383426073e+02 0
-2.83799040301524807187e-06 3.61192562907207502576e+02 3.61192562907207502576e+02 3.61192562907207502576e+02 3.61192562907207502576e+02 0
-2.58950600003774601186e-06 3.60013269297361944155e+02 3.60013269297361944155e+02 3.60013269297361944155e+02 3.60013269297361944155e+02 0
-2.36277801260607909979e-06 3.60754901160374970459e+02 3.60754901160374970459e+02 3.60754901160374970459e+02 3.60754901160374970459e+02 0
-2.15590152591782108045e-06 3.59893198299240623328e+02 3.59893198299240623328e+02 3.59893198299240623328e+02 3.59893198299240623328e+02 0
-1.96713841277381391821e-06 3.60726012924040162488e+02 3.60726012924040162488e+02 3.60726012924040162488e+02 3.60726012924040162488e+02 0
-1.79490273024547492788e-06 3.59977894964178403825e+02 3.59977894964178403825e+02 3.59977894964178403825e+02 3.59977894964178403825e+02 0
-1.63774739495826889463e-06 3.60785678419743931045e+02 3.60785678419743931045e+02 3.60785678419743931045e+02 3.60785678419743931045e+02 0
-1.49435202504024885925e-06 3.60043216283983042558e+02 3.60043216283983042558e+02 3.60043216283983042558e+02 3.60043216283983042558e+02 0
-1.36351184658656897709e-06 3.60788107954342535777e+02 3.60788107954342535777e+02 3.60788107954342535777e+02 3.60788107954342535777e+02 0
-1.24412757143474287692e-06 3.60048940598324747953e+02 3.60048940598324747953e+02 3.60048940598324747953e+02 3.60048940598324747953e+02 0
-1.13519616120609888993e-06 3.60768907708302151605e+02 3.60768907708302151605e+02 3.60768907708302151605e+02 3.60768907708302151605e+02 0
-1.03580240001509891296e-06 3.60068214502460932636e+02 3.60068214502460932636e+02 3.60068214502460932636e+02 3.60068214502460932636e+02 0
-9.45111205042431322281e-07 3.60803227932271397549e+02 3.60803227932271397549e+02 3.60803227932271397549e+02 3.60803227932271397549e+02 0
-8.62360610367128368652e-07 3.60141447293818941944e+02 3.60141447293818941944e+02 3.60141447293818941944e+02 3.60141447293818941944e+02 0
-7.86855365109525609635e-07 3.60877641536879480100e+02 3.60877641536879480100e+02 3.60877641536879480100e+02 3.60877641536879480100e+02 0
-7.17961092098189695866e-07 3.60222445475735014497e+02 3.60222445475735014497e+02 3.60222445475735014497e+02 3.60222445475735014497e+02 0
-6.55098957983307430796e-07 3.60918032744511606325e+02 3.60918032744511606325e+02 3.60918032744511606325e+02 3.60918032744511606325e+02 0
-5.97740810016099586050e-07 3.60231965806112498285e+02 3.60231965806112498285e+02 3.60231965806112498285e+02 3.60231965806112498285e+02 0
-5.45404738634627717892e-07 3.60886417257666494152e+02 3.60886417257666494152e+02 3.60886417257666494152e+02 3.60886417257666494152e+02 0
-4.97651028573897362528e-07 3.60187820415941303054e+02 3.60187820415941303054e+02 3.60187820415941303054e+02 3.60187820415941303054e+02 0
-4.54078464482439566561e-07 3.60835837815551371932e+02 3.60835837815551371932e+02 3.60835837815551371932e+02 3.60835837815551371932e+02 0
-4.14320960006039459306e-07 3.60169367282256644103e+02 3.60169367282256644103e+02 3.60169367282256644103e+02 3.60169367282256644103e+02 0
-3.78044482016972603028e-07 3.60848867621383874393e+02 3.60848867621383874393e+02 3.60848867621383874393e+02 3.60848867621383874393e+02 0
-3.44944244146851379225e-07 3.60217335085314175558e+02 3.60217335085314175558e+02 3.60217335085314175558e+02 3.60217335085314175558e+02 0
-3.14742146043810265030e-07 3.60910678792170244833e+02 3.60910678792170244833e+02 3.60910678792170244833e+02 3.60910678792170244833e+02 0
-2.87184436839275878347e-07 3.60280748480926831689e+02 3.60280748480926831689e+02 3.60280748480926831689e+02 3.60280748480926831689e+02 0
-2.62039583193322993494e-07 3.60942841901865620002e+02 3.60942841901865620002e+02 3.60942841901865620002e+02 3.60942841901865620002e+02 0
-2.39096324006439802656e-07 3.60277701245040304912e+02 3.60277701245040304912e+02 3.60277701245040304912e+02 3.60277701245040304912e+02 0
-2.18161895453850981278e-07 3.60905488507812265198e+02 3.60905488507812265198e+02 3.60905488507812265198e+02 3.60905488507812265198e+02 0
-1.99060411429558881484e-07 3.60224045465605627214e+02 3.60224045465605627214e+02 3.60224045465605627214e+02 3.60224045465605627214e+02 0
-1.81631385792975794861e-07 3.60850912163609621075e+02 3.60850912163609621075e+02 3.60850912163609621075e+02 3.60850912163609621075e+02 0
-1.65728384002415794310e-07 3.60198553125377543438e+02 3.60198553125377543438e+02 3.60198553125377543438e+02 3.60198553125377543438e+02 0
-1.51217792806789099445e-07 3.60861182473402436699e+02 3.60861182473402436699e+02 3.60861182473402436699e+02 3.60861182473402436699e+02 0
-1.37977697658740599335e-07 3.60241797717864642436e+02 3.60241797717864642436e+02 3.60241797717864642436e+02 3.60241797717864642436e+02 0
-1.25896858417524106012e-07 3.60921691764560819138e+02 3.60921691764560819138e+02 3.60921691764560819138e+02 3.60921691764560819138e+02 0
-1.14873774735710398984e-07 3.60301871806088911399e+02 3.60301871806088911399e+02 3.60301871806088911399e+02 3.60301871806088911399e+02 0
-1.04815833277329194751e-07 3.60953193012399935924e+02 3.60953193012399935924e+02 3.60953193012399935924e+02 3.60953193012399935924e+02 0
-9.56385296025759290035e-08 3.60296442151857604586e+02 3.60296442151857604586e+02 3.60296442151857604586e+02 3.60296442151857604586e+02 0
-8.72647581815404189808e-08 3.60915296618103013770e+02 3.60915296618103013770e+02 3.60915296618103013770e+02 3.60915296618103013770e+02 0
-7.96241645718235896512e-08 3.60240729042466398369e+02 3.60240729042466398369e+02 3.60240729042466398369e+02 3.60240729042466398369e+02 0
-7.26525543171903391202e-08 3.60860333756639079184e+02 3.60860333756639079184e+02 3.60860333756639079184e+02 3.60860333756639079184e+02 0
-6.62913536009663071362e-08 3.60213621862917534600e+02 3.60213621862917534600e+02 3.60213621862917534600e+02 3.60213621862917534600e+02 0
-6.04871171227156106611e-08 3.60870326103277363927e+02 3.60870326103277363927e+02 3.60870326103277363927e+02 3.60870326103277363927e+02 0
-5.51910790634962066470e-08 3.60255789720903862872e+02 3.60255789720903862872e+02 3.60255789720903862872e+02 3.60255789720903862872e+02 0
-5.03587433670096371108e-08 3.60930879536340398772e+02 3.60930879536340398772e+02 3.60930879536340398772e+02 3.60930879536340398772e+02 0
-4.59495098942841410648e-08 3.60315087168183140420e+02 3.60315087168183140420e+02 3.60315087168183140420e+02 3.60315087168183140420e+02 0
-4.19263333109316779003e-08 3.60962510766247874017e+02 3.60962510766247874017e+02 3.60962510766247874017e+02 3.60962510766247874017e+02 0
-3.82554118410303716014e-08 3.60309110991761542664e+02 3.60309110991761542664e+02 3.60309110991761542664e+02 3.60309110991761542664e+02 0
-3.49059032726161649453e-08 3.60924679407831320077e+02 3.60924679407831320077e+02 3.60924679407831320077e+02 3.60924679407831320077e+02 0
-3.18496658287294252726e-08 3.60252848261248004746e+02 3.60252848261248004746e+02 3.60252848261248004746e+02 3.60252848261248004746e+02 0
-2.90610217268761303541e-08 3.60869741088868408951e+02 3.60869741088868408951e+02 3.60869741088868408951e+02 3.60869741088868408951e+02 0
-2.65165414403865321189e-08 3.60225273662925246754e+02 3.60225273662925246754e+02 3.60225273662925246754e+02 3.60225273662925246754e+02 0
-2.41948468490862409557e-08 3.60879753192013765783e+02 3.60879753192013765783e+02 3.60879753192013765783e+02 3.60879753192013765783e+02 0
-2.20764316253984919232e-08 3.60267147860495754230e+02 3.60267147860495754230e+02 3.60267147860495754230e+02 3.60267147860495754230e+02 0
-2.01434973468038594765e-08 3.60940414565526793922e+02 3.60940414565526793922e+02 3.60940414565526793922e+02 3.60940414565526793922e+02 0
-1.83798039577136603964e-08 3.60326212977327372755e+02 3.60326212977327372755e+02 3.60326212977327372755e+02 3.60326212977327372755e+02 0
-1.67705333243726718219e-08 3.60972151480829325010e+02 3.60972151480829325010e+02 3.60972151480829325010e+02 3.60972151480829325010e+02 0
-1.53021647364121512875e-08 3.60320083229205749831e+02 3.60320083229205749831e+02 3.60320083229205749831e+02 3.60320083229205749831e+02 0
-1.39623613090464712721e-08 3.60934405180948147063e+02 3.60934405180948147063e+02 3.60934405180948147063e+02 3.60934405180948147063e+02 0
-1.27398663314917707708e-08 3.60263650851123315988e+02 3.60263650851123315988e+02 3.60263650851123315988e+02 3.60263650851123315988e+02 0
-1.16244086907504498255e-08 3.60879487884088746341e+02 3.60879487884088746341e+02 3.60879487884088746341e+02 3.60879487884088746341e+02 0
-1.06066165761546102006e-08 3.60235902209630239668e+02 3.60235902209630239668e+02 3.60235902209630239668e+02 3.60235902209630239668e+02 0
-9.67793873963449902926e-09 3.60889537729493667939e+02 3.60889537729493667939e+02 3.60889537729493667939e+02 3.60889537729493667939e+02 0
-8.83057265015939445318e-09 3.60277706974920704397e+02 3.60277706974920704397e+02 3.60277706974920704397e+02 3.60277706974920704397e+02 0
-8.05739893872154412149e-09 3.60950261016896149613e+02 3.60950261016896149613e+02 3.60950261016896149613e+02 3.60950261016896149613e+02 0
-7.35192158308546266964e-09 3.60336669432625910758e+02 3.60336669432625910758e+02 3.60336669432625910758e+02 3.60336669432625910758e+02 0
-6.70821332974906988680e-09 3.60982032140930925834e+02 3.60982032140930925834e+02 3.60982032140930925834e+02 3.60982032140930925834e+02 0
-6.12086589456485935696e-09 3.60330500059815562963e+02 3.60330500059815562963e+02 3.60330500059815562963e+02 3.60330500059815562963e+02 0
-5.58494452361858701991e-09 3.60944375149301833972e+02 3.60944375149301833972e+02 3.60944375149301833972e+02 3.60944375149301833972e+02 0
-5.09594653259670897005e-09 3.60274026879091366027e+02 3.60274026879091366027e+02 3.60274026879091366027e+02 3.60274026879091366027e+02 0
-4.64976347630018125370e-09 3.60889426885181308080e+02 3.60889426885181308080e+02 3.60889426885181308080e+02 3.60889426885181308080e+02 0
-4.24264663046184441111e-09 3.60246173372430007475e+02 3.60246173372430007475e+02 3.60246173372430007475e+02 3.60246173372430007475e+02 0
-3.87117549585379861909e-09 3.60899519409745721532e+02 3.60899519409745721532e+02 3.60899519409745721532e+02 3.60899519409745721532e+02 0
-3.53222906006375811214e-09 3.60288023989023827198e+02 3.60288023989023827198e+02 3.60288023989023827198e+02 3.60288023989023827198e+02 0
-3.22295957548861690413e-09 3.60960282537433329253e+02 3.60960282537433329253e+02 3.60960282537433329253e+02 3.60960282537433329253e+02 0
-2.94076863323418506785e-09 3.60346892603675428290e+02 3.60346892603675428290e+02 3.60346892603675428290e+02 3.60346892603675428290e+02 0
-2.68328533189962795472e-09 3.60992035733322325086e+02 3.60992035733322325086e+02 3.60992035733322325086e+02 3.60992035733322325086e+02 0
-2.44834635782594399094e-09 3.60340763746659490607e+02 3.60340763746659490607e+02 3.60340763746659490607e+02 3.60340763746659490607e+02 0
-2.23397780944743522155e-09 3.60954537953687690788e+02 3.60954537953687690788e+02 3.60954537953687690788e+02 3.60954537953687690788e+02 0
-2.03837861303868391889e-09 3.60284327228575818935e+02 3.60284327228575818935e+02 3.60284327228575818935e+02 3.60284327228575818935e+02 0
-1.85990539052007200517e-09 3.60899469083607982611e+02 3.60899469083607982611e+02 3.60899469083607982611e+02 3.60899469083607982611e+02 0
-1.69705865218473817803e-09 3.60256333056556400152e+02 3.60256333056556400152e+02 3.60256333056556400152e+02 3.60256333056556400152e+02 0
-1.54847019834152002666e-09 3.60909639133938696887e+02 3.60909639133938696887e+02 3.60909639133938696887e+02 3.60909639133938696887e+02 0
-1.41289162402550303806e-09 3.60298383588086608142e+02 3.60298383588086608142e+02 3.60298383588086608142e+02 3.60298383588086608142e+02 0
-1.28918383019544705117e-09 3.60970464948630251456e+02 3.60970464948630251456e+02 3.60970464948630251456e+02 3.60970464948630251456e+02 0
-1.17630745329367402714e-09 3.60357114338138103449e+02 3.60357114338138103449e+02 3.60357114338138103449e+02 3.60357114338138103449e+02 0
-1.07331413275985097509e-09 3.61002212950290754634e+02 3.61002212950290754634e+02 3.61002212950290754634e+02 3.61002212950290754634e+02 0
-9.79338543130377513658e-10 3.60351314845286935906e+02 3.60351314845286935906e+02 3.60351314845286935906e+02 3.60351314845286935906e+02 0
-8.93591123778973943865e-10 3.60965084241796830611e+02 3.60965084241796830611e+02 3.60965084241796830611e+02 3.60965084241796830611e+02 0
-8.15351445215473422800e-10 3.60295020507579806690e+02 3.60295020507579806690e+02 3.60295020507579806690e+02 3.60295020507579806690e+02 0
-7.43962156208029008864e-10 3.60909690176156971120e+02 3.60909690176156971120e+02 3.60909690176156971120e+02 3.60909690176156971120e+02 0
-6.78823460873895064418e-10 3.60266710341712155241e+02 3.60266710341712155241e+02 3.60266710341712155241e+02 3.60266710341712155241e+02 0
-6.19388079336607865908e-10 3.60920018338299769312e+02 3.60920018338299769312e+02 3.60920018338299769312e+02 3.60920018338299769312e+02 0
-5.65156649610201173866e-10 3.60309400298501373072e+02 3.60309400298501373072e+02 3.60309400298501373072e+02 3.60309400298501373072e+02 0
-5.15673532078178737748e-10 3.60981241985059966737e+02 3.60981241985059966737e+02 3.60981241985059966737e+02 3.60981241985059966737e+02 0
-4.70522981317469672895e-10 3.60368419927964055205e+02 3.60368419927964055205e+02 3.60368419927964055205e+02 3.60368419927964055205e+02 0
-4.29325653103940410716e-10 3.61014295221712245620e+02 3.61014295221712245620e+02 3.61014295221712245620e+02 3.61014295221712245620e+02 0
-3.91735417252150984784e-10 3.60366189992402155440e+02 3.60366189992402155440e+02 3.60366189992402155440e+02 3.60366189992402155440e+02 0
3.91735417252150984784e-10 3.60365494701039835945e+02 3.60365494701039835945e+02 3.60365494701039835945e+02 3.60365494701039835945e+02 0
4.29325653103940410716e-10 3.61014543532536890780e+02 3.61014543532536890780e+02 3.61014543532536890780e+02 3.61014543532536890780e+02 0
4.70522981317469672895e-10 3.60368402844086631376e+02 3.60368402844086631376e+02 3.60368402844086631376e+02 3.60368402844086631376e+02 0
5.15673532078178737748e-10 3.60980323862218142494e+02 3.60980323862218142494e+02 3.60980323862218142494e+02 3.60980323862218142494e+02 0
5.65156649610201173866e-10 3.60307848118631284251e+02 3.60307848118631284251e+02 3.60307848118631284251e+02 3.60307848118631284251e+02 0
6.19388079336607865908e-10 3.60919335725760788591e+02 3.60919335725760788591e+02 3.60919335725760788591e+02 3.60919335725760788591e+02 0
6.78823460873895064418e-10 3.60266869162117643555e+02 3.60266869162117643555e+02 3.60266869162117643555e+02 3.60266869162117643555e+02 0
7.43962156208029008864e-10 3.60909627967081519273e+02 3.60909627967081519273e+02 3.60909627967081519273e+02 3.60909627967081519273e+02 0
8.15351445215473422800e-10 3.60294212311318915454e+02 3.60294212311318915454e+02 3.60294212311318915454e+02 3.60294212311318915454e+02 0
8.93591123778973943865e-10 3.60963958700953753578e+02 3.60963958700953753578e+02 3.60963958700953753578e+02 3.60963958700953753578e+02 0
9.79338543130377513658e-10 3.60351036742873361618e+02 3.60351036742873361618e+02 3.60351036742873361618e+02 3.60351036742873361618e+02 0
1.07331413275985097509e-09 3.61002312280238015774e+02 3.61002312280238015774e+02 3.61002312280238015774e+02 3.61002312280238015774e+02 0
1.17630745329367402714e-09 3.60357107508064359536e+02 3.60357107508064359536e+02 3.60357107508064359536e+02 3.60357107508064359536e+02 0
1.28918383019544705117e-09 3.60970097708236835388e+02 3.60970097708236835388e+02 3.60970097708236835388e+02 3.60970097708236835388e+02 0
1.41289162402550303806e-09 3.60297762725853658594e+02 3.60297762725853658594e+02 3.60297762725853658594e+02 3.60297762725853658594e+02 0
1.54847019834152002666e-09 3.60909366094218512444e+02 3.60909366094218512444e+02 3.60909366094218512444e+02 3.60909366094218512444e+02 0
1.69705865218473817803e-09 3.60256396586851508346e+02 3.60256396586851508346e+02 3.60256396586851508346e+02 3.60256396586851508346e+02 0
1.85990539052007200517e-09 3.60899444201896585582e+02 3.60899444201896585582e+02 3.60899444201896585582e+02 3.60899444201896585582e+02 0
2.03837861303868391889e-09 3.60284003954942477321e+02 3.60284003954942477321e+02 3.60284003954942477321e+02 3.60284003954942477321e+02 0
2.23397780944743522155e-09 3.60954087744239245694e+02 3.60954087744239245694e+02 3.60954087744239245694e+02 3.60954087744239245694e+02 0
2.44834635782594399094e-09 3.60340652507875688570e+02 3.60340652507875688570e+02 3.60340652507875688570e+02 3.60340652507875688570e+02 0
2.68328533189962795472e-09 3.60992075465216998964e+02 3.60992075465216998964e+02 3.60992075465216998964e+02 3.60992075465216998964e+02 0
2.94076863323418506785e-09 3.60346889873440829888e+02 3.60346889873440829888e+02 3.60346889873440829888e+02 3.60346889873440829888e+02 0
3.22295957548861690413e-09 3.60960135644648403286e+02 3.60960135644648403286e+02 3.60960135644648403286e+02 3.60960135644648403286e+02 0
3.53222906006375811214e-09 3.60287775649004402112e+02 3.60287775649004402112e+02 3.60287775649004402112e+02 3.60287775649004402112e+02 0
3.87117549585379861909e-09 3.60899410197309123305e+02 3.60899410197309123305e+02 3.60899410197309123305e+02 3.60899410197309123305e+02 0
4.24264663046184441111e-09 3.60246198784839180007e+02 3.60246198784839180007e+02 3.60246198784839180007e+02 3.60246198784839180007e+02 0
4.64976347630018125370e-09 3.60889416934247890367e+02 3.60889416934247890367e+02 3.60889416934247890367e+02 3.60889416934247890367e+02 0
5.09594653259670897005e-09 3.60273897573295982966e+02 3.60273897573295982966e+02 3.60273897573295982966e+02 3.60273897573295982966e+02 0
5.58494452361858701991e-09 3.60944195069174952550e+02 3.60944195069174952550e+02 3.60944195069174952550e+02 3.60944195069174952550e+02 0
6.12086589456485935696e-09 3.60330455566337263917e+02 3.60330455566337263917e+02 3.60330455566337263917e+02 3.60330455566337263917e+02 0
6.70821332974906988680e-09 3.60982048034424565230e+02 3.60982048034424565230e+02 3.60982048034424565230e+02 3.60982048034424565230e+02 0
7.35192158308546266964e-09 3.60336668341577762931e+02 3.60336668341577762931e+02 3.60336668341577762931e+02 3.60336668341577762931e+02 0
8.05739893872154412149e-09 3.60950202261950835236e+02 3.60950202261950835236e+02 3.60950202261950835236e+02 3.60950202261950835236e+02 0
8.83057265015939445318e-09 3.60277607642604721150e+02 3.60277607642604721150e+02 3.60277607642604721150e+02 3.60277607642604721150e+02 0
9.67793873963449902926e-09 3.60889494047829202827e+02 3.60889494047829202827e+02 3.60889494047829202827e+02 3.60889494047829202827e+02 0
1.06066165761546102006e-08 3.60235912377118779659e+02 3.60235912377118779659e+02 3.60235912377118779659e+02 3.60235912377118779659e+02 0
1.16244086907504498255e-08 3.60879483906167706664e+02 3.60879483906167706664e+02 3.60879483906167706664e+02 3.60879483906167706664e+02 0
1.27398663314917707708e-08 3.60263599130311263252e+02 3.60263599130311263252e+02 3.60263599130311263252e+02 3.60263599130311263252e+02 0
1.39623613090464712721e-08 3.60934333150831946568e+02 3.60934333150831946568e+02 3.60934333150831946568e+02 3.60934333150831946568e+02 0
1.53021647364121512875e-08 3.60320065432644696557e+02 3.60320065432644696557e+02 3.60320065432644696557e+02 3.60320065432644696557e+02 0
1.67705333243726718219e-08 3.60972157838788291429e+02 3.60972157838788291429e+02 3.60972157838788291429e+02 3.60972157838788291429e+02 0
1.83798039577136603964e-08 3.60326212542432017472e+02 3.60326212542432017472e+02 3.60326212542432017472e+02 3.60326212542432017472e+02 0
2.01434973468038594765e-08 3.60940391065488313416e+02 3.60940391065488313416e+02 3.60940391065488313416e+02 3.60940391065488313416e+02 0
2.20764316253984919232e-08 3.60267108129841233222e+02 3.60267108129841233222e+02 3.60267108129841233222e+02 3.60267108129841233222e+02 0
2.41948468490862409557e-08 3.60879735720959160972e+02 3.60879735720959160972e+02 3.60879735720959160972e+02 3.60879735720959160972e+02 0
2.65165414403865321189e-08 3.60225277730754157801e+02 3.60225277730754157801e+02 3.60225277730754157801e+02 3.60225277730754157801e+02 0
2.90610217268761303541e-08 3.60869739498508749875e+02 3.60869739498508749875e+02 3.60869739498508749875e+02 3.60869739498508749875e+02 0
3.18496658287294252726e-08 3.60252827574034995450e+02 3.60252827574034995450e+02 3.60252827574034995450e+02 3.60252827574034995450e+02 0
3.49059032726161649453e-08 3.60924650596684955417e+02 3.60924650596684955417e+02 3.60924650596684955417e+02 3.60924650596684955417e+02 0
3.82554118410303716014e-08 3.60309103873717560873e+02 3.60309103873717560873e+02 3.60309103873717560873e+02 3.60309103873717560873e+02 0
4.19263333109316779003e-08 3.60962513309266682882e+02 3.60962513309266682882e+02 3.60962513309266682882e+02 3.60962513309266682882e+02 0
4.59495098942841410648e-08 3.60315086994265982412e+02 3.60315086994265982412e+02 3.60315086994265982412e+02 3.60315086994265982412e+02 0
5.03587433670096371108e-08 3.60930870136250916858e+02 3.60930870136250916858e+02 3.60930870136250916858e+02 3.60930870136250916858e+02 0
5.51910790634962066470e-08 3.60255773828925441649e+02 3.60255773828925441649e+02 3.60255773828925441649e+02 3.60255773828925441649e+02 0
6.04871171227156106611e-08 3.60870319115672657517e+02 3.60870319115672657517e+02 3.60870319115672657517e+02 3.60870319115672657517e+02 0
6.62913536009663071362e-08 3.60213623490678855887e+02 3.60213623490678855887e+02 3.60213623490678855887e+02 3.60213623490678855887e+02 0
7.26525543171903391202e-08 3.60860333121007045065e+02 3.60860333121007045065e+02 3.60860333121007045065e+02 3.60860333121007045065e+02 0
7.96241645718235896512e-08 3.60240720767466086727e+02 3.60240720767466086727e+02 3.60240720767466086727e+02 3.60240720767466086727e+02 0
8.72647581815404189808e-08 3.60915285093410489026e+02 3.60915285093410489026e+02 3.60915285093410489026e+02 3.60915285093410489026e+02 0
9.56385296025759290035e-08 3.60296439304297052786e+02 3.60296439304297052786e+02 3.60296439304297052786e+02 3.60296439304297052786e+02 0
1.04815833277329194751e-07 3.60953194028980931307e+02 3.60953194028980931307e+02 3.60953194028980931307e+02 3.60953194028980931307e+02 0
1.14873774735710398984e-07 3.60301871735925033136e+02 3.60301871735925033136e+02 3.60301871735925033136e+02 3.60301871735925033136e+02 0
1.25896858417524106012e-07 3.60921688004152485973e+02 3.60921688004152485973e+02 3.60921688004152485973e+02 3.60921688004152485973e+02 0
1.37977697658740599335e-07 3.60241791361190621501e+02 3.60241791361190621501e+02 3.60241791361190621501e+02 3.60241791361190621501e+02 0
1.51217792806789099445e-07 3.60861179678675568994e+02 3.60861179678675568994e+02 3.60861179678675568994e+02 3.60861179678675568994e+02 0
1.65728384002415794310e-07 3.60198553776789651693e+02 3.60198553776789651693e+02 3.60198553776789651693e+02 3.60198553776789651693e+02 0
1.81631385792975794861e-07 3.60850911909378964992e+02 3.60850911909378964992e+02 3.60850911909378964992e+02 3.60850911909378964992e+02 0
1.99060411429558881484e-07 3.60224042155621418715e+02 3.60224042155621418715e+02 3.60224042155621418715e+02 3.60224042155621418715e+02 0
2.18161895453850981278e-07 3.60905483897444696595e+02 3.60905483897444696595e+02 3.60905483897444696595e+02 3.60905483897444696595e+02 0
2.39096324006439802656e-07 3.60277700105169287781e+02 3.60277700105169287781e+02 3.60277700105169287781e+02 3.60277700105169287781e+02 0
2.62039583193322993494e-07 3.60942842307479452302e+02 3.60942842307479452302e+02 3.60942842307479452302e+02 3.60942842307479452302e+02 0
2.87184436839275878347e-07 3.60280748451992337777e+02 3.60280748451992337777e+02 3.60280748451992337777e+02 3.60280748451992337777e+02 0
3.14742146043810265030e-07 3.60910677287709120264e+02 3.60910677287709120264e+02 3.60910677287709120264e+02 3.60910677287709120264e+02 0
3.44944244146851379225e-07 3.60217332542754888891e+02 3.60217332542754888891e+02 3.60217332542754888891e+02 3.60217332542754888891e+02 0
3.78044482016972603028e-07 3.60848866503999204269e+02 3.60848866503999204269e+02 3.60848866503999204269e+02 3.60848866503999204269e+02 0
4.14320960006039459306e-07 3.60169367543219209438e+02 3.60169367543219209438e+02 3.60169367543219209438e+02 3.60169367543219209438e+02 0
4.54078464482439566561e-07 3.60835837713904368229e+02 3.60835837713904368229e+02 3.60835837713904368229e+02 3.60835837713904368229e+02 0
4.97651028573897362528e-07 3.60187819091483731881e+02 3.60187819091483731881e+02 3.60187819091483731881e+02 3.60187819091483731881e+02 0
5.45404738634627717892e-07 3.60886415412763938093e+02 3.60886415412763938093e+02 3.60886415412763938093e+02 3.60886415412763938093e+02 0
5.97740810016099586050e-07 3.60231965349384722685e+02 3.60231965349384722685e+02 3.60231965349384722685e+02 3.60231965349384722685e+02 0
6.55098957983307430796e-07 3.60918032905724373904e+02 3.60918032905724373904e+02 3.60918032905724373904e+02 3.60918032905724373904e+02 0
7.17961092098189695866e-07 3.60222445463319502323e+02 3.60222445463319502323e+02 3.60222445463319502323e+02 3.60222445463319502323e+02 0
7.86855365109525609635e-07 3.60877640934365956582e+02 3.60877640934365956582e+02 3.60877640934365956582e+02 3.60877640934365956582e+02 0
8.62360610367128368652e-07 3.60141446276448391473e+02 3.60141446276448391473e+02 3.60141446276448391473e+02 3.60141446276448391473e+02 0
9.45111205042431322281e-07 3.60803227485387935758e+02 3.60803227485387935758e+02 3.60803227485387935758e+02 3.60803227485387935758e+02 0
1.03580240001509891296e-06 3.60068214606604385608e+02 3.60068214606604385608e+02 3.60068214606604385608e+02 3.60068214606604385608e+02 0
1.13519616120609888993e-06 3.60768907667128132744e+02 3.60768907667128132744e+02 3.60768907667128132744e+02 3.60768907667128132744e+02 0
1.24412757143474287692e-06 3.60048940067458829617e+02 3.60048940067458829617e+02 3.60048940067458829617e+02 3.60048940067458829617e+02 0
1.36351184658656897709e-06 3.60788107215114280280e+02 3.60788107215114280280e+02 3.60788107215114280280e+02 3.60788107215114280280e+02 0
1.49435202504024885925e-06 3.60043216100258916867e+02 3.60043216100258916867e+02 3.60043216100258916867e+02 3.60043216100258916867e+02 0
1.63774739495826889463e-06 3.60785678482203479689e+02 3.60785678482203479689e+02 3.60785678482203479689e+02 3.60785678482203479689e+02 0
1.79490273024547492788e-06 3.59977894957087414696e+02 3.59977894957087414696e+02 3.59977894957087414696e+02 3.59977894957087414696e+02 0
1.96713841277381391821e-06 3.60726012680744702266e+02 3.60726012680744702266e+02 3.60726012680744702266e+02 3.60726012680744702266e+02 0
2.15590152591782108045e-06 3.59893197890580381682e+02 3.59893197890580381682e+02 3.59893197890580381682e+02 3.59893197890580381682e+02 0
2.36277801260607909979e-06 3.60754900981054333897e+02 3.60754900981054333897e+02 3.60754900981054333897e+02 3.60754900981054333897e+02 0
2.58950600003774601186e-06 3.60013269334845972480e+02 3.60013269334845972480e+02 3.60013269334845972480e+02 3.60013269334845972480e+02 0
2.83799040301524807187e-06 3.61192562885674476547e+02 3.61192562885674476547e+02 3.61192562885674476547e+02 3.61192562885674476547e+02 0
3.11031892858685803934e-06 3.60683582662465425983e+02 3.60683582662465425983e+02 3.60683582662465425983e+02 3.60683582662465425983e+02 0
3.40877961646642297212e-06 3.62356016266980475393e+02 3.62356016266980475393e+02 3.62356016266980475393e+02 3.62356016266980475393e+02 0
3.73588006260062214812e-06 3.62251126865665241894e+02 3.62251126865665241894e+02 3.62251126865665241894e+02 3.62251126865665241894e+02 0
4.09436848739567181305e-06 3.64529689614124265518e+02 3.64529689614124265518e+02 3.64529689614124265518e+02 3.64529689614124265518e+02 0
4.48725682561368615503e-06 3.64957491008780380071e+02 3.64957491008780380071e+02 3.64957491008780380071e+02 3.64957491008780380071e+02 0
4.91784603193453437201e-06 3.67911977964275763497e+02 3.67911977964275763497e+02 3.67911977964275763497e+02 3.67911977964275763497e+02 0
5.38975381479455248936e-06 3.68896983642436111950e+02 3.68896983642436111950e+02 3.68896983642436111950e+02 3.68896983642436111950e+02 0
5.90694503151519647894e-06 3.72522768012313292729e+02 3.72522768012313292729e+02 3.72522768012313292729e+02 3.72522768012313292729e+02 0
6.47376500009436693547e-06 3.73952701908065478165e+02 3.73952701908065478165e+02 3.73952701908065478165e+02 3.73952701908065478165e+02 0
7.09497600753811890912e-06 3.78382659758527438498e+02 3.78382659758527438498e+02 3.78382659758527438498e+02 3.78382659758527438498e+02 0
7.77579732146714636891e-06 3.79858902001105946056e+02 3.79858902001105946056e+02 3.79858902001105946056e+02 3.79858902001105946056e+02 0
8.52194904116605827734e-06 3.84906242165285675583e+02 3.84906242165285675583e+02 3.84906242165285675583e+02 3.84906242165285675583e+02 0
9.33970015650155600557e-06 3.86135520620755869459e+02 3.86135520620755869459e+02 3.86135520620755869459e+02 3.86135520620755869459e+02 0
1.02359212184891812267e-05 3.91727498614828050449e+02 3.91727498614828050449e+02 3.91727498614828050449e+02 3.91727498614828050449e+02 0
1.12181420640342204698e-05 3.92782169857779592803e+02 3.92782169857779592803e+02 3.92782169857779592803e+02 3.92782169857779592803e+02 0
1.22946150798363418592e-05 3.98943106625764926321e+02 3.98943106625764926321e+02 3.98943106625764926321e+02 3.98943106625764926321e+02 0
1.34743845369863799529e-05 4.00281398196242548693e+02 4.00281398196242548693e+02 4.00281398196242548693e+02 4.00281398196242548693e+02 0
1.47673625787879903503e-05 4.06917426464292759647e+02 4.06917426464292759647e+02 4.06917426464292759647e+02 4.06917426464292759647e+02 0
1.61844125002359203033e-05 4.08533071865516603793e+02 4.08533071865516603793e+02 4.08533071865516603793e+02 4.08533071865516603793e+02 0
1.77374400188453006609e-05 4.16124547702214726996e+02 4.16124547702214726996e+02 4.16124547702214726996e+02 4.16124547702214726996e+02 0
1.94394933036678710045e-05 4.18023144705209858785e+02 4.18023144705209858785e+02 4.18023144705209858785e+02 4.18023144705209858785e+02 0
2.13048726029151414582e-05 4.26438146401630092441e+02 4.26438146401630092441e+02 4.26438146401630092441e+02 4.26438146401630092441e+02 0
2.33492503912538900139e-05 4.28600925418757640273e+02 4.28600925418757640273e+02 4.28600925418757640273e+02 4.28600925418757640273e+02 0
2.55898030462229522197e-05 4.37887661811303416926e+02 4.37887661811303416926e+02 4.37887661811303416926e+02 4.37887661811303416926e+02 0
2.80453551600855418571e-05 4.40932403758918383119e+02 4.40932403758918383119e+02 4.40932403758918383119e+02 4.40932403758918383119e+02 0
3.07365376995908377075e-05 4.50954634838387562468e+02 4.50954634838387562468e+02 4.50954634838387562468e+02 4.50954634838387562468e+02 0
3.36859613424659532703e-05 4.54647103082190653822e+02 4.54647103082190653822e+02 4.54647103082190653822e+02 4.54647103082190653822e+02 0
3.69184064469699809580e-05 4.65071369433901395496e+02 4.65071369433901395496e+02 4.65071369433901395496e+02 4.65071369433901395496e+02 0
4.04610312505897939820e-05 4.69542465545598020071e+02 4.69542465545598020071e+02 4.69542465545598020071e+02 4.69542465545598020071e+02 0
4.43436000471132397939e-05 4.80469437266949739751e+02 4.80469437266949739751e+02 4.80469437266949739751e+02 4.80469437266949739751e+02 0
4.85987332591696622646e-05 4.85550735715496671219e+02 4.85550735715496671219e+02 4.85550735715496671219e+02 4.85550735715496671219e+02 0
5.32621815072878638099e-05 4.95410050737683718580e+02 4.95410050737683718580e+02 4.95410050737683718580e+02 4.95410050737683718580e+02 0
5.83731259781347216467e-05 5.00207939874921805767e+02 5.00207939874921805767e+02 5.00207939874921805767e+02 5.00207939874921805767e+02 0
6.39745076155573839374e-05 5.08159218432510158436e+02 5.08159218432510158436e+02 5.08159218432510158436e+02 5.08159218432510158436e+02 0
7.01133879002138461723e-05 5.11849928018786783923e+02 5.11849928018786783923e+02 5.11849928018786783923e+02 5.11849928018786783923e+02 0
7.68413442489771078212e-05 5.16486230124142139175e+02 5.16486230124142139175e+02 5.16486230124142139175e+02 5.16486230124142139175e+02 0
8.42149033561649001164e-05 5.16546412457255769368e+02 5.16546412457255769368e+02 5.16546412457255769368e+02 5.16546412457255769368e+02 0
9.22960161174249523949e-05 5.15745941989242282943e+02 5.15745941989242282943e+02 5.15745941989242282943e+02 5.15745941989242282943e+02 0
1.01152578126474505284e-04 5.10253953302738750608e+02 5.10253953302738750608e+02 5.10253953302738750608e+02 5.10253953302738750608e+02 0
1.10859000117783106261e-04 5.01773657786318835861e+02 5.01773657786318835861e+02 5.01773657786318835861e+02 5.01773657786318835861e+02 0
1.21496833147924203095e-04 4.89496316649120956299e+02 4.89496316649120956299e+02 4.89496316649120956299e+02 4.89496316649120956299e+02 0
1.33155453768219595150e-04 4.72784778627953642172e+02 4.72784778627953642172e+02 4.72784778627953642172e+02 4.72784778627953642172e+02 0
1.45932814945336810893e-04 4.53144749629234581789e+02 4.53144749629234581789e+02 4.53144749629234581789e+02 4.53144749629234581789e+02 0
1.59936269038893493725e-04 4.28523548609766123718e+02 4.28523548609766123718e+02 4.28523548609766123718e+02 4.28523548609766123718e+02 0
1.75283469750534622207e-04 4.01581959886459117115e+02 4.01581959886459117115e+02 4.01581959886459117115e+02 4.01581959886459117115e+02 0
1.92103360622442823763e-04 3.71016905845469011638e+02 3.71016905845469011638e+02 3.71016905845469011638e+02 3.71016905845469011638e+02 0
2.10537258390412209633e-04 3.40284710520064550110e+02 3.40284710520064550110e+02 3.40284710520064550110e+02 3.40284710520064550110e+02 0
2.30740040293562408092e-04 3.06875892048252751465e+02 3.06875892048252751465e+02 3.06875892048252751465e+02 3.06875892048252751465e+02 0
2.52881445316186208999e-04 2.75002939010700913514e+02 2.75002939010700913514e+02 2.75002939010700913514e+02 2.75002939010700913514e+02 0
2.77147500294457819862e-04 2.41557344758582075883e+02 2.41557344758582075883e+02 2.41557344758582075883e+02 2.41557344758582075883e+02 0
3.03742082869810372213e-04 2.11612630193509573928e+02 2.11612630193509573928e+02 2.11612630193509573928e+02 2.11612630193509573928e+02 0
3.32888634420549069191e-04 1.81730973929171909731e+02 1.81730973929171909731e+02 1.81730973929171909731e+02 1.81730973929171909731e+02 0
3.64832037363341959470e-04 1.55922389999000358785e+02 1.55922389999000358785e+02 1.55922389999000358785e+02 1.55922389999000358785e+02 0
3.99840672597233707207e-04 1.31196865663753953868e+02 1.31196865663753953868e+02 1.31196865663753953868e+02 1.31196865663753953868e+02 0
4.38208674376336609728e-04 1.10419881128009095050e+02 1.10419881128009095050e+02 1.10419881128009095050e+02 1.10419881128009095050e+02 0
4.80258401556107005197e-04 9.12633381759921178400e+01 9.12633381759921178400e+01 9.12633381759921178400e+01 9.12633381759921178400e+01 0
5.26343145976030496978e-04 7.55971226223047807480e+01 7.55971226223047807480e+01 7.55971226223047807480e+01 7.55971226223047807480e+01 0
5.76850100733905979573e-04 6.16190590718495982969e+01 6.16190590718495982969e+01 6.16190590718495982969e+01 6.16190590718495982969e+01 0
6.32203613290465522498e-04 5.03909243372344093359e+01 5.03909243372344093359e+01 5.03909243372344093359e+01 5.03909243372344093359e+01 0
6.92868750736144387026e-04 4.08285329944150916504e+01 4.08285329944150916504e+01 4.08285329944150916504e+01 4.08285329944150916504e+01 0
7.59355207174526093163e-04 3.30903486068699379530e+01 3.30903486068699379530e+01 3.30903486068699379530e+01 3.30903486068699379530e+01 0
8.32221586051372971132e-04 2.66440008812746000899e+01 2.66440008812746000899e+01 2.66440008812746000899e+01 2.66440008812746000899e+01 0
9.12080093408355169725e-04 2.14562693806784210437e+01 2.14562693806784210437e+01 2.14562693806784210437e+01 2.14562693806784210437e+01 0
9.99601681493084105387e-04 1.72133460106503299869e+01 1.72133460106503299869e+01 1.72133460106503299869e+01 1.72133460106503299869e+01 0
1.09552168594084092801e-03 1.38654034448794334367e+01 1.38654034448794334367e+01 1.38654034448794334367e+01 1.38654034448794334367e+01 0
1.20064600389026797378e-03 1.11246467528417021242e+01 1.11246467528417021242e+01 1.11246467528417021242e+01 1.11246467528417021242e+01 0
1.31585786494007607982e-03 8.92799623454533630706e+00 8.92799623454533630706e+00 8.92799623454533630706e+00 8.92799623454533630706e+00 0
1.44212525183476511156e-03 7.16640211680641225911e+00 7.16640211680641225911e+00 7.16640211680641225911e+00 7.16640211680641225911e+00 0
1.58050903322616391466e-03 5.72975379461249278989e+00 5.72975379461249278989e+00 5.72975379461249278989e+00 5.72975379461249278989e+00 0
1.73217187684036096756e-03 4.63415295873823573913e+00 4.63415295873823573913e+00 4.63415295873823573913e+00 4.63415295873823573913e+00 0
1.89838801793631517870e-03 3.70095058321859227135e+00 3.70095058321859227135e+00 3.70095058321859227135e+00 3.70095058321859227135e+00 0
2.08055396512843221099e-03 2.99838525418953105728e+00 2.99838525418953105728e+00 2.99838525418953105728e+00 2.99838525418953105728e+00 0
2.28020023352088797852e-03 2.38994977248899242994e+00 2.38994977248899242994e+00 2.38994977248899242994e+00 2.38994977248899242994e+00 0
2.49900420373270993821e-03 1.93754960194681236096e+00 1.93754960194681236096e+00 1.93754960194681236096e+00 1.93754960194681236096e+00 0
2.73880421485210318738e-03 1.54969305355494557652e+00 1.54969305355494557652e+00 1.54969305355494557652e+00 1.54969305355494557652e+00 0
3.00161500972566906709e-03 1.26028125421528969241e+00 1.26028125421528969241e+00 1.26028125421528969241e+00 1.26028125421528969241e+00 0
3.28964466235019117532e-03 1.00522040695599068627e+00 1.00522040695599068627e+00 1.00522040695599068627e+00 1.00522040695599068627e+00 0
3.60531312958691212839e-03 8.19700990066974832793e-01 8.19700990066974832793e-01 8.19700990066974832793e-01 8.19700990066974832793e-01 0
3.95127258306540891930e-03 6.51530638301543563173e-01 6.51530638301543563173e-01 6.51530638301543563173e-01 6.51530638301543563173e-01 0
4.33042969210090198523e-03 5.36018072343407592228e-01 5.36018072343407592228e-01 5.36018072343407592228e-01 5.36018072343407592228e-01 0
4.74597004484078686254e-03 4.25480209632425832034e-01 4.25480209632425832034e-01 4.25480209632425832034e-01 4.25480209632425832034e-01 0
5.20138491282107900959e-03 3.50702120056463229059e-01 3.50702120056463229059e-01 3.50702120056463229059e-01 3.50702120056463229059e-01 0
5.70050058380221821158e-03 2.77706222344336395302e-01 2.77706222344336395302e-01 2.77706222344336395302e-01 2.77706222344336395302e-01 0
6.24751050933177506236e-03 2.29300195366150122434e-01 2.29300195366150122434e-01 2.29300195366150122434e-01 2.29300195366150122434e-01 0
6.84701053713025840214e-03 1.82003833208867371596e-01 1.82003833208867371596e-01 1.82003833208867371596e-01 1.82003833208867371596e-01 0
7.50403752431417180035e-03 1.50796245869959266717e-01 1.50796245869959266717e-01 1.50796245869959266717e-01 1.50796245869959266717e-01 0
8.22411165587547642042e-03 1.19318966703369361282e-01 1.19318966703369361282e-01 1.19318966703369361282e-01 1.19318966703369361282e-01 0
9.01328282396728075465e-03 9.90399982773976922390e-02 9.90399982773976922390e-02 9.90399982773976922390e-02 9.90399982773976922390e-02 0
9.87818145766352143089e-03 7.80817834377568881221e-02 7.80817834377568881221e-02 7.80817834377568881221e-02 7.80817834377568881221e-02 0
1.08260742302522597336e-02 6.53119434258182529618e-02 6.53119434258182529618e-02 6.53119434258182529618e-02 6.53119434258182529618e-02 0
1.18649251121019701921e-02 5.14242275802350712333e-02 5.14242275802350712333e-02 5.14242275802350712333e-02 5.14242275802350712333e-02 0
1.30034622820527009934e-02 4.30833492758093822284e-02 4.30833492758093822284e-02 4.30833492758093822284e-02 4.30833492758093822284e-02 0
1.42512514595055511668e-02 3.38689997183751270726e-02 3.38689997183751270726e-02 3.38689997183751270726e-02 3.38689997183751270726e-02 0
1.56187762733294398243e-02 2.84161850799627239972e-02 2.84161850799627239972e-02 2.84161850799627239972e-02 2.84161850799627239972e-02 0
1.71175263428256507758e-02 2.24005331959958899068e-02 2.24005331959958899068e-02 2.24005331959958899068e-02 2.24005331959958899068e-02 0
1.87600938107854303682e-02 1.88522312656461618618e-02 1.88522312656461618618e-02 1.88522312656461618618e-02 1.88522312656461618618e-02 0
2.05602791396886919184e-02 1.48335069636444192437e-02 1.48335069636444192437e-02 1.48335069636444192437e-02 1.48335069636444192437e-02 0
2.25332070599182018866e-02 1.25142699953579104172e-02 1.25142699953579104172e-02 1.25142699953579104172e-02 1.25142699953579104172e-02 0
2.46954536441588087814e-02 9.82998054405397406197e-03 9.82998054405397406197e-03 9.82998054405397406197e-03 9.82998054405397406197e-03 0
2.70651855756306389256e-02 8.35344888212445103870e-03 8.35344888212445103870e-03 8.35344888212445103870e-03 8.35344888212445103870e-03 0
2.96623127802549194088e-02 6.56787962225410977546e-03 6.56787962225410977546e-03 6.56787962225410977546e-03 6.56787962225410977546e-03 0
3.25086557051317490141e-02 5.59595288497097883423e-03 5.59595288497097883423e-03 5.59595288497097883423e-03 5.59595288497097883423e-03 0
3.56281286487638709781e-02 4.40648535981166562109e-03 4.40648535981166562109e-03 4.40648535981166562109e-03 4.40648535981166562109e-03 0
3.90469406833235874177e-02 3.76693540288336589303e-03 3.76693540288336589303e-03 3.76693540288336589303e-03 3.76693540288336589303e-03 0
4.27938158570641130618e-02 2.98523674797377238169e-03 2.98523674797377238169e-03 2.98523674797377238169e-03 2.98523674797377238169e-03 0
4.69002345269635689817e-02 2.56730883613919252245e-03 2.56730883613919252245e-03 2.56730883613919252245e-03 2.56730883613919252245e-03 0
5.14006978492217297960e-02 2.04180437517524886876e-03 2.04180437517524886876e-03 2.04180437517524886876e-03 2.04180437517524886876e-03 0
5.63330176497955012471e-02 1.77112244308838193141e-03 1.77112244308838193141e-03 1.77112244308838193141e-03 1.77112244308838193141e-03 0
6.17386341103970184840e-02 1.41716642157380503034e-03 1.41716642157380503034e-03 1.41716642157380503034e-03 1.41716642157380503034e-03 0
6.76629639390766007834e-02 1.24661332355332230351e-03 1.24661332355332230351e-03 1.24661332355332230351e-03 1.24661332355332230351e-03 0
7.41557819506373228080e-02 1.00794226702342025470e-03 1.00794226702342025470e-03 1.00794226702342025470e-03 1.00794226702342025470e-03 0
8.12716392628293760048e-02 8.99096789352260691505e-04 8.99096789352260691505e-04 8.99096789352260691505e-04 8.99096789352260691505e-04 0
8.90703216219096705064e-02 7.36810507122358606703e-04 7.36810507122358606703e-04 7.36810507122358606703e-04 7.36810507122358606703e-04 0
9.76173517083089858914e-02 6.66408669816082868328e-04 6.66408669816082868328e-04 6.66408669816082868328e-04 6.66408669816082868328e-04 0
1.06984539642660303471e-01 5.64305323419328616272e-04 5.64305323419328616272e-04 5.64305323419328616272e-04 5.64305323419328616272e-04 0
1.17250586317408908577e-01 5.13234012481589437459e-04 5.13234012481589437459e-04 5.13234012481589437459e-04 5.13234012481589437459e-04 0
1.28501744623054303673e-01 4.47874698938183928888e-04 4.47874698938183928888e-04 4.47874698938183928888e-04 4.47874698938183928888e-04 0
1.40832544124488812098e-01 4.04823698884961360751e-04 4.04823698884961360751e-04 4.04823698884961360751e-04 4.04823698884961360751e-04 0
1.54346585275992514985e-01 3.51466094483009726130e-04 3.51466094483009726130e-04 3.51466094483009726130e-04 3.51466094483009726130e-04 0
1.69157409847691508897e-01 3.16181499652171647818e-04 3.16181499652171647818e-04 3.16181499652171647818e-04 3.16181499652171647818e-04 0
1.85389454876593307020e-01 2.69585723304778621806e-04 2.69585723304778621806e-04 2.69585723304778621806e-04 2.69585723304778621806e-04 0
2.03179098157073412256e-01 2.31050616197191503254e-04 2.31050616197191503254e-04 2.31050616197191503254e-04 2.31050616197191503254e-04 0
2.22675804054774217899e-01 1.91422806654445562449e-04 1.91422806654445562449e-04 1.91422806654445562449e-04 1.91422806654445562449e-04 0
2.44043379270772520240e-01 1.55776398175131640476e-04 1.55776398175131640476e-04 1.55776398175131640476e-04 1.55776398175131640476e-04 0
2.67461349106650703167e-01 1.23516865396258642426e-04 1.23516865396258642426e-04 1.23516865396258642426e-04 1.23516865396258642426e-04 0
2.93126465793522417158e-01 9.58776715194667320322e-05 9.58776715194667320322e-05 9.58776715194667320322e-05 9.58776715194667320322e-05 0
3.21254361557635814695e-01 7.23784173896080147009e-05 7.23784173896080147009e-05 7.23784173896080147009e-05 7.23784173896080147009e-05 0
3.52081360311221891468e-01 5.33994989690395497153e-05 5.33994989690395497153e-05 5.33994989690395497153e-05 5.33994989690395497153e-05 0
3.85866463189981301340e-01 3.89428709902866159289e-05 3.89428709902866159289e-05 3.89428709902866159289e-05 3.89428709902866159289e-05 0
4.22893524619228744488e-01 2.58948677609459274051e-05 2.58948677609459274051e-05 2.58948677609459274051e-05 2.58948677609459274051e-05 0
4.63473637191483156528e-01 1.77931938124282108956e-05 1.77931938124282108956e-05 1.77931938124282108956e-05 1.77931938124282108956e-05 0
5.07947745392683502885e-01 1.12948244239138554008e-05 1.12948244239138554008e-05 1.12948244239138554008e-05 1.12948244239138554008e-05 0
5.56689510136935350459e-01 7.24284894347877913868e-06 7.24284894347877913868e-06 7.24284894347877913868e-06 7.24284894347877913868e-06 0
6.10108448176931106310e-01 4.33183525765079242354e-06 4.33183525765079242354e-06 4.33183525765079242354e-06 4.33183525765079242354e-06 0
6.68653372766626730161e-01 2.95590650884808648624e-06 2.95590650884808648624e-06 2.95590650884808648624e-06 2.95590650884808648624e-06 0
7.32816164483805709828e-01 1.71771124912265367754e-06 1.71771124912265367754e-06 1.71771124912265367754e-06 1.71771124912265367754e-06 0
8.03135903894089508981e-01 1.19644112748179286692e-06 1.19644112748179286692e-06 1.19644112748179286692e-06 1.19644112748179286692e-06 0
8.80203400778054700915e-01 6.78239177777047322628e-07 6.78239177777047322628e-07 6.78239177777047322628e-07 6.78239177777047322628e-07 0
9.64666157974953475396e-01 4.40001822241082055281e-07 4.40001822241082055281e-07 4.40001822241082055281e-07 4.40001822241082055281e-07 0
1.05723381154807194449e+00 2.49646556759917053976e-07 2.49646556759917053976e-07 2.49646556759917053976e-07 2.49646556759917053976e-07 0
1.15868409297870789132e+00 1.61333435010285437528e-07 1.61333435010285437528e-07 1.61333435010285437528e-07 1.61333435010285437528e-07 0
1.26986936348170909028e+00 7.95238427673987084814e-08 7.95238427673987084814e-08 7.95238427673987084814e-08 7.95238427673987084814e-08 0
1.39172377534233904228e+00 5.03240353756671944064e-08 5.03240353756671944064e-08 5.03240353756671944064e-08 5.03240353756671944064e-08 0
1.52527112044232815435e+00 2.54295130741210179796e-08 2.54295130741210179796e-08 2.54295130741210179796e-08 2.54295130741210179796e-08 0
1.67163343191656688091e+00 3.22129699947781831908e-08 3.22129699947781831908e-08 3.22129699947781831908e-08 3.22129699947781831908e-08 0
1.83204041120951499622e+00 2.41911441688103949944e-08 2.41911441688103949944e-08 2.41911441688103949944e-08 2.41911441688103949944e-08 0
2.00783975973522421654e+00 2.57363149591475653451e-08 2.57363149591475653451e-08 2.57363149591475653451e-08 2.57363149591475653451e-08 0
2.20050850194513714086e+00 2.35901207269411420904e-08 2.35901207269411420904e-08 2.35901207269411420904e-08 2.35901207269411420904e-08 0
