-1.525271120442328e+00  9.441167795408809e-04  9.441167795408809e-04  9.441167795408809e-04  9.441167795408809e-04  0
-1.391723775342339e+00  4.367604109732067e-04  4.367604109732067e-04  4.367604109732067e-04  4.367604109732067e-04  0
-1.269869363481709e+00  2.028175725469465e-04  2.028175725469465e-04  2.028175725469465e-04  2.028175725469465e-04  0
-1.158684092978708e+00  9.841957593385620e-05  9.841957593385620e-05  9.841957593385620e-05  9.841957593385620e-05  0
-1.057233811548072e+00  5.094016689710106e-05  5.094016689710106e-05  5.094016689710106e-05  5.094016689710106e-05  0
-9.646661579749536e-01  1.819142281545710e-02  1.819142281545710e-02  1.819142281545710e-02  1.819142281545710e-02  0
-8.802034007780548e-01  1.264427390768934e-02  1.264427390768934e-02  1.264427390768934e-02  1.264427390768934e-02  0
-8.031359038940896e-01  8.191284509630914e-03  8.191284509630914e-03  8.191284509630914e-03  8.191284509630914e-03  0
-7.328161644838059e-01  4.935836489985694e-03  4.935836489985694e-03  4.935836489985694e-03  4.935836489985694e-03  0
-6.686533727666268e-01  2.766576386649911e-03  2.766576386649911e-03  2.766576386649911e-03  2.766576386649911e-03  0
-6.101084481769313e-01  6.396634955833232e-02  6.396634955833232e-02  6.396634955833232e-02  6.396634955833232e-02  0
-5.566895101369356e-01  4.905741010663282e-02  4.905741010663282e-02  4.905741010663282e-02  4.905741010663282e-02  0
-5.079477453926836e-01  3.900978950006893e-02  3.900978950006893e-02  3.900978950006893e-02  3.900978950006893e-02  0
-4.634736371914833e-01  3.110544722449659e-02  3.110544722449659e-02  3.110544722449659e-02  3.110544722449659e-02  0
-4.228935246192288e-01  2.408670439413281e-02  2.408670439413281e-02  2.408670439413281e-02  2.408670439413281e-02  0
-3.858664631899814e-01  3.416512283287304e-01  3.416512283287304e-01  3.416512283287304e-01  3.416512283287304e-01  0
-3.520813603112219e-01  2.518252921000852e-01  2.518252921000852e-01  2.518252921000852e-01  2.518252921000852e-01  0
-3.212543615576358e-01  1.742690881756127e-01  1.742690881756127e-01  1.742690881756127e-01  1.742690881756127e-01  0
-2.931264657935224e-01  1.137102343362711e-01  1.137102343362711e-01  1.137102343362711e-01  1.137102343362711e-01  0
-2.674613491066507e-01  7.062939310698309e-02  7.062939310698309e-02  7.062939310698309e-02  7.062939310698309e-02  0
-2.440433792707725e-01  6.471003729834703e-01  6.471003729834703e-01  6.471003729834703e-01  6.471003729834703e-01  0
-2.226758040547742e-01  6.324085134237266e-01  6.324085134237266e-01  6.324085134237266e-01  6.324085134237266e-01  0
-2.031790981570734e-01  5.892296836421073e-01  5.892296836421073e-01  5.892296836421073e-01  5.892296836421073e-01  0
-1.853894548765933e-01  5.200767207338505e-01  5.200767207338505e-01  5.200767207338505e-01  5.200767207338505e-01  0
-1.691574098476915e-01  4.324218924230273e-01  4.324218924230273e-01  4.324218924230273e-01  4.324218924230273e-01  0
-1.543465852759926e-01  4.070309392145107e-01  4.070309392145107e-01  4.070309392145107e-01  4.070309392145107e-01  0
-1.408325441244888e-01  4.441998035415147e-01  4.441998035415147e-01  4.441998035415147e-01  4.441998035415147e-01  0
-1.285017446230543e-01  4.701678838964556e-01  4.701678838964556e-01  4.701678838964556e-01  4.701678838964556e-01  0
-1.172505863174090e-01  4.798765408168005e-01  4.798765408168005e-01  4.798765408168005e-01  4.798765408168005e-01  0
-1.069845396426603e-01  4.712538657117538e-01  4.712538657117538e-01  4.712538657117538e-01  4.712538657117538e-01  0
-9.761735170830896e-02  2.709865997231571e-01  2.709865997231571e-01  2.709865997231571e-01  2.709865997231571e-01  0
-8.907032162190963e-02  2.623320767067863e-01  2.623320767067863e-01  2.623320767067863e-01  2.623320767067863e-01  0
-8.127163926282933e-02  2.582525884609239e-01  2.582525884609239e-01  2.582525884609239e-01  2.582525884609239e-01  0
-7.415578195063728e-02  2.600582058113614e-01  2.600582058113614e-01  2.600582058113614e-01  2.600582058113614e-01  0
-6.766296393907657e-02  2.649708840659206e-01  2.649708840659206e-01  2.649708840659206e-01  2.649708840659206e-01  0
-6.173863411039700e-02  2.647843329361001e-01  2.647843329361001e-01  2.647843329361001e-01  2.647843329361001e-01  0
-5.633301764979549e-02  2.725874638695848e-01  2.725874638695848e-01  2.725874638695848e-01  2.725874638695848e-01  0
-5.140069784922172e-02  2.757831623077339e-01  2.757831623077339e-01  2.757831623077339e-01  2.757831623077339e-01  0
-4.690023452696356e-02  2.681370062614992e-01  2.681370062614992e-01  2.681370062614992e-01  2.681370062614992e-01  0
-4.279381585706410e-02  2.469398907142355e-01  2.469398907142355e-01  2.469398907142355e-01  2.469398907142355e-01  0
-3.904694068332359e-02  3.035542090790340e-01  3.035542090790340e-01  3.035542090790340e-01  3.035542090790340e-01  0
-3.562812864876386e-02  2.737971711631185e-01  2.737971711631185e-01  2.737971711631185e-01  2.737971711631185e-01  0
-3.250865570513174e-02  2.411225822565836e-01  2.411225822565836e-01  2.411225822565836e-01  2.411225822565836e-01  0
-2.966231278025492e-02  2.113851080020760e-01  2.113851080020760e-01  2.113851080020760e-01  2.113851080020760e-01  0
-2.706518557563063e-02  1.877492842102368e-01  1.877492842102368e-01  1.877492842102368e-01  1.877492842102368e-01  0
-2.469545364415880e-02  3.307092349288567e-01  3.307092349288567e-01  3.307092349288567e-01  3.307092349288567e-01  0
-2.253320705991819e-02  3.353943422108374e-01  3.353943422108374e-01  3.353943422108374e-01  3.353943422108374e-01  0
-2.056027913968868e-02  3.395308373214517e-01  3.395308373214517e-01  3.395308373214517e-01  3.395308373214517e-01  0
-1.876009381078543e-02  3.352754850404713e-01  3.352754850404713e-01  3.352754850404713e-01  3.352754850404713e-01  0
-1.711752634282564e-02  3.172101539334564e-01  3.172101539334564e-01  3.172101539334564e-01  3.172101539334564e-01  0
-1.561877627332943e-02  4.060511370677978e-01  4.060511370677978e-01  4.060511370677978e-01  4.060511370677978e-01  0
-1.425125145950554e-02  3.639281442786728e-01  3.639281442786728e-01  3.639281442786728e-01  3.639281442786728e-01  0
-1.300346228205270e-02  3.153263559684710e-01  3.153263559684710e-01  3.153263559684710e-01  3.153263559684710e-01  0
-1.186492511210197e-02  2.658045461242533e-01  2.658045461242533e-01  2.658045461242533e-01  2.658045461242533e-01  0
-1.082607423025225e-02  2.195561290783716e-01  2.195561290783716e-01  2.195561290783716e-01  2.195561290783716e-01  0
-9.878181457663520e-03  4.329362739975575e-01  4.329362739975575e-01  4.329362739975575e-01  4.329362739975575e-01  0
-9.013282823967277e-03  4.386228557060269e-01  4.386228557060269e-01  4.386228557060269e-01  4.386228557060269e-01  0
-8.224111655875473e-03  4.452458324418570e-01  4.452458324418570e-01  4.452458324418570e-01  4.452458324418570e-01  0
-7.504037524314169e-03  4.428800587191105e-01  4.428800587191105e-01  4.428800587191105e-01  4.428800587191105e-01  0
-6.847010537130255e-03  4.245415475773715e-01  4.245415475773715e-01  4.245415475773715e-01  4.245415475773715e-01  0
-6.247510509331773e-03  5.287552876576560e-01  5.287552876576560e-01  5.287552876576560e-01  5.287552876576560e-01  0
-5.700500583802216e-03  4.983147996657868e-01  4.983147996657868e-01  4.983147996657868e-01  4.983147996657868e-01  0
-5.201384912821078e-03  4.564633778160587e-01  4.564633778160587e-01  4.564633778160587e-01  4.564633778160587e-01  0
-4.745970044840786e-03  4.121240379382917e-01  4.121240379382917e-01  4.121240379382917e-01  4.121240379382917e-01  0
-4.330429692100900e-03  3.720356890901023e-01  3.720356890901023e-01  3.720356890901023e-01  3.720356890901023e-01  0
-3.951272583065408e-03  4.681628271681889e-01  4.681628271681889e-01  4.681628271681889e-01  4.681628271681889e-01  0
-3.605313129586911e-03  4.843339729292927e-01  4.843339729292927e-01  4.843339729292927e-01  4.843339729292927e-01  0
-3.289644662350189e-03  5.091400115462515e-01  5.091400115462515e-01  5.091400115462515e-01  5.091400115462515e-01  0
-3.001615009725668e-03  5.270803489328247e-01  5.270803489328247e-01  5.270803489328247e-01  5.270803489328247e-01  0
-2.738804214852102e-03  5.248208771510527e-01  5.248208771510527e-01  5.248208771510527e-01  5.248208771510527e-01  0
-2.499004203732710e-03  6.111493497017905e-01  6.111493497017905e-01  6.111493497017905e-01  6.111493497017905e-01  0
-2.280200233520887e-03  5.645438265218181e-01  5.645438265218181e-01  5.645438265218181e-01  5.645438265218181e-01  0
-2.080553965128431e-03  5.027372301488436e-01  5.027372301488436e-01  5.027372301488436e-01  5.027372301488436e-01  0
-1.898388017936315e-03  4.393928811175322e-01  4.393928811175322e-01  4.393928811175322e-01  4.393928811175322e-01  0
-1.732171876840360e-03  3.862606845268249e-01  3.862606845268249e-01  3.862606845268249e-01  3.862606845268249e-01  0
-1.580509033226163e-03  6.088248509212160e-01  6.088248509212160e-01  6.088248509212160e-01  6.088248509212160e-01  0
-1.442125251834764e-03  6.032762416098651e-01  6.032762416098651e-01  6.032762416098651e-01  6.032762416098651e-01  0
-1.315857864940076e-03  6.164729198602368e-01  6.164729198602368e-01  6.164729198602368e-01  6.164729198602368e-01  0
-1.200646003890267e-03  6.297381887265917e-01  6.297381887265917e-01  6.297381887265917e-01  6.297381887265917e-01  0
-1.095521685940841e-03  6.247034674718741e-01  6.247034674718741e-01  6.247034674718741e-01  6.247034674718741e-01  0
-9.996016814930839e-04  8.705240458827468e-01  8.705240458827468e-01  8.705240458827468e-01  8.705240458827468e-01  0
-9.120800934083548e-04  8.177978750588091e-01  8.177978750588091e-01  8.177978750588091e-01  8.177978750588091e-01  0
-8.322215860513725e-04  7.349531375115042e-01  7.349531375115042e-01  7.349531375115042e-01  7.349531375115042e-01  0
-7.593552071745259e-04  6.404687918174485e-01  6.404687918174485e-01  6.404687918174485e-01  6.404687918174485e-01  0
-6.928687507361442e-04  5.537329021153086e-01  5.537329021153086e-01  5.537329021153086e-01  5.537329021153086e-01  0
-6.322036132904654e-04  8.563952492092641e-01  8.563952492092641e-01  8.563952492092641e-01  8.563952492092641e-01  0
-5.768501007339059e-04  8.317644224884028e-01  8.317644224884028e-01  8.317644224884028e-01  8.317644224884028e-01  0
-5.263431459760304e-04  8.440333797421482e-01  8.440333797421482e-01  8.440333797421482e-01  8.440333797421482e-01  0
-4.802584015561070e-04  8.690143293040339e-01  8.690143293040339e-01  8.690143293040339e-01  8.690143293040339e-01  0
-4.382086743763364e-04  8.783135078992440e-01  8.783135078992440e-01  8.783135078992440e-01  8.783135078992440e-01  0
-3.998406725972335e-04  1.245103732217685e+00  1.245103732217685e+00  1.245103732217685e+00  1.245103732217685e+00  0
-3.648320373633419e-04  1.196337127405813e+00  1.196337127405813e+00  1.196337127405813e+00  1.196337127405813e+00  0
-3.328886344205490e-04  1.094746070722874e+00  1.094746070722874e+00  1.094746070722874e+00  1.094746070722874e+00  0
-3.037420828698103e-04  9.639662424285727e-01  9.639662424285727e-01  9.639662424285727e-01  9.639662424285727e-01  0
-2.771475002944577e-04  8.344909224508545e-01  8.344909224508545e-01  8.344909224508545e-01  8.344909224508545e-01  0
-2.528814453161862e-04  1.210403422118152e+00  1.210403422118152e+00  1.210403422118152e+00  1.210403422118152e+00  0
-2.307400402935623e-04  1.152533166835164e+00  1.152533166835164e+00  1.152533166835164e+00  1.152533166835164e+00  0
-2.105372583904122e-04  1.158632195528752e+00  1.158632195528752e+00  1.158632195528752e+00  1.158632195528752e+00  0
-1.921033606224428e-04  1.200108707273426e+00  1.200108707273426e+00  1.200108707273426e+00  1.200108707273426e+00  0
-1.752834697505346e-04  1.235444499089378e+00  1.235444499089378e+00  1.235444499089378e+00  1.235444499089378e+00  0
-1.599362690388934e-04  1.724440080119262e+00  1.724440080119262e+00  1.724440080119262e+00  1.724440080119262e+00  0
-1.459328149453367e-04  1.698124910327485e+00  1.698124910327485e+00  1.698124910327485e+00  1.698124910327485e+00  0
-1.331554537682196e-04  1.585020297552761e+00  1.585020297552761e+00  1.585020297552761e+00  1.585020297552761e+00  0
-1.214968331479241e-04  1.409604853375281e+00  1.409604853375281e+00  1.409604853375281e+00  1.409604853375281e+00  0
-1.108590001177830e-04  1.214934205689783e+00  1.214934205689783e+00  1.214934205689783e+00  1.214934205689783e+00  0
-1.011525781264745e-04  1.650312295686605e+00  1.650312295686605e+00  1.650312295686605e+00  1.650312295686605e+00  0
-9.229601611742493e-05  1.548630313119780e+00  1.548630313119780e+00  1.548630313119780e+00  1.548630313119780e+00  0
-8.421490335616486e-05  1.542632395460903e+00  1.542632395460903e+00  1.542632395460903e+00  1.542632395460903e+00  0
-7.684134424897711e-05  1.605869318903086e+00  1.605869318903086e+00  1.605869318903086e+00  1.605869318903086e+00  0
-7.011338790021382e-05  1.684373911818242e+00  1.684373911818242e+00  1.684373911818242e+00  1.684373911818242e+00  0
-6.397450761555736e-05  2.198536074970380e+00  2.198536074970380e+00  2.198536074970380e+00  2.198536074970380e+00  0
-5.837312597813469e-05  2.233498444081071e+00  2.233498444081071e+00  2.233498444081071e+00  2.233498444081071e+00  0
-5.326218150728784e-05  2.150321873401050e+00  2.150321873401050e+00  2.150321873401050e+00  2.150321873401050e+00  0
-4.859873325916965e-05  1.966790510622203e+00  1.966790510622203e+00  1.966790510622203e+00  1.966790510622203e+00  0
-4.434360004711322e-05  1.735718502576379e+00  1.735718502576379e+00  1.735718502576379e+00  1.735718502576379e+00  0
-4.046103125058979e-05  2.027162007049126e+00  2.027162007049126e+00  2.027162007049126e+00  2.027162007049126e+00  0
-3.691840644696997e-05  1.889427374647884e+00  1.889427374647884e+00  1.889427374647884e+00  1.889427374647884e+00  0
-3.368596134246595e-05  1.872047767912181e+00  1.872047767912181e+00  1.872047767912181e+00  1.872047767912181e+00  0
-3.073653769959084e-05  1.960451161204135e+00  1.960451161204135e+00  1.960451161204135e+00  1.960451161204135e+00  0
-2.804535516008553e-05  2.096209580883308e+00  2.096209580883308e+00  2.096209580883308e+00  2.096209580883308e+00  0
-2.558980304622295e-05  2.485254203213775e+00  2.485254203213775e+00  2.485254203213775e+00  2.485254203213775e+00  0
-2.334925039125388e-05  2.593981762927898e+00  2.593981762927898e+00  2.593981762927898e+00  2.593981762927898e+00  0
-2.130487260291513e-05  2.567838148697288e+00  2.567838148697288e+00  2.567838148697288e+00  2.567838148697288e+00  0
-1.943949330366786e-05  2.410165859676621e+00  2.410165859676621e+00  2.410165859676621e+00  2.410165859676621e+00  0
-1.773744001884529e-05  2.173624832492951e+00  2.173624832492951e+00  2.173624832492951e+00  2.173624832492951e+00  0
-1.618441250023591e-05  2.240750262797028e+00  2.240750262797028e+00  2.240750262797028e+00  2.240750262797028e+00  0
-1.476736257878799e-05  2.073155328854285e+00  2.073155328854285e+00  2.073155328854285e+00  2.073155328854285e+00  0
-1.347438453698638e-05  2.038913842350415e+00  2.038913842350415e+00  2.038913842350415e+00  2.038913842350415e+00  0
-1.229461507983634e-05  2.138990567162551e+00  2.138990567162551e+00  2.138990567162551e+00  2.138990567162551e+00  0
-1.121814206403421e-05  2.319550234305963e+00  2.319550234305963e+00  2.319550234305963e+00  2.319550234305963e+00  0
-1.023592121848918e-05  2.607793269787694e+00  2.607793269787694e+00  2.607793269787694e+00  2.607793269787694e+00  0
-9.339700156501553e-06  2.766979487711564e+00  2.766979487711564e+00  2.766979487711564e+00  2.766979487711564e+00  0
-8.521949041166055e-06  2.786321278222151e+00  2.786321278222151e+00  2.786321278222151e+00  2.786321278222151e+00  0
-7.775797321467145e-06  2.655317548163718e+00  2.655317548163718e+00  2.655317548163718e+00  2.655317548163718e+00  0
-7.094976007538116e-06  2.420903870925858e+00  2.420903870925858e+00  2.420903870925858e+00  2.420903870925858e+00  0
-6.473765000094365e-06  2.353708114467649e+00  2.353708114467649e+00  2.353708114467649e+00  2.353708114467649e+00  0
-5.906945031515196e-06  2.162256782892650e+00  2.162256782892650e+00  2.162256782892650e+00  2.162256782892650e+00  0
-5.389753814794551e-06  2.108068255741105e+00  2.108068255741105e+00  2.108068255741105e+00  2.108068255741105e+00  0
-4.917846031934535e-06  2.204571428436131e+00  2.204571428436131e+00  2.204571428436131e+00  2.204571428436131e+00  0
-4.487256825613684e-06  2.404954929307596e+00  2.404954929307596e+00  2.404954929307596e+00  2.404954929307596e+00  0
-4.094368487395672e-06  2.658563639937395e+00  2.658563639937395e+00  2.658563639937395e+00  2.658563639937395e+00  0
-3.735880062600621e-06  2.847604027041617e+00  2.847604027041617e+00  2.847604027041617e+00  2.847604027041617e+00  0
-3.408779616466422e-06  2.896389615312173e+00  2.896389615312173e+00  2.896389615312173e+00  2.896389615312173e+00  0
-3.110318928586858e-06  2.784255692368556e+00  2.784255692368556e+00  2.784255692368556e+00  2.784255692368556e+00  0
-2.837990403015247e-06  2.551975173137463e+00  2.551975173137463e+00  2.551975173137463e+00  2.551975173137463e+00  0
-2.589506000037746e-06  2.419321673088425e+00  2.419321673088425e+00  2.419321673088425e+00  2.419321673088425e+00  0
-2.362778012606078e-06  2.211422233477670e+00  2.211422233477670e+00  2.211422233477670e+00  2.211422233477670e+00  0
-2.155901525917820e-06  2.140794320470383e+00  2.140794320470383e+00  2.140794320470383e+00  2.140794320470383e+00  0
-1.967138412773814e-06  2.229418280110363e+00  2.229418280110363e+00  2.229418280110363e+00  2.229418280110363e+00  0
-1.794902730245474e-06  2.436416632910266e+00  2.436416632910266e+00  2.436416632910266e+00  2.436416632910266e+00  0
-1.637747394958271e-06  2.677350877189772e+00  2.677350877189772e+00  2.677350877189772e+00  2.677350877189772e+00  0
-1.494352025040251e-06  2.879898183797597e+00  2.879898183797597e+00  2.879898183797597e+00  2.879898183797597e+00  0
-1.363511846586571e-06  2.938244941602536e+00  2.938244941602536e+00  2.938244941602536e+00  2.938244941602536e+00  0
-1.244127571434745e-06  2.820557314633147e+00  2.820557314633147e+00  2.820557314633147e+00  2.820557314633147e+00  0
-1.135196161206100e-06  2.556853906737119e+00  2.556853906737119e+00  2.556853906737119e+00  2.556853906737119e+00  0
-1.035802400015100e-06  2.461415060591881e+00  2.461415060591881e+00  2.461415060591881e+00  2.461415060591881e+00  0
-9.451112050424327e-07  2.242358130490375e+00  2.242358130490375e+00  2.242358130490375e+00  2.242358130490375e+00  0
-8.623606103671294e-07  2.159262667266888e+00  2.159262667266888e+00  2.159262667266888e+00  2.159262667266888e+00  0
-7.868553651095268e-07  2.239970633357179e+00  2.239970633357179e+00  2.239970633357179e+00  2.239970633357179e+00  0
-7.179610920981906e-07  2.448134205233355e+00  2.448134205233355e+00  2.448134205233355e+00  2.448134205233355e+00  0
-6.550989579833085e-07  2.687286601974196e+00  2.687286601974196e+00  2.687286601974196e+00  2.687286601974196e+00  0
-5.977408100161003e-07  2.901696727786047e+00  2.901696727786047e+00  2.901696727786047e+00  2.901696727786047e+00  0
-5.454047386346284e-07  2.973891011499988e+00  2.973891011499988e+00  2.973891011499988e+00  2.973891011499988e+00  0
-4.976510285738981e-07  2.867191382439080e+00  2.867191382439080e+00  2.867191382439080e+00  2.867191382439080e+00  0
-4.540784644824401e-07  2.607771913720066e+00  2.607771913720066e+00  2.607771913720066e+00  2.607771913720066e+00  0
-4.143209600060400e-07  2.491134410786331e+00  2.491134410786331e+00  2.491134410786331e+00  2.491134410786331e+00  0
-3.780444820169731e-07  2.264129555717726e+00  2.264129555717726e+00  2.264129555717726e+00  2.264129555717726e+00  0
-3.449442441468518e-07  2.171418180118240e+00  2.171418180118240e+00  2.171418180118240e+00  2.171418180118240e+00  0
-3.147421460438107e-07  2.245067918705034e+00  2.245067918705034e+00  2.245067918705034e+00  2.245067918705034e+00  0
-2.871844368392763e-07  2.452221703880693e+00  2.452221703880693e+00  2.452221703880693e+00  2.452221703880693e+00  0
-2.620395831933234e-07  2.686240019155665e+00  2.686240019155665e+00  2.686240019155665e+00  2.686240019155665e+00  0
-2.390963240064401e-07  2.900176372627989e+00  2.900176372627989e+00  2.900176372627989e+00  2.900176372627989e+00  0
-2.181618954538513e-07  2.963591963688352e+00  2.963591963688352e+00  2.963591963688352e+00  2.963591963688352e+00  0
-1.990604114295592e-07  2.827605469103633e+00  2.827605469103633e+00  2.827605469103633e+00  2.827605469103633e+00  0
-1.816313857929761e-07  2.503140059568083e+00  2.503140059568083e+00  2.503140059568083e+00  2.503140059568083e+00  0
-1.657283840024160e-07  2.513756777406618e+00  2.513756777406618e+00  2.513756777406618e+00  2.513756777406618e+00  0
-1.512177928067893e-07  2.280820998690508e+00  2.280820998690508e+00  2.280820998690508e+00  2.280820998690508e+00  0
-1.379776976587407e-07  2.180503238951224e+00  2.180503238951224e+00  2.180503238951224e+00  2.180503238951224e+00  0
-1.258968584175243e-07  2.248088360297866e+00  2.248088360297866e+00  2.248088360297866e+00  2.248088360297866e+00  0
-1.148737747357105e-07  2.453495287229878e+00  2.453495287229878e+00  2.453495287229878e+00  2.453495287229878e+00  0
-1.048158332773293e-07  2.688816456899784e+00  2.688816456899784e+00  2.688816456899784e+00  2.688816456899784e+00  0
-9.563852960257603e-08  2.909225245108874e+00  2.909225245108874e+00  2.909225245108874e+00  2.909225245108874e+00  0
-8.726475818154052e-08  2.981227056168095e+00  2.981227056168095e+00  2.981227056168095e+00  2.981227056168095e+00  0
-7.962416457182368e-08  2.853302309931241e+00  2.853302309931241e+00  2.853302309931241e+00  2.853302309931241e+00  0
-7.265255431719042e-08  2.534056927096811e+00  2.534056927096811e+00  2.534056927096811e+00  2.534056927096811e+00  0
-6.629135360096640e-08  2.530872566231622e+00  2.530872566231622e+00  2.530872566231622e+00  2.530872566231622e+00  0
-6.048711712271569e-08  2.293564485048491e+00  2.293564485048491e+00  2.293564485048491e+00  2.293564485048491e+00  0
-5.519107906349629e-08  2.187287608553758e+00  2.187287608553758e+00  2.187287608553758e+00  2.187287608553758e+00  0
-5.035874336700971e-08  2.249862954069200e+00  2.249862954069200e+00  2.249862954069200e+00  2.249862954069200e+00  0
-4.594950989428420e-08  2.453478717655704e+00  2.453478717655704e+00  2.453478717655704e+00  2.453478717655704e+00  0
-4.192633331093174e-08  2.688950264871639e+00  2.688950264871639e+00  2.688950264871639e+00  2.688950264871639e+00  0
-3.825541184103042e-08  2.914243386841683e+00  2.914243386841683e+00  2.914243386841683e+00  2.914243386841683e+00  0
-3.490590327261621e-08  2.993102331685587e+00  2.993102331685587e+00  2.993102331685587e+00  2.993102331685587e+00  0
-3.184966582872947e-08  2.871885996323873e+00  2.871885996323873e+00  2.871885996323873e+00  2.871885996323873e+00  0
-2.906102172687617e-08  2.557265447945256e+00  2.557265447945256e+00  2.557265447945256e+00  2.557265447945256e+00  0
-2.651654144038656e-08  2.544600551471322e+00  2.544600551471322e+00  2.544600551471322e+00  2.544600551471322e+00  0
-2.419484684908628e-08  2.303705818698008e+00  2.303705818698008e+00  2.303705818698008e+00  2.303705818698008e+00  0
-2.207643162539852e-08  2.192335071361281e+00  2.192335071361281e+00  2.192335071361281e+00  2.192335071361281e+00  0
-2.014349734680389e-08  2.250396563299319e+00  2.250396563299319e+00  2.250396563299319e+00  2.250396563299319e+00  0
-1.837980395771368e-08  2.452009750163372e+00  2.452009750163372e+00  2.452009750163372e+00  2.452009750163372e+00  0
-1.677053332437270e-08  2.688332184457106e+00  2.688332184457106e+00  2.688332184457106e+00  2.688332184457106e+00  0
-1.530216473641217e-08  2.917524717227998e+00  2.917524717227998e+00  2.917524717227998e+00  2.917524717227998e+00  0
-1.396236130904649e-08  3.002051267872501e+00  3.002051267872501e+00  3.002051267872501e+00  3.002051267872501e+00  0
-1.273986633149179e-08  2.886509050916630e+00  2.886509050916630e+00  2.886509050916630e+00  2.886509050916630e+00  0
-1.162440869075047e-08  2.575923463813163e+00  2.575923463813163e+00  2.575923463813163e+00  2.575923463813163e+00  0
-1.060661657615463e-08  2.556004338341746e+00  2.556004338341746e+00  2.556004338341746e+00  2.556004338341746e+00  0
-9.677938739634512e-09  2.312169276684730e+00  2.312169276684730e+00  2.312169276684730e+00  2.312169276684730e+00  0
-8.830572650159406e-09  2.196479693191899e+00  2.196479693191899e+00  2.196479693191899e+00  2.196479693191899e+00  0
-8.057398938721554e-09  2.250595796912137e+00  2.250595796912137e+00  2.250595796912137e+00  2.250595796912137e+00  0
-7.351921583085473e-09  2.450293795265094e+00  2.450293795265094e+00  2.450293795265094e+00  2.450293795265094e+00  0
-6.708213329749079e-09  2.687306877102474e+00  2.687306877102474e+00  2.687306877102474e+00  2.687306877102474e+00  0
-6.120865894564868e-09  2.919707624517708e+00  2.919707624517708e+00  2.919707624517708e+00  2.919707624517708e+00  0
-5.584944523618594e-09  3.009022736125774e+00  3.009022736125774e+00  3.009022736125774e+00  3.009022736125774e+00  0
-5.095946532596716e-09  2.898361585568136e+00  2.898361585568136e+00  2.898361585568136e+00  2.898361585568136e+00  0
-4.649763476300187e-09  2.591332462803206e+00  2.591332462803206e+00  2.591332462803206e+00  2.591332462803206e+00  0
-4.242646630461849e-09  2.565596989534774e+00  2.565596989534774e+00  2.565596989534774e+00  2.565596989534774e+00  0
-3.871175495853804e-09  2.319311598508728e+00  2.319311598508728e+00  2.319311598508728e+00  2.319311598508728e+00  0
-3.532229060063762e-09  2.199922885566909e+00  2.199922885566909e+00  2.199922885566909e+00  2.199922885566909e+00  0
-3.222959575488621e-09  2.250581892956963e+00  2.250581892956963e+00  2.250581892956963e+00  2.250581892956963e+00  0
-2.940768633234189e-09  2.448500105485534e+00  2.448500105485534e+00  2.448500105485534e+00  2.448500105485534e+00  0
-2.683285331899631e-09  2.686024378943870e+00  2.686024378943870e+00  2.686024378943870e+00  2.686024378943870e+00  0
-2.448346357825947e-09  2.921129013216072e+00  2.921129013216072e+00  2.921129013216072e+00  2.921129013216072e+00  0
-2.233977809447438e-09  3.014548107337744e+00  3.014548107337744e+00  3.014548107337744e+00  3.014548107337744e+00  0
-2.038378613038686e-09  2.908125369988677e+00  2.908125369988677e+00  2.908125369988677e+00  2.908125369988677e+00  0
-1.859905390520075e-09  2.604243231751741e+00  2.604243231751741e+00  2.604243231751741e+00  2.604243231751741e+00  0
-1.697058652184740e-09  2.573677042324344e+00  2.573677042324344e+00  2.573677042324344e+00  2.573677042324344e+00  0
-1.548470198341522e-09  2.325319811724436e+00  2.325319811724436e+00  2.325319811724436e+00  2.325319811724436e+00  0
-1.412891624025505e-09  2.202746267448910e+00  2.202746267448910e+00  2.202746267448910e+00  2.202746267448910e+00  0
-1.289183830195449e-09  2.250381481811933e+00  2.250381481811933e+00  2.250381481811933e+00  2.250381481811933e+00  0
-1.176307453293676e-09  2.446681775482781e+00  2.446681775482781e+00  2.446681775482781e+00  2.446681775482781e+00  0
-1.073314132759852e-09  2.684606463037193e+00  2.684606463037193e+00  2.684606463037193e+00  2.684606463037193e+00  0
-9.793385431303785e-10  2.922037135610042e+00  2.922037135610042e+00  2.922037135610042e+00  2.922037135610042e+00  0
-8.935911237789750e-10  3.018991115577291e+00  3.018991115577291e+00  3.018991115577291e+00  3.018991115577291e+00  0
-8.153514452154745e-10  2.916243392545926e+00  2.916243392545926e+00  2.916243392545926e+00  2.916243392545926e+00  0
-7.439621562080298e-10  2.615125320571461e+00  2.615125320571461e+00  2.615125320571461e+00  2.615125320571461e+00  0
-6.788234608738959e-10  2.580357514442505e+00  2.580357514442505e+00  2.580357514442505e+00  2.580357514442505e+00  0
-6.193880793366086e-10  2.330235663245090e+00  2.330235663245090e+00  2.330235663245090e+00  2.330235663245090e+00  0
-5.651566496102019e-10  2.204946396062722e+00  2.204946396062722e+00  2.204946396062722e+00  2.204946396062722e+00  0
-5.156735320781795e-10  2.249989714413442e+00  2.249989714413442e+00  2.249989714413442e+00  2.249989714413442e+00  0
-4.705229813174702e-10  2.444884018820116e+00  2.444884018820116e+00  2.444884018820116e+00  2.444884018820116e+00  0
-4.293256531039410e-10  2.689918328277607e+00  2.689918328277607e+00  2.689918328277607e+00  2.689918328277607e+00  0
-3.917354172521515e-10  2.939647862798909e+00  2.939647862798909e+00  2.939647862798909e+00  2.939647862798909e+00  0
-3.574364495115900e-10  3.062549813417450e+00  3.062549813417450e+00  3.062549813417450e+00  3.062549813417450e+00  0
-3.261405780861898e-10  3.009693829900650e+00  3.009693829900650e+00  3.009693829900650e+00  3.009693829900650e+00  0
-2.975848624832120e-10  2.798031390431833e+00  2.798031390431833e+00  2.798031390431833e+00  2.798031390431833e+00  0
-2.715293843495584e-10  2.585448357632158e+00  2.585448357632158e+00  2.585448357632158e+00  2.585448357632158e+00  0
-2.477552317346435e-10  2.333880838148381e+00  2.333880838148381e+00  2.333880838148381e+00  2.333880838148381e+00  0
-2.260626598440808e-10  2.206411249194187e+00  2.206411249194187e+00  2.206411249194187e+00  2.206411249194187e+00  0
-2.062694128312718e-10  2.249403480895273e+00  2.249403480895273e+00  2.249403480895273e+00  2.249403480895273e+00  0
-1.882091925269881e-10  2.443234192819870e+00  2.443234192819870e+00  2.443234192819870e+00  2.443234192819870e+00  0
1.882091925269881e-10  2.289042786188457e+00  2.289042786188457e+00  2.289042786188457e+00  2.289042786188457e+00  0
2.062694128312718e-10  2.173721209141974e+00  2.173721209141974e+00  2.173721209141974e+00  2.173721209141974e+00  0
2.260626598440808e-10  2.224075055333247e+00  2.224075055333247e+00  2.224075055333247e+00  2.224075055333247e+00  0
2.477552317346435e-10  2.423330070923792e+00  2.423330070923792e+00  2.423330070923792e+00  2.423330070923792e+00  0
2.715293843495584e-10  2.696488099668929e+00  2.696488099668929e+00  2.696488099668929e+00  2.696488099668929e+00  0
2.975848624832120e-10  2.770398325401590e+00  2.770398325401590e+00  2.770398325401590e+00  2.770398325401590e+00  0
3.261405780861898e-10  2.958785965041239e+00  2.958785965041239e+00  2.958785965041239e+00  2.958785965041239e+00  0
3.574364495115900e-10  2.945670234410740e+00  2.945670234410740e+00  2.945670234410740e+00  2.945670234410740e+00  0
3.917354172521515e-10  2.763902026857685e+00  2.763902026857685e+00  2.763902026857685e+00  2.763902026857685e+00  0
4.293256531039410e-10  2.499288891215206e+00  2.499288891215206e+00  2.499288891215206e+00  2.499288891215206e+00  0
4.705229813174702e-10  2.282792843380869e+00  2.282792843380869e+00  2.282792843380869e+00  2.282792843380869e+00  0
5.156735320781795e-10  2.170876942463223e+00  2.170876942463223e+00  2.170876942463223e+00  2.170876942463223e+00  0
5.651566496102019e-10  2.222706047325014e+00  2.222706047325014e+00  2.222706047325014e+00  2.222706047325014e+00  0
6.193880793366086e-10  2.421350297453047e+00  2.421350297453047e+00  2.421350297453047e+00  2.421350297453047e+00  0
6.788234608738959e-10  2.692590730371090e+00  2.692590730371090e+00  2.692590730371090e+00  2.692590730371090e+00  0
7.439621562080298e-10  2.763285020136245e+00  2.763285020136245e+00  2.763285020136245e+00  2.763285020136245e+00  0
8.153514452154745e-10  2.947392101298774e+00  2.947392101298774e+00  2.947392101298774e+00  2.947392101298774e+00  0
8.935911237789750e-10  2.932494771024914e+00  2.932494771024914e+00  2.932494771024914e+00  2.932494771024914e+00  0
9.793385431303785e-10  2.751983264750452e+00  2.751983264750452e+00  2.751983264750452e+00  2.751983264750452e+00  0
1.073314132759852e-09  2.490876297769210e+00  2.490876297769210e+00  2.490876297769210e+00  2.490876297769210e+00  0
1.176307453293676e-09  2.274615305946829e+00  2.274615305946829e+00  2.274615305946829e+00  2.274615305946829e+00  0
1.289183830195449e-09  2.167177645523515e+00  2.167177645523515e+00  2.167177645523515e+00  2.167177645523515e+00  0
1.412891624025505e-09  2.221617507853823e+00  2.221617507853823e+00  2.221617507853823e+00  2.221617507853823e+00  0
1.548470198341522e-09  2.419883743265341e+00  2.419883743265341e+00  2.419883743265341e+00  2.419883743265341e+00  0
1.697058652184740e-09  2.687832143576591e+00  2.687832143576591e+00  2.687832143576591e+00  2.687832143576591e+00  0
1.859905390520075e-09  2.756301578304192e+00  2.756301578304192e+00  2.756301578304192e+00  2.756301578304192e+00  0
2.038378613038686e-09  2.935567425841950e+00  2.935567425841950e+00  2.935567425841950e+00  2.935567425841950e+00  0
2.233977809447438e-09  2.917764854773205e+00  2.917764854773205e+00  2.917764854773205e+00  2.917764854773205e+00  0
2.448346357825947e-09  2.737315852109217e+00  2.737315852109217e+00  2.737315852109217e+00  2.737315852109217e+00  0
2.683285331899631e-09  2.479251164673514e+00  2.479251164673514e+00  2.479251164673514e+00  2.479251164673514e+00  0
2.940768633234189e-09  2.264599527500263e+00  2.264599527500263e+00  2.264599527500263e+00  2.264599527500263e+00  0
3.222959575488621e-09  2.161621411861699e+00  2.161621411861699e+00  2.161621411861699e+00  2.161621411861699e+00  0
3.532229060063762e-09  2.219072703862524e+00  2.219072703862524e+00  2.219072703862524e+00  2.219072703862524e+00  0
3.871175495853804e-09  2.417740736996477e+00  2.417740736996477e+00  2.417740736996477e+00  2.417740736996477e+00  0
4.242646630461849e-09  2.683263558198794e+00  2.683263558198794e+00  2.683263558198794e+00  2.683263558198794e+00  0
4.649763476300187e-09  2.748075271128515e+00  2.748075271128515e+00  2.748075271128515e+00  2.748075271128515e+00  0
5.095946532596716e-09  2.922516737362071e+00  2.922516737362071e+00  2.922516737362071e+00  2.922516737362071e+00  0
5.584944523618594e-09  2.901714366941643e+00  2.901714366941643e+00  2.901714366941643e+00  2.901714366941643e+00  0
6.120865894564868e-09  2.721024190724006e+00  2.721024190724006e+00  2.721024190724006e+00  2.721024190724006e+00  0
6.708213329749079e-09  2.465523729718246e+00  2.465523729718246e+00  2.465523729718246e+00  2.465523729718246e+00  0
7.351921583085473e-09  2.252925876825313e+00  2.252925876825313e+00  2.252925876825313e+00  2.252925876825313e+00  0
8.057398938721554e-09  2.154463133847077e+00  2.154463133847077e+00  2.154463133847077e+00  2.154463133847077e+00  0
8.830572650159406e-09  2.214913616215673e+00  2.214913616215673e+00  2.214913616215673e+00  2.214913616215673e+00  0
9.677938739634512e-09  2.413997521996926e+00  2.413997521996926e+00  2.413997521996926e+00  2.413997521996926e+00  0
1.060661657615463e-08  2.677221704974939e+00  2.677221704974939e+00  2.677221704974939e+00  2.677221704974939e+00  0
1.162440869075047e-08  2.737557259396454e+00  2.737557259396454e+00  2.737557259396454e+00  2.737557259396454e+00  0
1.273986633149179e-08  2.907017402472062e+00  2.907017402472062e+00  2.907017402472062e+00  2.907017402472062e+00  0
1.396236130904649e-08  2.883276824647178e+00  2.883276824647178e+00  2.883276824647178e+00  2.883276824647178e+00  0
1.530216473641217e-08  2.702539879413465e+00  2.702539879413465e+00  2.702539879413465e+00  2.702539879413465e+00  0
1.677053332437270e-08  2.449799143504103e+00  2.449799143504103e+00  2.449799143504103e+00  2.449799143504103e+00  0
1.837980395771368e-08  2.239266679454894e+00  2.239266679454894e+00  2.239266679454894e+00  2.239266679454894e+00  0
2.014349734680389e-08  2.145675915725954e+00  2.145675915725954e+00  2.145675915725954e+00  2.145675915725954e+00  0
2.207643162539852e-08  2.209177879649987e+00  2.209177879649987e+00  2.209177879649987e+00  2.209177879649987e+00  0
2.419484684908628e-08  2.408470189901210e+00  2.408470189901210e+00  2.408470189901210e+00  2.408470189901210e+00  0
2.651654144038656e-08  2.669074857881349e+00  2.669074857881349e+00  2.669074857881349e+00  2.669074857881349e+00  0
2.906102172687617e-08  2.723765365750273e+00  2.723765365750273e+00  2.723765365750273e+00  2.723765365750273e+00  0
3.184966582872947e-08  2.887880782040835e+00  2.887880782040835e+00  2.887880782040835e+00  2.887880782040835e+00  0
3.490590327261621e-08  2.861251433789275e+00  2.861251433789275e+00  2.861251433789275e+00  2.861251433789275e+00  0
3.825541184103042e-08  2.680873574848377e+00  2.680873574848377e+00  2.680873574848377e+00  2.680873574848377e+00  0
4.192633331093174e-08  2.431475573107635e+00  2.431475573107635e+00  2.431475573107635e+00  2.431475573107635e+00  0
4.594950989428420e-08  2.223050996557775e+00  2.223050996557775e+00  2.223050996557775e+00  2.223050996557775e+00  0
5.035874336700971e-08  2.134924026640809e+00  2.134924026640809e+00  2.134924026640809e+00  2.134924026640809e+00  0
5.519107906349629e-08  2.201589533968808e+00  2.201589533968808e+00  2.201589533968808e+00  2.201589533968808e+00  0
6.048711712271569e-08  2.400752137820425e+00  2.400752137820425e+00  2.400752137820425e+00  2.400752137820425e+00  0
6.629135360096640e-08  2.658141526490368e+00  2.658141526490368e+00  2.658141526490368e+00  2.658141526490368e+00  0
7.265255431719042e-08  2.705160616254863e+00  2.705160616254863e+00  2.705160616254863e+00  2.705160616254863e+00  0
7.962416457182368e-08  2.863512775431506e+00  2.863512775431506e+00  2.863512775431506e+00  2.863512775431506e+00  0
8.726475818154052e-08  2.834152785864031e+00  2.834152785864031e+00  2.834152785864031e+00  2.834152785864031e+00  0
9.563852960257603e-08  2.654802231048030e+00  2.654802231048030e+00  2.654802231048030e+00  2.654802231048030e+00  0
1.048158332773293e-07  2.409682833979743e+00  2.409682833979743e+00  2.409682833979743e+00  2.409682833979743e+00  0
1.148737747357105e-07  2.203802971798809e+00  2.203802971798809e+00  2.203802971798809e+00  2.203802971798809e+00  0
1.258968584175243e-07  2.121787803538860e+00  2.121787803538860e+00  2.121787803538860e+00  2.121787803538860e+00  0
1.379776976587407e-07  2.191607689133992e+00  2.191607689133992e+00  2.191607689133992e+00  2.191607689133992e+00  0
1.512177928067893e-07  2.390040776571979e+00  2.390040776571979e+00  2.390040776571979e+00  2.390040776571979e+00  0
1.657283840024160e-07  2.643300697245860e+00  2.643300697245860e+00  2.643300697245860e+00  2.643300697245860e+00  0
1.816313857929761e-07  2.680453923204254e+00  2.680453923204254e+00  2.680453923204254e+00  2.680453923204254e+00  0
1.990604114295592e-07  2.832580426155265e+00  2.832580426155265e+00  2.832580426155265e+00  2.832580426155265e+00  0
2.181618954538513e-07  2.800785967841807e+00  2.800785967841807e+00  2.800785967841807e+00  2.800785967841807e+00  0
2.390963240064401e-07  2.623386343682448e+00  2.623386343682448e+00  2.623386343682448e+00  2.623386343682448e+00  0
2.620395831933234e-07  2.383754286683762e+00  2.383754286683762e+00  2.383754286683762e+00  2.383754286683762e+00  0
2.871844368392763e-07  2.181555476162103e+00  2.181555476162103e+00  2.181555476162103e+00  2.181555476162103e+00  0
3.147421460438107e-07  2.106330781734569e+00  2.106330781734569e+00  2.106330781734569e+00  2.106330781734569e+00  0
3.449442441468518e-07  2.179072715345650e+00  2.179072715345650e+00  2.179072715345650e+00  2.179072715345650e+00  0
3.780444820169731e-07  2.375803164272597e+00  2.375803164272597e+00  2.375803164272597e+00  2.375803164272597e+00  0
4.143209600060400e-07  2.623633605922420e+00  2.623633605922420e+00  2.623633605922420e+00  2.623633605922420e+00  0
4.540784644824401e-07  2.696703378419313e+00  2.696703378419313e+00  2.696703378419313e+00  2.696703378419313e+00  0
4.976510285738981e-07  2.818337186520118e+00  2.818337186520118e+00  2.818337186520118e+00  2.818337186520118e+00  0
5.454047386346284e-07  2.771623223824193e+00  2.771623223824193e+00  2.771623223824193e+00  2.771623223824193e+00  0
5.977408100161003e-07  2.590997170096875e+00  2.590997170096875e+00  2.590997170096875e+00  2.590997170096875e+00  0
6.550989579833085e-07  2.355481211399759e+00  2.355481211399759e+00  2.355481211399759e+00  2.355481211399759e+00  0
7.179610920981906e-07  2.156942417853462e+00  2.156942417853462e+00  2.156942417853462e+00  2.156942417853462e+00  0
7.868553651095268e-07  2.088863401511067e+00  2.088863401511067e+00  2.088863401511067e+00  2.088863401511067e+00  0
8.623606103671294e-07  2.163655543004040e+00  2.163655543004040e+00  2.163655543004040e+00  2.163655543004040e+00  0
9.451112050424327e-07  2.356988015683152e+00  2.356988015683152e+00  2.356988015683152e+00  2.356988015683152e+00  0
1.035802400015100e-06  2.597526019534317e+00  2.597526019534317e+00  2.597526019534317e+00  2.597526019534317e+00  0
1.135196161206100e-06  2.655219394383558e+00  2.655219394383558e+00  2.655219394383558e+00  2.655219394383558e+00  0
1.244127571434745e-06  2.770009572455645e+00  2.770009572455645e+00  2.770009572455645e+00  2.770009572455645e+00  0
1.363511846586571e-06  2.722771282080897e+00  2.722771282080897e+00  2.722771282080897e+00  2.722771282080897e+00  0
1.494352025040251e-06  2.547636928571376e+00  2.547636928571376e+00  2.547636928571376e+00  2.547636928571376e+00  0
1.637747394958271e-06  2.321390404043843e+00  2.321390404043843e+00  2.321390404043843e+00  2.321390404043843e+00  0
1.794902730245474e-06  2.131556862529968e+00  2.131556862529968e+00  2.131556862529968e+00  2.131556862529968e+00  0
1.967138412773814e-06  2.070519254135375e+00  2.070519254135375e+00  2.070519254135375e+00  2.070519254135375e+00  0
2.155901525917820e-06  2.145507821331490e+00  2.145507821331490e+00  2.145507821331490e+00  2.145507821331490e+00  0
2.362778012606078e-06  2.332697783797250e+00  2.332697783797250e+00  2.332697783797250e+00  2.332697783797250e+00  0
2.589506000037746e-06  2.563371149476246e+00  2.563371149476246e+00  2.563371149476246e+00  2.563371149476246e+00  0
2.837990403015247e-06  2.624959004581322e+00  2.624959004581322e+00  2.624959004581322e+00  2.624959004581322e+00  0
3.110318928586858e-06  2.721896170555195e+00  2.721896170555195e+00  2.721896170555195e+00  2.721896170555195e+00  0
3.408779616466422e-06  2.670500010538734e+00  2.670500010538734e+00  2.670500010538734e+00  2.670500010538734e+00  0
3.735880062600621e-06  2.501304907351015e+00  2.501304907351015e+00  2.501304907351015e+00  2.501304907351015e+00  0
4.094368487395672e-06  2.285964928088551e+00  2.285964928088551e+00  2.285964928088551e+00  2.285964928088551e+00  0
4.487256825613684e-06  2.109435649431083e+00  2.109435649431083e+00  2.109435649431083e+00  2.109435649431083e+00  0
4.917846031934535e-06  2.053794490287009e+00  2.053794490287009e+00  2.053794490287009e+00  2.053794490287009e+00  0
5.389753814794551e-06  2.124507322883951e+00  2.124507322883951e+00  2.124507322883951e+00  2.124507322883951e+00  0
5.906945031515196e-06  2.300271954192117e+00  2.300271954192117e+00  2.300271954192117e+00  2.300271954192117e+00  0
6.473765000094365e-06  2.516963355745740e+00  2.516963355745740e+00  2.516963355745740e+00  2.516963355745740e+00  0
7.094976007538116e-06  2.536679846606065e+00  2.536679846606065e+00  2.536679846606065e+00  2.536679846606065e+00  0
7.775797321467145e-06  2.636663835396131e+00  2.636663835396131e+00  2.636663835396131e+00  2.636663835396131e+00  0
8.521949041166055e-06  2.598222494065980e+00  2.598222494065980e+00  2.598222494065980e+00  2.598222494065980e+00  0
9.339700156501553e-06  2.447870154426318e+00  2.447870154426318e+00  2.447870154426318e+00  2.447870154426318e+00  0
1.023592121848918e-05  2.251292992852201e+00  2.251292992852201e+00  2.251292992852201e+00  2.251292992852201e+00  0
1.121814206403421e-05  2.081116728928090e+00  2.081116728928090e+00  2.081116728928090e+00  2.081116728928090e+00  0
1.229461507983634e-05  2.032480355067602e+00  2.032480355067602e+00  2.032480355067602e+00  2.032480355067602e+00  0
1.347438453698638e-05  2.093108219742556e+00  2.093108219742556e+00  2.093108219742556e+00  2.093108219742556e+00  0
1.476736257878799e-05  2.249437943420722e+00  2.249437943420722e+00  2.249437943420722e+00  2.249437943420722e+00  0
1.618441250023591e-05  2.446669216648988e+00  2.446669216648988e+00  2.446669216648988e+00  2.446669216648988e+00  0
1.773744001884529e-05  2.324266988054320e+00  2.324266988054320e+00  2.324266988054320e+00  2.324266988054320e+00  0
1.943949330366786e-05  2.450159313213938e+00  2.450159313213938e+00  2.450159313213938e+00  2.450159313213938e+00  0
2.130487260291513e-05  2.455042979767551e+00  2.455042979767551e+00  2.455042979767551e+00  2.455042979767551e+00  0
2.334925039125388e-05  2.353970559714245e+00  2.353970559714245e+00  2.353970559714245e+00  2.353970559714245e+00  0
2.558980304622295e-05  2.199428494139796e+00  2.199428494139796e+00  2.199428494139796e+00  2.199428494139796e+00  0
2.804535516008553e-05  1.884955355920900e+00  1.884955355920900e+00  1.884955355920900e+00  1.884955355920900e+00  0
3.073653769959084e-05  1.873359970824409e+00  1.873359970824409e+00  1.873359970824409e+00  1.873359970824409e+00  0
3.368596134246595e-05  1.936821722179334e+00  1.936821722179334e+00  1.936821722179334e+00  1.936821722179334e+00  0
3.691840644696997e-05  2.075794191957700e+00  2.075794191957700e+00  2.075794191957700e+00  2.075794191957700e+00  0
4.046103125058979e-05  2.254946577340565e+00  2.254946577340565e+00  2.254946577340565e+00  2.254946577340565e+00  0
4.434360004711322e-05  1.845328480697318e+00  1.845328480697318e+00  1.845328480697318e+00  1.845328480697318e+00  0
4.859873325916965e-05  1.971238325072309e+00  1.971238325072309e+00  1.971238325072309e+00  1.971238325072309e+00  0
5.326218150728784e-05  2.025975598487269e+00  2.025975598487269e+00  2.025975598487269e+00  2.025975598487269e+00  0
5.837312597813469e-05  2.007798700375310e+00  2.007798700375310e+00  2.007798700375310e+00  2.007798700375310e+00  0
6.397450761555736e-05  1.942002343603788e+00  1.942002343603788e+00  1.942002343603788e+00  1.942002343603788e+00  0
7.011338790021382e-05  1.452330145189001e+00  1.452330145189001e+00  1.452330145189001e+00  1.452330145189001e+00  0
7.684134424897711e-05  1.483714616297811e+00  1.483714616297811e+00  1.483714616297811e+00  1.483714616297811e+00  0
8.421490335616486e-05  1.548136518918842e+00  1.548136518918842e+00  1.548136518918842e+00  1.548136518918842e+00  0
9.229601611742493e-05  1.653267298040001e+00  1.653267298040001e+00  1.653267298040001e+00  1.653267298040001e+00  0
1.011525781264745e-04  1.787526996620119e+00  1.787526996620119e+00  1.787526996620119e+00  1.787526996620119e+00  0
1.108590001177830e-04  1.350913288699660e+00  1.350913288699660e+00  1.350913288699660e+00  1.350913288699660e+00  0
1.214968331479241e-04  1.423963741254950e+00  1.423963741254950e+00  1.423963741254950e+00  1.423963741254950e+00  0
1.331554537682196e-04  1.467485818890424e+00  1.467485818890424e+00  1.467485818890424e+00  1.467485818890424e+00  0
1.459328149453367e-04  1.481455813465050e+00  1.481455813465050e+00  1.481455813465050e+00  1.481455813465050e+00  0
1.599362690388934e-04  1.475320270124553e+00  1.475320270124553e+00  1.475320270124553e+00  1.475320270124553e+00  0
1.752834697505346e-04  1.036779667821309e+00  1.036779667821309e+00  1.036779667821309e+00  1.036779667821309e+00  0
1.921033606224428e-04  1.124012222428342e+00  1.124012222428342e+00  1.124012222428342e+00  1.124012222428342e+00  0
2.105372583904122e-04  1.203008869708919e+00  1.203008869708919e+00  1.203008869708919e+00  1.203008869708919e+00  0
2.307400402935623e-04  1.278917178095168e+00  1.278917178095168e+00  1.278917178095168e+00  1.278917178095168e+00  0
2.528814453161862e-04  1.352551808821958e+00  1.352551808821958e+00  1.352551808821958e+00  1.352551808821958e+00  0
2.771475002944577e-04  1.031172225739673e+00  1.031172225739673e+00  1.031172225739673e+00  1.031172225739673e+00  0
3.037420828698103e-04  1.058309365828389e+00  1.058309365828389e+00  1.058309365828389e+00  1.058309365828389e+00  0
3.328886344205490e-04  1.077747664793504e+00  1.077747664793504e+00  1.077747664793504e+00  1.077747664793504e+00  0
3.648320373633419e-04  1.095009454028508e+00  1.095009454028508e+00  1.095009454028508e+00  1.095009454028508e+00  0
3.998406725972335e-04  1.114902664604328e+00  1.114902664604328e+00  1.114902664604328e+00  1.114902664604328e+00  0
4.382086743763364e-04  8.129226329782038e-01  8.129226329782038e-01  8.129226329782038e-01  8.129226329782038e-01  0
4.802584015561070e-04  9.033822447171561e-01  9.033822447171561e-01  9.033822447171561e-01  9.033822447171561e-01  0
5.263431459760304e-04  9.747565424251573e-01  9.747565424251573e-01  9.747565424251573e-01  9.747565424251573e-01  0
5.768501007339059e-04  1.026551478342320e+00  1.026551478342320e+00  1.026551478342320e+00  1.026551478342320e+00  0
6.322036132904654e-04  1.060659066805276e+00  1.060659066805276e+00  1.060659066805276e+00  1.060659066805276e+00  0
6.928687507361442e-04  7.858002086089944e-01  7.858002086089944e-01  7.858002086089944e-01  7.858002086089944e-01  0
7.593552071745259e-04  7.930867179111161e-01  7.930867179111161e-01  7.930867179111161e-01  7.930867179111161e-01  0
8.322215860513725e-04  8.025874406665464e-01  8.025874406665464e-01  8.025874406665464e-01  8.025874406665464e-01  0
9.120800934083548e-04  8.225634013999101e-01  8.225634013999101e-01  8.225634013999101e-01  8.225634013999101e-01  0
9.996016814930839e-04  8.562573985865706e-01  8.562573985865706e-01  8.562573985865706e-01  8.562573985865706e-01  0
1.095521685940841e-03  6.437002206869187e-01  6.437002206869187e-01  6.437002206869187e-01  6.437002206869187e-01  0
1.200646003890267e-03  7.274952229315286e-01  7.274952229315286e-01  7.274952229315286e-01  7.274952229315286e-01  0
1.315857864940076e-03  7.887955932789814e-01  7.887955932789814e-01  7.887955932789814e-01  7.887955932789814e-01  0
1.442125251834764e-03  8.245902557661455e-01  8.245902557661455e-01  8.245902557661455e-01  8.245902557661455e-01  0
1.580509033226163e-03  8.371824423219114e-01  8.371824423219114e-01  8.371824423219114e-01  8.371824423219114e-01  0
1.732171876840360e-03  6.541191788740247e-01  6.541191788740247e-01  6.541191788740247e-01  6.541191788740247e-01  0
1.898388017936315e-03  6.346559544247881e-01  6.346559544247881e-01  6.346559544247881e-01  6.346559544247881e-01  0
2.080553965128431e-03  6.262586538707812e-01  6.262586538707812e-01  6.262586538707812e-01  6.262586538707812e-01  0
2.280200233520887e-03  6.378816029628961e-01  6.378816029628961e-01  6.378816029628961e-01  6.378816029628961e-01  0
2.499004203732710e-03  6.708423450219239e-01  6.708423450219239e-01  6.708423450219239e-01  6.708423450219239e-01  0
2.738804214852102e-03  1.156958352861363e+00  1.156958352861363e+00  1.156958352861363e+00  1.156958352861363e+00  0
3.001615009725668e-03  1.165944065312116e+00  1.165944065312116e+00  1.165944065312116e+00  1.165944065312116e+00  0
3.289644662350189e-03  1.123385223790570e+00  1.123385223790570e+00  1.123385223790570e+00  1.123385223790570e+00  0
3.605313129586911e-03  1.040842970783713e+00  1.040842970783713e+00  1.040842970783713e+00  1.040842970783713e+00  0
3.951272583065408e-03  9.363226967994942e-01  9.363226967994942e-01  9.363226967994942e-01  9.363226967994942e-01  0
4.330429692100900e-03  1.142730891878069e+00  1.142730891878069e+00  1.142730891878069e+00  1.142730891878069e+00  0
4.745970044840786e-03  1.185604135495528e+00  1.185604135495528e+00  1.185604135495528e+00  1.185604135495528e+00  0
5.201384912821078e-03  1.213610237035158e+00  1.213610237035158e+00  1.213610237035158e+00  1.213610237035158e+00  0
5.700500583802216e-03  1.232295323145445e+00  1.232295323145445e+00  1.232295323145445e+00  1.232295323145445e+00  0
6.247510509331773e-03  1.242938631782254e+00  1.242938631782254e+00  1.242938631782254e+00  1.242938631782254e+00  0
6.847010537130255e-03  8.947065852154582e-01  8.947065852154582e-01  8.947065852154582e-01  8.947065852154582e-01  0
7.504037524314169e-03  9.896689662716825e-01  9.896689662716825e-01  9.896689662716825e-01  9.896689662716825e-01  0
8.224111655875473e-03  1.066381302845598e+00  1.066381302845598e+00  1.066381302845598e+00  1.066381302845598e+00  0
9.013282823967277e-03  1.122614164046166e+00  1.122614164046166e+00  1.122614164046166e+00  1.122614164046166e+00  0
9.878181457663520e-03  1.161246767996642e+00  1.161246767996642e+00  1.161246767996642e+00  1.161246767996642e+00  0
1.082607423025225e-02  6.558907173519172e-01  6.558907173519172e-01  6.558907173519172e-01  6.558907173519172e-01  0
1.186492511210197e-02  7.096630661783542e-01  7.096630661783542e-01  7.096630661783542e-01  7.096630661783542e-01  0
1.300346228205270e-02  7.652076489291266e-01  7.652076489291266e-01  7.652076489291266e-01  7.652076489291266e-01  0
1.425125145950554e-02  8.295932285890293e-01  8.295932285890293e-01  8.295932285890293e-01  8.295932285890293e-01  0
1.561877627332943e-02  9.070966680261427e-01  9.070966680261427e-01  9.070966680261427e-01  9.070966680261427e-01  0
1.711752634282564e-02  6.877426780149823e-01  6.877426780149823e-01  6.877426780149823e-01  6.877426780149823e-01  0
1.876009381078543e-02  7.549429210826042e-01  7.549429210826042e-01  7.549429210826042e-01  7.549429210826042e-01  0
2.056027913968868e-02  7.977473847923420e-01  7.977473847923420e-01  7.977473847923420e-01  7.977473847923420e-01  0
2.253320705991819e-02  8.189859893600654e-01  8.189859893600654e-01  8.189859893600654e-01  8.189859893600654e-01  0
2.469545364415880e-02  8.251959864026438e-01  8.251959864026438e-01  8.251959864026438e-01  8.251959864026438e-01  0
2.706518557563063e-02  5.920397437198255e-01  5.920397437198255e-01  5.920397437198255e-01  5.920397437198255e-01  0
2.966231278025492e-02  5.982437616623758e-01  5.982437616623758e-01  5.982437616623758e-01  5.982437616623758e-01  0
3.250865570513174e-02  6.178558759512026e-01  6.178558759512026e-01  6.178558759512026e-01  6.178558759512026e-01  0
3.562812864876386e-02  6.530328816925054e-01  6.530328816925054e-01  6.530328816925054e-01  6.530328816925054e-01  0
3.904694068332359e-02  6.985004976856587e-01  6.985004976856587e-01  6.985004976856587e-01  6.985004976856587e-01  0
4.279381585706410e-02  6.213575687604966e-01  6.213575687604966e-01  6.213575687604966e-01  6.213575687604966e-01  0
4.690023452696356e-02  6.964252363395992e-01  6.964252363395992e-01  6.964252363395992e-01  6.964252363395992e-01  0
5.140069784922172e-02  7.373935761524276e-01  7.373935761524276e-01  7.373935761524276e-01  7.373935761524276e-01  0
5.633301764979549e-02  7.444332721314780e-01  7.444332721314780e-01  7.444332721314780e-01  7.444332721314780e-01  0
6.173863411039700e-02  7.273041992704733e-01  7.273041992704733e-01  7.273041992704733e-01  7.273041992704733e-01  0
6.766296393907657e-02  9.568045824517947e-01  9.568045824517947e-01  9.568045824517947e-01  9.568045824517947e-01  0
7.415578195063728e-02  8.890941367434548e-01  8.890941367434548e-01  8.890941367434548e-01  8.890941367434548e-01  0
8.127163926282933e-02  8.248845097845983e-01  8.248845097845983e-01  8.248845097845983e-01  8.248845097845983e-01  0
8.907032162190963e-02  7.832804641841370e-01  7.832804641841370e-01  7.832804641841370e-01  7.832804641841370e-01  0
9.761735170830896e-02  7.699239558879979e-01  7.699239558879979e-01  7.699239558879979e-01  7.699239558879979e-01  0
1.069845396426603e-01  1.637288962728872e+00  1.637288962728872e+00  1.637288962728872e+00  1.637288962728872e+00  0
1.172505863174090e-01  1.671367978338443e+00  1.671367978338443e+00  1.671367978338443e+00  1.671367978338443e+00  0
1.285017446230543e-01  1.643882415394466e+00  1.643882415394466e+00  1.643882415394466e+00  1.643882415394466e+00  0
1.408325441244888e-01  1.557098797987183e+00  1.557098797987183e+00  1.557098797987183e+00  1.557098797987183e+00  0
1.543465852759926e-01  1.422432202026121e+00  1.422432202026121e+00  1.422432202026121e+00  1.422432202026121e+00  0
1.691574098476915e-01  1.573434216046696e+00  1.573434216046696e+00  1.573434216046696e+00  1.573434216046696e+00  0
1.853894548765933e-01  1.892761824074227e+00  1.892761824074227e+00  1.892761824074227e+00  1.892761824074227e+00  0
2.031790981570734e-01  2.141564510379522e+00  2.141564510379522e+00  2.141564510379522e+00  2.141564510379522e+00  0
2.226758040547742e-01  2.293255163730372e+00  2.293255163730372e+00  2.293255163730372e+00  2.293255163730372e+00  0
2.440433792707725e-01  2.341125500365488e+00  2.341125500365488e+00  2.341125500365488e+00  2.341125500365488e+00  0
2.674613491066507e-01  2.262508401459536e-01  2.262508401459536e-01  2.262508401459536e-01  2.262508401459536e-01  0
2.931264657935224e-01  3.832556495804906e-01  3.832556495804906e-01  3.832556495804906e-01  3.832556495804906e-01  0
3.212543615576358e-01  6.058615632693727e-01  6.058615632693727e-01  6.058615632693727e-01  6.058615632693727e-01  0
3.520813603112219e-01  8.924105210369457e-01  8.924105210369457e-01  8.924105210369457e-01  8.924105210369457e-01  0
3.858664631899814e-01  1.225190172096618e+00  1.225190172096618e+00  1.225190172096618e+00  1.225190172096618e+00  0
4.228935246192288e-01  5.587514443637479e-02  5.587514443637479e-02  5.587514443637479e-02  5.587514443637479e-02  0
4.634736371914833e-01  7.343359929872008e-02  7.343359929872008e-02  7.343359929872008e-02  7.343359929872008e-02  0
5.079477453926836e-01  9.588344620803159e-02  9.588344620803159e-02  9.588344620803159e-02  9.588344620803159e-02  0
5.566895101369356e-01  1.291876874928679e-01  1.291876874928679e-01  1.291876874928679e-01  1.291876874928679e-01  0
6.101084481769313e-01  1.843104916749973e-01  1.843104916749973e-01  1.843104916749973e-01  1.843104916749973e-01  0
6.686533727666268e-01  6.244329810009628e-03  6.244329810009628e-03  6.244329810009628e-03  6.244329810009628e-03  0
7.328161644838059e-01  1.114253325925684e-02  1.114253325925684e-02  1.114253325925684e-02  1.114253325925684e-02  0
8.031359038940896e-01  1.846180680020559e-02  1.846180680020559e-02  1.846180680020559e-02  1.846180680020559e-02  0
8.802034007780548e-01  2.844841726543696e-02  2.844841726543696e-02  2.844841726543696e-02  2.844841726543696e-02  0
9.646661579749536e-01  4.094307074607664e-02  4.094307074607664e-02  4.094307074607664e-02  4.094307074607664e-02  0
1.057233811548072e+00  1.132858219330617e-04  1.132858219330617e-04  1.132858219330617e-04  1.132858219330617e-04  0
1.158684092978708e+00  2.533046906980968e-04  2.533046906980968e-04  2.533046906980968e-04  2.533046906980968e-04  0
1.269869363481709e+00  5.738979259255700e-04  5.738979259255700e-04  5.738979259255700e-04  5.738979259255700e-04  0
1.391723775342339e+00  1.285136654708557e-03  1.285136654708557e-03  1.285136654708557e-03  1.285136654708557e-03  0
1.525271120442328e+00  2.778517326315352e-03  2.778517326315352e-03  2.778517326315352e-03  2.778517326315352e-03  0
