-1.525271120442328e+00  6.938209918184257e-06  6.938209918184257e-06  6.938209918184257e-06  6.938209918184257e-06  0
-1.391723775342339e+00  2.522526860602000e-06  2.522526860602000e-06  2.522526860602000e-06  2.522526860602000e-06  0
-1.269869363481709e+00  8.750040509538985e-07  8.750040509538985e-07  8.750040509538985e-07  8.750040509538985e-07  0
-1.158684092978708e+00  2.903324797543319e-07  2.903324797543319e-07  2.903324797543319e-07  2.903324797543319e-07  0
-1.057233811548072e+00  9.586342086625765e-08  9.586342086625765e-08  9.586342086625765e-08  9.586342086625765e-08  0
-9.646661579749536e-01  9.953811142866956e-04  9.953811142866956e-04  9.953811142866956e-04  9.953811142866956e-04  0
-8.802034007780548e-01  3.637355639057969e-04  3.637355639057969e-04  3.637355639057969e-04  3.637355639057969e-04  0
-8.031359038940896e-01  1.306948965478364e-04  1.306948965478364e-04  1.306948965478364e-04  1.306948965478364e-04  0
-7.328161644838059e-01  4.730402727611128e-05  4.730402727611128e-05  4.730402727611128e-05  4.730402727611128e-05  0
-6.686533727666268e-01  1.757337937737670e-05  1.757337937737670e-05  1.757337937737670e-05  1.757337937737670e-05  0
-6.101084481769313e-01  7.065817524822550e-02  7.065817524822550e-02  7.065817524822550e-02  7.065817524822550e-02  0
-5.566895101369356e-01  3.410055499528770e-02  3.410055499528770e-02  3.410055499528770e-02  3.410055499528770e-02  0
-5.079477453926836e-01  1.537900668564664e-02  1.537900668564664e-02  1.537900668564664e-02  1.537900668564664e-02  0
-4.634736371914833e-01  6.496374252106087e-03  6.496374252106087e-03  6.496374252106087e-03  6.496374252106087e-03  0
-4.228935246192288e-01  2.582181550192598e-03  2.582181550192598e-03  2.582181550192598e-03  2.582181550192598e-03  0
-3.858664631899814e-01  9.484584330559289e-01  9.484584330559289e-01  9.484584330559289e-01  9.484584330559289e-01  0
-3.520813603112219e-01  6.497855093217105e-01  6.497855093217105e-01  6.497855093217105e-01  6.497855093217105e-01  0
-3.212543615576358e-01  4.145351055652673e-01  4.145351055652673e-01  4.145351055652673e-01  4.145351055652673e-01  0
-2.931264657935224e-01  2.463733637213143e-01  2.463733637213143e-01  2.463733637213143e-01  2.463733637213143e-01  0
-2.674613491066507e-01  1.364825156515829e-01  1.364825156515829e-01  1.364825156515829e-01  1.364825156515829e-01  0
-2.440433792707725e-01  2.141202242651809e+00  2.141202242651809e+00  2.141202242651809e+00  2.141202242651809e+00  0
-2.226758040547742e-01  2.098939256675338e+00  2.098939256675338e+00  2.098939256675338e+00  2.098939256675338e+00  0
-2.031790981570734e-01  1.915854814668942e+00  1.915854814668942e+00  1.915854814668942e+00  1.915854814668942e+00  0
-1.853894548765933e-01  1.627578855906382e+00  1.627578855906382e+00  1.627578855906382e+00  1.627578855906382e+00  0
-1.691574098476915e-01  1.286694877569908e+00  1.286694877569908e+00  1.286694877569908e+00  1.286694877569908e+00  0
-1.543465852759926e-01  8.045034443123714e-01  8.045034443123714e-01  8.045034443123714e-01  8.045034443123714e-01  0
-1.408325441244888e-01  1.086679040727228e+00  1.086679040727228e+00  1.086679040727228e+00  1.086679040727228e+00  0
-1.285017446230543e-01  1.381169564461326e+00  1.381169564461326e+00  1.381169564461326e+00  1.381169564461326e+00  0
-1.172505863174090e-01  1.644012488105204e+00  1.644012488105204e+00  1.644012488105204e+00  1.644012488105204e+00  0
-1.069845396426603e-01  1.826388024879978e+00  1.826388024879978e+00  1.826388024879978e+00  1.826388024879978e+00  0
-9.761735170830896e-02  8.492125644236839e-02  8.492125644236839e-02  8.492125644236839e-02  8.492125644236839e-02  0
-8.907032162190963e-02  1.004956907789138e-01  1.004956907789138e-01  1.004956907789138e-01  1.004956907789138e-01  0
-8.127163926282933e-02  1.216629347681153e-01  1.216629347681153e-01  1.216629347681153e-01  1.216629347681153e-01  0
-7.415578195063728e-02  1.464232530671186e-01  1.464232530671186e-01  1.464232530671186e-01  1.464232530671186e-01  0
-6.766296393907657e-02  1.705542957856860e-01  1.705542957856860e-01  1.705542957856860e-01  1.705542957856860e-01  0
-6.173863411039700e-02  5.179975342239476e-02  5.179975342239476e-02  5.179975342239476e-02  5.179975342239476e-02  0
-5.633301764979549e-02  5.458607263641128e-02  5.458607263641128e-02  5.458607263641128e-02  5.458607263641128e-02  0
-5.140069784922172e-02  5.567409997993076e-02  5.567409997993076e-02  5.567409997993076e-02  5.567409997993076e-02  0
-4.690023452696356e-02  5.420154990841493e-02  5.420154990841493e-02  5.420154990841493e-02  5.420154990841493e-02  0
-4.279381585706410e-02  4.995646183901599e-02  4.995646183901599e-02  4.995646183901599e-02  4.995646183901599e-02  0
-3.904694068332359e-02  4.297042711187392e-02  4.297042711187392e-02  4.297042711187392e-02  4.297042711187392e-02  0
-3.562812864876386e-02  4.213917657317208e-02  4.213917657317208e-02  4.213917657317208e-02  4.213917657317208e-02  0
-3.250865570513174e-02  4.206737676425264e-02  4.206737676425264e-02  4.206737676425264e-02  4.206737676425264e-02  0
-2.966231278025492e-02  4.297433227786168e-02  4.297433227786168e-02  4.297433227786168e-02  4.297433227786168e-02  0
-2.706518557563063e-02  4.464749916226360e-02  4.464749916226360e-02  4.464749916226360e-02  4.464749916226360e-02  0
-2.469545364415880e-02  4.231756046381185e-02  4.231756046381185e-02  4.231756046381185e-02  4.231756046381185e-02  0
-2.253320705991819e-02  4.268103583535254e-02  4.268103583535254e-02  4.268103583535254e-02  4.268103583535254e-02  0
-2.056027913968868e-02  4.300252050162327e-02  4.300252050162327e-02  4.300252050162327e-02  4.300252050162327e-02  0
-1.876009381078543e-02  4.241820926775168e-02  4.241820926775168e-02  4.241820926775168e-02  4.241820926775168e-02  0
-1.711752634282564e-02  4.045035209681446e-02  4.045035209681446e-02  4.045035209681446e-02  4.045035209681446e-02  0
-1.561877627332943e-02  8.320346996472452e-02  8.320346996472452e-02  8.320346996472452e-02  8.320346996472452e-02  0
-1.425125145950554e-02  6.508427533226752e-02  6.508427533226752e-02  6.508427533226752e-02  6.508427533226752e-02  0
-1.300346228205270e-02  5.325269066669799e-02  5.325269066669799e-02  5.325269066669799e-02  5.325269066669799e-02  0
-1.186492511210197e-02  4.615859023963668e-02  4.615859023963668e-02  4.615859023963668e-02  4.615859023963668e-02  0
-1.082607423025225e-02  4.221598894392577e-02  4.221598894392577e-02  4.221598894392577e-02  4.221598894392577e-02  0
-9.878181457663520e-03  2.427815159978284e-01  2.427815159978284e-01  2.427815159978284e-01  2.427815159978284e-01  0
-9.013282823967277e-03  2.085328644793941e-01  2.085328644793941e-01  2.085328644793941e-01  2.085328644793941e-01  0
-8.224111655875473e-03  1.719510966857189e-01  1.719510966857189e-01  1.719510966857189e-01  1.719510966857189e-01  0
-7.504037524314169e-03  1.365883880996574e-01  1.365883880996574e-01  1.365883880996574e-01  1.365883880996574e-01  0
-6.847010537130255e-03  1.052707061077896e-01  1.052707061077896e-01  1.052707061077896e-01  1.052707061077896e-01  0
-6.247510509331773e-03  3.300247883353077e-01  3.300247883353077e-01  3.300247883353077e-01  3.300247883353077e-01  0
-5.700500583802216e-03  3.209898665730013e-01  3.209898665730013e-01  3.209898665730013e-01  3.209898665730013e-01  0
-5.201384912821078e-03  3.103696156685727e-01  3.103696156685727e-01  3.103696156685727e-01  3.103696156685727e-01  0
-4.745970044840786e-03  2.954396357865908e-01  2.954396357865908e-01  2.954396357865908e-01  2.954396357865908e-01  0
-4.330429692100900e-03  2.735379222797769e-01  2.735379222797769e-01  2.735379222797769e-01  2.735379222797769e-01  0
-3.951272583065408e-03  3.016742142514492e-01  3.016742142514492e-01  3.016742142514492e-01  3.016742142514492e-01  0
-3.605313129586911e-03  3.225722831080194e-01  3.225722831080194e-01  3.225722831080194e-01  3.225722831080194e-01  0
-3.289644662350189e-03  3.343667892973186e-01  3.343667892973186e-01  3.343667892973186e-01  3.343667892973186e-01  0
-3.001615009725668e-03  3.370863003400561e-01  3.370863003400561e-01  3.370863003400561e-01  3.370863003400561e-01  0
-2.738804214852102e-03  3.334685488977429e-01  3.334685488977429e-01  3.334685488977429e-01  3.334685488977429e-01  0
-2.499004203732710e-03  2.348136846313670e-01  2.348136846313670e-01  2.348136846313670e-01  2.348136846313670e-01  0
-2.280200233520887e-03  2.286150450457902e-01  2.286150450457902e-01  2.286150450457902e-01  2.286150450457902e-01  0
-2.080553965128431e-03  2.337447798152895e-01  2.337447798152895e-01  2.337447798152895e-01  2.337447798152895e-01  0
-1.898388017936315e-03  2.506235158463139e-01  2.506235158463139e-01  2.506235158463139e-01  2.506235158463139e-01  0
-1.732171876840360e-03  2.746683693903073e-01  2.746683693903073e-01  2.746683693903073e-01  2.746683693903073e-01  0
-1.580509033226163e-03  2.267294187484725e-01  2.267294187484725e-01  2.267294187484725e-01  2.267294187484725e-01  0
-1.442125251834764e-03  2.452966084393280e-01  2.452966084393280e-01  2.452966084393280e-01  2.452966084393280e-01  0
-1.315857864940076e-03  2.548784968713081e-01  2.548784968713081e-01  2.548784968713081e-01  2.548784968713081e-01  0
-1.200646003890267e-03  2.532288367965977e-01  2.532288367965977e-01  2.532288367965977e-01  2.532288367965977e-01  0
-1.095521685940841e-03  2.431916717939502e-01  2.431916717939502e-01  2.431916717939502e-01  2.431916717939502e-01  0
-9.996016814930839e-04  2.126443599124944e-01  2.126443599124944e-01  2.126443599124944e-01  2.126443599124944e-01  0
-9.120800934083548e-04  1.951451727690264e-01  1.951451727690264e-01  1.951451727690264e-01  1.951451727690264e-01  0
-8.322215860513725e-04  1.870255476806373e-01  1.870255476806373e-01  1.870255476806373e-01  1.870255476806373e-01  0
-7.593552071745259e-04  1.915840482569035e-01  1.915840482569035e-01  1.915840482569035e-01  1.915840482569035e-01  0
-6.928687507361442e-04  2.068801782697156e-01  2.068801782697156e-01  2.068801782697156e-01  2.068801782697156e-01  0
-6.322036132904654e-04  2.137878939893084e-01  2.137878939893084e-01  2.137878939893084e-01  2.137878939893084e-01  0
-5.768501007339059e-04  2.334575490140592e-01  2.334575490140592e-01  2.334575490140592e-01  2.334575490140592e-01  0
-5.263431459760304e-04  2.444170360776044e-01  2.444170360776044e-01  2.444170360776044e-01  2.444170360776044e-01  0
-4.802584015561070e-04  2.426212097678357e-01  2.426212097678357e-01  2.426212097678357e-01  2.426212097678357e-01  0
-4.382086743763364e-04  2.291844816681517e-01  2.291844816681517e-01  2.291844816681517e-01  2.291844816681517e-01  0
-3.998406725972335e-04  2.121607933354358e-01  2.121607933354358e-01  2.121607933354358e-01  2.121607933354358e-01  0
-3.648320373633419e-04  1.919425687890578e-01  1.919425687890578e-01  1.919425687890578e-01  1.919425687890578e-01  0
-3.328886344205490e-04  1.803281993434813e-01  1.803281993434813e-01  1.803281993434813e-01  1.803281993434813e-01  0
-3.037420828698103e-04  1.816435308340728e-01  1.816435308340728e-01  1.816435308340728e-01  1.816435308340728e-01  0
-2.771475002944577e-04  1.950637094161594e-01  1.950637094161594e-01  1.950637094161594e-01  1.950637094161594e-01  0
-2.528814453161862e-04  2.114350602348938e-01  2.114350602348938e-01  2.114350602348938e-01  2.114350602348938e-01  0
-2.307400402935623e-04  2.321647935318171e-01  2.321647935318171e-01  2.321647935318171e-01  2.321647935318171e-01  0
-2.105372583904122e-04  2.444821220578349e-01  2.444821220578349e-01  2.444821220578349e-01  2.444821220578349e-01  0
-1.921033606224428e-04  2.436661886119915e-01  2.436661886119915e-01  2.436661886119915e-01  2.436661886119915e-01  0
-1.752834697505346e-04  2.301561103360345e-01  2.301561103360345e-01  2.301561103360345e-01  2.301561103360345e-01  0
-1.599362690388934e-04  2.132670835251105e-01  2.132670835251105e-01  2.132670835251105e-01  2.132670835251105e-01  0
-1.459328149453367e-04  1.921346179841670e-01  1.921346179841670e-01  1.921346179841670e-01  1.921346179841670e-01  0
-1.331554537682196e-04  1.793213232661026e-01  1.793213232661026e-01  1.793213232661026e-01  1.793213232661026e-01  0
-1.214968331479241e-04  1.795800429225506e-01  1.795800429225506e-01  1.795800429225506e-01  1.795800429225506e-01  0
-1.108590001177830e-04  1.925315039283901e-01  1.925315039283901e-01  1.925315039283901e-01  1.925315039283901e-01  0
-1.011525781264745e-04  2.109533302122674e-01  2.109533302122674e-01  2.109533302122674e-01  2.109533302122674e-01  0
-9.229601611742493e-05  2.322577229032528e-01  2.322577229032528e-01  2.322577229032528e-01  2.322577229032528e-01  0
-8.421490335616486e-05  2.453008042166911e-01  2.453008042166911e-01  2.453008042166911e-01  2.453008042166911e-01  0
-7.684134424897711e-05  2.450761065610940e-01  2.450761065610940e-01  2.450761065610940e-01  2.450761065610940e-01  0
-7.011338790021382e-05  2.317454906423763e-01  2.317454906423763e-01  2.317454906423763e-01  2.317454906423763e-01  0
-6.397450761555736e-05  2.139650386391473e-01  2.139650386391473e-01  2.139650386391473e-01  2.139650386391473e-01  0
-5.837312597813469e-05  1.924716707502810e-01  1.924716707502810e-01  1.924716707502810e-01  1.924716707502810e-01  0
-5.326218150728784e-05  1.791826676491768e-01  1.791826676491768e-01  1.791826676491768e-01  1.791826676491768e-01  0
-4.859873325916965e-05  1.790400570357691e-01  1.790400570357691e-01  1.790400570357691e-01  1.790400570357691e-01  0
-4.434360004711322e-05  1.918586055693272e-01  1.918586055693272e-01  1.918586055693272e-01  1.918586055693272e-01  0
-4.046103125058979e-05  2.108214801629434e-01  2.108214801629434e-01  2.108214801629434e-01  2.108214801629434e-01  0
-3.691840644696997e-05  2.323964878028740e-01  2.323964878028740e-01  2.323964878028740e-01  2.323964878028740e-01  0
-3.368596134246595e-05  2.457806849255858e-01  2.457806849255858e-01  2.457806849255858e-01  2.457806849255858e-01  0
-3.073653769959084e-05  2.458415323414162e-01  2.458415323414162e-01  2.458415323414162e-01  2.458415323414162e-01  0
-2.804535516008553e-05  2.326189689621865e-01  2.326189689621865e-01  2.326189689621865e-01  2.326189689621865e-01  0
-2.558980304622295e-05  2.143039294069412e-01  2.143039294069412e-01  2.143039294069412e-01  2.143039294069412e-01  0
-2.334925039125388e-05  1.926576574251343e-01  1.926576574251343e-01  1.926576574251343e-01  1.926576574251343e-01  0
-2.130487260291513e-05  1.791661431406211e-01  1.791661431406211e-01  1.791661431406211e-01  1.791661431406211e-01  0
-1.943949330366786e-05  1.788553174123632e-01  1.788553174123632e-01  1.788553174123632e-01  1.788553174123632e-01  0
-1.773744001884529e-05  1.916259188383612e-01  1.916259188383612e-01  1.916259188383612e-01  1.916259188383612e-01  0
-1.618441250023591e-05  2.107737524264458e-01  2.107737524264458e-01  2.107737524264458e-01  2.107737524264458e-01  0
-1.476736257878799e-05  2.324699354274344e-01  2.324699354274344e-01  2.324699354274344e-01  2.324699354274344e-01  0
-1.347438453698638e-05  2.460075503766994e-01  2.460075503766994e-01  2.460075503766994e-01  2.460075503766994e-01  0
-1.229461507983634e-05  2.461984874080012e-01  2.461984874080012e-01  2.461984874080012e-01  2.461984874080012e-01  0
-1.121814206403421e-05  2.330286906896368e-01  2.330286906896368e-01  2.330286906896368e-01  2.330286906896368e-01  0
-1.023592121848918e-05  2.144577939040764e-01  2.144577939040764e-01  2.144577939040764e-01  2.144577939040764e-01  0
-9.339700156501553e-06  1.927451408901902e-01  1.927451408901902e-01  1.927451408901902e-01  1.927451408901902e-01  0
-8.521949041166055e-06  1.791654001649646e-01  1.791654001649646e-01  1.791654001649646e-01  1.791654001649646e-01  0
-7.775797321467145e-06  1.787814283008196e-01  1.787814283008196e-01  1.787814283008196e-01  1.787814283008196e-01  0
-7.094976007538116e-06  1.915319235150660e-01  1.915319235150660e-01  1.915319235150660e-01  1.915319235150660e-01  0
-6.473765000094365e-06  2.107550210396213e-01  2.107550210396213e-01  2.107550210396213e-01  2.107550210396213e-01  0
-5.906945031515196e-06  2.325043847274365e-01  2.325043847274365e-01  2.325043847274365e-01  2.325043847274365e-01  0
-5.389753814794551e-06  2.461096289476053e-01  2.461096289476053e-01  2.461096289476053e-01  2.461096289476053e-01  0
-4.917846031934535e-06  2.463582805540476e-01  2.463582805540476e-01  2.463582805540476e-01  2.463582805540476e-01  0
-4.487256825613684e-06  2.332124885266208e-01  2.332124885266208e-01  2.332124885266208e-01  2.332124885266208e-01  0
-4.094368487395672e-06  2.145273971262897e-01  2.145273971262897e-01  2.145273971262897e-01  2.145273971262897e-01  0
-3.735880062600621e-06  1.927856325228691e-01  1.927856325228691e-01  1.927856325228691e-01  1.927856325228691e-01  0
-3.408779616466422e-06  1.791672195953984e-01  1.791672195953984e-01  1.791672195953984e-01  1.791672195953984e-01  0
-3.110318928586858e-06  1.787511735533876e-01  1.787511735533876e-01  1.787511735533876e-01  1.787511735533876e-01  0
-2.837990403015247e-06  1.914928295223880e-01  1.914928295223880e-01  1.914928295223880e-01  1.914928295223880e-01  0
-2.589506000037746e-06  2.107490760307567e-01  2.107490760307567e-01  2.107490760307567e-01  2.107490760307567e-01  0
-2.362778012606078e-06  2.325216854322860e-01  2.325216854322860e-01  2.325216854322860e-01  2.325216854322860e-01  0
-2.155901525917820e-06  2.461564956547315e-01  2.461564956547315e-01  2.461564956547315e-01  2.461564956547315e-01  0
-1.967138412773814e-06  2.464303823953825e-01  2.464303823953825e-01  2.464303823953825e-01  2.464303823953825e-01  0
-1.794902730245474e-06  2.332950836222269e-01  2.332950836222269e-01  2.332950836222269e-01  2.332950836222269e-01  0
-1.637747394958271e-06  2.145602916869327e-01  2.145602916869327e-01  2.145602916869327e-01  2.145602916869327e-01  0
-1.494352025040251e-06  1.928056060814562e-01  1.928056060814562e-01  1.928056060814562e-01  1.928056060814562e-01  0
-1.363511846586571e-06  1.791701815693413e-01  1.791701815693413e-01  1.791701815693413e-01  1.791701815693413e-01  0
-1.244127571434745e-06  1.787400990121882e-01  1.787400990121882e-01  1.787400990121882e-01  1.787400990121882e-01  0
-1.135196161206100e-06  1.914779316090943e-01  1.914779316090943e-01  1.914779316090943e-01  1.914779316090943e-01  0
-1.035802400015100e-06  2.107492364555274e-01  2.107492364555274e-01  2.107492364555274e-01  2.107492364555274e-01  0
-9.451112050424327e-07  2.325321218321564e-01  2.325321218321564e-01  2.325321218321564e-01  2.325321218321564e-01  0
-8.623606103671294e-07  2.461798732731344e-01  2.461798732731344e-01  2.461798732731344e-01  2.461798732731344e-01  0
-7.868553651095268e-07  2.464646935228773e-01  2.464646935228773e-01  2.464646935228773e-01  2.464646935228773e-01  0
-7.179610920981906e-07  2.333337968562193e-01  2.333337968562193e-01  2.333337968562193e-01  2.333337968562193e-01  0
-6.550989579833085e-07  2.145774905734111e-01  2.145774905734111e-01  2.145774905734111e-01  2.145774905734111e-01  0
-5.977408100161003e-07  1.928169098508446e-01  1.928169098508446e-01  1.928169098508446e-01  1.928169098508446e-01  0
-5.454047386346284e-07  1.791739231199350e-01  1.791739231199350e-01  1.791739231199350e-01  1.791739231199350e-01  0
-4.976510285738981e-07  1.787377268137121e-01  1.787377268137121e-01  1.787377268137121e-01  1.787377268137121e-01  0
-4.540784644824401e-07  1.914740225147755e-01  1.914740225147755e-01  1.914740225147755e-01  1.914740225147755e-01  0
-4.143209600060400e-07  2.107523211929725e-01  2.107523211929725e-01  2.107523211929725e-01  2.107523211929725e-01  0
-3.780444820169731e-07  2.325399135862698e-01  2.325399135862698e-01  2.325399135862698e-01  2.325399135862698e-01  0
-3.449442441468518e-07  2.461934145994106e-01  2.461934145994106e-01  2.461934145994106e-01  2.461934145994106e-01  0
-3.147421460438107e-07  2.464829426479809e-01  2.464829426479809e-01  2.464829426479809e-01  2.464829426479809e-01  0
-2.871844368392763e-07  2.333537581207175e-01  2.333537581207175e-01  2.333537581207175e-01  2.333537581207175e-01  0
-2.620395831933234e-07  2.145880388304363e-01  2.145880388304363e-01  2.145880388304363e-01  2.145880388304363e-01  0
-2.390963240064401e-07  1.928245992984920e-01  1.928245992984920e-01  1.928245992984920e-01  1.928245992984920e-01  0
-2.181618954538513e-07  1.791781521466378e-01  1.791781521466378e-01  1.791781521466378e-01  1.791781521466378e-01  0
-1.990604114295592e-07  1.787393045375079e-01  1.787393045375079e-01  1.787393045375079e-01  1.787393045375079e-01  0
-1.816313857929761e-07  1.914751023456805e-01  1.914751023456805e-01  1.914751023456805e-01  1.914751023456805e-01  0
-1.657283840024160e-07  2.107567826094474e-01  2.107567826094474e-01  2.107567826094474e-01  2.107567826094474e-01  0
-1.512177928067893e-07  2.325467049444875e-01  2.325467049444875e-01  2.325467049444875e-01  2.325467049444875e-01  0
-1.379776976587407e-07  2.462028653891631e-01  2.462028653891631e-01  2.462028653891631e-01  2.462028653891631e-01  0
-1.258968584175243e-07  2.464944123854936e-01  2.464944123854936e-01  2.464944123854936e-01  2.464944123854936e-01  0
-1.148737747357105e-07  2.333657664555261e-01  2.333657664555261e-01  2.333657664555261e-01  2.333657664555261e-01  0
-1.048158332773293e-07  2.145957835174317e-01  2.145957835174317e-01  2.145957835174317e-01  2.145957835174317e-01  0
-9.563852960257603e-08  1.928307910664657e-01  1.928307910664657e-01  1.928307910664657e-01  1.928307910664657e-01  0
-8.726475818154052e-08  1.791826542889996e-01  1.791826542889996e-01  1.791826542889996e-01  1.791826542889996e-01  0
-7.962416457182368e-08  1.787426592860516e-01  1.787426592860516e-01  1.787426592860516e-01  1.787426592860516e-01  0
-7.265255431719042e-08  1.914784265112967e-01  1.914784265112967e-01  1.914784265112967e-01  1.914784265112967e-01  0
-6.629135360096640e-08  2.107618797699865e-01  2.107618797699865e-01  2.107618797699865e-01  2.107618797699865e-01  0
-6.048711712271569e-08  2.325531219090542e-01  2.325531219090542e-01  2.325531219090542e-01  2.325531219090542e-01  0
-5.519107906349629e-08  2.462106208996017e-01  2.462106208996017e-01  2.462106208996017e-01  2.462106208996017e-01  0
-5.035874336700971e-08  2.465030325075885e-01  2.465030325075885e-01  2.465030325075885e-01  2.465030325075885e-01  0
-4.594950989428420e-08  2.333744174463200e-01  2.333744174463200e-01  2.333744174463200e-01  2.333744174463200e-01  0
-4.192633331093174e-08  2.146023505760344e-01  2.146023505760344e-01  2.146023505760344e-01  2.146023505760344e-01  0
-3.825541184103042e-08  1.928363642037731e-01  1.928363642037731e-01  1.928363642037731e-01  1.928363642037731e-01  0
-3.490590327261621e-08  1.791872982913634e-01  1.791872982913634e-01  1.791872982913634e-01  1.791872982913634e-01  0
-3.184966582872947e-08  1.787468052420100e-01  1.787468052420100e-01  1.787468052420100e-01  1.787468052420100e-01  0
-2.906102172687617e-08  1.914827497822550e-01  1.914827497822550e-01  1.914827497822550e-01  1.914827497822550e-01  0
-2.651654144038656e-08  2.107672655627193e-01  2.107672655627193e-01  2.107672655627193e-01  2.107672655627193e-01  0
-2.419484684908628e-08  2.325593997916781e-01  2.325593997916781e-01  2.325593997916781e-01  2.325593997916781e-01  0
-2.207643162539852e-08  2.462176751338531e-01  2.462176751338531e-01  2.462176751338531e-01  2.462176751338531e-01  0
-2.014349734680389e-08  2.465104582260789e-01  2.465104582260789e-01  2.465104582260789e-01  2.465104582260789e-01  0
-1.837980395771368e-08  2.333816557834844e-01  2.333816557834844e-01  2.333816557834844e-01  2.333816557834844e-01  0
-1.677053332437270e-08  2.146084246804735e-01  2.146084246804735e-01  2.146084246804735e-01  2.146084246804735e-01  0
-1.530216473641217e-08  1.928416824829083e-01  1.928416824829083e-01  1.928416824829083e-01  1.928416824829083e-01  0
-1.396236130904649e-08  1.791920123739562e-01  1.791920123739562e-01  1.791920123739562e-01  1.791920123739562e-01  0
-1.273986633149179e-08  1.787513000647260e-01  1.787513000647260e-01  1.787513000647260e-01  1.787513000647260e-01  0
-1.162440869075047e-08  1.914875134732687e-01  1.914875134732687e-01  1.914875134732687e-01  1.914875134732687e-01  0
-1.060661657615463e-08  2.107727803706951e-01  2.107727803706951e-01  2.107727803706951e-01  2.107727803706951e-01  0
-9.677938739634512e-09  2.325656260836540e-01  2.325656260836540e-01  2.325656260836540e-01  2.325656260836540e-01  0
-8.830572650159406e-09  2.462244393476481e-01  2.462244393476481e-01  2.462244393476481e-01  2.462244393476481e-01  0
-8.057398938721554e-09  2.465173841720192e-01  2.465173841720192e-01  2.465173841720192e-01  2.465173841720192e-01  0
-7.351921583085473e-09  2.333883011506475e-01  2.333883011506475e-01  2.333883011506475e-01  2.333883011506475e-01  0
-6.708213329749079e-09  2.146142938790276e-01  2.146142938790276e-01  2.146142938790276e-01  2.146142938790276e-01  0
-6.120865894564868e-09  1.928468963900876e-01  1.928468963900876e-01  1.928468963900876e-01  1.928468963900876e-01  0
-5.584944523618594e-09  1.791967599102699e-01  1.791967599102699e-01  1.791967599102699e-01  1.791967599102699e-01  0
-5.095946532596716e-09  1.787559471520940e-01  1.787559471520940e-01  1.787559471520940e-01  1.787559471520940e-01  0
-4.649763476300187e-09  1.914924692343718e-01  1.914924692343718e-01  1.914924692343718e-01  1.914924692343718e-01  0
-4.242646630461849e-09  2.107783516465594e-01  2.107783516465594e-01  2.107783516465594e-01  2.107783516465594e-01  0
-3.871175495853804e-09  2.325718327133846e-01  2.325718327133846e-01  2.325718327133846e-01  2.325718327133846e-01  0
-3.532229060063762e-09  2.462310834664196e-01  2.462310834664196e-01  2.462310834664196e-01  2.462310834664196e-01  0
-3.222959575488621e-09  2.465241023643660e-01  2.465241023643660e-01  2.465241023643660e-01  2.465241023643660e-01  0
-2.940768633234189e-09  2.333947019045075e-01  2.333947019045075e-01  2.333947019045075e-01  2.333947019045075e-01  0
-2.683285331899631e-09  2.146200807051645e-01  2.146200807051645e-01  2.146200807051645e-01  2.146200807051645e-01  0
-2.448346357825947e-09  1.928520686916396e-01  1.928520686916396e-01  1.928520686916396e-01  1.928520686916396e-01  0
-2.233977809447438e-09  1.792015225968676e-01  1.792015225968676e-01  1.792015225968676e-01  1.792015225968676e-01  0
-2.038378613038686e-09  1.787606585527809e-01  1.787606585527809e-01  1.787606585527809e-01  1.787606585527809e-01  0
-1.859905390520075e-09  1.914975055594495e-01  1.914975055594495e-01  1.914975055594495e-01  1.914975055594495e-01  0
-1.697058652184740e-09  2.107839522330580e-01  2.107839522330580e-01  2.107839522330580e-01  2.107839522330580e-01  0
-1.548470198341522e-09  2.325780462877174e-01  2.325780462877174e-01  2.325780462877174e-01  2.325780462877174e-01  0
-1.412891624025505e-09  2.462377170367103e-01  2.462377170367103e-01  2.462377170367103e-01  2.462377170367103e-01  0
-1.289183830195449e-09  2.465308277582603e-01  2.465308277582603e-01  2.465308277582603e-01  2.465308277582603e-01  0
-1.176307453293676e-09  2.334012016136623e-01  2.334012016136623e-01  2.334012016136623e-01  2.334012016136623e-01  0
-1.073314132759852e-09  2.146258422021114e-01  2.146258422021114e-01  2.146258422021114e-01  2.146258422021114e-01  0
-9.793385431303785e-10  1.928572261982213e-01  1.928572261982213e-01  1.928572261982213e-01  1.928572261982213e-01  0
-8.935911237789750e-10  1.792062873403311e-01  1.792062873403311e-01  1.792062873403311e-01  1.792062873403311e-01  0
-8.153514452154745e-10  1.787653859021925e-01  1.787653859021925e-01  1.787653859021925e-01  1.787653859021925e-01  0
-7.439621562080298e-10  1.915025586219674e-01  1.915025586219674e-01  1.915025586219674e-01  1.915025586219674e-01  0
-6.788234608738959e-10  2.107898396332718e-01  2.107898396332718e-01  2.107898396332718e-01  2.107898396332718e-01  0
-6.193880793366086e-10  2.325849867580209e-01  2.325849867580209e-01  2.325849867580209e-01  2.325849867580209e-01  0
-5.651566496102019e-10  2.462461129400010e-01  2.462461129400010e-01  2.462461129400010e-01  2.462461129400010e-01  0
-5.156735320781795e-10  2.465415225374493e-01  2.465415225374493e-01  2.465415225374493e-01  2.465415225374493e-01  0
-4.705229813174702e-10  2.334159363413279e-01  2.334159363413279e-01  2.334159363413279e-01  2.334159363413279e-01  0
-4.293256531039410e-10  2.146316022851444e-01  2.146316022851444e-01  2.146316022851444e-01  2.146316022851444e-01  0
-3.917354172521515e-10  1.928623411018497e-01  1.928623411018497e-01  1.928623411018497e-01  1.928623411018497e-01  0
-3.574364495115900e-10  1.792109588990225e-01  1.792109588990225e-01  1.792109588990225e-01  1.792109588990225e-01  0
-3.261405780861898e-10  1.787699589278082e-01  1.787699589278082e-01  1.787699589278082e-01  1.787699589278082e-01  0
-2.975848624832120e-10  1.915073868216463e-01  1.915073868216463e-01  1.915073868216463e-01  1.915073868216463e-01  0
-2.715293843495584e-10  2.108104039793857e-01  2.108104039793857e-01  2.108104039793857e-01  2.108104039793857e-01  0
-2.477552317346435e-10  2.326306607403914e-01  2.326306607403914e-01  2.326306607403914e-01  2.326306607403914e-01  0
-2.260626598440808e-10  2.463481992363450e-01  2.463481992363450e-01  2.463481992363450e-01  2.463481992363450e-01  0
-2.062694128312718e-10  2.467610527627647e-01  2.467610527627647e-01  2.467610527627647e-01  2.467610527627647e-01  0
-1.882091925269881e-10  2.338600983408846e-01  2.338600983408846e-01  2.338600983408846e-01  2.338600983408846e-01  0
1.882091925269881e-10  2.338601539033436e-01  2.338601539033436e-01  2.338601539033436e-01  2.338601539033436e-01  0
2.062694128312718e-10  2.467611455505917e-01  2.467611455505917e-01  2.467611455505917e-01  2.467611455505917e-01  0
2.260626598440808e-10  2.463483043574443e-01  2.463483043574443e-01  2.463483043574443e-01  2.463483043574443e-01  0
2.477552317346435e-10  2.326307608229924e-01  2.326307608229924e-01  2.326307608229924e-01  2.326307608229924e-01  0
2.715293843495584e-10  2.108104898079144e-01  2.108104898079144e-01  2.108104898079144e-01  2.108104898079144e-01  0
2.975848624832120e-10  1.915073981352523e-01  1.915073981352523e-01  1.915073981352523e-01  1.915073981352523e-01  0
3.261405780861898e-10  1.787699669575473e-01  1.787699669575473e-01  1.787699669575473e-01  1.787699669575473e-01  0
3.574364495115900e-10  1.792109465679532e-01  1.792109465679532e-01  1.792109465679532e-01  1.792109465679532e-01  0
3.917354172521515e-10  1.928622914185769e-01  1.928622914185769e-01  1.928622914185769e-01  1.928622914185769e-01  0
4.293256531039410e-10  2.146315040995969e-01  2.146315040995969e-01  2.146315040995969e-01  2.146315040995969e-01  0
4.705229813174702e-10  2.334159589032375e-01  2.334159589032375e-01  2.334159589032375e-01  2.334159589032375e-01  0
5.156735320781795e-10  2.465415562906949e-01  2.465415562906949e-01  2.465415562906949e-01  2.465415562906949e-01  0
5.651566496102019e-10  2.462461479138960e-01  2.462461479138960e-01  2.462461479138960e-01  2.462461479138960e-01  0
6.193880793366086e-10  2.325850173082507e-01  2.325850173082507e-01  2.325850173082507e-01  2.325850173082507e-01  0
6.788234608738959e-10  2.107898643250968e-01  2.107898643250968e-01  2.107898643250968e-01  2.107898643250968e-01  0
7.439621562080298e-10  1.915025567386036e-01  1.915025567386036e-01  1.915025567386036e-01  1.915025567386036e-01  0
8.153514452154745e-10  1.787653849507973e-01  1.787653849507973e-01  1.787653849507973e-01  1.787653849507973e-01  0
8.935911237789750e-10  1.792062812776150e-01  1.792062812776150e-01  1.792062812776150e-01  1.792062812776150e-01  0
9.793385431303785e-10  1.928572079586693e-01  1.928572079586693e-01  1.928572079586693e-01  1.928572079586693e-01  0
1.073314132759852e-09  2.146258061874940e-01  2.146258061874940e-01  2.146258061874940e-01  2.146258061874940e-01  0
1.176307453293676e-09  2.334012146613816e-01  2.334012146613816e-01  2.334012146613816e-01  2.334012146613816e-01  0
1.289183830195449e-09  2.465308424002129e-01  2.465308424002129e-01  2.465308424002129e-01  2.465308424002129e-01  0
1.412891624025505e-09  2.462377287094722e-01  2.462377287094722e-01  2.462377287094722e-01  2.462377287094722e-01  0
1.548470198341522e-09  2.325780535089736e-01  2.325780535089736e-01  2.325780535089736e-01  2.325780535089736e-01  0
1.697058652184740e-09  2.107839562860684e-01  2.107839562860684e-01  2.107839562860684e-01  2.107839562860684e-01  0
1.859905390520075e-09  1.914974992170429e-01  1.914974992170429e-01  1.914974992170429e-01  1.914974992170429e-01  0
2.038378613038686e-09  1.787606548102378e-01  1.787606548102378e-01  1.787606548102378e-01  1.787606548102378e-01  0
2.233977809447438e-09  1.792015199333839e-01  1.792015199333839e-01  1.792015199333839e-01  1.792015199333839e-01  0
2.448346357825947e-09  1.928520641132704e-01  1.928520641132704e-01  1.928520641132704e-01  1.928520641132704e-01  0
2.683285331899631e-09  2.146200708938093e-01  2.146200708938093e-01  2.146200708938093e-01  2.146200708938093e-01  0
2.940768633234189e-09  2.333947113697755e-01  2.333947113697755e-01  2.333947113697755e-01  2.333947113697755e-01  0
3.222959575488621e-09  2.465241095787328e-01  2.465241095787328e-01  2.465241095787328e-01  2.465241095787328e-01  0
3.532229060063762e-09  2.462310860049089e-01  2.462310860049089e-01  2.462310860049089e-01  2.462310860049089e-01  0
3.871175495853804e-09  2.325718307464858e-01  2.325718307464858e-01  2.325718307464858e-01  2.325718307464858e-01  0
4.242646630461849e-09  2.107783475477701e-01  2.107783475477701e-01  2.107783475477701e-01  2.107783475477701e-01  0
4.649763476300187e-09  1.914924610619851e-01  1.914924610619851e-01  1.914924610619851e-01  1.914924610619851e-01  0
5.095946532596716e-09  1.787559422527120e-01  1.787559422527120e-01  1.787559422527120e-01  1.787559422527120e-01  0
5.584944523618594e-09  1.791967585929244e-01  1.791967585929244e-01  1.791967585929244e-01  1.791967585929244e-01  0
6.120865894564868e-09  1.928468973072593e-01  1.928468973072593e-01  1.928468973072593e-01  1.928468973072593e-01  0
6.708213329749079e-09  2.146142946366433e-01  2.146142946366433e-01  2.146142946366433e-01  2.146142946366433e-01  0
7.351921583085473e-09  2.333883092410288e-01  2.333883092410288e-01  2.333883092410288e-01  2.333883092410288e-01  0
8.057398938721554e-09  2.465173884453174e-01  2.465173884453174e-01  2.465173884453174e-01  2.465173884453174e-01  0
8.830572650159406e-09  2.462244382268189e-01  2.462244382268189e-01  2.462244382268189e-01  2.462244382268189e-01  0
9.677938739634512e-09  2.325656204067754e-01  2.325656204067754e-01  2.325656204067754e-01  2.325656204067754e-01  0
1.060661657615463e-08  2.107727729655066e-01  2.107727729655066e-01  2.107727729655066e-01  2.107727729655066e-01  0
1.162440869075047e-08  1.914875044956514e-01  1.914875044956514e-01  1.914875044956514e-01  1.914875044956514e-01  0
1.273986633149179e-08  1.787512946340104e-01  1.787512946340104e-01  1.787512946340104e-01  1.787512946340104e-01  0
1.396236130904649e-08  1.791920115484411e-01  1.791920115484411e-01  1.791920115484411e-01  1.791920115484411e-01  0
1.530216473641217e-08  1.928416855882672e-01  1.928416855882672e-01  1.928416855882672e-01  1.928416855882672e-01  0
1.677053332437270e-08  2.146084297025667e-01  2.146084297025667e-01  2.146084297025667e-01  2.146084297025667e-01  0
1.837980395771368e-08  2.333816633743308e-01  2.333816633743308e-01  2.333816633743308e-01  2.333816633743308e-01  0
2.014349734680389e-08  2.465104613443911e-01  2.465104613443911e-01  2.465104613443911e-01  2.465104613443911e-01  0
2.207643162539852e-08  2.462176725349382e-01  2.462176725349382e-01  2.462176725349382e-01  2.462176725349382e-01  0
2.419484684908628e-08  2.325593925878419e-01  2.325593925878419e-01  2.325593925878419e-01  2.325593925878419e-01  0
2.651654144038656e-08  2.107672567821330e-01  2.107672567821330e-01  2.107672567821330e-01  2.107672567821330e-01  0
2.906102172687617e-08  1.914827404048244e-01  1.914827404048244e-01  1.914827404048244e-01  1.914827404048244e-01  0
3.184966582872947e-08  1.787467995262621e-01  1.787467995262621e-01  1.787467995262621e-01  1.787467995262621e-01  0
3.490590327261621e-08  1.791872976123265e-01  1.791872976123265e-01  1.791872976123265e-01  1.791872976123265e-01  0
3.825541184103042e-08  1.928363681706820e-01  1.928363681706820e-01  1.928363681706820e-01  1.928363681706820e-01  0
4.192633331093174e-08  2.146023573368015e-01  2.146023573368015e-01  2.146023573368015e-01  2.146023573368015e-01  0
4.594950989428420e-08  2.333744248827631e-01  2.333744248827631e-01  2.333744248827631e-01  2.333744248827631e-01  0
5.035874336700971e-08  2.465030351798668e-01  2.465030351798668e-01  2.465030351798668e-01  2.465030351798668e-01  0
5.519107906349629e-08  2.462106176895937e-01  2.462106176895937e-01  2.462106176895937e-01  2.462106176895937e-01  0
6.048711712271569e-08  2.325531140463778e-01  2.325531140463778e-01  2.325531140463778e-01  2.325531140463778e-01  0
6.629135360096640e-08  2.107618703820409e-01  2.107618703820409e-01  2.107618703820409e-01  2.107618703820409e-01  0
7.265255431719042e-08  1.914784168981146e-01  1.914784168981146e-01  1.914784168981146e-01  1.914784168981146e-01  0
7.962416457182368e-08  1.787426533851154e-01  1.787426533851154e-01  1.787426533851154e-01  1.787426533851154e-01  0
8.726475818154052e-08  1.791826536191289e-01  1.791826536191289e-01  1.791826536191289e-01  1.791826536191289e-01  0
9.563852960257603e-08  1.928307953647295e-01  1.928307953647295e-01  1.928307953647295e-01  1.928307953647295e-01  0
1.048158332773293e-07  2.145957910067706e-01  2.145957910067706e-01  2.145957910067706e-01  2.145957910067706e-01  0
1.148737747357105e-07  2.333657738782758e-01  2.333657738782758e-01  2.333657738782758e-01  2.333657738782758e-01  0
1.258968584175243e-07  2.464944148984469e-01  2.464944148984469e-01  2.464944148984469e-01  2.464944148984469e-01  0
1.379776976587407e-07  2.462028619181438e-01  2.462028619181438e-01  2.462028619181438e-01  2.462028619181438e-01  0
1.512177928067893e-07  2.325466967733306e-01  2.325466967733306e-01  2.325466967733306e-01  2.325466967733306e-01  0
1.657283840024160e-07  2.107567729240319e-01  2.107567729240319e-01  2.107567729240319e-01  2.107567729240319e-01  0
1.816313857929761e-07  1.914750925607486e-01  1.914750925607486e-01  1.914750925607486e-01  1.914750925607486e-01  0
1.990604114295592e-07  1.787392984899188e-01  1.787392984899188e-01  1.787392984899188e-01  1.787392984899188e-01  0
2.181618954538513e-07  1.791781514298341e-01  1.791781514298341e-01  1.791781514298341e-01  1.791781514298341e-01  0
2.390963240064401e-07  1.928246037150926e-01  1.928246037150926e-01  1.928246037150926e-01  1.928246037150926e-01  0
2.620395831933234e-07  2.145880466436001e-01  2.145880466436001e-01  2.145880466436001e-01  2.145880466436001e-01  0
2.871844368392763e-07  2.333537655832073e-01  2.333537655832073e-01  2.333537655832073e-01  2.333537655832073e-01  0
3.147421460438107e-07  2.464829451136273e-01  2.464829451136273e-01  2.464829451136273e-01  2.464829451136273e-01  0
3.449442441468518e-07  2.461934110049626e-01  2.461934110049626e-01  2.461934110049626e-01  2.461934110049626e-01  0
3.780444820169731e-07  2.325399052445492e-01  2.325399052445492e-01  2.325399052445492e-01  2.325399052445492e-01  0
4.143209600060400e-07  2.107523113320359e-01  2.107523113320359e-01  2.107523113320359e-01  2.107523113320359e-01  0
4.540784644824401e-07  1.914740125816136e-01  1.914740125816136e-01  1.914740125816136e-01  1.914740125816136e-01  0
4.976510285738981e-07  1.787377206326663e-01  1.787377206326663e-01  1.787377206326663e-01  1.787377206326663e-01  0
5.454047386346284e-07  1.791739223314225e-01  1.791739223314225e-01  1.791739223314225e-01  1.791739223314225e-01  0
5.977408100161003e-07  1.928169142981960e-01  1.928169142981960e-01  1.928169142981960e-01  1.928169142981960e-01  0
6.550989579833085e-07  2.145774985461769e-01  2.145774985461769e-01  2.145774985461769e-01  2.145774985461769e-01  0
7.179610920981906e-07  2.333338043760904e-01  2.333338043760904e-01  2.333338043760904e-01  2.333338043760904e-01  0
7.868553651095268e-07  2.464646959829648e-01  2.464646959829648e-01  2.464646959829648e-01  2.464646959829648e-01  0
8.623606103671294e-07  2.461798696077528e-01  2.461798696077528e-01  2.461798696077528e-01  2.461798696077528e-01  0
9.451112050424327e-07  2.325321133727835e-01  2.325321133727835e-01  2.325321133727835e-01  2.325321133727835e-01  0
1.035802400015100e-06  2.107492264656414e-01  2.107492264656414e-01  2.107492264656414e-01  2.107492264656414e-01  0
1.135196161206100e-06  1.914779215341366e-01  1.914779215341366e-01  1.914779215341366e-01  1.914779215341366e-01  0
1.244127571434745e-06  1.787400926994409e-01  1.787400926994409e-01  1.787400926994409e-01  1.787400926994409e-01  0
1.363511846586571e-06  1.791701806953075e-01  1.791701806953075e-01  1.791701806953075e-01  1.791701806953075e-01  0
1.494352025040251e-06  1.928056105205563e-01  1.928056105205563e-01  1.928056105205563e-01  1.928056105205563e-01  0
1.637747394958271e-06  2.145602997499099e-01  2.145602997499099e-01  2.145602997499099e-01  2.145602997499099e-01  0
1.794902730245474e-06  2.332950911997871e-01  2.332950911997871e-01  2.332950911997871e-01  2.332950911997871e-01  0
1.967138412773814e-06  2.464303848617363e-01  2.464303848617363e-01  2.464303848617363e-01  2.464303848617363e-01  0
2.155901525917820e-06  2.461564919358898e-01  2.461564919358898e-01  2.461564919358898e-01  2.461564919358898e-01  0
2.362778012606078e-06  2.325216768735482e-01  2.325216768735482e-01  2.325216768735482e-01  2.325216768735482e-01  0
2.589506000037746e-06  2.107490659276743e-01  2.107490659276743e-01  2.107490659276743e-01  2.107490659276743e-01  0
2.837990403015247e-06  1.914928192970807e-01  1.914928192970807e-01  1.914928192970807e-01  1.914928192970807e-01  0
3.110318928586858e-06  1.787511670982264e-01  1.787511670982264e-01  1.787511670982264e-01  1.787511670982264e-01  0
3.408779616466422e-06  1.791672186187435e-01  1.791672186187435e-01  1.791672186187435e-01  1.791672186187435e-01  0
3.735880062600621e-06  1.927856369268043e-01  1.927856369268043e-01  1.927856369268043e-01  1.927856369268043e-01  0
4.094368487395672e-06  2.145274052411823e-01  2.145274052411823e-01  2.145274052411823e-01  2.145274052411823e-01  0
4.487256825613684e-06  2.332124961390300e-01  2.332124961390300e-01  2.332124961390300e-01  2.332124961390300e-01  0
4.917846031934535e-06  2.463582830126164e-01  2.463582830126164e-01  2.463582830126164e-01  2.463582830126164e-01  0
5.389753814794551e-06  2.461096251668867e-01  2.461096251668867e-01  2.461096251668867e-01  2.461096251668867e-01  0
5.906945031515196e-06  2.325043760633978e-01  2.325043760633978e-01  2.325043760633978e-01  2.325043760633978e-01  0
6.473765000094365e-06  2.107550108173227e-01  2.107550108173227e-01  2.107550108173227e-01  2.107550108173227e-01  0
7.094976007538116e-06  1.915319131054801e-01  1.915319131054801e-01  1.915319131054801e-01  1.915319131054801e-01  0
7.775797321467145e-06  1.787814216683619e-01  1.787814216683619e-01  1.787814216683619e-01  1.787814216683619e-01  0
8.521949041166055e-06  1.791653990483041e-01  1.791653990483041e-01  1.791653990483041e-01  1.791653990483041e-01  0
9.339700156501553e-06  1.927451452185034e-01  1.927451452185034e-01  1.927451452185034e-01  1.927451452185034e-01  0
1.023592121848918e-05  2.144578020277909e-01  2.144578020277909e-01  2.144578020277909e-01  2.144578020277909e-01  0
1.121814206403421e-05  2.330286982686553e-01  2.330286982686553e-01  2.330286982686553e-01  2.330286982686553e-01  0
1.229461507983634e-05  2.461984898036539e-01  2.461984898036539e-01  2.461984898036539e-01  2.461984898036539e-01  0
1.347438453698638e-05  2.460075464891476e-01  2.460075464891476e-01  2.460075464891476e-01  2.460075464891476e-01  0
1.476736257878799e-05  2.324699266195382e-01  2.324699266195382e-01  2.324699266195382e-01  2.324699266195382e-01  0
1.618441250023591e-05  2.107737420491733e-01  2.107737420491733e-01  2.107737420491733e-01  2.107737420491733e-01  0
1.773744001884529e-05  1.916259081477828e-01  1.916259081477828e-01  1.916259081477828e-01  1.916259081477828e-01  0
1.943949330366786e-05  1.788553105078114e-01  1.788553105078114e-01  1.788553105078114e-01  1.788553105078114e-01  0
2.130487260291513e-05  1.791661417902191e-01  1.791661417902191e-01  1.791661417902191e-01  1.791661417902191e-01  0
2.334925039125388e-05  1.926576615859724e-01  1.926576615859724e-01  1.926576615859724e-01  1.926576615859724e-01  0
2.558980304622295e-05  2.143039374513765e-01  2.143039374513765e-01  2.143039374513765e-01  2.143039374513765e-01  0
2.804535516008553e-05  2.326189763255161e-01  2.326189763255161e-01  2.326189763255161e-01  2.326189763255161e-01  0
3.073653769959084e-05  2.458415345187677e-01  2.458415345187677e-01  2.458415345187677e-01  2.458415345187677e-01  0
3.368596134246595e-05  2.457806807984275e-01  2.457806807984275e-01  2.457806807984275e-01  2.457806807984275e-01  0
3.691840644696997e-05  2.323964787347142e-01  2.323964787347142e-01  2.323964787347142e-01  2.323964787347142e-01  0
4.046103125058979e-05  2.108214695241451e-01  2.108214695241451e-01  2.108214695241451e-01  2.108214695241451e-01  0
4.434360004711322e-05  1.918585943352414e-01  1.918585943352414e-01  1.918585943352414e-01  1.918585943352414e-01  0
4.859873325916965e-05  1.790400496087131e-01  1.790400496087131e-01  1.790400496087131e-01  1.790400496087131e-01  0
5.326218150728784e-05  1.791826658247561e-01  1.791826658247561e-01  1.791826658247561e-01  1.791826658247561e-01  0
5.837312597813469e-05  1.924716745144670e-01  1.924716745144670e-01  1.924716745144670e-01  1.924716745144670e-01  0
6.397450761555736e-05  2.139650463890952e-01  2.139650463890952e-01  2.139650463890952e-01  2.139650463890952e-01  0
7.011338790021382e-05  2.317454973129937e-01  2.317454973129937e-01  2.317454973129937e-01  2.317454973129937e-01  0
7.684134424897711e-05  2.450761081034515e-01  2.450761081034515e-01  2.450761081034515e-01  2.450761081034515e-01  0
8.421490335616486e-05  2.453007994857673e-01  2.453007994857673e-01  2.453007994857673e-01  2.453007994857673e-01  0
9.229601611742493e-05  2.322577132521334e-01  2.322577132521334e-01  2.322577132521334e-01  2.322577132521334e-01  0
1.011525781264745e-04  2.109533190186982e-01  2.109533190186982e-01  2.109533190186982e-01  2.109533190186982e-01  0
1.108590001177830e-04  1.925314914412890e-01  1.925314914412890e-01  1.925314914412890e-01  1.925314914412890e-01  0
1.214968331479241e-04  1.795800343065019e-01  1.795800343065019e-01  1.795800343065019e-01  1.795800343065019e-01  0
1.331554537682196e-04  1.793213203407241e-01  1.793213203407241e-01  1.793213203407241e-01  1.793213203407241e-01  0
1.459328149453367e-04  1.921346207639714e-01  1.921346207639714e-01  1.921346207639714e-01  1.921346207639714e-01  0
1.599362690388934e-04  2.132670904343078e-01  2.132670904343078e-01  2.132670904343078e-01  2.132670904343078e-01  0
1.752834697505346e-04  2.301561150905650e-01  2.301561150905650e-01  2.301561150905650e-01  2.301561150905650e-01  0
1.921033606224428e-04  2.436661884369352e-01  2.436661884369352e-01  2.436661884369352e-01  2.436661884369352e-01  0
2.105372583904122e-04  2.444821157593947e-01  2.444821157593947e-01  2.444821157593947e-01  2.444821157593947e-01  0
2.307400402935623e-04  2.321647824301913e-01  2.321647824301913e-01  2.321647824301913e-01  2.321647824301913e-01  0
2.528814453161862e-04  2.114350476944548e-01  2.114350476944548e-01  2.114350476944548e-01  2.114350476944548e-01  0
2.771475002944577e-04  1.950636937214277e-01  1.950636937214277e-01  1.950636937214277e-01  1.950636937214277e-01  0
3.037420828698103e-04  1.816435192013898e-01  1.816435192013898e-01  1.816435192013898e-01  1.816435192013898e-01  0
3.328886344205490e-04  1.803281936306976e-01  1.803281936306976e-01  1.803281936306976e-01  1.803281936306976e-01  0
3.648320373633419e-04  1.919425690429376e-01  1.919425690429376e-01  1.919425690429376e-01  1.919425690429376e-01  0
3.998406725972335e-04  2.121607980032761e-01  2.121607980032761e-01  2.121607980032761e-01  2.121607980032761e-01  0
4.382086743763364e-04  2.291844810493287e-01  2.291844810493287e-01  2.291844810493287e-01  2.291844810493287e-01  0
4.802584015561070e-04  2.426212049250948e-01  2.426212049250948e-01  2.426212049250948e-01  2.426212049250948e-01  0
5.263431459760304e-04  2.444170256097626e-01  2.444170256097626e-01  2.444170256097626e-01  2.444170256097626e-01  0
5.768501007339059e-04  2.334575341004758e-01  2.334575341004758e-01  2.334575341004758e-01  2.334575341004758e-01  0
6.322036132904654e-04  2.137878779229235e-01  2.137878779229235e-01  2.137878779229235e-01  2.137878779229235e-01  0
6.928687507361442e-04  2.068801538434429e-01  2.068801538434429e-01  2.068801538434429e-01  2.068801538434429e-01  0
7.593552071745259e-04  1.915840282909425e-01  1.915840282909425e-01  1.915840282909425e-01  1.915840282909425e-01  0
8.322215860513725e-04  1.870255342808401e-01  1.870255342808401e-01  1.870255342808401e-01  1.870255342808401e-01  0
9.120800934083548e-04  1.951451661292682e-01  1.951451661292682e-01  1.951451661292682e-01  1.951451661292682e-01  0
9.996016814930839e-04  2.126443585206796e-01  2.126443585206796e-01  2.126443585206796e-01  2.126443585206796e-01  0
1.095521685940841e-03  2.431916559119096e-01  2.431916559119096e-01  2.431916559119096e-01  2.431916559119096e-01  0
1.200646003890267e-03  2.532288190534023e-01  2.532288190534023e-01  2.532288190534023e-01  2.532288190534023e-01  0
1.315857864940076e-03  2.548784750862466e-01  2.548784750862466e-01  2.548784750862466e-01  2.548784750862466e-01  0
1.442125251834764e-03  2.452965831731492e-01  2.452965831731492e-01  2.452965831731492e-01  2.452965831731492e-01  0
1.580509033226163e-03  2.267293929743859e-01  2.267293929743859e-01  2.267293929743859e-01  2.267293929743859e-01  0
1.732171876840360e-03  2.746683187097525e-01  2.746683187097525e-01  2.746683187097525e-01  2.746683187097525e-01  0
1.898388017936315e-03  2.506234697966106e-01  2.506234697966106e-01  2.506234697966106e-01  2.506234697966106e-01  0
2.080553965128431e-03  2.337447415488204e-01  2.337447415488204e-01  2.337447415488204e-01  2.337447415488204e-01  0
2.280200233520887e-03  2.286150158602777e-01  2.286150158602777e-01  2.286150158602777e-01  2.286150158602777e-01  0
2.499004203732710e-03  2.348136637218488e-01  2.348136637218488e-01  2.348136637218488e-01  2.348136637218488e-01  0
2.738804214852102e-03  3.334685148335555e-01  3.334685148335555e-01  3.334685148335555e-01  3.334685148335555e-01  0
3.001615009725668e-03  3.370862612769713e-01  3.370862612769713e-01  3.370862612769713e-01  3.370862612769713e-01  0
3.289644662350189e-03  3.343667445461345e-01  3.343667445461345e-01  3.343667445461345e-01  3.343667445461345e-01  0
3.605313129586911e-03  3.225722335722302e-01  3.225722335722302e-01  3.225722335722302e-01  3.225722335722302e-01  0
3.951272583065408e-03  3.016741629905232e-01  3.016741629905232e-01  3.016741629905232e-01  3.016741629905232e-01  0
4.330429692100900e-03  2.735379189019168e-01  2.735379189019168e-01  2.735379189019168e-01  2.735379189019168e-01  0
4.745970044840786e-03  2.954396227019616e-01  2.954396227019616e-01  2.954396227019616e-01  2.954396227019616e-01  0
5.201384912821078e-03  3.103695936113401e-01  3.103695936113401e-01  3.103695936113401e-01  3.103695936113401e-01  0
5.700500583802216e-03  3.209898373836653e-01  3.209898373836653e-01  3.209898373836653e-01  3.209898373836653e-01  0
6.247510509331773e-03  3.300247542404695e-01  3.300247542404695e-01  3.300247542404695e-01  3.300247542404695e-01  0
6.847010537130255e-03  1.052707223260024e-01  1.052707223260024e-01  1.052707223260024e-01  1.052707223260024e-01  0
7.504037524314169e-03  1.365884053483813e-01  1.365884053483813e-01  1.365884053483813e-01  1.365884053483813e-01  0
8.224111655875473e-03  1.719511123785382e-01  1.719511123785382e-01  1.719511123785382e-01  1.719511123785382e-01  0
9.013282823967277e-03  2.085328756212058e-01  2.085328756212058e-01  2.085328756212058e-01  2.085328756212058e-01  0
9.878181457663520e-03  2.427815200734031e-01  2.427815200734031e-01  2.427815200734031e-01  2.427815200734031e-01  0
1.082607423025225e-02  4.221599668667615e-02  4.221599668667615e-02  4.221599668667615e-02  4.221599668667615e-02  0
1.186492511210197e-02  4.615859841178672e-02  4.615859841178672e-02  4.615859841178672e-02  4.615859841178672e-02  0
1.300346228205270e-02  5.325269986614716e-02  5.325269986614716e-02  5.325269986614716e-02  5.325269986614716e-02  0
1.425125145950554e-02  6.508428612556763e-02  6.508428612556763e-02  6.508428612556763e-02  6.508428612556763e-02  0
1.561877627332943e-02  8.320348263615045e-02  8.320348263615045e-02  8.320348263615045e-02  8.320348263615045e-02  0
1.711752634282564e-02  4.045036038615591e-02  4.045036038615591e-02  4.045036038615591e-02  4.045036038615591e-02  0
1.876009381078543e-02  4.241821804859014e-02  4.241821804859014e-02  4.241821804859014e-02  4.241821804859014e-02  0
2.056027913968868e-02  4.300252931233611e-02  4.300252931233611e-02  4.300252931233611e-02  4.300252931233611e-02  0
2.253320705991819e-02  4.268104433955121e-02  4.268104433955121e-02  4.268104433955121e-02  4.268104433955121e-02  0
2.469545364415880e-02  4.231756860808687e-02  4.231756860808687e-02  4.231756860808687e-02  4.231756860808687e-02  0
2.706518557563063e-02  4.464750618018975e-02  4.464750618018975e-02  4.464750618018975e-02  4.464750618018975e-02  0
2.966231278025492e-02  4.297433918923842e-02  4.297433918923842e-02  4.297433918923842e-02  4.297433918923842e-02  0
3.250865570513174e-02  4.206738378729498e-02  4.206738378729498e-02  4.206738378729498e-02  4.206738378729498e-02  0
3.562812864876386e-02  4.213918393991641e-02  4.213918393991641e-02  4.213918393991641e-02  4.213918393991641e-02  0
3.904694068332359e-02  4.297043498632989e-02  4.297043498632989e-02  4.297043498632989e-02  4.297043498632989e-02  0
4.279381585706410e-02  4.995646969681321e-02  4.995646969681321e-02  4.995646969681321e-02  4.995646969681321e-02  0
4.690023452696356e-02  5.420155838729747e-02  5.420155838729747e-02  5.420155838729747e-02  5.420155838729747e-02  0
5.140069784922172e-02  5.567410863920847e-02  5.567410863920847e-02  5.567410863920847e-02  5.567410863920847e-02  0
5.633301764979549e-02  5.458608110219149e-02  5.458608110219149e-02  5.458608110219149e-02  5.458608110219149e-02  0
6.173863411039700e-02  5.179976150476324e-02  5.179976150476324e-02  5.179976150476324e-02  5.179976150476324e-02  0
6.766296393907657e-02  1.705543260954247e-01  1.705543260954247e-01  1.705543260954247e-01  1.705543260954247e-01  0
7.415578195063728e-02  1.464232787975067e-01  1.464232787975067e-01  1.464232787975067e-01  1.464232787975067e-01  0
8.127163926282933e-02  1.216629558262586e-01  1.216629558262586e-01  1.216629558262586e-01  1.216629558262586e-01  0
8.907032162190963e-02  1.004957078414298e-01  1.004957078414298e-01  1.004957078414298e-01  1.004957078414298e-01  0
9.761735170830896e-02  8.492127056428363e-02  8.492127056428363e-02  8.492127056428363e-02  8.492127056428363e-02  0
1.069845396426603e-01  1.826388437949055e+00  1.826388437949055e+00  1.826388437949055e+00  1.826388437949055e+00  0
1.172505863174090e-01  1.644012860396874e+00  1.644012860396874e+00  1.644012860396874e+00  1.644012860396874e+00  0
1.285017446230543e-01  1.381169876878329e+00  1.381169876878329e+00  1.381169876878329e+00  1.381169876878329e+00  0
1.408325441244888e-01  1.086679285491011e+00  1.086679285491011e+00  1.086679285491011e+00  1.086679285491011e+00  0
1.543465852759926e-01  8.045036240314793e-01  8.045036240314793e-01  8.045036240314793e-01  8.045036240314793e-01  0
1.691574098476915e-01  1.286695167167714e+00  1.286695167167714e+00  1.286695167167714e+00  1.286695167167714e+00  0
1.853894548765933e-01  1.627579223361197e+00  1.627579223361197e+00  1.627579223361197e+00  1.627579223361197e+00  0
2.031790981570734e-01  1.915855248624671e+00  1.915855248624671e+00  1.915855248624671e+00  1.915855248624671e+00  0
2.226758040547742e-01  2.098939733612560e+00  2.098939733612560e+00  2.098939733612560e+00  2.098939733612560e+00  0
2.440433792707725e-01  2.141202730518992e+00  2.141202730518992e+00  2.141202730518992e+00  2.141202730518992e+00  0
2.674613491066507e-01  1.364825461371101e-01  1.364825461371101e-01  1.364825461371101e-01  1.364825461371101e-01  0
2.931264657935224e-01  2.463734187647811e-01  2.463734187647811e-01  2.463734187647811e-01  2.463734187647811e-01  0
3.212543615576358e-01  4.145351982690010e-01  4.145351982690010e-01  4.145351982690010e-01  4.145351982690010e-01  0
3.520813603112219e-01  6.497856548804076e-01  6.497856548804076e-01  6.497856548804076e-01  6.497856548804076e-01  0
3.858664631899814e-01  9.484586460144155e-01  9.484586460144155e-01  9.484586460144155e-01  9.484586460144155e-01  0
4.228935246192288e-01  2.582182127532102e-03  2.582182127532102e-03  2.582182127532102e-03  2.582182127532102e-03  0
4.634736371914833e-01  6.496375704420636e-03  6.496375704420636e-03  6.496375704420636e-03  6.496375704420636e-03  0
5.079477453926836e-01  1.537901012540862e-02  1.537901012540862e-02  1.537901012540862e-02  1.537901012540862e-02  0
5.566895101369356e-01  3.410056262596532e-02  3.410056262596532e-02  3.410056262596532e-02  3.410056262596532e-02  0
6.101084481769313e-01  7.065819106371471e-02  7.065819106371471e-02  7.065819106371471e-02  7.065819106371471e-02  0
6.686533727666268e-01  1.757338380878692e-05  1.757338380878692e-05  1.757338380878692e-05  1.757338380878692e-05  0
7.328161644838059e-01  4.730403858901934e-05  4.730403858901934e-05  4.730403858901934e-05  4.730403858901934e-05  0
8.031359038940896e-01  1.306949266975868e-04  1.306949266975868e-04  1.306949266975868e-04  1.306949266975868e-04  0
8.802034007780548e-01  3.637356461360593e-04  3.637356461360593e-04  3.637356461360593e-04  3.637356461360593e-04  0
9.646661579749536e-01  9.953813371647031e-04  9.953813371647031e-04  9.953813371647031e-04  9.953813371647031e-04  0
1.057233811548072e+00  9.586341718552903e-08  9.586341718552903e-08  9.586341718552903e-08  9.586341718552903e-08  0
1.158684092978708e+00  2.903324877761315e-07  2.903324877761315e-07  2.903324877761315e-07  2.903324877761315e-07  0
1.269869363481709e+00  8.750041198077143e-07  8.750041198077143e-07  8.750041198077143e-07  8.750041198077143e-07  0
1.391723775342339e+00  2.522527153244704e-06  2.522527153244704e-06  2.522527153244704e-06  2.522527153244704e-06  0
1.525271120442328e+00  6.938210918890967e-06  6.938210918890967e-06  6.938210918890967e-06  6.938210918890967e-06  0
