-1.525271120442328e+00  1.962801192853337e-03  1.962801192853337e-03  1.962801192853337e-03  1.962801192853337e-03  0
-1.391723775342339e+00  9.492660715684515e-04  9.492660715684515e-04  9.492660715684515e-04  9.492660715684515e-04  0
-1.269869363481709e+00  4.521780446958513e-04  4.521780446958513e-04  4.521780446958513e-04  4.521780446958513e-04  0
-1.158684092978708e+00  2.160626020978015e-04  2.160626020978015e-04  2.160626020978015e-04  2.160626020978015e-04  0
-1.057233811548072e+00  1.047504707575429e-04  1.047504707575429e-04  1.047504707575429e-04  1.047504707575429e-04  0
-9.646661579749536e-01  3.132363014973235e-02  3.132363014973235e-02  3.132363014973235e-02  3.132363014973235e-02  0
-8.802034007780548e-01  2.121880754169836e-02  2.121880754169836e-02  2.121880754169836e-02  2.121880754169836e-02  0
-8.031359038940896e-01  1.351536843191737e-02  1.351536843191737e-02  1.351536843191737e-02  1.351536843191737e-02  0
-7.328161644838059e-01  8.056135168066877e-03  8.056135168066877e-03  8.056135168066877e-03  8.056135168066877e-03  0
-6.686533727666268e-01  4.486513915179230e-03  4.486513915179230e-03  4.486513915179230e-03  4.486513915179230e-03  0
-6.101084481769313e-01  1.501619965391540e-01  1.501619965391540e-01  1.501619965391540e-01  1.501619965391540e-01  0
-5.566895101369356e-01  1.081269970638922e-01  1.081269970638922e-01  1.081269970638922e-01  1.081269970638922e-01  0
-5.079477453926836e-01  7.991356974510043e-02  7.991356974510043e-02  7.991356974510043e-02  7.991356974510043e-02  0
-4.634736371914833e-01  5.967515850784682e-02  5.967515850784682e-02  5.967515850784682e-02  5.967515850784682e-02  0
-4.228935246192288e-01  4.394297764567071e-02  4.394297764567071e-02  4.394297764567071e-02  4.394297764567071e-02  0
-3.858664631899814e-01  7.453806428734032e-01  7.453806428734032e-01  7.453806428734032e-01  7.453806428734032e-01  0
-3.520813603112219e-01  5.730562590842259e-01  5.730562590842259e-01  5.730562590842259e-01  5.730562590842259e-01  0
-3.212543615576358e-01  4.153114656251212e-01  4.153114656251212e-01  4.153114656251212e-01  4.153114656251212e-01  0
-2.931264657935224e-01  2.840803592831112e-01  2.840803592831112e-01  2.840803592831112e-01  2.840803592831112e-01  0
-2.674613491066507e-01  1.842514014868039e-01  1.842514014868039e-01  1.842514014868039e-01  1.842514014868039e-01  0
-2.440433792707725e-01  1.272767260721643e+00  1.272767260721643e+00  1.272767260721643e+00  1.272767260721643e+00  0
-2.226758040547742e-01  1.248322677074856e+00  1.248322677074856e+00  1.248322677074856e+00  1.248322677074856e+00  0
-2.031790981570734e-01  1.178265019462931e+00  1.178265019462931e+00  1.178265019462931e+00  1.178265019462931e+00  0
-1.853894548765933e-01  1.063506878221240e+00  1.063506878221240e+00  1.063506878221240e+00  1.063506878221240e+00  0
-1.691574098476915e-01  9.121337992221629e-01  9.121337992221629e-01  9.121337992221629e-01  9.121337992221629e-01  0
-1.543465852759926e-01  8.309298037546368e-01  8.309298037546368e-01  8.309298037546368e-01  8.309298037546368e-01  0
-1.408325441244888e-01  9.032605284191116e-01  9.032605284191116e-01  9.032605284191116e-01  9.032605284191116e-01  0
-1.285017446230543e-01  9.442256961724194e-01  9.442256961724194e-01  9.442256961724194e-01  9.442256961724194e-01  0
-1.172505863174090e-01  9.423053352767891e-01  9.423053352767891e-01  9.423053352767891e-01  9.423053352767891e-01  0
-1.069845396426603e-01  8.942852641082567e-01  8.942852641082567e-01  8.942852641082567e-01  8.942852641082567e-01  0
-9.761735170830896e-02  4.793374185442296e-01  4.793374185442296e-01  4.793374185442296e-01  4.793374185442296e-01  0
-8.907032162190963e-02  4.986464953369598e-01  4.986464953369598e-01  4.986464953369598e-01  4.986464953369598e-01  0
-8.127163926282933e-02  5.277155545765200e-01  5.277155545765200e-01  5.277155545765200e-01  5.277155545765200e-01  0
-7.415578195063728e-02  5.662801897712446e-01  5.662801897712446e-01  5.662801897712446e-01  5.662801897712446e-01  0
-6.766296393907657e-02  6.067170625860395e-01  6.067170625860395e-01  6.067170625860395e-01  6.067170625860395e-01  0
-6.173863411039700e-02  4.169354637877655e-01  4.169354637877655e-01  4.169354637877655e-01  4.169354637877655e-01  0
-5.633301764979549e-02  4.175310336170353e-01  4.175310336170353e-01  4.175310336170353e-01  4.175310336170353e-01  0
-5.140069784922172e-02  4.196694419046558e-01  4.196694419046558e-01  4.196694419046558e-01  4.196694419046558e-01  0
-4.690023452696356e-02  4.144119587715372e-01  4.144119587715372e-01  4.144119587715372e-01  4.144119587715372e-01  0
-4.279381585706410e-02  3.946173980574302e-01  3.946173980574302e-01  3.946173980574302e-01  3.946173980574302e-01  0
-3.904694068332359e-02  4.729324461437988e-01  4.729324461437988e-01  4.729324461437988e-01  4.729324461437988e-01  0
-3.562812864876386e-02  4.502637037949005e-01  4.502637037949005e-01  4.502637037949005e-01  4.502637037949005e-01  0
-3.250865570513174e-02  4.194031549262049e-01  4.194031549262049e-01  4.194031549262049e-01  4.194031549262049e-01  0
-2.966231278025492e-02  3.856574586834315e-01  3.856574586834315e-01  3.856574586834315e-01  3.856574586834315e-01  0
-2.706518557563063e-02  3.543137526635880e-01  3.543137526635880e-01  3.543137526635880e-01  3.543137526635880e-01  0
-2.469545364415880e-02  6.458860225572881e-01  6.458860225572881e-01  6.458860225572881e-01  6.458860225572881e-01  0
-2.253320705991819e-02  5.601534607293307e-01  5.601534607293307e-01  5.601534607293307e-01  5.601534607293307e-01  0
-2.056027913968868e-02  5.145577545602648e-01  5.145577545602648e-01  5.145577545602648e-01  5.145577545602648e-01  0
-1.876009381078543e-02  4.911033667286183e-01  4.911033667286183e-01  4.911033667286183e-01  4.911033667286183e-01  0
-1.711752634282564e-02  4.725035008955349e-01  4.725035008955349e-01  4.725035008955349e-01  4.725035008955349e-01  0
-1.561877627332943e-02  1.819920501429654e+00  1.819920501429654e+00  1.819920501429654e+00  1.819920501429654e+00  0
-1.425125145950554e-02  1.472901616903363e+00  1.472901616903363e+00  1.472901616903363e+00  1.472901616903363e+00  0
-1.300346228205270e-02  1.172054197317710e+00  1.172054197317710e+00  1.172054197317710e+00  1.172054197317710e+00  0
-1.186492511210197e-02  9.199469594305425e-01  9.199469594305425e-01  9.199469594305425e-01  9.199469594305425e-01  0
-1.082607423025225e-02  7.197394564518004e-01  7.197394564518004e-01  7.197394564518004e-01  7.197394564518004e-01  0
-9.878181457663520e-03  4.208601710824507e+00  4.208601710824507e+00  4.208601710824507e+00  4.208601710824507e+00  0
-9.013282823967277e-03  3.700472151707137e+00  3.700472151707137e+00  3.700472151707137e+00  3.700472151707137e+00  0
-8.224111655875473e-03  3.167987449340830e+00  3.167987449340830e+00  3.167987449340830e+00  3.167987449340830e+00  0
-7.504037524314169e-03  2.662396717048738e+00  2.662396717048738e+00  2.662396717048738e+00  2.662396717048738e+00  0
-6.847010537130255e-03  2.205272310675987e+00  2.205272310675987e+00  2.205272310675987e+00  2.205272310675987e+00  0
-6.247510509331773e-03  4.446880524236533e+00  4.446880524236533e+00  4.446880524236533e+00  4.446880524236533e+00  0
-5.700500583802216e-03  4.763946966169415e+00  4.763946966169415e+00  4.763946966169415e+00  4.763946966169415e+00  0
-5.201384912821078e-03  4.915733036680826e+00  4.915733036680826e+00  4.915733036680826e+00  4.915733036680826e+00  0
-4.745970044840786e-03  4.861137109454171e+00  4.861137109454171e+00  4.861137109454171e+00  4.861137109454171e+00  0
-4.330429692100900e-03  4.601245764811582e+00  4.601245764811582e+00  4.601245764811582e+00  4.601245764811582e+00  0
-3.951272583065408e-03  2.427496122537526e+00  2.427496122537526e+00  2.427496122537526e+00  2.427496122537526e+00  0
-3.605313129586911e-03  2.797806743202927e+00  2.797806743202927e+00  2.797806743202927e+00  2.797806743202927e+00  0
-3.289644662350189e-03  3.182449006716291e+00  3.182449006716291e+00  3.182449006716291e+00  3.182449006716291e+00  0
-3.001615009725668e-03  3.588673324891058e+00  3.588673324891058e+00  3.588673324891058e+00  3.588673324891058e+00  0
-2.738804214852102e-03  4.003117336916421e+00  4.003117336916421e+00  4.003117336916421e+00  4.003117336916421e+00  0
-2.499004203732710e-03  9.871783593770882e-01  9.871783593770882e-01  9.871783593770882e-01  9.871783593770882e-01  0
-2.280200233520887e-03  1.182654685103374e+00  1.182654685103374e+00  1.182654685103374e+00  1.182654685103374e+00  0
-2.080553965128431e-03  1.425350055133020e+00  1.425350055133020e+00  1.425350055133020e+00  1.425350055133020e+00  0
-1.898388017936315e-03  1.706208058086672e+00  1.706208058086672e+00  1.706208058086672e+00  1.706208058086672e+00  0
-1.732171876840360e-03  2.008739970036549e+00  2.008739970036549e+00  2.008739970036549e+00  2.008739970036549e+00  0
-1.580509033226163e-03  5.288563989163180e-01  5.288563989163180e-01  5.288563989163180e-01  5.288563989163180e-01  0
-1.442125251834764e-03  6.039510155829970e-01  6.039510155829970e-01  6.039510155829970e-01  6.039510155829970e-01  0
-1.315857864940076e-03  6.756041509186951e-01  6.756041509186951e-01  6.756041509186951e-01  6.756041509186951e-01  0
-1.200646003890267e-03  7.518389757608305e-01  7.518389757608305e-01  7.518389757608305e-01  7.518389757608305e-01  0
-1.095521685940841e-03  8.464541732320816e-01  8.464541732320816e-01  8.464541732320816e-01  8.464541732320816e-01  0
-9.996016814930839e-04  2.646339254845317e-01  2.646339254845317e-01  2.646339254845317e-01  2.646339254845317e-01  0
-9.120800934083548e-04  2.993004682233630e-01  2.993004682233630e-01  2.993004682233630e-01  2.993004682233630e-01  0
-8.322215860513725e-04  3.420876664357067e-01  3.420876664357067e-01  3.420876664357067e-01  3.420876664357067e-01  0
-7.593552071745259e-04  3.928438746850120e-01  3.928438746850120e-01  3.928438746850120e-01  3.928438746850120e-01  0
-6.928687507361442e-04  4.484277592303021e-01  4.484277592303021e-01  4.484277592303021e-01  4.484277592303021e-01  0
-6.322036132904654e-04  1.625291790097186e-01  1.625291790097186e-01  1.625291790097186e-01  1.625291790097186e-01  0
-5.768501007339059e-04  1.861325565213553e-01  1.861325565213553e-01  1.861325565213553e-01  1.861325565213553e-01  0
-5.263431459760304e-04  2.070956843243577e-01  2.070956843243577e-01  2.070956843243577e-01  2.070956843243577e-01  0
-4.802584015561070e-04  2.254570606918306e-01  2.254570606918306e-01  2.254570606918306e-01  2.254570606918306e-01  0
-4.382086743763364e-04  2.430857356210955e-01  2.430857356210955e-01  2.430857356210955e-01  2.430857356210955e-01  0
-3.998406725972335e-04  9.193813699147785e-02  9.193813699147785e-02  9.193813699147785e-02  9.193813699147785e-02  0
-3.648320373633419e-04  1.017300843951277e-01  1.017300843951277e-01  1.017300843951277e-01  1.017300843951277e-01  0
-3.328886344205490e-04  1.130270409406469e-01  1.130270409406469e-01  1.130270409406469e-01  1.130270409406469e-01  0
-3.037420828698103e-04  1.264202226769038e-01  1.264202226769038e-01  1.264202226769038e-01  1.264202226769038e-01  0
-2.771475002944577e-04  1.419701688820575e-01  1.419701688820575e-01  1.419701688820575e-01  1.419701688820575e-01  0
-2.528814453161862e-04  5.675144004637941e-02  5.675144004637941e-02  5.675144004637941e-02  5.675144004637941e-02  0
-2.307400402935623e-04  6.548462009532968e-02  6.548462009532968e-02  6.548462009532968e-02  6.548462009532968e-02  0
-2.105372583904122e-04  7.344636683770514e-02  7.344636683770514e-02  7.344636683770514e-02  7.344636683770514e-02  0
-1.921033606224428e-04  8.025028792370939e-02  8.025028792370939e-02  8.025028792370939e-02  8.025028792370939e-02  0
-1.752834697505346e-04  8.599602718758581e-02  8.599602718758581e-02  8.599602718758581e-02  8.599602718758581e-02  0
-1.599362690388934e-04  3.438121212365345e-02  3.438121212365345e-02  3.438121212365345e-02  3.438121212365345e-02  0
-1.459328149453367e-04  3.767671409856828e-02  3.767671409856828e-02  3.767671409856828e-02  3.767671409856828e-02  0
-1.331554537682196e-04  4.121199038564705e-02  4.121199038564705e-02  4.121199038564705e-02  4.121199038564705e-02  0
-1.214968331479241e-04  4.531035605684122e-02  4.531035605684122e-02  4.531035605684122e-02  4.531035605684122e-02  0
-1.108590001177830e-04  5.022954310324566e-02  5.022954310324566e-02  5.022954310324566e-02  5.022954310324566e-02  0
-1.011525781264745e-04  2.105631884813185e-02  2.105631884813185e-02  2.105631884813185e-02  2.105631884813185e-02  0
-9.229601611742493e-05  2.440931590650850e-02  2.440931590650850e-02  2.440931590650850e-02  2.440931590650850e-02  0
-8.421490335616486e-05  2.754138640165131e-02  2.754138640165131e-02  2.754138640165131e-02  2.754138640165131e-02  0
-7.684134424897711e-05  3.023814662569014e-02  3.023814662569014e-02  3.023814662569014e-02  3.023814662569014e-02  0
-7.011338790021382e-05  3.242451943610806e-02  3.242451943610806e-02  3.242451943610806e-02  3.242451943610806e-02  0
-6.397450761555736e-05  1.327780029078491e-02  1.327780029078491e-02  1.327780029078491e-02  1.327780029078491e-02  0
-5.837312597813469e-05  1.447963762134641e-02  1.447963762134641e-02  1.447963762134641e-02  1.447963762134641e-02  0
-5.326218150728784e-05  1.570164742617463e-02  1.570164742617463e-02  1.570164742617463e-02  1.570164742617463e-02  0
-4.859873325916965e-05  1.708629283749454e-02  1.708629283749454e-02  1.708629283749454e-02  1.708629283749454e-02  0
-4.434360004711322e-05  1.878076591174862e-02  1.878076591174862e-02  1.878076591174862e-02  1.878076591174862e-02  0
-4.046103125058979e-05  8.089764527441933e-03  8.089764527441933e-03  8.089764527441933e-03  8.089764527441933e-03  0
-3.691840644696997e-05  9.399192063199401e-03  9.399192063199401e-03  9.399192063199401e-03  9.399192063199401e-03  0
-3.368596134246595e-05  1.063906864236697e-02  1.063906864236697e-02  1.063906864236697e-02  1.063906864236697e-02  0
-3.073653769959084e-05  1.171332344819746e-02  1.171332344819746e-02  1.171332344819746e-02  1.171332344819746e-02  0
-2.804535516008553e-05  1.256977293918941e-02  1.256977293918941e-02  1.256977293918941e-02  1.256977293918941e-02  0
-2.558980304622295e-05  5.215700759082017e-03  5.215700759082017e-03  5.215700759082017e-03  5.215700759082017e-03  0
-2.334925039125388e-05  5.673588405887437e-03  5.673588405887437e-03  5.673588405887437e-03  5.673588405887437e-03  0
-2.130487260291513e-05  6.124127021914833e-03  6.124127021914833e-03  6.124127021914833e-03  6.124127021914833e-03  0
-1.943949330366786e-05  6.626353564291953e-03  6.626353564291953e-03  6.626353564291953e-03  6.626353564291953e-03  0
-1.773744001884529e-05  7.247451252557143e-03  7.247451252557143e-03  7.247451252557143e-03  7.247451252557143e-03  0
-1.618441250023591e-05  3.169863876053139e-03  3.169863876053139e-03  3.169863876053139e-03  3.169863876053139e-03  0
-1.476736257878799e-05  3.686696555562034e-03  3.686696555562034e-03  3.686696555562034e-03  3.686696555562034e-03  0
-1.347438453698638e-05  4.179437660912165e-03  4.179437660912165e-03  4.179437660912165e-03  4.179437660912165e-03  0
-1.229461507983634e-05  4.607840251378835e-03  4.607840251378835e-03  4.607840251378835e-03  4.607840251378835e-03  0
-1.121814206403421e-05  4.946807909568736e-03  4.946807909568736e-03  4.946807909568736e-03  4.946807909568736e-03  0
-1.023592121848918e-05  2.067418859694438e-03  2.067418859694438e-03  2.067418859694438e-03  2.067418859694438e-03  0
-9.339700156501553e-06  2.246107400044057e-03  2.246107400044057e-03  2.246107400044057e-03  2.246107400044057e-03  0
-8.521949041166055e-06  2.418808630971801e-03  2.418808630971801e-03  2.418808630971801e-03  2.418808630971801e-03  0
-7.775797321467145e-06  2.609462549104288e-03  2.609462549104288e-03  2.609462549104288e-03  2.609462549104288e-03  0
-7.094976007538116e-06  2.846490458180675e-03  2.846490458180675e-03  2.846490458180675e-03  2.846490458180675e-03  0
-6.473765000094365e-06  1.255123927426637e-03  1.255123927426637e-03  1.255123927426637e-03  1.255123927426637e-03  0
-5.906945031515196e-06  1.460410284573470e-03  1.460410284573470e-03  1.460410284573470e-03  1.460410284573470e-03  0
-5.389753814794551e-06  1.656772406079717e-03  1.656772406079717e-03  1.656772406079717e-03  1.656772406079717e-03  0
-4.917846031934535e-06  1.827789673889925e-03  1.827789673889925e-03  1.827789673889925e-03  1.827789673889925e-03  0
-4.487256825613684e-06  1.962630144309423e-03  1.962630144309423e-03  1.962630144309423e-03  1.962630144309423e-03  0
-4.094368487395672e-06  8.233162435201627e-04  8.233162435201627e-04  8.233162435201627e-04  8.233162435201627e-04  0
-3.735880062600621e-06  8.939317619170323e-04  8.939317619170323e-04  8.939317619170323e-04  8.939317619170323e-04  0
-3.408779616466422e-06  9.615635067781604e-04  9.615635067781604e-04  9.615635067781604e-04  9.615635067781604e-04  0
-3.110318928586858e-06  1.035839543475168e-03  1.035839543475168e-03  1.035839543475168e-03  1.035839543475168e-03  0
-2.837990403015247e-06  1.128414199869543e-03  1.128414199869543e-03  1.128414199869543e-03  1.128414199869543e-03  0
-2.589506000037746e-06  4.996063853878291e-04  4.996063853878291e-04  4.996063853878291e-04  4.996063853878291e-04  0
-2.362778012606078e-06  5.814303105066741e-04  5.814303105066741e-04  5.814303105066741e-04  5.814303105066741e-04  0
-2.155901525917820e-06  6.598179656915849e-04  6.598179656915849e-04  6.598179656915849e-04  6.598179656915849e-04  0
-1.967138412773814e-06  7.281442552230019e-04  7.281442552230019e-04  7.281442552230019e-04  7.281442552230019e-04  0
-1.794902730245474e-06  7.819291460063260e-04  7.819291460063260e-04  7.819291460063260e-04  7.819291460063260e-04  0
-1.637747394958271e-06  3.286318777041061e-04  3.286318777041061e-04  3.286318777041061e-04  3.286318777041061e-04  0
-1.494352025040251e-06  3.567154256314624e-04  3.567154256314624e-04  3.567154256314624e-04  3.567154256314624e-04  0
-1.363511846586571e-06  3.834934787726650e-04  3.834934787726650e-04  3.834934787726650e-04  3.834934787726650e-04  0
-1.244127571434745e-06  4.128256903609455e-04  4.128256903609455e-04  4.128256903609455e-04  4.128256903609455e-04  0
-1.135196161206100e-06  4.494262127655778e-04  4.494262127655778e-04  4.494262127655778e-04  4.494262127655778e-04  0
-1.035802400015100e-06  1.993812977964555e-04  1.993812977964555e-04  1.993812977964555e-04  1.993812977964555e-04  0
-9.451112050424327e-07  2.320539434116172e-04  2.320539434116172e-04  2.320539434116172e-04  2.320539434116172e-04  0
-8.623606103671294e-07  2.633769180571897e-04  2.633769180571897e-04  2.633769180571897e-04  2.633769180571897e-04  0
-7.868553651095268e-07  2.906902517936214e-04  2.906902517936214e-04  2.906902517936214e-04  2.906902517936214e-04  0
-7.179610920981906e-07  3.121748528097069e-04  3.121748528097069e-04  3.121748528097069e-04  3.121748528097069e-04  0
-6.550989579833085e-07  1.313201858651965e-04  1.313201858651965e-04  1.313201858651965e-04  1.313201858651965e-04  0
-5.977408100161003e-07  1.425234725808289e-04  1.425234725808289e-04  1.425234725808289e-04  1.425234725808289e-04  0
-5.454047386346284e-07  1.531833314545792e-04  1.531833314545792e-04  1.531833314545792e-04  1.531833314545792e-04  0
-4.976510285738981e-07  1.648450295741531e-04  1.648450295741531e-04  1.648450295741531e-04  1.648450295741531e-04  0
-4.540784644824401e-07  1.794038568970116e-04  1.794038568970116e-04  1.794038568970116e-04  1.794038568970116e-04  0
-4.143209600060400e-07  7.966232447169375e-05  7.966232447169375e-05  7.966232447169375e-05  7.966232447169375e-05  0
-3.780444820169731e-07  9.272012814396623e-05  9.272012814396623e-05  9.272012814396623e-05  9.272012814396623e-05  0
-3.449442441468518e-07  1.052428537063498e-04  1.052428537063498e-04  1.052428537063498e-04  1.052428537063498e-04  0
-3.147421460438107e-07  1.161648814878021e-04  1.161648814878021e-04  1.161648814878021e-04  1.161648814878021e-04  0
-2.871844368392763e-07  1.247536191309166e-04  1.247536191309166e-04  1.247536191309166e-04  1.247536191309166e-04  0
-2.620395831933234e-07  5.249974149341302e-05  5.249974149341302e-05  5.249974149341302e-05  5.249974149341302e-05  0
-2.390963240064401e-07  5.697568012563749e-05  5.697568012563749e-05  5.697568012563749e-05  5.697568012563749e-05  0
-2.181618954538513e-07  6.123003710711723e-05  6.123003710711723e-05  6.123003710711723e-05  6.123003710711723e-05  0
-1.990604114295592e-07  6.588118398544231e-05  6.588118398544231e-05  6.588118398544231e-05  6.588118398544231e-05  0
-1.816313857929761e-07  7.168907011542728e-05  7.168907011542728e-05  7.168907011542728e-05  7.168907011542728e-05  0
-1.657283840024160e-07  3.184269563620702e-05  3.184269563620702e-05  3.184269563620702e-05  3.184269563620702e-05  0
-1.512177928067893e-07  3.706319805079424e-05  3.706319805079424e-05  3.706319805079424e-05  3.706319805079424e-05  0
-1.379776976587407e-07  4.207080486335343e-05  4.207080486335343e-05  4.207080486335343e-05  4.207080486335343e-05  0
-1.258968584175243e-07  4.643910736424933e-05  4.643910736424933e-05  4.643910736424933e-05  4.643910736424933e-05  0
-1.148737747357105e-07  4.987415321866468e-05  4.987415321866468e-05  4.987415321866468e-05  4.987415321866468e-05  0
-1.048158332773293e-07  2.099024046486097e-05  2.099024046486097e-05  2.099024046486097e-05  2.099024046486097e-05  0
-9.563852960257603e-08  2.277977461515884e-05  2.277977461515884e-05  2.277977461515884e-05  2.277977461515884e-05  0
-8.726475818154052e-08  2.447962049002622e-05  2.447962049002622e-05  2.447962049002622e-05  2.447962049002622e-05  0
-7.962416457182368e-08  2.633720102780456e-05  2.633720102780456e-05  2.633720102780456e-05  2.633720102780456e-05  0
-7.265255431719042e-08  2.865691356681947e-05  2.865691356681947e-05  2.865691356681947e-05  2.865691356681947e-05  0
-6.629135360096640e-08  1.272690877693109e-05  1.272690877693109e-05  1.272690877693109e-05  1.272690877693109e-05  0
-6.048711712271569e-08  1.481405492229237e-05  1.481405492229237e-05  1.481405492229237e-05  1.481405492229237e-05  0
-5.519107906349629e-08  1.681652011535999e-05  1.681652011535999e-05  1.681652011535999e-05  1.681652011535999e-05  0
-5.035874336700971e-08  1.856384326034644e-05  1.856384326034644e-05  1.856384326034644e-05  1.856384326034644e-05  0
-4.594950989428420e-08  1.993826238461697e-05  1.993826238461697e-05  1.993826238461697e-05  1.993826238461697e-05  0
-4.192633331093174e-08  8.389578132083450e-06  8.389578132083450e-06  8.389578132083450e-06  8.389578132083450e-06  0
-3.825541184103042e-08  9.105359211794531e-06  9.105359211794531e-06  9.105359211794531e-06  9.105359211794531e-06  0
-3.490590327261621e-08  9.784790247081482e-06  9.784790247081482e-06  9.784790247081482e-06  9.784790247081482e-06  0
-3.184966582872947e-08  1.052688026059651e-05  1.052688026059651e-05  1.052688026059651e-05  1.052688026059651e-05  0
-2.906102172687617e-08  1.145354711035517e-05  1.145354711035517e-05  1.145354711035517e-05  1.145354711035517e-05  0
-2.651654144038656e-08  5.082618566330206e-06  5.082618566330206e-06  5.082618566330206e-06  5.082618566330206e-06  0
-2.419484684908628e-08  5.916681672832529e-06  5.916681672832529e-06  5.916681672832529e-06  5.916681672832529e-06  0
-2.207643162539852e-08  6.717232979752282e-06  6.717232979752282e-06  6.717232979752282e-06  6.717232979752282e-06  0
-2.014349734680389e-08  7.416239324793282e-06  7.416239324793282e-06  7.416239324793282e-06  7.416239324793282e-06  0
-1.837980395771368e-08  7.966548834445909e-06  7.966548834445909e-06  7.966548834445909e-06  7.966548834445909e-06  0
-1.677053332437270e-08  3.349750254708429e-06  3.349750254708429e-06  3.349750254708429e-06  3.349750254708429e-06  0
-1.530216473641217e-08  3.636168957733369e-06  3.636168957733369e-06  3.636168957733369e-06  3.636168957733369e-06  0
-1.396236130904649e-08  3.907682706749748e-06  3.907682706749748e-06  3.907682706749748e-06  3.907682706749748e-06  0
-1.273986633149179e-08  4.203926247547977e-06  4.203926247547977e-06  4.203926247547977e-06  4.203926247547977e-06  0
-1.162440869075047e-08  4.573775467326191e-06  4.573775467326191e-06  4.573775467326191e-06  4.573775467326191e-06  0
-1.060661657615463e-08  2.025208773331671e-06  2.025208773331671e-06  2.025208773331671e-06  2.025208773331671e-06  0
-9.677938739634512e-09  2.358064966102826e-06  2.358064966102826e-06  2.358064966102826e-06  2.358064966102826e-06  0
-8.830572650159406e-09  2.677857468540560e-06  2.677857468540560e-06  2.677857468540560e-06  2.677857468540560e-06  0
-8.057398938721554e-09  2.957535337163425e-06  2.957535337163425e-06  2.957535337163425e-06  2.957535337163425e-06  0
-7.351921583085473e-09  3.178216657463951e-06  3.178216657463951e-06  3.178216657463951e-06  3.178216657463951e-06  0
-6.708213329749079e-09  1.333809096261317e-06  1.333809096261317e-06  1.333809096261317e-06  1.333809096261317e-06  0
-6.120865894564868e-09  1.448508130909779e-06  1.448508130909779e-06  1.448508130909779e-06  1.448508130909779e-06  0
-5.584944523618594e-09  1.556909777614644e-06  1.556909777614644e-06  1.556909777614644e-06  1.556909777614644e-06  0
-5.095946532596716e-09  1.674892633440031e-06  1.674892633440031e-06  1.674892633440031e-06  1.674892633440031e-06  0
-4.649763476300187e-09  1.822100157608521e-06  1.822100157608521e-06  1.822100157608521e-06  1.822100157608521e-06  0
-4.242646630461849e-09  8.023030867599653e-07  8.023030867599653e-07  8.023030867599653e-07  8.023030867599653e-07  0
-3.871175495853804e-09  9.346516874175473e-07  9.346516874175473e-07  9.346516874175473e-07  9.346516874175473e-07  0
-3.532229060063762e-09  1.062114515468923e-06  1.062114515468923e-06  1.062114515468923e-06  1.062114515468923e-06  0
-3.222959575488621e-09  1.174039756221677e-06  1.174039756221677e-06  1.174039756221677e-06  1.174039756221677e-06  0
-2.940768633234189e-09  1.262861765337569e-06  1.262861765337569e-06  1.262861765337569e-06  1.262861765337569e-06  0
-2.683285331899631e-09  5.273090792015446e-07  5.273090792015446e-07  5.273090792015446e-07  5.273090792015446e-07  0
-2.448346357825947e-09  5.733332087720134e-07  5.733332087720134e-07  5.733332087720134e-07  5.733332087720134e-07  0
-2.233977809447438e-09  6.165324487763296e-07  6.165324487763296e-07  6.165324487763296e-07  6.165324487763296e-07  0
-2.038378613038686e-09  6.632705350450108e-07  6.632705350450108e-07  6.632705350450108e-07  6.632705350450108e-07  0
-1.859905390520075e-09  7.214797332320740e-07  7.214797332320740e-07  7.214797332320740e-07  7.214797332320740e-07  0
-1.697058652184740e-09  3.132228463352855e-07  3.132228463352855e-07  3.132228463352855e-07  3.132228463352855e-07  0
-1.548470198341522e-09  3.652991280089545e-07  3.652991280089545e-07  3.652991280089545e-07  3.652991280089545e-07  0
-1.412891624025505e-09  4.157655805141081e-07  4.157655805141081e-07  4.157655805141081e-07  4.157655805141081e-07  0
-1.289183830195449e-09  4.605410801851692e-07  4.605410801851692e-07  4.605410801851692e-07  4.605410801851692e-07  0
-1.176307453293676e-09  4.965966344704353e-07  4.965966344704353e-07  4.965966344704353e-07  4.965966344704353e-07  0
-1.073314132759852e-09  2.044253380845258e-07  2.044253380845258e-07  2.044253380845258e-07  2.044253380845258e-07  0
-9.793385431303785e-10  2.230021824773970e-07  2.230021824773970e-07  2.230021824773970e-07  2.230021824773970e-07  0
-8.935911237789750e-10  2.402104213477487e-07  2.402104213477487e-07  2.402104213477487e-07  2.402104213477487e-07  0
-8.153514452154745e-10  2.585778880376086e-07  2.585778880376086e-07  2.585778880376086e-07  2.585778880376086e-07  0
-7.439621562080298e-10  2.813107801894517e-07  2.813107801894517e-07  2.813107801894517e-07  2.813107801894517e-07  0
-6.788234608738959e-10  1.178242549403072e-07  1.178242549403072e-07  1.178242549403072e-07  1.178242549403072e-07  0
-6.193880793366086e-10  1.376172426941552e-07  1.376172426941552e-07  1.376172426941552e-07  1.376172426941552e-07  0
-5.651566496102019e-10  1.571244182927472e-07  1.571244182927472e-07  1.571244182927472e-07  1.571244182927472e-07  0
-5.156735320781795e-10  1.749193942274271e-07  1.749193942274271e-07  1.749193942274271e-07  1.749193942274271e-07  0
-4.705229813174702e-10  1.898114419642340e-07  1.898114419642340e-07  1.898114419642340e-07  1.898114419642340e-07  0
-4.293256531039410e-10  7.457530187230947e-08  7.457530187230947e-08  7.457530187230947e-08  7.457530187230947e-08  0
-3.917354172521515e-10  8.220070740631503e-08  8.220070740631503e-08  8.220070740631503e-08  8.220070740631503e-08  0
-3.574364495115900e-10  8.922365226722657e-08  8.922365226722657e-08  8.922365226722657e-08  8.922365226722657e-08  0
-3.261405780861898e-10  9.656077515977598e-08  9.656077515977598e-08  9.656077515977598e-08  9.656077515977598e-08  0
-2.975848624832120e-10  1.054200672157512e-07  1.054200672157512e-07  1.054200672157512e-07  1.054200672157512e-07  0
-2.715293843495584e-10  4.040092883820696e-08  4.040092883820696e-08  4.040092883820696e-08  4.040092883820696e-08  0
-2.477552317346435e-10  4.680661948405579e-08  4.680661948405579e-08  4.680661948405579e-08  4.680661948405579e-08  0
-2.260626598440808e-10  5.349329818035670e-08  5.349329818035670e-08  5.349329818035670e-08  5.349329818035670e-08  0
-2.062694128312718e-10  6.016662439835534e-08  6.016662439835534e-08  6.016662439835534e-08  6.016662439835534e-08  0
-1.882091925269881e-10  6.643743192071444e-08  6.643743192071444e-08  6.643743192071444e-08  6.643743192071444e-08  0
1.882091925269881e-10  9.336909426273376e-08  9.336909426273376e-08  9.336909426273376e-08  9.336909426273376e-08  0
2.062694128312718e-10  8.843270382770575e-08  8.843270382770575e-08  8.843270382770575e-08  8.843270382770575e-08  0
2.260626598440808e-10  8.157858933080825e-08  8.157858933080825e-08  8.157858933080825e-08  8.157858933080825e-08  0
2.477552317346435e-10  7.326108235235495e-08  7.326108235235495e-08  7.326108235235495e-08  7.326108235235495e-08  0
2.715293843495584e-10  6.441762840486101e-08  6.441762840486101e-08  6.441762840486101e-08  6.441762840486101e-08  0
2.975848624832120e-10  1.292460942553701e-07  1.292460942553701e-07  1.292460942553701e-07  1.292460942553701e-07  0
3.261405780861898e-10  1.179668738105578e-07  1.179668738105578e-07  1.179668738105578e-07  1.179668738105578e-07  0
3.574364495115900e-10  1.087990115917083e-07  1.087990115917083e-07  1.087990115917083e-07  1.087990115917083e-07  0
3.917354172521515e-10  1.009106527422403e-07  1.009106527422403e-07  1.009106527422403e-07  1.009106527422403e-07  0
4.293256531039410e-10  9.359796986550841e-08  9.359796986550841e-08  9.359796986550841e-08  9.359796986550841e-08  0
4.705229813174702e-10  2.166086262362478e-07  2.166086262362478e-07  2.166086262362478e-07  2.166086262362478e-07  0
5.156735320781795e-10  2.031738468591443e-07  2.031738468591443e-07  2.031738468591443e-07  2.031738468591443e-07  0
5.651566496102019e-10  1.853190490364113e-07  1.853190490364113e-07  1.853190490364113e-07  1.853190490364113e-07  0
6.193880793366086e-10  1.642801772950246e-07  1.642801772950246e-07  1.642801772950246e-07  1.642801772950246e-07  0
6.788234608738959e-10  1.421207118110152e-07  1.421207118110152e-07  1.421207118110152e-07  1.421207118110152e-07  0
7.439621562080298e-10  3.051700384193316e-07  3.051700384193316e-07  3.051700384193316e-07  3.051700384193316e-07  0
8.153514452154745e-10  2.799872298601811e-07  2.799872298601811e-07  2.799872298601811e-07  2.799872298601811e-07  0
8.935911237789750e-10  2.597519265970279e-07  2.597519265970279e-07  2.597519265970279e-07  2.597519265970279e-07  0
9.793385431303785e-10  2.416435044878308e-07  2.416435044878308e-07  2.416435044878308e-07  2.416435044878308e-07  0
1.073314132759852e-09  2.233584836853985e-07  2.233584836853985e-07  2.233584836853985e-07  2.233584836853985e-07  0
1.176307453293676e-09  5.233719957335686e-07  5.233719957335686e-07  5.233719957335686e-07  5.233719957335686e-07  0
1.289183830195449e-09  4.888118450676611e-07  4.888118450676611e-07  4.888118450676611e-07  4.888118450676611e-07  0
1.412891624025505e-09  4.440139951149438e-07  4.440139951149438e-07  4.440139951149438e-07  4.440139951149438e-07  0
1.548470198341522e-09  3.920394004939935e-07  3.920394004939935e-07  3.920394004939935e-07  3.920394004939935e-07  0
1.697058652184740e-09  3.375980102481371e-07  3.375980102481371e-07  3.375980102481371e-07  3.375980102481371e-07  0
1.859905390520075e-09  7.453611357944696e-07  7.453611357944696e-07  7.453611357944696e-07  7.453611357944696e-07  0
2.038378613038686e-09  6.846922948972115e-07  6.846922948972115e-07  6.846922948972115e-07  6.846922948972115e-07  0
2.233977809447438e-09  6.360716154444783e-07  6.360716154444783e-07  6.360716154444783e-07  6.360716154444783e-07  0
2.448346357825947e-09  5.919542221981923e-07  5.919542221981923e-07  5.919542221981923e-07  5.919542221981923e-07  0
2.683285331899631e-09  5.462029602168306e-07  5.462029602168306e-07  5.462029602168306e-07  5.462029602168306e-07  0
2.940768633234189e-09  1.289628421256748e-06  1.289628421256748e-06  1.289628421256748e-06  1.289628421256748e-06  0
3.222959575488621e-09  1.202316649996338e-06  1.202316649996338e-06  1.202316649996338e-06  1.202316649996338e-06  0
3.532229060063762e-09  1.090383168270311e-06  1.090383168270311e-06  1.090383168270311e-06  1.090383168270311e-06  0
3.871175495853804e-09  9.614197445185172e-07  9.614197445185172e-07  9.614197445185172e-07  9.614197445185172e-07  0
4.242646630461849e-09  8.267029216586582e-07  8.267029216586582e-07  8.267029216586582e-07  8.267029216586582e-07  0
4.649763476300187e-09  1.845988681447804e-06  1.845988681447804e-06  1.845988681447804e-06  1.845988681447804e-06  0
5.095946532596716e-09  1.696318451532404e-06  1.696318451532404e-06  1.696318451532404e-06  1.696318451532404e-06  0
5.584944523618594e-09  1.576447487316654e-06  1.576447487316654e-06  1.576447487316654e-06  1.576447487316654e-06  0
6.120865894564868e-09  1.467120100410811e-06  1.467120100410811e-06  1.467120100410811e-06  1.467120100410811e-06  0
6.708213329749079e-09  1.352684800973647e-06  1.352684800973647e-06  1.352684800973647e-06  1.352684800973647e-06  0
7.351921583085473e-09  3.204975646005020e-06  3.204975646005020e-06  3.204975646005020e-06  3.204975646005020e-06  0
8.057398938721554e-09  2.985810357675763e-06  2.985810357675763e-06  2.985810357675763e-06  2.985810357675763e-06  0
8.830572650159406e-09  2.706129822997053e-06  2.706129822997053e-06  2.706129822997053e-06  2.706129822997053e-06  0
9.677938739634512e-09  2.384839722708953e-06  2.384839722708953e-06  2.384839722708953e-06  2.384839722708953e-06  0
1.060661657615463e-08  2.049613931192648e-06  2.049613931192648e-06  2.049613931192648e-06  2.049613931192648e-06  0
1.162440869075047e-08  4.597659881490716e-06  4.597659881490716e-06  4.597659881490716e-06  4.597659881490716e-06  0
1.273986633149179e-08  4.225348080534515e-06  4.225348080534515e-06  4.225348080534515e-06  4.225348080534515e-06  0
1.396236130904649e-08  3.927215246133917e-06  3.927215246133917e-06  3.927215246133917e-06  3.927215246133917e-06  0
1.530216473641217e-08  3.654773247374629e-06  3.654773247374629e-06  3.654773247374629e-06  3.654773247374629e-06  0
1.677053332437270e-08  3.368614613076844e-06  3.368614613076844e-06  3.368614613076844e-06  3.368614613076844e-06  0
1.837980395771368e-08  7.993294558271191e-06  7.993294558271191e-06  7.993294558271191e-06  7.993294558271191e-06  0
2.014349734680389e-08  7.444503176322350e-06  7.444503176322350e-06  7.444503176322350e-06  7.444503176322350e-06  0
2.207643162539852e-08  6.745496555225078e-06  6.745496555225078e-06  6.745496555225078e-06  6.745496555225078e-06  0
2.419484684908628e-08  5.943449523905815e-06  5.943449523905815e-06  5.943449523905815e-06  5.943449523905815e-06  0
2.651654144038656e-08  5.107017343315700e-06  5.107017343315700e-06  5.107017343315700e-06  5.107017343315700e-06  0
2.906102172687617e-08  1.147741322612423e-05  1.147741322612423e-05  1.147741322612423e-05  1.147741322612423e-05  0
3.184966582872947e-08  1.054828692759791e-05  1.054828692759791e-05  1.054828692759791e-05  1.054828692759791e-05  0
3.490590327261621e-08  9.804309576412841e-06  9.804309576412841e-06  9.804309576412841e-06  9.804309576412841e-06  0
3.825541184103042e-08  9.123950773344179e-06  9.123950773344179e-06  9.123950773344179e-06  9.123950773344179e-06  0
4.192633331093174e-08  8.408428863905532e-06  8.408428863905532e-06  8.408428863905532e-06  8.408428863905532e-06  0
4.594950989428420e-08  1.996497897907551e-05  1.996497897907551e-05  1.996497897907551e-05  1.996497897907551e-05  0
5.035874336700971e-08  1.859207831548238e-05  1.859207831548238e-05  1.859207831548238e-05  1.859207831548238e-05  0
5.519107906349629e-08  1.684475626133194e-05  1.684475626133194e-05  1.684475626133194e-05  1.684475626133194e-05  0
6.048711712271569e-08  1.484079777142333e-05  1.484079777142333e-05  1.484079777142333e-05  1.484079777142333e-05  0
6.629135360096640e-08  1.275128549355403e-05  1.275128549355403e-05  1.275128549355403e-05  1.275128549355403e-05  0
7.265255431719042e-08  2.868073317940791e-05  2.868073317940791e-05  2.868073317940791e-05  2.868073317940791e-05  0
7.962416457182368e-08  2.635856970466398e-05  2.635856970466398e-05  2.635856970466398e-05  2.635856970466398e-05  0
8.726475818154052e-08  2.449910837375259e-05  2.449910837375259e-05  2.449910837375259e-05  2.449910837375259e-05  0
9.563852960257603e-08  2.279833850575784e-05  2.279833850575784e-05  2.279833850575784e-05  2.279833850575784e-05  0
1.048158332773293e-07  2.100906464119161e-05  2.100906464119161e-05  2.100906464119161e-05  2.100906464119161e-05  0
1.148737747357105e-07  4.990080235381784e-05  4.990080235381784e-05  4.990080235381784e-05  4.990080235381784e-05  0
1.258968584175243e-07  4.646727387677415e-05  4.646727387677415e-05  4.646727387677415e-05  4.646727387677415e-05  0
1.379776976587407e-07  4.209897393338427e-05  4.209897393338427e-05  4.209897393338427e-05  4.209897393338427e-05  0
1.512177928067893e-07  3.708987870728168e-05  3.708987870728168e-05  3.708987870728168e-05  3.708987870728168e-05  0
1.657283840024160e-07  3.186701776622894e-05  3.186701776622894e-05  3.186701776622894e-05  3.186701776622894e-05  0
1.816313857929761e-07  7.171277892971701e-05  7.171277892971701e-05  7.171277892971701e-05  7.171277892971701e-05  0
1.990604114295592e-07  6.590246238440952e-05  6.590246238440952e-05  6.590246238440952e-05  6.590246238440952e-05  0
2.181618954538513e-07  6.124945097708941e-05  6.124945097708941e-05  6.124945097708941e-05  6.124945097708941e-05  0
2.390963240064401e-07  5.699418005140998e-05  5.699418005140998e-05  5.699418005140998e-05  5.699418005140998e-05  0
2.620395831933234e-07  5.251850572595666e-05  5.251850572595666e-05  5.251850572595666e-05  5.251850572595666e-05  0
2.871844368392763e-07  1.247801105915258e-04  1.247801105915258e-04  1.247801105915258e-04  1.247801105915258e-04  0
3.147421460438107e-07  1.161928869212005e-04  1.161928869212005e-04  1.161928869212005e-04  1.161928869212005e-04  0
3.449442441468518e-07  1.052708642884739e-04  1.052708642884739e-04  1.052708642884739e-04  1.052708642884739e-04  0
3.780444820169731e-07  9.274666131822144e-05  9.274666131822144e-05  9.274666131822144e-05  9.274666131822144e-05  0
4.143209600060400e-07  7.968651719075066e-05  7.968651719075066e-05  7.968651719075066e-05  7.968651719075066e-05  0
4.540784644824401e-07  1.794273049602966e-04  1.794273049602966e-04  1.794273049602966e-04  1.794273049602966e-04  0
4.976510285738981e-07  1.648660956417028e-04  1.648660956417028e-04  1.648660956417028e-04  1.648660956417028e-04  0
5.454047386346284e-07  1.532025717127234e-04  1.532025717127234e-04  1.532025717127234e-04  1.532025717127234e-04  0
5.977408100161003e-07  1.425418231920906e-04  1.425418231920906e-04  1.425418231920906e-04  1.425418231920906e-04  0
6.550989579833085e-07  1.313388109780858e-04  1.313388109780858e-04  1.313388109780858e-04  1.313388109780858e-04  0
7.179610920981906e-07  3.122009762437592e-04  3.122009762437592e-04  3.122009762437592e-04  3.122009762437592e-04  0
7.868553651095268e-07  2.907178805456284e-04  2.907178805456284e-04  2.907178805456284e-04  2.907178805456284e-04  0
8.623606103671294e-07  2.634045572467940e-04  2.634045572467940e-04  2.634045572467940e-04  2.634045572467940e-04  0
9.451112050424327e-07  2.320801303983032e-04  2.320801303983032e-04  2.320801303983032e-04  2.320801303983032e-04  0
1.035802400015100e-06  1.994051865102737e-04  1.994051865102737e-04  1.994051865102737e-04  1.994051865102737e-04  0
1.135196161206100e-06  4.494490507293261e-04  4.494490507293261e-04  4.494490507293261e-04  4.494490507293261e-04  0
1.244127571434745e-06  4.128462596727987e-04  4.128462596727987e-04  4.128462596727987e-04  4.128462596727987e-04  0
1.363511846586571e-06  3.835123134458914e-04  3.835123134458914e-04  3.835123134458914e-04  3.835123134458914e-04  0
1.494352025040251e-06  3.567334283137480e-04  3.567334283137480e-04  3.567334283137480e-04  3.567334283137480e-04  0
1.637747394958271e-06  3.286501794818372e-04  3.286501794818372e-04  3.286501794818372e-04  3.286501794818372e-04  0
1.794902730245474e-06  7.819544147611280e-04  7.819544147611280e-04  7.819544147611280e-04  7.819544147611280e-04  0
1.967138412773814e-06  7.281710079195760e-04  7.281710079195760e-04  7.281710079195760e-04  7.281710079195760e-04  0
2.155901525917820e-06  6.598447396217201e-04  6.598447396217201e-04  6.598447396217201e-04  6.598447396217201e-04  0
2.362778012606078e-06  5.814556896632661e-04  5.814556896632661e-04  5.814556896632661e-04  5.814556896632661e-04  0
2.589506000037746e-06  4.996295638692332e-04  4.996295638692332e-04  4.996295638692332e-04  4.996295638692332e-04  0
2.837990403015247e-06  1.128435618838076e-03  1.128435618838076e-03  1.128435618838076e-03  1.128435618838076e-03  0
3.110318928586858e-06  1.035858957243539e-03  1.035858957243539e-03  1.035858957243539e-03  1.035858957243539e-03  0
3.408779616466422e-06  9.615813991232119e-04  9.615813991232119e-04  9.615813991232119e-04  9.615813991232119e-04  0
3.735880062600621e-06  8.939489580714789e-04  8.939489580714789e-04  8.939489580714789e-04  8.939489580714789e-04  0
4.094368487395672e-06  8.233337974081212e-04  8.233337974081212e-04  8.233337974081212e-04  8.233337974081212e-04  0
4.487256825613684e-06  1.962653442555294e-03  1.962653442555294e-03  1.962653442555294e-03  1.962653442555294e-03  0
4.917846031934535e-06  1.827814403585887e-03  1.827814403585887e-03  1.827814403585887e-03  1.827814403585887e-03  0
5.389753814794551e-06  1.656797177969057e-03  1.656797177969057e-03  1.656797177969057e-03  1.656797177969057e-03  0
5.906945031515196e-06  1.460433790990951e-03  1.460433790990951e-03  1.460433790990951e-03  1.460433790990951e-03  0
6.473765000094365e-06  1.255145456871599e-03  1.255145456871599e-03  1.255145456871599e-03  1.255145456871599e-03  0
7.094976007538116e-06  2.846508600501277e-03  2.846508600501277e-03  2.846508600501277e-03  2.846508600501277e-03  0
7.775797321467145e-06  2.609479293280652e-03  2.609479293280652e-03  2.609479293280652e-03  2.609479293280652e-03  0
8.521949041166055e-06  2.418824348745646e-03  2.418824348745646e-03  2.418824348745646e-03  2.418824348745646e-03  0
9.339700156501553e-06  2.246122739576268e-03  2.246122739576268e-03  2.246122739576268e-03  2.246122739576268e-03  0
1.023592121848918e-05  2.067434696122302e-03  2.067434696122302e-03  2.067434696122302e-03  2.067434696122302e-03  0
1.121814206403421e-05  4.946826707665476e-03  4.946826707665476e-03  4.946826707665476e-03  4.946826707665476e-03  0
1.229461507983634e-05  4.607860352598553e-03  4.607860352598553e-03  4.607860352598553e-03  4.607860352598553e-03  0
1.347438453698638e-05  4.179457841003940e-03  4.179457841003940e-03  4.179457841003940e-03  4.179457841003940e-03  0
1.476736257878799e-05  3.686715756089729e-03  3.686715756089729e-03  3.686715756089729e-03  3.686715756089729e-03  0
1.618441250023591e-05  3.169881605945609e-03  3.169881605945609e-03  3.169881605945609e-03  3.169881605945609e-03  0
1.773744001884529e-05  7.247461895039446e-03  7.247461895039446e-03  7.247461895039446e-03  7.247461895039446e-03  0
1.943949330366786e-05  6.626364190900600e-03  6.626364190900600e-03  6.626364190900600e-03  6.626364190900600e-03  0
2.130487260291513e-05  6.124137761127760e-03  6.124137761127760e-03  6.124137761127760e-03  6.124137761127760e-03  0
2.334925039125388e-05  5.673599506893512e-03  5.673599506893512e-03  5.673599506893512e-03  5.673599506893512e-03  0
2.558980304622295e-05  5.215712686997708e-03  5.215712686997708e-03  5.215712686997708e-03  5.215712686997708e-03  0
2.804535516008553e-05  1.256978158888316e-02  1.256978158888316e-02  1.256978158888316e-02  1.256978158888316e-02  0
3.073653769959084e-05  1.171333309009532e-02  1.171333309009532e-02  1.171333309009532e-02  1.171333309009532e-02  0
3.368596134246595e-05  1.063907841281892e-02  1.063907841281892e-02  1.063907841281892e-02  1.063907841281892e-02  0
3.691840644696997e-05  9.399201468537302e-03  9.399201468537302e-03  9.399201468537302e-03  9.399201468537302e-03  0
4.046103125058979e-05  8.089773587010534e-03  8.089773587010534e-03  8.089773587010534e-03  8.089773587010534e-03  0
4.434360004711322e-05  1.878075957158394e-02  1.878075957158394e-02  1.878075957158394e-02  1.878075957158394e-02  0
4.859873325916965e-05  1.708628957410880e-02  1.708628957410880e-02  1.708628957410880e-02  1.708628957410880e-02  0
5.326218150728784e-05  1.570164686573296e-02  1.570164686573296e-02  1.570164686573296e-02  1.570164686573296e-02  0
5.837312597813469e-05  1.447963913629282e-02  1.447963913629282e-02  1.447963913629282e-02  1.447963913629282e-02  0
6.397450761555736e-05  1.327780342031574e-02  1.327780342031574e-02  1.327780342031574e-02  1.327780342031574e-02  0
7.011338790021382e-05  3.242450558257914e-02  3.242450558257914e-02  3.242450558257914e-02  3.242450558257914e-02  0
7.684134424897711e-05  3.023813303026091e-02  3.023813303026091e-02  3.023813303026091e-02  3.023813303026091e-02  0
8.421490335616486e-05  2.754137294692060e-02  2.754137294692060e-02  2.754137294692060e-02  2.754137294692060e-02  0
9.229601611742493e-05  2.440930334525926e-02  2.440930334525926e-02  2.440930334525926e-02  2.440930334525926e-02  0
1.011525781264745e-04  2.105630836628637e-02  2.105630836628637e-02  2.105630836628637e-02  2.105630836628637e-02  0
1.108590001177830e-04  5.022949875176626e-02  5.022949875176626e-02  5.022949875176626e-02  5.022949875176626e-02  0
1.214968331479241e-04  4.531032151831765e-02  4.531032151831765e-02  4.531032151831765e-02  4.531032151831765e-02  0
1.331554537682196e-04  4.121196435675284e-02  4.121196435675284e-02  4.121196435675284e-02  4.121196435675284e-02  0
1.459328149453367e-04  3.767669411125558e-02  3.767669411125558e-02  3.767669411125558e-02  3.767669411125558e-02  0
1.599362690388934e-04  3.438119567751792e-02  3.438119567751792e-02  3.438119567751792e-02  3.438119567751792e-02  0
1.752834697505346e-04  8.599596436256987e-02  8.599596436256987e-02  8.599596436256987e-02  8.599596436256987e-02  0
1.921033606224428e-04  8.025022379242601e-02  8.025022379242601e-02  8.025022379242601e-02  8.025022379242601e-02  0
2.105372583904122e-04  7.344630262416103e-02  7.344630262416103e-02  7.344630262416103e-02  7.344630262416103e-02  0
2.307400402935623e-04  6.548455915208995e-02  6.548455915208995e-02  6.548455915208995e-02  6.548455915208995e-02  0
2.528814453161862e-04  5.675138615831955e-02  5.675138615831955e-02  5.675138615831955e-02  5.675138615831955e-02  0
2.771475002944577e-04  1.419700394797335e-01  1.419700394797335e-01  1.419700394797335e-01  1.419700394797335e-01  0
3.037420828698103e-04  1.264201172709450e-01  1.264201172709450e-01  1.264201172709450e-01  1.264201172709450e-01  0
3.328886344205490e-04  1.130269569866297e-01  1.130269569866297e-01  1.130269569866297e-01  1.130269569866297e-01  0
3.648320373633419e-04  1.017300158990364e-01  1.017300158990364e-01  1.017300158990364e-01  1.017300158990364e-01  0
3.998406725972335e-04  9.193807712963940e-02  9.193807712963940e-02  9.193807712963940e-02  9.193807712963940e-02  0
4.382086743763364e-04  2.430855644614405e-01  2.430855644614405e-01  2.430855644614405e-01  2.430855644614405e-01  0
4.802584015561070e-04  2.254568868735186e-01  2.254568868735186e-01  2.254568868735186e-01  2.254568868735186e-01  0
5.263431459760304e-04  2.070955101703831e-01  2.070955101703831e-01  2.070955101703831e-01  2.070955101703831e-01  0
5.768501007339059e-04  1.861323898911289e-01  1.861323898911289e-01  1.861323898911289e-01  1.861323898911289e-01  0
6.322036132904654e-04  1.625290290435299e-01  1.625290290435299e-01  1.625290290435299e-01  1.625290290435299e-01  0
6.928687507361442e-04  4.484274245368064e-01  4.484274245368064e-01  4.484274245368064e-01  4.484274245368064e-01  0
7.593552071745259e-04  3.928435936078929e-01  3.928435936078929e-01  3.928435936078929e-01  3.928435936078929e-01  0
8.322215860513725e-04  3.420874375442770e-01  3.420874375442770e-01  3.420874375442770e-01  3.420874375442770e-01  0
9.120800934083548e-04  2.993002803310836e-01  2.993002803310836e-01  2.993002803310836e-01  2.993002803310836e-01  0
9.996016814930839e-04  2.646337631135765e-01  2.646337631135765e-01  2.646337631135765e-01  2.646337631135765e-01  0
1.095521685940841e-03  8.464536898061041e-01  8.464536898061041e-01  8.464536898061041e-01  8.464536898061041e-01  0
1.200646003890267e-03  7.518385161481187e-01  7.518385161481187e-01  7.518385161481187e-01  7.518385161481187e-01  0
1.315857864940076e-03  6.756037067818838e-01  6.756037067818838e-01  6.756037067818838e-01  6.756037067818838e-01  0
1.442125251834764e-03  6.039505943875449e-01  6.039505943875449e-01  6.039505943875449e-01  6.039505943875449e-01  0
1.580509033226163e-03  5.288560161063532e-01  5.288560161063532e-01  5.288560161063532e-01  5.288560161063532e-01  0
1.732171876840360e-03  2.008738899369204e+00  2.008738899369204e+00  2.008738899369204e+00  2.008738899369204e+00  0
1.898388017936315e-03  1.706207128460311e+00  1.706207128460311e+00  1.706207128460311e+00  1.706207128460311e+00  0
2.080553965128431e-03  1.425349277605000e+00  1.425349277605000e+00  1.425349277605000e+00  1.425349277605000e+00  0
2.280200233520887e-03  1.182654049107064e+00  1.182654049107064e+00  1.182654049107064e+00  1.182654049107064e+00  0
2.499004203732710e-03  9.871778366771219e-01  9.871778366771219e-01  9.871778366771219e-01  9.871778366771219e-01  0
2.738804214852102e-03  4.003115934223625e+00  4.003115934223625e+00  4.003115934223625e+00  4.003115934223625e+00  0
3.001615009725668e-03  3.588671942616390e+00  3.588671942616390e+00  3.588671942616390e+00  3.588671942616390e+00  0
3.289644662350189e-03  3.182447664639065e+00  3.182447664639065e+00  3.182447664639065e+00  3.182447664639065e+00  0
3.605313129586911e-03  2.797805465426177e+00  2.797805465426177e+00  2.797805465426177e+00  2.797805465426177e+00  0
3.951272583065408e-03  2.427494940525204e+00  2.427494940525204e+00  2.427494940525204e+00  2.427494940525204e+00  0
4.330429692100900e-03  4.601244862212459e+00  4.601244862212459e+00  4.601244862212459e+00  4.601244862212459e+00  0
4.745970044840786e-03  4.861135996736912e+00  4.861135996736912e+00  4.861135996736912e+00  4.861135996736912e+00  0
5.201384912821078e-03  4.915731752856680e+00  4.915731752856680e+00  4.915731752856680e+00  4.915731752856680e+00  0
5.700500583802216e-03  4.763945571164069e+00  4.763945571164069e+00  4.763945571164069e+00  4.763945571164069e+00  0
6.247510509331773e-03  4.446879084808510e+00  4.446879084808510e+00  4.446879084808510e+00  4.446879084808510e+00  0
6.847010537130255e-03  2.205272188911781e+00  2.205272188911781e+00  2.205272188911781e+00  2.205272188911781e+00  0
7.504037524314169e-03  2.662396514878921e+00  2.662396514878921e+00  2.662396514878921e+00  2.662396514878921e+00  0
8.224111655875473e-03  3.167987123753583e+00  3.167987123753583e+00  3.167987123753583e+00  3.167987123753583e+00  0
9.013282823967277e-03  3.700471658078749e+00  3.700471658078749e+00  3.700471658078749e+00  3.700471658078749e+00  0
9.878181457663520e-03  4.208601015660877e+00  4.208601015660877e+00  4.208601015660877e+00  4.208601015660877e+00  0
1.082607423025225e-02  7.197394502233299e-01  7.197394502233299e-01  7.197394502233299e-01  7.197394502233299e-01  0
1.186492511210197e-02  9.199469394308819e-01  9.199469394308819e-01  9.199469394308819e-01  9.199469394308819e-01  0
1.300346228205270e-02  1.172054159929348e+00  1.172054159929348e+00  1.172054159929348e+00  1.172054159929348e+00  0
1.425125145950554e-02  1.472901555314297e+00  1.472901555314297e+00  1.472901555314297e+00  1.472901555314297e+00  0
1.561877627332943e-02  1.819920403880026e+00  1.819920403880026e+00  1.819920403880026e+00  1.819920403880026e+00  0
1.711752634282564e-02  4.725035084500459e-01  4.725035084500459e-01  4.725035084500459e-01  4.725035084500459e-01  0
1.876009381078543e-02  4.911033772757729e-01  4.911033772757729e-01  4.911033772757729e-01  4.911033772757729e-01  0
2.056027913968868e-02  5.145577653172735e-01  5.145577653172735e-01  5.145577653172735e-01  5.145577653172735e-01  0
2.253320705991819e-02  5.601534682018282e-01  5.601534682018282e-01  5.601534682018282e-01  5.601534682018282e-01  0
2.469545364415880e-02  6.458860230485013e-01  6.458860230485013e-01  6.458860230485013e-01  6.458860230485013e-01  0
2.706518557563063e-02  3.543137429602998e-01  3.543137429602998e-01  3.543137429602998e-01  3.543137429602998e-01  0
2.966231278025492e-02  3.856574494621142e-01  3.856574494621142e-01  3.856574494621142e-01  3.856574494621142e-01  0
3.250865570513174e-02  4.194031473053090e-01  4.194031473053090e-01  4.194031473053090e-01  4.194031473053090e-01  0
3.562812864876386e-02  4.502636985315787e-01  4.502636985315787e-01  4.502636985315787e-01  4.502636985315787e-01  0
3.904694068332359e-02  4.729324432443208e-01  4.729324432443208e-01  4.729324432443208e-01  4.729324432443208e-01  0
4.279381585706410e-02  3.946173731356732e-01  3.946173731356732e-01  3.946173731356732e-01  3.946173731356732e-01  0
4.690023452696356e-02  4.144119334873269e-01  4.144119334873269e-01  4.144119334873269e-01  4.144119334873269e-01  0
5.140069784922172e-02  4.196694173562475e-01  4.196694173562475e-01  4.196694173562475e-01  4.196694173562475e-01  0
5.633301764979549e-02  4.175310106907836e-01  4.175310106907836e-01  4.175310106907836e-01  4.175310106907836e-01  0
6.173863411039700e-02  4.169354431867067e-01  4.169354431867067e-01  4.169354431867067e-01  4.169354431867067e-01  0
6.766296393907657e-02  6.067169945023698e-01  6.067169945023698e-01  6.067169945023698e-01  6.067169945023698e-01  0
7.415578195063728e-02  5.662801295161241e-01  5.662801295161241e-01  5.662801295161241e-01  5.662801295161241e-01  0
8.127163926282933e-02  5.277155024812936e-01  5.277155024812936e-01  5.277155024812936e-01  5.277155024812936e-01  0
8.907032162190963e-02  4.986464502287061e-01  4.986464502287061e-01  4.986464502287061e-01  4.986464502287061e-01  0
9.761735170830896e-02  4.793373786163836e-01  4.793373786163836e-01  4.793373786163836e-01  4.793373786163836e-01  0
1.069845396426603e-01  8.942851640458018e-01  8.942851640458018e-01  8.942851640458018e-01  8.942851640458018e-01  0
1.172505863174090e-01  9.423052282357819e-01  9.423052282357819e-01  9.423052282357819e-01  9.423052282357819e-01  0
1.285017446230543e-01  9.442255874716958e-01  9.442255874716958e-01  9.442255874716958e-01  9.442255874716958e-01  0
1.408325441244888e-01  9.032604235984268e-01  9.032604235984268e-01  9.032604235984268e-01  9.032604235984268e-01  0
1.543465852759926e-01  8.309297076155578e-01  8.309297076155578e-01  8.309297076155578e-01  8.309297076155578e-01  0
1.691574098476915e-01  9.121336763793269e-01  9.121336763793269e-01  9.121336763793269e-01  9.121336763793269e-01  0
1.853894548765933e-01  1.063506736923521e+00  1.063506736923521e+00  1.063506736923521e+00  1.063506736923521e+00  0
2.031790981570734e-01  1.178264865470591e+00  1.178264865470591e+00  1.178264865470591e+00  1.178264865470591e+00  0
2.226758040547742e-01  1.248322516788063e+00  1.248322516788063e+00  1.248322516788063e+00  1.248322516788063e+00  0
2.440433792707725e-01  1.272767099979951e+00  1.272767099979951e+00  1.272767099979951e+00  1.272767099979951e+00  0
2.674613491066507e-01  1.842513780889851e-01  1.842513780889851e-01  1.842513780889851e-01  1.842513780889851e-01  0
2.931264657935224e-01  2.840803220215847e-01  2.840803220215847e-01  2.840803220215847e-01  2.840803220215847e-01  0
3.212543615576358e-01  4.153114101728828e-01  4.153114101728828e-01  4.153114101728828e-01  4.153114101728828e-01  0
3.520813603112219e-01  5.730561819732001e-01  5.730561819732001e-01  5.730561819732001e-01  5.730561819732001e-01  0
3.858664631899814e-01  7.453805425341339e-01  7.453805425341339e-01  7.453805425341339e-01  7.453805425341339e-01  0
4.228935246192288e-01  4.394297351547796e-02  4.394297351547796e-02  4.394297351547796e-02  4.394297351547796e-02  0
4.634736371914833e-01  5.967515272028253e-02  5.967515272028253e-02  5.967515272028253e-02  5.967515272028253e-02  0
5.079477453926836e-01  7.991356159806806e-02  7.991356159806806e-02  7.991356159806806e-02  7.991356159806806e-02  0
5.566895101369356e-01  1.081269852949338e-01  1.081269852949338e-01  1.081269852949338e-01  1.081269852949338e-01  0
6.101084481769313e-01  1.501619790164270e-01  1.501619790164270e-01  1.501619790164270e-01  1.501619790164270e-01  0
6.686533727666268e-01  4.486513527960081e-03  4.486513527960081e-03  4.486513527960081e-03  4.486513527960081e-03  0
7.328161644838059e-01  8.056134464305781e-03  8.056134464305781e-03  8.056134464305781e-03  8.056134464305781e-03  0
8.031359038940896e-01  1.351536724111736e-02  1.351536724111736e-02  1.351536724111736e-02  1.351536724111736e-02  0
8.802034007780548e-01  2.121880565557250e-02  2.121880565557250e-02  2.121880565557250e-02  2.121880565557250e-02  0
9.646661579749536e-01  3.132362732749104e-02  3.132362732749104e-02  3.132362732749104e-02  3.132362732749104e-02  0
1.057233811548072e+00  1.047504625714657e-04  1.047504625714657e-04  1.047504625714657e-04  1.047504625714657e-04  0
1.158684092978708e+00  2.160625823044295e-04  2.160625823044295e-04  2.160625823044295e-04  2.160625823044295e-04  0
1.269869363481709e+00  4.521779984642368e-04  4.521779984642368e-04  4.521779984642368e-04  4.521779984642368e-04  0
1.391723775342339e+00  9.492659679675547e-04  9.492659679675547e-04  9.492659679675547e-04  9.492659679675547e-04  0
1.525271120442328e+00  1.962800971728952e-03  1.962800971728952e-03  1.962800971728952e-03  1.962800971728952e-03  0
