-1.832040411209515e+00  7.586280462361117e-04  7.586280462361117e-04  7.586280462361117e-04  7.586280462361117e-04  0
-1.671633431916567e+00  4.052642345411218e-04  4.052642345411218e-04  4.052642345411218e-04  4.052642345411218e-04  0
-1.525271120442328e+00  2.132372079553125e-04  2.132372079553125e-04  2.132372079553125e-04  2.132372079553125e-04  0
-1.391723775342339e+00  1.098641440855041e-04  1.098641440855041e-04  1.098641440855041e-04  1.098641440855041e-04  0
-1.269869363481709e+00  5.502379353223345e-05  5.502379353223345e-05  5.502379353223345e-05  5.502379353223345e-05  0
-1.158684092978708e+00  1.473213406054245e-02  1.473213406054245e-02  1.473213406054245e-02  1.473213406054245e-02  0
-1.057233811548072e+00  8.932517178652521e-03  8.932517178652521e-03  8.932517178652521e-03  8.932517178652521e-03  0
-9.646661579749534e-01  5.149010988301908e-03  5.149010988301908e-03  5.149010988301908e-03  5.149010988301908e-03  0
-8.802034007780547e-01  2.818978595526128e-03  2.818978595526128e-03  2.818978595526128e-03  2.818978595526128e-03  0
-8.031359038940895e-01  1.467598074571806e-03  1.467598074571806e-03  1.467598074571806e-03  1.467598074571806e-03  0
-7.328161644838057e-01  1.001659447495827e-01  1.001659447495827e-01  1.001659447495827e-01  1.001659447495827e-01  0
-6.686533727666266e-01  7.219353126897082e-02  7.219353126897082e-02  7.219353126897082e-02  7.219353126897082e-02  0
-6.101084481769311e-01  5.122008796136140e-02  5.122008796136140e-02  5.122008796136140e-02  5.122008796136140e-02  0
-5.566895101369354e-01  3.538611113889447e-02  3.538611113889447e-02  3.538611113889447e-02  3.538611113889447e-02  0
-5.079477453926834e-01  2.354377650966054e-02  2.354377650966054e-02  2.354377650966054e-02  2.354377650966054e-02  0
-4.634736371914831e-01  4.257082416887488e-01  4.257082416887488e-01  4.257082416887488e-01  4.257082416887488e-01  0
-4.228935246192287e-01  3.456832709132844e-01  3.456832709132844e-01  3.456832709132844e-01  3.456832709132844e-01  0
-3.858664631899813e-01  2.682975187160103e-01  2.682975187160103e-01  2.682975187160103e-01  2.682975187160103e-01  0
-3.520813603112218e-01  2.004478899441626e-01  2.004478899441626e-01  2.004478899441626e-01  2.004478899441626e-01  0
-3.212543615576358e-01  1.453764430426343e-01  1.453764430426343e-01  1.453764430426343e-01  1.453764430426343e-01  0
-2.931264657935223e-01  5.657876852106417e-01  5.657876852106417e-01  5.657876852106417e-01  5.657876852106417e-01  0
-2.674613491066506e-01  5.843215002921165e-01  5.843215002921165e-01  5.843215002921165e-01  5.843215002921165e-01  0
-2.440433792707724e-01  5.780319578173656e-01  5.780319578173656e-01  5.780319578173656e-01  5.780319578173656e-01  0
-2.226758040547742e-01  5.429038552811387e-01  5.429038552811387e-01  5.429038552811387e-01  5.429038552811387e-01  0
-2.031790981570734e-01  4.813150003239217e-01  4.813150003239217e-01  4.813150003239217e-01  4.813150003239217e-01  0
-1.853894548765933e-01  4.177688072076722e-01  4.177688072076722e-01  4.177688072076722e-01  4.177688072076722e-01  0
-1.691574098476915e-01  4.267538687544807e-01  4.267538687544807e-01  4.267538687544807e-01  4.267538687544807e-01  0
-1.543465852759925e-01  4.484843458302856e-01  4.484843458302856e-01  4.484843458302856e-01  4.484843458302856e-01  0
-1.408325441244888e-01  4.791821278917522e-01  4.791821278917522e-01  4.791821278917522e-01  4.791821278917522e-01  0
-1.285017446230543e-01  5.115202440205211e-01  5.115202440205211e-01  5.115202440205211e-01  5.115202440205211e-01  0
-1.172505863174089e-01  4.558822738797487e-01  4.558822738797487e-01  4.558822738797487e-01  4.558822738797487e-01  0
-1.069845396426603e-01  4.494004545798845e-01  4.494004545798845e-01  4.494004545798845e-01  4.494004545798845e-01  0
-9.761735170830897e-02  4.324823709239163e-01  4.324823709239163e-01  4.324823709239163e-01  4.324823709239163e-01  0
-8.907032162190966e-02  4.081786898012543e-01  4.081786898012543e-01  4.081786898012543e-01  4.081786898012543e-01  0
-8.127163926282936e-02  3.799712026284028e-01  3.799712026284028e-01  3.799712026284028e-01  3.799712026284028e-01  0
-7.415578195063730e-02  4.390211535992040e-01  4.390211535992040e-01  4.390211535992040e-01  4.390211535992040e-01  0
-6.766296393907659e-02  4.190337180175074e-01  4.190337180175074e-01  4.190337180175074e-01  4.190337180175074e-01  0
-6.173863411039701e-02  4.207691741837445e-01  4.207691741837445e-01  4.207691741837445e-01  4.207691741837445e-01  0
-5.633301764979549e-02  4.320639271195449e-01  4.320639271195449e-01  4.320639271195449e-01  4.320639271195449e-01  0
-5.140069784922172e-02  4.412803357437561e-01  4.412803357437561e-01  4.412803357437561e-01  4.412803357437561e-01  0
-4.690023452696357e-02  8.480796214515685e-01  8.480796214515685e-01  8.480796214515685e-01  8.480796214515685e-01  0
-4.279381585706411e-02  7.580723958921215e-01  7.580723958921215e-01  7.580723958921215e-01  7.580723958921215e-01  0
-3.904694068332359e-02  6.538901808227796e-01  6.538901808227796e-01  6.538901808227796e-01  6.538901808227796e-01  0
-3.562812864876386e-02  5.539829819491574e-01  5.539829819491574e-01  5.539829819491574e-01  5.539829819491574e-01  0
-3.250865570513174e-02  4.737462961596581e-01  4.737462961596581e-01  4.737462961596581e-01  4.737462961596581e-01  0
-2.966231278025492e-02  1.295256324063182e+00  1.295256324063182e+00  1.295256324063182e+00  1.295256324063182e+00  0
-2.706518557563063e-02  1.131828389576709e+00  1.131828389576709e+00  1.131828389576709e+00  1.131828389576709e+00  0
-2.469545364415880e-02  1.036934579242956e+00  1.036934579242956e+00  1.036934579242956e+00  1.036934579242956e+00  0
-2.253320705991820e-02  9.774828672651247e-01  9.774828672651247e-01  9.774828672651247e-01  9.774828672651247e-01  0
-2.056027913968869e-02  9.188280059504578e-01  9.188280059504578e-01  9.188280059504578e-01  9.188280059504578e-01  0
-1.876009381078543e-02  2.533255701185779e+00  2.533255701185779e+00  2.533255701185779e+00  2.533255701185779e+00  0
-1.711752634282564e-02  2.365435161508136e+00  2.365435161508136e+00  2.365435161508136e+00  2.365435161508136e+00  0
-1.561877627332944e-02  2.105723666348613e+00  2.105723666348613e+00  2.105723666348613e+00  2.105723666348613e+00  0
-1.425125145950554e-02  1.800239550541327e+00  1.800239550541327e+00  1.800239550541327e+00  1.800239550541327e+00  0
-1.300346228205270e-02  1.508537846800488e+00  1.508537846800488e+00  1.508537846800488e+00  1.508537846800488e+00  0
-1.186492511210197e-02  3.260757403255447e+00  3.260757403255447e+00  3.260757403255447e+00  3.260757403255447e+00  0
-1.082607423025225e-02  2.936398297892505e+00  2.936398297892505e+00  2.936398297892505e+00  2.936398297892505e+00  0
-9.878181457663521e-03  2.757472555123409e+00  2.757472555123409e+00  2.757472555123409e+00  2.757472555123409e+00  0
-9.013282823967279e-03  2.682926307464379e+00  2.682926307464379e+00  2.682926307464379e+00  2.682926307464379e+00  0
-8.224111655875475e-03  2.631145937428316e+00  2.631145937428316e+00  2.631145937428316e+00  2.631145937428316e+00  0
-7.504037524314171e-03  4.549466661293957e+00  4.549466661293957e+00  4.549466661293957e+00  4.549466661293957e+00  0
-6.847010537130257e-03  4.603509089328474e+00  4.603509089328474e+00  4.603509089328474e+00  4.603509089328474e+00  0
-6.247510509331774e-03  4.443487715925505e+00  4.443487715925505e+00  4.443487715925505e+00  4.443487715925505e+00  0
-5.700500583802218e-03  4.092752241854972e+00  4.092752241854972e+00  4.092752241854972e+00  4.092752241854972e+00  0
-5.201384912821079e-03  3.647053170898911e+00  3.647053170898911e+00  3.647053170898911e+00  3.647053170898911e+00  0
-4.745970044840788e-03  4.712518021389448e+00  4.712518021389448e+00  4.712518021389448e+00  4.712518021389448e+00  0
-4.330429692100902e-03  4.331530547508472e+00  4.331530547508472e+00  4.331530547508472e+00  4.331530547508472e+00  0
-3.951272583065410e-03  4.163595014740180e+00  4.163595014740180e+00  4.163595014740180e+00  4.163595014740180e+00  0
-3.605313129586913e-03  4.214903026307892e+00  4.214903026307892e+00  4.214903026307892e+00  4.214903026307892e+00  0
-3.289644662350191e-03  4.390840677944563e+00  4.390840677944563e+00  4.390840677944563e+00  4.390840677944563e+00  0
-3.001615009725671e-03  5.289437678093222e+00  5.289437678093222e+00  5.289437678093222e+00  5.289437678093222e+00  0
-2.738804214852105e-03  5.629433266252697e+00  5.629433266252697e+00  5.629433266252697e+00  5.629433266252697e+00  0
-2.499004203732712e-03  5.727161771897785e+00  5.727161771897785e+00  5.727161771897785e+00  5.727161771897785e+00  0
-2.280200233520889e-03  5.537643605386463e+00  5.537643605386463e+00  5.537643605386463e+00  5.537643605386463e+00  0
-2.080553965128434e-03  5.133448171065251e+00  5.133448171065251e+00  5.133448171065251e+00  5.133448171065251e+00  0
-1.898388017936316e-03  5.189796064939876e+00  5.189796064939876e+00  5.189796064939876e+00  5.189796064939876e+00  0
-1.732171876840362e-03  4.738172974951940e+00  4.738172974951940e+00  4.738172974951940e+00  4.738172974951940e+00  0
-1.580509033226165e-03  4.515649883824609e+00  4.515649883824609e+00  4.515649883824609e+00  4.515649883824609e+00  0
-1.442125251834766e-03  4.591128290949986e+00  4.591128290949986e+00  4.591128290949986e+00  4.591128290949986e+00  0
-1.315857864940077e-03  4.906798681469732e+00  4.906798681469732e+00  4.906798681469732e+00  4.906798681469732e+00  0
-1.200646003890268e-03  5.364159331204514e+00  5.364159331204514e+00  5.364159331204514e+00  5.364159331204514e+00  0
-1.095521685940842e-03  5.834943675573069e+00  5.834943675573069e+00  5.834943675573069e+00  5.834943675573069e+00  0
-9.996016814930845e-04  6.077868852740541e+00  6.077868852740541e+00  6.077868852740541e+00  6.077868852740541e+00  0
-9.120800934083555e-04  6.000092825510276e+00  6.000092825510276e+00  6.000092825510276e+00  6.000092825510276e+00  0
-8.322215860513732e-04  5.638786823699551e+00  5.638786823699551e+00  5.638786823699551e+00  5.638786823699551e+00  0
-7.593552071745265e-04  5.322518640432562e+00  5.322518640432562e+00  5.322518640432562e+00  5.322518640432562e+00  0
-6.928687507361448e-04  4.818721646202085e+00  4.818721646202085e+00  4.818721646202085e+00  4.818721646202085e+00  0
-6.322036132904660e-04  4.534381884189176e+00  4.534381884189176e+00  4.534381884189176e+00  4.534381884189176e+00  0
-5.768501007339063e-04  4.572984081446335e+00  4.572984081446335e+00  4.572984081446335e+00  4.572984081446335e+00  0
-5.263431459760308e-04  4.907738116755795e+00  4.907738116755795e+00  4.907738116755795e+00  4.907738116755795e+00  0
-4.802584015561073e-04  5.335101181676690e+00  5.335101181676690e+00  5.335101181676690e+00  5.335101181676690e+00  0
-4.382086743763368e-04  5.853869868147609e+00  5.853869868147609e+00  5.853869868147609e+00  5.853869868147609e+00  0
-3.998406725972339e-04  6.157669525685988e+00  6.157669525685988e+00  6.157669525685988e+00  6.157669525685988e+00  0
-3.648320373633422e-04  6.131304089661508e+00  6.131304089661508e+00  6.131304089661508e+00  6.131304089661508e+00  0
-3.328886344205493e-04  5.790855946074490e+00  5.790855946074490e+00  5.790855946074490e+00  5.790855946074490e+00  0
-3.037420828698106e-04  5.365251675561796e+00  5.365251675561796e+00  5.365251675561796e+00  5.365251675561796e+00  0
-2.771475002944579e-04  4.836368576691379e+00  4.836368576691379e+00  4.836368576691379e+00  4.836368576691379e+00  0
-2.528814453161864e-04  4.518600183424167e+00  4.518600183424167e+00  4.518600183424167e+00  4.518600183424167e+00  0
-2.307400402935626e-04  4.530061281665226e+00  4.530061281665226e+00  4.530061281665226e+00  4.530061281665226e+00  0
-2.105372583904124e-04  4.859110166202359e+00  4.859110166202359e+00  4.859110166202359e+00  4.859110166202359e+00  0
-1.921033606224429e-04  5.312910451965301e+00  5.312910451965301e+00  5.312910451965301e+00  5.312910451965301e+00  0
-1.752834697505347e-04  5.849540403592935e+00  5.849540403592935e+00  5.849540403592935e+00  5.849540403592935e+00  0
-1.599362690388935e-04  6.177776727023406e+00  6.177776727023406e+00  6.177776727023406e+00  6.177776727023406e+00  0
-1.459328149453369e-04  6.173170190345981e+00  6.173170190345981e+00  6.173170190345981e+00  6.173170190345981e+00  0
-1.331554537682197e-04  5.842208922764459e+00  5.842208922764459e+00  5.842208922764459e+00  5.842208922764459e+00  0
-1.214968331479242e-04  5.380837235782230e+00  5.380837235782230e+00  5.380837235782230e+00  5.380837235782230e+00  0
-1.108590001177832e-04  4.841327304773247e+00  4.841327304773247e+00  4.841327304773247e+00  4.841327304773247e+00  0
-1.011525781264745e-04  4.508764602695842e+00  4.508764602695842e+00  4.508764602695842e+00  4.508764602695842e+00  0
-9.229601611742502e-05  4.507143062401693e+00  4.507143062401693e+00  4.507143062401693e+00  4.507143062401693e+00  0
-8.421490335616494e-05  4.831259869137142e+00  4.831259869137142e+00  4.831259869137142e+00  4.831259869137142e+00  0
-7.684134424897716e-05  5.302362481679094e+00  5.302362481679094e+00  5.302362481679094e+00  5.302362481679094e+00  0
-7.011338790021387e-05  5.845885666477836e+00  5.845885666477836e+00  5.845885666477836e+00  5.845885666477836e+00  0
-6.397450761555741e-05  6.183889593961434e+00  6.183889593961434e+00  6.183889593961434e+00  6.183889593961434e+00  0
-5.837312597813476e-05  6.188196564606558e+00  6.188196564606558e+00  6.188196564606558e+00  6.188196564606558e+00  0
-5.326218150728788e-05  5.861283375534885e+00  5.861283375534885e+00  5.861283375534885e+00  5.861283375534885e+00  0
-4.859873325916970e-05  5.386913914784302e+00  5.386913914784302e+00  5.386913914784302e+00  5.386913914784302e+00  0
-4.434360004711327e-05  4.843061055933390e+00  4.843061055933390e+00  4.843061055933390e+00  4.843061055933390e+00  0
-4.046103125058982e-05  4.504352534582827e+00  4.504352534582827e+00  4.504352534582827e+00  4.504352534582827e+00  0
-3.691840644697001e-05  4.497132068448562e+00  4.497132068448562e+00  4.497132068448562e+00  4.497132068448562e+00  0
-3.368596134246598e-05  4.818826860554968e+00  4.818826860554968e+00  4.818826860554968e+00  4.818826860554968e+00  0
-3.073653769959087e-05  5.297946533226120e+00  5.297946533226120e+00  5.297946533226120e+00  5.297946533226120e+00  0
-2.804535516008556e-05  5.844191249556599e+00  5.844191249556599e+00  5.844191249556599e+00  5.844191249556599e+00  0
-2.558980304622297e-05  6.186103900559758e+00  6.186103900559758e+00  6.186103900559758e+00  6.186103900559758e+00  0
-2.334925039125391e-05  6.194011031816959e+00  6.194011031816959e+00  6.194011031816959e+00  6.194011031816959e+00  0
-2.130487260291516e-05  5.868758291440497e+00  5.868758291440497e+00  5.868758291440497e+00  5.868758291440497e+00  0
-1.943949330366788e-05  5.389395670733333e+00  5.389395670733333e+00  5.389395670733333e+00  5.389395670733333e+00  0
-1.773744001884531e-05  4.843783879051791e+00  4.843783879051791e+00  4.843783879051791e+00  4.843783879051791e+00  0
-1.618441250023593e-05  4.502576025316461e+00  4.502576025316461e+00  4.502576025316461e+00  4.502576025316461e+00  0
-1.476736257878800e-05  4.493056708410079e+00  4.493056708410079e+00  4.493056708410079e+00  4.493056708410079e+00  0
-1.347438453698639e-05  4.813713400426601e+00  4.813713400426601e+00  4.813713400426601e+00  4.813713400426601e+00  0
-1.229461507983635e-05  5.296222845893205e+00  5.296222845893205e+00  5.296222845893205e+00  5.296222845893205e+00  0
-1.121814206403422e-05  5.843557950331850e+00  5.843557950331850e+00  5.843557950331850e+00  5.843557950331850e+00  0
-1.023592121848919e-05  6.187039084514159e+00  6.187039084514159e+00  6.187039084514159e+00  6.187039084514159e+00  0
-9.339700156501563e-06  6.196392073076179e+00  6.196392073076179e+00  6.196392073076179e+00  6.196392073076179e+00  0
-8.521949041166063e-06  5.871805923913899e+00  5.871805923913899e+00  5.871805923913899e+00  5.871805923913899e+00  0
-7.775797321467151e-06  5.390472476135561e+00  5.390472476135561e+00  5.390472476135561e+00  5.390472476135561e+00  0
-7.094976007538122e-06  4.844145954929816e+00  4.844145954929816e+00  4.844145954929816e+00  4.844145954929816e+00  0
-6.473765000094370e-06  4.501926972140012e+00  4.501926972140012e+00  4.501926972140012e+00  4.501926972140012e+00  0
-5.906945031515201e-06  4.491478405466742e+00  4.491478405466742e+00  4.491478405466742e+00  4.491478405466742e+00  0
-5.389753814794556e-06  4.811713123169389e+00  4.811713123169389e+00  4.811713123169389e+00  4.811713123169389e+00  0
-4.917846031934539e-06  5.295614725741859e+00  5.295614725741859e+00  5.295614725741859e+00  5.295614725741859e+00  0
-4.487256825613690e-06  5.843393976284774e+00  5.843393976284774e+00  5.843393976284774e+00  5.843393976284774e+00  0
-4.094368487395675e-06  6.187508152245594e+00  6.187508152245594e+00  6.187508152245594e+00  6.187508152245594e+00  0
-3.735880062600625e-06  6.197440566509279e+00  6.197440566509279e+00  6.197440566509279e+00  6.197440566509279e+00  0
-3.408779616466425e-06  5.873116899161122e+00  5.873116899161122e+00  5.873116899161122e+00  5.873116899161122e+00  0
-3.110318928586861e-06  5.390992593419848e+00  5.390992593419848e+00  5.390992593419848e+00  5.390992593419848e+00  0
-2.837990403015249e-06  4.844370689132184e+00  4.844370689132184e+00  4.844370689132184e+00  4.844370689132184e+00  0
-2.589506000037748e-06  4.501740592454553e+00  4.501740592454553e+00  4.501740592454553e+00  4.501740592454553e+00  0
-2.362778012606080e-06  4.490918602758091e+00  4.490918602758091e+00  4.490918602758091e+00  4.490918602758091e+00  0
-2.155901525917822e-06  4.810987942899120e+00  4.810987942899120e+00  4.810987942899120e+00  4.810987942899120e+00  0
-1.967138412773816e-06  5.295459071476141e+00  5.295459071476141e+00  5.295459071476141e+00  5.295459071476141e+00  0
-1.794902730245476e-06  5.843424979971821e+00  5.843424979971821e+00  5.843424979971821e+00  5.843424979971821e+00  0
-1.637747394958270e-06  6.187798131995173e+00  6.187798131995173e+00  6.187798131995173e+00  6.187798131995173e+00  0
-1.494352025040250e-06  6.197962637975141e+00  6.197962637975141e+00  6.197962637975141e+00  6.197962637975141e+00  0
-1.363511846586570e-06  5.873738734009870e+00  5.873738734009870e+00  5.873738734009870e+00  5.873738734009870e+00  0
-1.244127571434744e-06  5.391290888054982e+00  5.391290888054982e+00  5.391290888054982e+00  5.391290888054982e+00  0
-1.135196161206100e-06  4.844541607205088e+00  4.844541607205088e+00  4.844541607205088e+00  4.844541607205088e+00  0
-1.035802400015099e-06  4.501741165491749e+00  4.501741165491749e+00  4.501741165491749e+00  4.501741165491749e+00  0
-9.451112050424321e-07  4.490769371309694e+00  4.490769371309694e+00  4.490769371309694e+00  4.490769371309694e+00  0
-8.623606103671289e-07  4.810777610515657e+00  4.810777610515657e+00  4.810777610515657e+00  4.810777610515657e+00  0
-7.868553651095264e-07  5.295485413140574e+00  5.295485413140574e+00  5.295485413140574e+00  5.295485413140574e+00  0
-7.179610920981903e-07  5.843535145858215e+00  5.843535145858215e+00  5.843535145858215e+00  5.843535145858215e+00  0
-6.550989579833081e-07  6.188017663896851e+00  6.188017663896851e+00  6.188017663896851e+00  6.188017663896851e+00  0
-5.977408100161000e-07  6.198275203226384e+00  6.198275203226384e+00  6.198275203226384e+00  6.198275203226384e+00  0
-5.454047386346280e-07  5.874085799419958e+00  5.874085799419958e+00  5.874085799419958e+00  5.874085799419958e+00  0
-4.976510285738977e-07  5.391500591847563e+00  5.391500591847563e+00  5.391500591847563e+00  5.391500591847563e+00  0
-4.540784644824398e-07  4.844691181042377e+00  4.844691181042377e+00  4.844691181042377e+00  4.844691181042377e+00  0
-4.143209600060397e-07  4.501816825891231e+00  4.501816825891231e+00  4.501816825891231e+00  4.501816825891231e+00  0
-3.780444820169729e-07  4.490784883179916e+00  4.490784883179916e+00  4.490784883179916e+00  4.490784883179916e+00  0
-3.449442441468515e-07  4.810773996496515e+00  4.810773996496515e+00  4.810773996496515e+00  4.810773996496515e+00  0
-3.147421460438105e-07  5.295584718377294e+00  5.295584718377294e+00  5.295584718377294e+00  5.295584718377294e+00  0
-2.871844368392761e-07  5.843677166854228e+00  5.843677166854228e+00  5.843677166854228e+00  5.843677166854228e+00  0
-2.620395831933232e-07  6.188209207609971e+00  6.188209207609971e+00  6.188209207609971e+00  6.188209207609971e+00  0
-2.390963240064400e-07  6.198504133745981e+00  6.198504133745981e+00  6.198504133745981e+00  6.198504133745981e+00  0
-2.181618954538512e-07  5.874323091590199e+00  5.874323091590199e+00  5.874323091590199e+00  5.874323091590199e+00  0
-1.990604114295591e-07  5.391674883520653e+00  5.391674883520653e+00  5.391674883520653e+00  5.391674883520653e+00  0
-1.816313857929760e-07  4.844832248601996e+00  4.844832248601996e+00  4.844832248601996e+00  4.844832248601996e+00  0
-1.657283840024159e-07  4.501922572964490e+00  4.501922572964490e+00  4.501922572964490e+00  4.501922572964490e+00  0
-1.512177928067892e-07  4.490866378070853e+00  4.490866378070853e+00  4.490866378070853e+00  4.490866378070853e+00  0
-1.379776976587407e-07  4.810853198284264e+00  4.810853198284264e+00  4.810853198284264e+00  4.810853198284264e+00  0
-1.258968584175242e-07  5.295713237929714e+00  5.295713237929714e+00  5.295713237929714e+00  5.295713237929714e+00  0
-1.148737747357105e-07  5.843831961593178e+00  5.843831961593178e+00  5.843831961593178e+00  5.843831961593178e+00  0
-1.048158332773293e-07  6.188389584817322e+00  6.188389584817322e+00  6.188389584817322e+00  6.188389584817322e+00  0
-9.563852960257600e-08  6.198699629118261e+00  6.198699629118261e+00  6.198699629118261e+00  6.198699629118261e+00  0
-8.726475818154049e-08  5.874516476158936e+00  5.874516476158936e+00  5.874516476158936e+00  5.874516476158936e+00  0
-7.962416457182364e-08  5.391835015870740e+00  5.391835015870740e+00  5.391835015870740e+00  5.391835015870740e+00  0
-7.265255431719039e-08  4.844969920412055e+00  4.844969920412055e+00  4.844969920412055e+00  4.844969920412055e+00  0
-6.629135360096636e-08  4.502040364976136e+00  4.502040364976136e+00  4.502040364976136e+00  4.502040364976136e+00  0
-6.048711712271566e-08  4.490974282244708e+00  4.490974282244708e+00  4.490974282244708e+00  4.490974282244708e+00  0
-5.519107906349626e-08  4.810965549676649e+00  4.810965549676649e+00  4.810965549676649e+00  4.810965549676649e+00  0
-5.035874336700968e-08  5.295853447996655e+00  5.295853447996655e+00  5.295853447996655e+00  5.295853447996655e+00  0
-4.594950989428418e-08  5.843991868063644e+00  5.843991868063644e+00  5.843991868063644e+00  5.843991868063644e+00  0
-4.192633331093172e-08  6.188565490081587e+00  6.188565490081587e+00  6.188565490081587e+00  6.188565490081587e+00  0
-3.825541184103040e-08  6.198881728531641e+00  6.198881728531641e+00  6.198881728531641e+00  6.198881728531641e+00  0
-3.490590327261619e-08  5.874692244513061e+00  5.874692244513061e+00  5.874692244513061e+00  5.874692244513061e+00  0
-3.184966582872946e-08  5.391989486501521e+00  5.391989486501521e+00  5.391989486501521e+00  5.391989486501521e+00  0
-2.906102172687616e-08  4.845106236158050e+00  4.845106236158050e+00  4.845106236158050e+00  4.845106236158050e+00  0
-2.651654144038655e-08  4.502162977828684e+00  4.502162977828684e+00  4.502162977828684e+00  4.502162977828684e+00  0
-2.419484684908627e-08  4.491092754025608e+00  4.491092754025608e+00  4.491092754025608e+00  4.491092754025608e+00  0
-2.207643162539851e-08  4.811091166053632e+00  4.811091166053632e+00  4.811091166053632e+00  4.811091166053632e+00  0
-2.014349734680388e-08  5.295998331487994e+00  5.295998331487994e+00  5.295998331487994e+00  5.295998331487994e+00  0
-1.837980395771367e-08  5.844153808512043e+00  5.844153808512043e+00  5.844153808512043e+00  5.844153808512043e+00  0
-1.677053332437269e-08  6.188739577130537e+00  6.188739577130537e+00  6.188739577130537e+00  6.188739577130537e+00  0
-1.530216473641216e-08  6.199058400578876e+00  6.199058400578876e+00  6.199058400578876e+00  6.199058400578876e+00  0
-1.396236130904648e-08  5.874860821648193e+00  5.874860821648193e+00  5.874860821648193e+00  5.874860821648193e+00  0
-1.273986633149178e-08  5.392141692850216e+00  5.392141692850216e+00  5.392141692850216e+00  5.392141692850216e+00  0
-1.162440869075046e-08  4.845242009892473e+00  4.845242009892473e+00  4.845242009892473e+00  4.845242009892473e+00  0
-1.060661657615462e-08  4.502287519495396e+00  4.502287519495396e+00  4.502287519495396e+00  4.502287519495396e+00  0
-9.677938739634506e-09  4.491215453429291e+00  4.491215453429291e+00  4.491215453429291e+00  4.491215453429291e+00  0
-8.830572650159401e-09  4.811222089114029e+00  4.811222089114029e+00  4.811222089114029e+00  4.811222089114029e+00  0
-8.057398938721549e-09  5.296145073265429e+00  5.296145073265429e+00  5.296145073265429e+00  5.296145073265429e+00  0
-7.351921583085468e-09  5.844316531135947e+00  5.844316531135947e+00  5.844316531135947e+00  5.844316531135947e+00  0
-6.708213329749074e-09  6.188912858563047e+00  6.188912858563047e+00  6.188912858563047e+00  6.188912858563047e+00  0
-6.120865894564863e-09  6.199232724850487e+00  6.199232724850487e+00  6.199232724850487e+00  6.199232724850487e+00  0
-5.584944523618591e-09  5.875026156816943e+00  5.875026156816943e+00  5.875026156816943e+00  5.875026156816943e+00  0
-5.095946532596712e-09  5.392292990606982e+00  5.392292990606982e+00  5.392292990606982e+00  5.392292990606982e+00  0
-4.649763476300184e-09  4.845377564677564e+00  4.845377564677564e+00  4.845377564677564e+00  4.845377564677564e+00  0
-4.242646630461847e-09  4.502412831109974e+00  4.502412831109974e+00  4.502412831109974e+00  4.502412831109974e+00  0
-3.871175495853802e-09  4.491339842589114e+00  4.491339842589114e+00  4.491339842589114e+00  4.491339842589114e+00  0
-3.532229060063760e-09  4.811355133544672e+00  4.811355133544672e+00  4.811355133544672e+00  4.811355133544672e+00  0
-3.222959575488619e-09  5.296292524070033e+00  5.296292524070033e+00  5.296292524070033e+00  5.296292524070033e+00  0
-2.940768633234187e-09  5.844479479350028e+00  5.844479479350028e+00  5.844479479350028e+00  5.844479479350028e+00  0
-2.683285331899630e-09  6.189085608827160e+00  6.189085608827160e+00  6.189085608827160e+00  6.189085608827160e+00  0
-2.448346357825945e-09  6.199405645967716e+00  6.199405645967716e+00  6.199405645967716e+00  6.199405645967716e+00  0
-2.233977809447436e-09  5.875189242360050e+00  5.875189242360050e+00  5.875189242360050e+00  5.875189242360050e+00  0
-2.038378613038685e-09  5.392443912694683e+00  5.392443912694683e+00  5.392443912694683e+00  5.392443912694683e+00  0
-1.859905390520073e-09  4.845513022503573e+00  4.845513022503573e+00  4.845513022503573e+00  4.845513022503573e+00  0
-1.697058652184739e-09  4.502538443780889e+00  4.502538443780889e+00  4.502538443780889e+00  4.502538443780889e+00  0
-1.548470198341521e-09  4.491464902393047e+00  4.491464902393047e+00  4.491464902393047e+00  4.491464902393047e+00  0
-1.412891624025504e-09  4.811489022070798e+00  4.811489022070798e+00  4.811489022070798e+00  4.811489022070798e+00  0
-1.289183830195448e-09  5.296440134015845e+00  5.296440134015845e+00  5.296440134015845e+00  5.296440134015845e+00  0
-1.176307453293675e-09  5.844642204345680e+00  5.844642204345680e+00  5.844642204345680e+00  5.844642204345680e+00  0
-1.073314132759852e-09  6.189257400564707e+00  6.189257400564707e+00  6.189257400564707e+00  6.189257400564707e+00  0
-9.793385431303781e-10  6.199576353128472e+00  6.199576353128472e+00  6.199576353128472e+00  6.199576353128472e+00  0
-8.935911237789746e-10  5.875348038360299e+00  5.875348038360299e+00  5.875348038360299e+00  5.875348038360299e+00  0
-8.153514452154740e-10  5.392594650078951e+00  5.392594650078951e+00  5.392594650078951e+00  5.392594650078951e+00  0
-7.439621562080295e-10  4.845648420714397e+00  4.845648420714397e+00  4.845648420714397e+00  4.845648420714397e+00  0
-6.788234608738956e-10  4.502664170312483e+00  4.502664170312483e+00  4.502664170312483e+00  4.502664170312483e+00  0
-6.193880793366084e-10  4.491590237409556e+00  4.491590237409556e+00  4.491590237409556e+00  4.491590237409556e+00  0
-5.651566496102017e-10  4.811623267032980e+00  4.811623267032980e+00  4.811623267032980e+00  4.811623267032980e+00  0
-5.156735320781790e-10  5.296586358234885e+00  5.296586358234885e+00  5.296586358234885e+00  5.296586358234885e+00  0
-4.705229813174699e-10  5.844801091076501e+00  5.844801091076501e+00  5.844801091076501e+00  5.844801091076501e+00  0
-4.293256531039407e-10  6.189419822494783e+00  6.189419822494783e+00  6.189419822494783e+00  6.189419822494783e+00  0
-3.917354172521512e-10  6.199726228472997e+00  6.199726228472997e+00  6.199726228472997e+00  6.199726228472997e+00  0
-3.574364495115897e-10  5.875464184608918e+00  5.875464184608918e+00  5.875464184608918e+00  5.875464184608918e+00  0
-3.261405780861896e-10  5.392745333994385e+00  5.392745333994385e+00  5.392745333994385e+00  5.392745333994385e+00  0
-2.975848624832118e-10  4.845783950540444e+00  4.845783950540444e+00  4.845783950540444e+00  4.845783950540444e+00  0
-2.715293843495581e-10  4.502790267217959e+00  4.502790267217959e+00  4.502790267217959e+00  4.502790267217959e+00  0
-2.477552317346433e-10  4.491716203203923e+00  4.491716203203923e+00  4.491716203203923e+00  4.491716203203923e+00  0
-2.260626598440806e-10  4.811758382133412e+00  4.811758382133412e+00  4.811758382133412e+00  4.811758382133412e+00  0
2.260626598440806e-10  4.811758369840568e+00  4.811758369840568e+00  4.811758369840568e+00  4.811758369840568e+00  0
2.477552317346433e-10  4.491716193096015e+00  4.491716193096015e+00  4.491716193096015e+00  4.491716193096015e+00  0
2.715293843495581e-10  4.502790258675673e+00  4.502790258675673e+00  4.502790258675673e+00  4.502790258675673e+00  0
2.975848624832118e-10  4.845783942815747e+00  4.845783942815747e+00  4.845783942815747e+00  4.845783942815747e+00  0
3.261405780861896e-10  5.392745326474038e+00  5.392745326474038e+00  5.392745326474038e+00  5.392745326474038e+00  0
3.574364495115897e-10  5.875464165720362e+00  5.875464165720362e+00  5.875464165720362e+00  5.875464165720362e+00  0
3.917354172521512e-10  6.199726209453918e+00  6.199726209453918e+00  6.199726209453918e+00  6.199726209453918e+00  0
4.293256531039407e-10  6.189419804050595e+00  6.189419804050595e+00  6.189419804050595e+00  6.189419804050595e+00  0
4.705229813174699e-10  5.844801074133708e+00  5.844801074133708e+00  5.844801074133708e+00  5.844801074133708e+00  0
5.156735320781790e-10  5.296586343525358e+00  5.296586343525358e+00  5.296586343525358e+00  5.296586343525358e+00  0
5.651566496102017e-10  4.811623236301680e+00  4.811623236301680e+00  4.811623236301680e+00  4.811623236301680e+00  0
6.193880793366084e-10  4.491590212140439e+00  4.491590212140439e+00  4.491590212140439e+00  4.491590212140439e+00  0
6.788234608738956e-10  4.502664148957312e+00  4.502664148957312e+00  4.502664148957312e+00  4.502664148957312e+00  0
7.439621562080295e-10  4.845648401403139e+00  4.845648401403139e+00  4.845648401403139e+00  4.845648401403139e+00  0
8.153514452154740e-10  5.392594631278543e+00  5.392594631278543e+00  5.392594631278543e+00  5.392594631278543e+00  0
8.935911237789746e-10  5.875347991139265e+00  5.875347991139265e+00  5.875347991139265e+00  5.875347991139265e+00  0
9.793385431303781e-10  6.199576305581589e+00  6.199576305581589e+00  6.199576305581589e+00  6.199576305581589e+00  0
1.073314132759852e-09  6.189257354455252e+00  6.189257354455252e+00  6.189257354455252e+00  6.189257354455252e+00  0
1.176307453293675e-09  5.844642161989730e+00  5.844642161989730e+00  5.844642161989730e+00  5.844642161989730e+00  0
1.289183830195448e-09  5.296440097242966e+00  5.296440097242966e+00  5.296440097242966e+00  5.296440097242966e+00  0
1.412891624025504e-09  4.811488945244523e+00  4.811488945244523e+00  4.811488945244523e+00  4.811488945244523e+00  0
1.548470198341521e-09  4.491464839221901e+00  4.491464839221901e+00  4.491464839221901e+00  4.491464839221901e+00  0
1.697058652184739e-09  4.502538390394351e+00  4.502538390394351e+00  4.502538390394351e+00  4.502538390394351e+00  0
1.859905390520073e-09  4.845512974226674e+00  4.845512974226674e+00  4.845512974226674e+00  4.845512974226674e+00  0
2.038378613038685e-09  5.392443865694881e+00  5.392443865694881e+00  5.392443865694881e+00  5.392443865694881e+00  0
2.233977809447436e-09  5.875189124310269e+00  5.875189124310269e+00  5.875189124310269e+00  5.875189124310269e+00  0
2.448346357825945e-09  6.199405527103484e+00  6.199405527103484e+00  6.199405527103484e+00  6.199405527103484e+00  0
2.683285331899630e-09  6.189085493556469e+00  6.189085493556469e+00  6.189085493556469e+00  6.189085493556469e+00  0
2.940768633234187e-09  5.844479373462883e+00  5.844479373462883e+00  5.844479373462883e+00  5.844479373462883e+00  0
3.222959575488619e-09  5.296292432140235e+00  5.296292432140235e+00  5.296292432140235e+00  5.296292432140235e+00  0
3.532229060063760e-09  4.811354941484052e+00  4.811354941484052e+00  4.811354941484052e+00  4.811354941484052e+00  0
3.871175495853802e-09  4.491339684665396e+00  4.491339684665396e+00  4.491339684665396e+00  4.491339684665396e+00  0
4.242646630461847e-09  4.502412697647137e+00  4.502412697647137e+00  4.502412697647137e+00  4.502412697647137e+00  0
4.649763476300184e-09  4.845377443988493e+00  4.845377443988493e+00  4.845377443988493e+00  4.845377443988493e+00  0
5.095946532596712e-09  5.392292873110557e+00  5.392292873110557e+00  5.392292873110557e+00  5.392292873110557e+00  0
5.584944523618591e-09  5.875025861700111e+00  5.875025861700111e+00  5.875025861700111e+00  5.875025861700111e+00  0
6.120865894564863e-09  6.199232427697680e+00  6.199232427697680e+00  6.199232427697680e+00  6.199232427697680e+00  0
6.708213329749074e-09  6.188912570393914e+00  6.188912570393914e+00  6.188912570393914e+00  6.188912570393914e+00  0
7.351921583085468e-09  5.844316266425068e+00  5.844316266425068e+00  5.844316266425068e+00  5.844316266425068e+00  0
8.057398938721549e-09  5.296144843446966e+00  5.296144843446966e+00  5.296144843446966e+00  5.296144843446966e+00  0
8.830572650159401e-09  4.811221608974998e+00  4.811221608974998e+00  4.811221608974998e+00  4.811221608974998e+00  0
9.677938739634506e-09  4.491215058630253e+00  4.491215058630253e+00  4.491215058630253e+00  4.491215058630253e+00  0
1.060661657615462e-08  4.502287185846986e+00  4.502287185846986e+00  4.502287185846986e+00  4.502287185846986e+00  0
1.162440869075046e-08  4.845241708177677e+00  4.845241708177677e+00  4.845241708177677e+00  4.845241708177677e+00  0
1.273986633149178e-08  5.392141399116889e+00  5.392141399116889e+00  5.392141399116889e+00  5.392141399116889e+00  0
1.396236130904648e-08  5.874860083875469e+00  5.874860083875469e+00  5.874860083875469e+00  5.874860083875469e+00  0
1.530216473641216e-08  6.199057657716511e+00  6.199057657716511e+00  6.199057657716511e+00  6.199057657716511e+00  0
1.677053332437269e-08  6.188738856726753e+00  6.188738856726753e+00  6.188738856726753e+00  6.188738856726753e+00  0
1.837980395771367e-08  5.844153146752280e+00  5.844153146752280e+00  5.844153146752280e+00  5.844153146752280e+00  0
2.014349734680388e-08  5.295997756956879e+00  5.295997756956879e+00  5.295997756956879e+00  5.295997756956879e+00  0
2.207643162539851e-08  4.811089965737009e+00  4.811089965737009e+00  4.811089965737009e+00  4.811089965737009e+00  0
2.419484684908627e-08  4.491091767053243e+00  4.491091767053243e+00  4.491091767053243e+00  4.491091767053243e+00  0
2.651654144038655e-08  4.502162143729028e+00  4.502162143729028e+00  4.502162143729028e+00  4.502162143729028e+00  0
2.906102172687616e-08  4.845105481890625e+00  4.845105481890625e+00  4.845105481890625e+00  4.845105481890625e+00  0
3.184966582872946e-08  5.391988752187524e+00  5.391988752187524e+00  5.391988752187524e+00  5.391988752187524e+00  0
3.490590327261619e-08  5.874690400130814e+00  5.874690400130814e+00  5.874690400130814e+00  5.874690400130814e+00  0
3.825541184103040e-08  6.198879871425989e+00  6.198879871425989e+00  6.198879871425989e+00  6.198879871425989e+00  0
4.192633331093172e-08  6.188563689120578e+00  6.188563689120578e+00  6.188563689120578e+00  6.188563689120578e+00  0
4.594950989428418e-08  5.843990213708154e+00  5.843990213708154e+00  5.843990213708154e+00  5.843990213708154e+00  0
5.035874336700968e-08  5.295852011706412e+00  5.295852011706412e+00  5.295852011706412e+00  5.295852011706412e+00  0
5.519107906349626e-08  4.810962548960724e+00  4.810962548960724e+00  4.810962548960724e+00  4.810962548960724e+00  0
6.048711712271566e-08  4.490971814874537e+00  4.490971814874537e+00  4.490971814874537e+00  4.490971814874537e+00  0
6.629135360096636e-08  4.502038279778597e+00  4.502038279778597e+00  4.502038279778597e+00  4.502038279778597e+00  0
7.265255431719039e-08  4.844968034791613e+00  4.844968034791613e+00  4.844968034791613e+00  4.844968034791613e+00  0
7.962416457182364e-08  5.391833180134286e+00  5.391833180134286e+00  5.391833180134286e+00  5.391833180134286e+00  0
8.726475818154049e-08  5.874511865332952e+00  5.874511865332952e+00  5.874511865332952e+00  5.874511865332952e+00  0
9.563852960257600e-08  6.198694986486333e+00  6.198694986486333e+00  6.198694986486333e+00  6.198694986486333e+00  0
1.048158332773293e-07  6.188385082540917e+00  6.188385082540917e+00  6.188385082540917e+00  6.188385082540917e+00  0
1.148737747357105e-07  5.843827825816554e+00  5.843827825816554e+00  5.843827825816554e+00  5.843827825816554e+00  0
1.258968584175242e-07  5.295709647297655e+00  5.295709647297655e+00  5.295709647297655e+00  5.295709647297655e+00  0
1.379776976587407e-07  4.810845696671469e+00  4.810845696671469e+00  4.810845696671469e+00  4.810845696671469e+00  0
1.512177928067892e-07  4.490860209782024e+00  4.490860209782024e+00  4.490860209782024e+00  4.490860209782024e+00  0
1.657283840024159e-07  4.501917360087944e+00  4.501917360087944e+00  4.501917360087944e+00  4.501917360087944e+00  0
1.816313857929760e-07  4.844827534666224e+00  4.844827534666224e+00  4.844827534666224e+00  4.844827534666224e+00  0
1.990604114295591e-07  5.391670294302405e+00  5.391670294302405e+00  5.391670294302405e+00  5.391670294302405e+00  0
2.181618954538512e-07  5.874311564882226e+00  5.874311564882226e+00  5.874311564882226e+00  5.874311564882226e+00  0
2.390963240064400e-07  6.198492527535485e+00  6.198492527535485e+00  6.198492527535485e+00  6.198492527535485e+00  0
2.620395831933232e-07  6.188197952263813e+00  6.188197952263813e+00  6.188197952263813e+00  6.188197952263813e+00  0
2.871844368392761e-07  5.843666827705841e+00  5.843666827705841e+00  5.843666827705841e+00  5.843666827705841e+00  0
3.147421460438105e-07  5.295575742028027e+00  5.295575742028027e+00  5.295575742028027e+00  5.295575742028027e+00  0
3.449442441468515e-07  4.810755242832037e+00  4.810755242832037e+00  4.810755242832037e+00  4.810755242832037e+00  0
3.780444820169729e-07  4.490769462703993e+00  4.490769462703993e+00  4.490769462703993e+00  4.490769462703993e+00  0
4.143209600060397e-07  4.501803793919439e+00  4.501803793919439e+00  4.501803793919439e+00  4.501803793919439e+00  0
4.540784644824398e-07  4.844679396459318e+00  4.844679396459318e+00  4.844679396459318e+00  4.844679396459318e+00  0
4.976510285738977e-07  5.391489119117759e+00  5.391489119117759e+00  5.391489119117759e+00  5.391489119117759e+00  0
5.454047386346280e-07  5.874056983747041e+00  5.874056983747041e+00  5.874056983747041e+00  5.874056983747041e+00  0
5.977408100161000e-07  6.198246188865846e+00  6.198246188865846e+00  6.198246188865846e+00  6.198246188865846e+00  0
6.550989579833081e-07  6.187989526578493e+00  6.187989526578493e+00  6.187989526578493e+00  6.187989526578493e+00  0
7.179610920981903e-07  5.843509298801312e+00  5.843509298801312e+00  5.843509298801312e+00  5.843509298801312e+00  0
7.868553651095264e-07  5.295462972826352e+00  5.295462972826352e+00  5.295462972826352e+00  5.295462972826352e+00  0
8.623606103671289e-07  4.810730726804804e+00  4.810730726804804e+00  4.810730726804804e+00  4.810730726804804e+00  0
9.451112050424321e-07  4.490730820139946e+00  4.490730820139946e+00  4.490730820139946e+00  4.490730820139946e+00  0
1.035802400015099e-06  4.501708585651275e+00  4.501708585651275e+00  4.501708585651275e+00  4.501708585651275e+00  0
1.135196161206100e-06  4.844512146189188e+00  4.844512146189188e+00  4.844512146189188e+00  4.844512146189188e+00  0
1.244127571434744e-06  5.391262207074397e+00  5.391262207074397e+00  5.391262207074397e+00  5.391262207074397e+00  0
1.363511846586570e-06  5.873666698847493e+00  5.873666698847493e+00  5.873666698847493e+00  5.873666698847493e+00  0
1.494352025040250e-06  6.197890106502765e+00  6.197890106502765e+00  6.197890106502765e+00  6.197890106502765e+00  0
1.637747394958270e-06  6.187727792472794e+00  6.187727792472794e+00  6.187727792472794e+00  6.187727792472794e+00  0
1.794902730245476e-06  5.843360364872535e+00  5.843360364872535e+00  5.843360364872535e+00  5.843360364872535e+00  0
1.967138412773816e-06  5.295402971974555e+00  5.295402971974555e+00  5.295402971974555e+00  5.295402971974555e+00  0
2.155901525917822e-06  4.810870731829215e+00  4.810870731829215e+00  4.810870731829215e+00  4.810870731829215e+00  0
2.362778012606080e-06  4.490822221169338e+00  4.490822221169338e+00  4.490822221169338e+00  4.490822221169338e+00  0
2.589506000037748e-06  4.501659140205184e+00  4.501659140205184e+00  4.501659140205184e+00  4.501659140205184e+00  0
2.837990403015249e-06  4.844297036453929e+00  4.844297036453929e+00  4.844297036453929e+00  4.844297036453929e+00  0
3.110318928586861e-06  5.390920893419053e+00  5.390920893419053e+00  5.390920893419053e+00  5.390920893419053e+00  0
3.408779616466425e-06  5.872936829298171e+00  5.872936829298171e+00  5.872936829298171e+00  5.872936829298171e+00  0
3.735880062600625e-06  6.197259258376888e+00  6.197259258376888e+00  6.197259258376888e+00  6.197259258376888e+00  0
4.094368487395675e-06  6.187332320108349e+00  6.187332320108349e+00  6.187332320108349e+00  6.187332320108349e+00  0
4.487256825613690e-06  5.843232448078805e+00  5.843232448078805e+00  5.843232448078805e+00  5.843232448078805e+00  0
4.917846031934539e-06  5.295474479499110e+00  5.295474479499110e+00  5.295474479499110e+00  5.295474479499110e+00  0
5.389753814794556e-06  4.811420072922614e+00  4.811420072922614e+00  4.811420072922614e+00  4.811420072922614e+00  0
5.906945031515201e-06  4.491237419223983e+00  4.491237419223983e+00  4.491237419223983e+00  4.491237419223983e+00  0
6.473765000094370e-06  4.501723317019140e+00  4.501723317019140e+00  4.501723317019140e+00  4.501723317019140e+00  0
7.094976007538122e-06  4.843961815154968e+00  4.843961815154968e+00  4.843961815154968e+00  4.843961815154968e+00  0
7.775797321467151e-06  5.390293234408343e+00  5.390293234408343e+00  5.390293234408343e+00  5.390293234408343e+00  0
8.521949041166063e-06  5.871355844521972e+00  5.871355844521972e+00  5.871355844521972e+00  5.871355844521972e+00  0
9.339700156501563e-06  6.195938913525556e+00  6.195938913525556e+00  6.195938913525556e+00  6.195938913525556e+00  0
1.023592121848919e-05  6.186599591256142e+00  6.186599591256142e+00  6.186599591256142e+00  6.186599591256142e+00  0
1.121814206403422e-05  5.843154173776758e+00  5.843154173776758e+00  5.843154173776758e+00  5.843154173776758e+00  0
1.229461507983635e-05  5.295872232378967e+00  5.295872232378967e+00  5.295872232378967e+00  5.295872232378967e+00  0
1.347438453698639e-05  4.812980607645025e+00  4.812980607645025e+00  4.812980607645025e+00  4.812980607645025e+00  0
1.476736257878800e-05  4.492454019319204e+00  4.492454019319204e+00  4.492454019319204e+00  4.492454019319204e+00  0
1.618441250023593e-05  4.502066715543097e+00  4.502066715543097e+00  4.502066715543097e+00  4.502066715543097e+00  0
1.773744001884531e-05  4.843323461637556e+00  4.843323461637556e+00  4.843323461637556e+00  4.843323461637556e+00  0
1.943949330366788e-05  5.388947600822294e+00  5.388947600822294e+00  5.388947600822294e+00  5.388947600822294e+00  0
2.130487260291516e-05  5.867633647721782e+00  5.867633647721782e+00  5.867633647721782e+00  5.867633647721782e+00  0
2.334925039125391e-05  6.192878784022051e+00  6.192878784022051e+00  6.192878784022051e+00  6.192878784022051e+00  0
2.558980304622297e-05  6.185005671963276e+00  6.185005671963276e+00  6.185005671963276e+00  6.185005671963276e+00  0
2.804535516008556e-05  5.843182046783414e+00  5.843182046783414e+00  5.843182046783414e+00  5.843182046783414e+00  0
3.073653769959087e-05  5.297069981301380e+00  5.297069981301380e+00  5.297069981301380e+00  5.297069981301380e+00  0
3.368596134246598e-05  4.816993804725357e+00  4.816993804725357e+00  4.816993804725357e+00  4.816993804725357e+00  0
3.691840644697001e-05  4.495623919784823e+00  4.495623919784823e+00  4.495623919784823e+00  4.495623919784823e+00  0
4.046103125058982e-05  4.503078153774736e+00  4.503078153774736e+00  4.503078153774736e+00  4.503078153774736e+00  0
4.434360004711327e-05  4.841909552424213e+00  4.841909552424213e+00  4.841909552424213e+00  4.841909552424213e+00  0
4.859873325916970e-05  5.385793916367543e+00  5.385793916367543e+00  5.385793916367543e+00  5.385793916367543e+00  0
5.326218150728788e-05  5.858475180617590e+00  5.858475180617590e+00  5.858475180617590e+00  5.858475180617590e+00  0
5.837312597813476e-05  6.185369955117479e+00  6.185369955117479e+00  6.185369955117479e+00  6.185369955117479e+00  0
6.397450761555741e-05  6.181147123156882e+00  6.181147123156882e+00  6.181147123156882e+00  6.181147123156882e+00  0
7.011338790021387e-05  5.843364108071525e+00  5.843364108071525e+00  5.843364108071525e+00  5.843364108071525e+00  0
7.684134424897716e-05  5.300170953739159e+00  5.300170953739159e+00  5.300170953739159e+00  5.300170953739159e+00  0
8.421490335616494e-05  4.826671004193494e+00  4.826671004193494e+00  4.826671004193494e+00  4.826671004193494e+00  0
9.229601611742502e-05  4.503364099194761e+00  4.503364099194761e+00  4.503364099194761e+00  4.503364099194761e+00  0
1.011525781264745e-04  4.505571900474357e+00  4.505571900474357e+00  4.505571900474357e+00  4.505571900474357e+00  0
1.108590001177832e-04  4.838445718052651e+00  4.838445718052651e+00  4.838445718052651e+00  4.838445718052651e+00  0
1.214968331479242e-04  5.378038317552162e+00  5.378038317552162e+00  5.378038317552162e+00  5.378038317552162e+00  0
1.331554537682197e-04  5.835210414101820e+00  5.835210414101820e+00  5.835210414101820e+00  5.835210414101820e+00  0
1.459328149453369e-04  6.166129264881491e+00  6.166129264881491e+00  6.166129264881491e+00  6.166129264881491e+00  0
1.599362690388935e-04  6.170940515782175e+00  6.170940515782175e+00  6.170940515782175e+00  6.170940515782175e+00  0
1.752834697505347e-04  5.843246185929717e+00  5.843246185929717e+00  5.843246185929717e+00  5.843246185929717e+00  0
1.921033606224429e-04  5.307431287908784e+00  5.307431287908784e+00  5.307431287908784e+00  5.307431287908784e+00  0
2.105372583904124e-04  4.847608873405259e+00  4.847608873405259e+00  4.847608873405259e+00  4.847608873405259e+00  0
2.307400402935626e-04  4.520567074888377e+00  4.520567074888377e+00  4.520567074888377e+00  4.520567074888377e+00  0
2.528814453161864e-04  4.510580470397018e+00  4.510580470397018e+00  4.510580470397018e+00  4.510580470397018e+00  0
2.771475002944579e-04  4.829149191023958e+00  4.829149191023958e+00  4.829149191023958e+00  4.829149191023958e+00  0
3.037420828698106e-04  5.358262211896752e+00  5.358262211896752e+00  5.358262211896752e+00  5.358262211896752e+00  0
3.328886344205493e-04  5.773510991461726e+00  5.773510991461726e+00  5.773510991461726e+00  5.773510991461726e+00  0
3.648320373633422e-04  6.113873671941513e+00  6.113873671941513e+00  6.113873671941513e+00  6.113873671941513e+00  0
3.998406725972339e-04  6.140716127410863e+00  6.140716127410863e+00  6.140716127410863e+00  6.140716127410863e+00  0
4.382086743763368e-04  5.838207443696787e+00  5.838207443696787e+00  5.838207443696787e+00  5.838207443696787e+00  0
4.802584015561073e-04  5.321412745405046e+00  5.321412745405046e+00  5.321412745405046e+00  5.321412745405046e+00  0
5.263431459760308e-04  4.878954541170621e+00  4.878954541170621e+00  4.878954541170621e+00  4.878954541170621e+00  0
5.768501007339063e-04  4.549066599793101e+00  4.549066599793101e+00  4.549066599793101e+00  4.549066599793101e+00  0
6.322036132904660e-04  4.514166093265553e+00  4.514166093265553e+00  4.514166093265553e+00  4.514166093265553e+00  0
6.928687507361448e-04  4.800617082559705e+00  4.800617082559705e+00  4.800617082559705e+00  4.800617082559705e+00  0
7.593552071745265e-04  5.305115698662805e+00  5.305115698662805e+00  5.305115698662805e+00  5.305115698662805e+00  0
8.322215860513732e-04  5.596606313914713e+00  5.596606313914713e+00  5.596606313914713e+00  5.596606313914713e+00  0
9.120800934083555e-04  5.957781673947834e+00  5.957781673947834e+00  5.957781673947834e+00  5.957781673947834e+00  0
9.996016814930845e-04  6.036531280081508e+00  6.036531280081508e+00  6.036531280081508e+00  6.036531280081508e+00  0
1.095521685940842e-03  5.796435925016675e+00  5.796435925016675e+00  5.796435925016675e+00  5.796435925016675e+00  0
1.200646003890268e-03  5.330175334758364e+00  5.330175334758364e+00  5.330175334758364e+00  5.330175334758364e+00  0
1.315857864940077e-03  4.836681773950128e+00  4.836681773950128e+00  4.836681773950128e+00  4.836681773950128e+00  0
1.442125251834766e-03  4.531772112998746e+00  4.531772112998746e+00  4.531772112998746e+00  4.531772112998746e+00  0
1.580509033226165e-03  4.465140172851942e+00  4.465140172851942e+00  4.465140172851942e+00  4.465140172851942e+00  0
1.732171876840362e-03  4.693208456571240e+00  4.693208456571240e+00  4.693208456571240e+00  4.693208456571240e+00  0
1.898388017936316e-03  5.147098261258152e+00  5.147098261258152e+00  5.147098261258152e+00  5.147098261258152e+00  0
2.080553965128434e-03  5.038606950724886e+00  5.038606950724886e+00  5.038606950724886e+00  5.038606950724886e+00  0
2.280200233520889e-03  5.442229685056392e+00  5.442229685056392e+00  5.442229685056392e+00  5.442229685056392e+00  0
2.499004203732712e-03  5.632696466210800e+00  5.632696466210800e+00  5.632696466210800e+00  5.632696466210800e+00  0
2.738804214852105e-03  5.539614733234826e+00  5.539614733234826e+00  5.539614733234826e+00  5.539614733234826e+00  0
3.001615009725671e-03  5.208278579671510e+00  5.208278579671510e+00  5.208278579671510e+00  5.208278579671510e+00  0
3.289644662350191e-03  4.244286260354279e+00  4.244286260354279e+00  4.244286260354279e+00  4.244286260354279e+00  0
3.605313129586913e-03  4.084872860714066e+00  4.084872860714066e+00  4.084872860714066e+00  4.084872860714066e+00  0
3.951272583065410e-03  4.049570552033265e+00  4.049570552033265e+00  4.049570552033265e+00  4.049570552033265e+00  0
4.330429692100902e-03  4.229106772364923e+00  4.229106772364923e+00  4.229106772364923e+00  4.229106772364923e+00  0
4.745970044840788e-03  4.615825069656836e+00  4.615825069656836e+00  4.615825069656836e+00  4.615825069656836e+00  0
5.201384912821079e-03  3.487090601651714e+00  3.487090601651714e+00  3.487090601651714e+00  3.487090601651714e+00  0
5.700500583802218e-03  3.927262889708048e+00  3.927262889708048e+00  3.927262889708048e+00  3.927262889708048e+00  0
6.247510509331774e-03  4.273092638062343e+00  4.273092638062343e+00  4.273092638062343e+00  4.273092638062343e+00  0
6.847010537130257e-03  4.433499426135596e+00  4.433499426135596e+00  4.433499426135596e+00  4.433499426135596e+00  0
7.504037524314171e-03  4.387564544625664e+00  4.387564544625664e+00  4.387564544625664e+00  4.387564544625664e+00  0
8.224111655875475e-03  2.431513205456094e+00  2.431513205456094e+00  2.431513205456094e+00  2.431513205456094e+00  0
9.013282823967279e-03  2.492615406156399e+00  2.492615406156399e+00  2.492615406156399e+00  2.492615406156399e+00  0
9.878181457663521e-03  2.580383858221574e+00  2.580383858221574e+00  2.580383858221574e+00  2.580383858221574e+00  0
1.082607423025225e-02  2.770635656195000e+00  2.770635656195000e+00  2.770635656195000e+00  2.770635656195000e+00  0
1.186492511210197e-02  3.100296185894371e+00  3.100296185894371e+00  3.100296185894371e+00  3.100296185894371e+00  0
1.300346228205270e-02  1.339062292421968e+00  1.339062292421968e+00  1.339062292421968e+00  1.339062292421968e+00  0
1.425125145950554e-02  1.620848917145627e+00  1.620848917145627e+00  1.620848917145627e+00  1.620848917145627e+00  0
1.561877627332944e-02  1.913386541283426e+00  1.913386541283426e+00  1.913386541283426e+00  1.913386541283426e+00  0
1.711752634282564e-02  2.162347739705984e+00  2.162347739705984e+00  2.162347739705984e+00  2.162347739705984e+00  0
1.876009381078543e-02  2.326428513640698e+00  2.326428513640698e+00  2.326428513640698e+00  2.326428513640698e+00  0
2.056027913968869e-02  7.356035438145215e-01  7.356035438145215e-01  7.356035438145215e-01  7.356035438145215e-01  0
2.253320705991820e-02  7.940420480775315e-01  7.940420480775315e-01  7.940420480775315e-01  7.940420480775315e-01  0
2.469545364415880e-02  8.588152087372858e-01  8.588152087372858e-01  8.588152087372858e-01  8.588152087372858e-01  0
2.706518557563063e-02  9.600915755364549e-01  9.600915755364549e-01  9.600915755364549e-01  9.600915755364549e-01  0
2.966231278025492e-02  1.126288357599668e+00  1.126288357599668e+00  1.126288357599668e+00  1.126288357599668e+00  0
3.250865570513174e-02  3.568742501949660e-01  3.568742501949660e-01  3.568742501949660e-01  3.568742501949660e-01  0
3.562812864876386e-02  4.223023243859471e-01  4.223023243859471e-01  4.223023243859471e-01  4.223023243859471e-01  0
3.904694068332359e-02  5.046412258599231e-01  5.046412258599231e-01  5.046412258599231e-01  5.046412258599231e-01  0
4.279381585706411e-02  5.917637736061456e-01  5.917637736061456e-01  5.917637736061456e-01  5.917637736061456e-01  0
4.690023452696357e-02  6.690363510425820e-01  6.690363510425820e-01  6.690363510425820e-01  6.690363510425820e-01  0
5.140069784922172e-02  3.984389245568128e-01  3.984389245568128e-01  3.984389245568128e-01  3.984389245568128e-01  0
5.633301764979549e-02  3.627942123217716e-01  3.627942123217716e-01  3.627942123217716e-01  3.627942123217716e-01  0
6.173863411039701e-02  3.351989918257846e-01  3.351989918257846e-01  3.351989918257846e-01  3.351989918257846e-01  0
6.766296393907659e-02  3.232613540842467e-01  3.232613540842467e-01  3.232613540842467e-01  3.232613540842467e-01  0
7.415578195063730e-02  3.345687256648597e-01  3.345687256648597e-01  3.345687256648597e-01  3.345687256648597e-01  0
8.127163926282936e-02  6.587923318041726e-01  6.587923318041726e-01  6.587923318041726e-01  6.587923318041726e-01  0
8.907032162190966e-02  6.325039579997475e-01  6.325039579997475e-01  6.325039579997475e-01  6.325039579997475e-01  0
9.761735170830897e-02  5.885311289567858e-01  5.885311289567858e-01  5.885311289567858e-01  5.885311289567858e-01  0
1.069845396426603e-01  5.339165256213652e-01  5.339165256213652e-01  5.339165256213652e-01  5.339165256213652e-01  0
1.172505863174089e-01  4.755640201701808e-01  4.755640201701808e-01  4.755640201701808e-01  4.755640201701808e-01  0
1.285017446230543e-01  9.151051100523753e-01  9.151051100523753e-01  9.151051100523753e-01  9.151051100523753e-01  0
1.408325441244888e-01  8.813217412226251e-01  8.813217412226251e-01  8.813217412226251e-01  8.813217412226251e-01  0
1.543465852759925e-01  8.435615901241037e-01  8.435615901241037e-01  8.435615901241037e-01  8.435615901241037e-01  0
1.691574098476915e-01  8.051079302876548e-01  8.051079302876548e-01  8.051079302876548e-01  8.051079302876548e-01  0
1.853894548765933e-01  7.651420654577734e-01  7.651420654577734e-01  7.651420654577734e-01  7.651420654577734e-01  0
2.031790981570734e-01  8.968504569272839e-01  8.968504569272839e-01  8.968504569272839e-01  8.968504569272839e-01  0
2.226758040547742e-01  1.002349581055500e+00  1.002349581055500e+00  1.002349581055500e+00  1.002349581055500e+00  0
2.440433792707724e-01  1.059248121185752e+00  1.059248121185752e+00  1.059248121185752e+00  1.059248121185752e+00  0
2.674613491066506e-01  1.066604612298001e+00  1.066604612298001e+00  1.066604612298001e+00  1.066604612298001e+00  0
2.931264657935223e-01  1.034102802590369e+00  1.034102802590369e+00  1.034102802590369e+00  1.034102802590369e+00  0
3.212543615576358e-01  2.529182815210007e-01  2.529182815210007e-01  2.529182815210007e-01  2.529182815210007e-01  0
3.520813603112218e-01  3.571133907554845e-01  3.571133907554845e-01  3.571133907554845e-01  3.571133907554845e-01  0
3.858664631899813e-01  4.858668704040822e-01  4.858668704040822e-01  4.858668704040822e-01  4.858668704040822e-01  0
4.228935246192287e-01  6.317435436432018e-01  6.317435436432018e-01  6.317435436432018e-01  6.317435436432018e-01  0
4.634736371914831e-01  7.805453911824520e-01  7.805453911824520e-01  7.805453911824520e-01  7.805453911824520e-01  0
5.079477453926834e-01  3.457584543350304e-02  3.457584543350304e-02  3.457584543350304e-02  3.457584543350304e-02  0
5.566895101369354e-01  5.322316218515220e-02  5.322316218515220e-02  5.322316218515220e-02  5.322316218515220e-02  0
6.101084481769311e-01  7.965660188032832e-02  7.965660188032832e-02  7.965660188032832e-02  7.965660188032832e-02  0
6.686533727666266e-01  1.171627706928886e-01  1.171627706928886e-01  1.171627706928886e-01  1.171627706928886e-01  0
7.328161644838057e-01  1.704876012104688e-01  1.704876012104688e-01  1.704876012104688e-01  1.704876012104688e-01  0
8.031359038940895e-01  1.927485829390566e-03  1.927485829390566e-03  1.927485829390566e-03  1.927485829390566e-03  0
8.802034007780547e-01  3.816691548798160e-03  3.816691548798160e-03  3.816691548798160e-03  3.816691548798160e-03  0
9.646661579749534e-01  7.149017803583669e-03  7.149017803583669e-03  7.149017803583669e-03  7.149017803583669e-03  0
1.057233811548072e+00  1.267929550683627e-02  1.267929550683627e-02  1.267929550683627e-02  1.267929550683627e-02  0
1.158684092978708e+00  2.136826324359263e-02  2.136826324359263e-02  2.136826324359263e-02  2.136826324359263e-02  0
1.269869363481709e+00  5.650170501366762e-05  5.650170501366762e-05  5.650170501366762e-05  5.650170501366762e-05  0
1.391723775342339e+00  1.153440191219612e-04  1.153440191219612e-04  1.153440191219612e-04  1.153440191219612e-04  0
1.525271120442328e+00  2.317132904497354e-04  2.317132904497354e-04  2.317132904497354e-04  2.317132904497354e-04  0
1.671633431916567e+00  4.616380088389623e-04  4.616380088389623e-04  4.616380088389623e-04  4.616380088389623e-04  0
1.832040411209515e+00  9.154372010474741e-04  9.154372010474741e-04  9.154372010474741e-04  9.154372010474741e-04  0
