-2.643084528870179e+00  1.556212285616913e-08  1.556212285616913e-08  1.556212285616913e-08  1.556212285616913e-08  0
-2.411665394937383e+00  6.951344499539049e-09  6.951344499539049e-09  6.951344499539049e-09  6.951344499539049e-09  0
-2.200508501945136e+00  3.350758558899073e-09  3.350758558899073e-09  3.350758558899073e-09  3.350758558899073e-09  0
-2.007839759735224e+00  1.653392247217044e-09  1.653392247217044e-09  1.653392247217044e-09  1.653392247217044e-09  0
-1.832040411209514e+00  7.941972185239747e-10  7.941972185239747e-10  7.941972185239747e-10  7.941972185239747e-10  0
-1.671633431916567e+00  2.003540344961198e-06  2.003540344961198e-06  2.003540344961198e-06  2.003540344961198e-06  0
-1.525271120442328e+00  9.924104121335723e-07  9.924104121335723e-07  9.924104121335723e-07  9.924104121335723e-07  0
-1.391723775342339e+00  4.573453931548436e-07  4.573453931548436e-07  4.573453931548436e-07  4.573453931548436e-07  0
-1.269869363481709e+00  1.955202284631517e-07  1.955202284631517e-07  1.955202284631517e-07  1.955202284631517e-07  0
-1.158684092978708e+00  7.735373687564326e-08  7.735373687564326e-08  7.735373687564326e-08  7.735373687564326e-08  0
-1.057233811548072e+00  2.939064295071444e-05  2.939064295071444e-05  2.939064295071444e-05  2.939064295071444e-05  0
-9.646661579749534e-01  1.843528676491697e-05  1.843528676491697e-05  1.843528676491697e-05  1.843528676491697e-05  0
-8.802034007780546e-01  1.140220100990357e-05  1.140220100990357e-05  1.140220100990357e-05  1.140220100990357e-05  0
-8.031359038940895e-01  6.774326784879863e-06  6.774326784879863e-06  6.774326784879863e-06  6.774326784879863e-06  0
-7.328161644838057e-01  3.800267346945305e-06  3.800267346945305e-06  3.800267346945305e-06  3.800267346945305e-06  0
-6.686533727666270e-01  4.290114076871977e-04  4.290114076871977e-04  4.290114076871977e-04  4.290114076871977e-04  0
-6.101084481769313e-01  2.584110214578833e-04  2.584110214578833e-04  2.584110214578833e-04  2.584110214578833e-04  0
-5.566895101369356e-01  1.542049339693895e-04  1.542049339693895e-04  1.542049339693895e-04  1.542049339693895e-04  0
-5.079477453926837e-01  9.197810625600305e-05  9.197810625600305e-05  9.197810625600305e-05  9.197810625600305e-05  0
-4.634736371914833e-01  5.526133733511794e-05  5.526133733511794e-05  5.526133733511794e-05  5.526133733511794e-05  0
-4.228935246192289e-01  4.188936245181541e-03  4.188936245181541e-03  4.188936245181541e-03  4.188936245181541e-03  0
-3.858664631899815e-01  2.752543201061693e-03  2.752543201061693e-03  2.752543201061693e-03  2.752543201061693e-03  0
-3.520813603112219e-01  1.781187575838084e-03  1.781187575838084e-03  1.781187575838084e-03  1.781187575838084e-03  0
-3.212543615576359e-01  1.132112826510776e-03  1.132112826510776e-03  1.132112826510776e-03  1.132112826510776e-03  0
-2.931264657935224e-01  7.014020595865157e-04  7.014020595865157e-04  7.014020595865157e-04  7.014020595865157e-04  0
-2.674613491066508e-01  2.072049893414354e-02  2.072049893414354e-02  2.072049893414354e-02  2.072049893414354e-02  0
-2.440433792707725e-01  1.630235225133745e-02  1.630235225133745e-02  1.630235225133745e-02  1.630235225133745e-02  0
-2.226758040547742e-01  1.232997140043103e-02  1.232997140043103e-02  1.232997140043103e-02  1.232997140043103e-02  0
-2.031790981570735e-01  8.964476447885792e-03  8.964476447885792e-03  8.964476447885792e-03  8.964476447885792e-03  0
-1.853894548765933e-01  6.285325375749085e-03  6.285325375749085e-03  6.285325375749085e-03  6.285325375749085e-03  0
-1.691574098476915e-01  4.223969232406630e-02  4.223969232406630e-02  4.223969232406630e-02  4.223969232406630e-02  0
-1.543465852759926e-01  3.742222534465046e-02  3.742222534465046e-02  3.742222534465046e-02  3.742222534465046e-02  0
-1.408325441244888e-01  3.298724487889126e-02  3.298724487889126e-02  3.298724487889126e-02  3.298724487889126e-02  0
-1.285017446230543e-01  2.865062065836046e-02  2.865062065836046e-02  2.865062065836046e-02  2.865062065836046e-02  0
-1.172505863174089e-01  2.421930274030695e-02  2.421930274030695e-02  2.421930274030695e-02  2.421930274030695e-02  0
-1.069845396426603e-01  6.681131771832857e-02  6.681131771832857e-02  6.681131771832857e-02  6.681131771832857e-02  0
-9.761735170830900e-02  5.770293719832217e-02  5.770293719832217e-02  5.770293719832217e-02  5.770293719832217e-02  0
-8.907032162190968e-02  5.004724653884585e-02  5.004724653884585e-02  5.004724653884585e-02  5.004724653884585e-02  0
-8.127163926282939e-02  4.277360907455657e-02  4.277360907455657e-02  4.277360907455657e-02  4.277360907455657e-02  0
-7.415578195063731e-02  3.541563726734406e-02  3.541563726734406e-02  3.541563726734406e-02  3.541563726734406e-02  0
-6.766296393907660e-02  1.617439804556767e-01  1.617439804556767e-01  1.617439804556767e-01  1.617439804556767e-01  0
-6.173863411039702e-02  1.280307320168978e-01  1.280307320168978e-01  1.280307320168978e-01  1.280307320168978e-01  0
-5.633301764979550e-02  1.016834659144458e-01  1.016834659144458e-01  1.016834659144458e-01  1.016834659144458e-01  0
-5.140069784922174e-02  8.167860790447708e-02  8.167860790447708e-02  8.167860790447708e-02  8.167860790447708e-02  0
-4.690023452696358e-02  6.681205546700182e-02  6.681205546700182e-02  6.681205546700182e-02  6.681205546700182e-02  0
-4.279381585706412e-02  4.124650729225663e-01  4.124650729225663e-01  4.124650729225663e-01  4.124650729225663e-01  0
-3.904694068332360e-02  3.342919653617001e-01  3.342919653617001e-01  3.342919653617001e-01  3.342919653617001e-01  0
-3.562812864876387e-02  2.717830564737670e-01  2.717830564737670e-01  2.717830564737670e-01  2.717830564737670e-01  0
-3.250865570513176e-02  2.217293492432915e-01  2.217293492432915e-01  2.217293492432915e-01  2.217293492432915e-01  0
-2.966231278025492e-02  1.803354416750475e-01  1.803354416750475e-01  1.803354416750475e-01  1.803354416750475e-01  0
-2.706518557563065e-02  1.285350697524538e+00  1.285350697524538e+00  1.285350697524538e+00  1.285350697524538e+00  0
-2.469545364415881e-02  1.012240776688592e+00  1.012240776688592e+00  1.012240776688592e+00  1.012240776688592e+00  0
-2.253320705991821e-02  7.897076380922542e-01  7.897076380922542e-01  7.897076380922542e-01  7.897076380922542e-01  0
-2.056027913968870e-02  6.113137517640944e-01  6.113137517640944e-01  6.113137517640944e-01  6.113137517640944e-01  0
-1.876009381078543e-02  4.697609608860399e-01  4.697609608860399e-01  4.697609608860399e-01  4.697609608860399e-01  0
-1.711752634282565e-02  3.225000060689601e+00  3.225000060689601e+00  3.225000060689601e+00  3.225000060689601e+00  0
-1.561877627332944e-02  2.673869512551645e+00  2.673869512551645e+00  2.673869512551645e+00  2.673869512551645e+00  0
-1.425125145950555e-02  2.201256445319193e+00  2.201256445319193e+00  2.201256445319193e+00  2.201256445319193e+00  0
-1.300346228205270e-02  1.797798697383543e+00  1.797798697383543e+00  1.797798697383543e+00  1.797798697383543e+00  0
-1.186492511210197e-02  1.454329245774782e+00  1.454329245774782e+00  1.454329245774782e+00  1.454329245774782e+00  0
-1.082607423025226e-02  6.977289395656156e+00  6.977289395656156e+00  6.977289395656156e+00  6.977289395656156e+00  0
-9.878181457663525e-03  6.159909172535143e+00  6.159909172535143e+00  6.159909172535143e+00  6.159909172535143e+00  0
-9.013282823967282e-03  5.352020471732899e+00  5.352020471732899e+00  5.352020471732899e+00  5.352020471732899e+00  0
-8.224111655875478e-03  4.572400461827191e+00  4.572400461827191e+00  4.572400461827191e+00  4.572400461827191e+00  0
-7.504037524314174e-03  3.837045726584781e+00  3.837045726584781e+00  3.837045726584781e+00  3.837045726584781e+00  0
-6.847010537130258e-03  1.101073780402546e+01  1.101073780402546e+01  1.101073780402546e+01  1.101073780402546e+01  0
-6.247510509331775e-03  1.000881176389048e+01  1.000881176389048e+01  1.000881176389048e+01  1.000881176389048e+01  0
-5.700500583802218e-03  9.149443723865616e+00  9.149443723865616e+00  9.149443723865616e+00  9.149443723865616e+00  0
-5.201384912821080e-03  8.351133114827475e+00  8.351133114827475e+00  8.351133114827475e+00  8.351133114827475e+00  0
-4.745970044840788e-03  7.543406307753477e+00  7.543406307753477e+00  7.543406307753477e+00  7.543406307753477e+00  0
-4.330429692100904e-03  1.846982004392791e+01  1.846982004392791e+01  1.846982004392791e+01  1.846982004392791e+01  0
-3.951272583065411e-03  1.673905210041418e+01  1.673905210041418e+01  1.673905210041418e+01  1.673905210041418e+01  0
-3.605313129586913e-03  1.501060519544079e+01  1.501060519544079e+01  1.501060519544079e+01  1.501060519544079e+01  0
-3.289644662350192e-03  1.335416693987557e+01  1.335416693987557e+01  1.335416693987557e+01  1.335416693987557e+01  0
-3.001615009725670e-03  1.183725415251400e+01  1.183725415251400e+01  1.183725415251400e+01  1.183725415251400e+01  0
-2.738804214852102e-03  2.558913669813944e+01  2.558913669813944e+01  2.558913669813944e+01  2.558913669813944e+01  0
-2.499004203732709e-03  2.437997702834032e+01  2.437997702834032e+01  2.437997702834032e+01  2.437997702834032e+01  0
-2.280200233520886e-03  2.292526504056713e+01  2.292526504056713e+01  2.292526504056713e+01  2.292526504056713e+01  0
-2.080553965128431e-03  2.131066269810863e+01  2.131066269810863e+01  2.131066269810863e+01  2.131066269810863e+01  0
-1.898388017936314e-03  1.955546132206549e+01  1.955546132206549e+01  1.955546132206549e+01  1.955546132206549e+01  0
-1.732171876840360e-03  2.726168444104777e+01  2.726168444104777e+01  2.726168444104777e+01  2.726168444104777e+01  0
-1.580509033226163e-03  2.747092312019434e+01  2.747092312019434e+01  2.747092312019434e+01  2.747092312019434e+01  0
-1.442125251834764e-03  2.748877929377788e+01  2.748877929377788e+01  2.748877929377788e+01  2.748877929377788e+01  0
-1.315857864940076e-03  2.718944557128851e+01  2.718944557128851e+01  2.718944557128851e+01  2.718944557128851e+01  0
-1.200646003890267e-03  2.647967063472944e+01  2.647967063472944e+01  2.647967063472944e+01  2.647967063472944e+01  0
-1.095521685940841e-03  2.435821912486598e+01  2.435821912486598e+01  2.435821912486598e+01  2.435821912486598e+01  0
-9.996016814930835e-04  2.511503407541929e+01  2.511503407541929e+01  2.511503407541929e+01  2.511503407541929e+01  0
-9.120800934083544e-04  2.569709389756041e+01  2.569709389756041e+01  2.569709389756041e+01  2.569709389756041e+01  0
-8.322215860513723e-04  2.610742549632467e+01  2.610742549632467e+01  2.610742549632467e+01  2.610742549632467e+01  0
-7.593552071745256e-04  2.638961243366039e+01  2.638961243366039e+01  2.638961243366039e+01  2.638961243366039e+01  0
-6.928687507361440e-04  2.020085227405218e+01  2.020085227405218e+01  2.020085227405218e+01  2.020085227405218e+01  0
-6.322036132904651e-04  2.082197162471311e+01  2.082197162471311e+01  2.082197162471311e+01  2.082197162471311e+01  0
-5.768501007339055e-04  2.157192127835825e+01  2.157192127835825e+01  2.157192127835825e+01  2.157192127835825e+01  0
-5.263431459760303e-04  2.239423967065201e+01  2.239423967065201e+01  2.239423967065201e+01  2.239423967065201e+01  0
-4.802584015561067e-04  2.314078316523700e+01  2.314078316523700e+01  2.314078316523700e+01  2.314078316523700e+01  0
-4.382086743763362e-04  1.722690577610154e+01  1.722690577610154e+01  1.722690577610154e+01  1.722690577610154e+01  0
-3.998406725972333e-04  1.798223874419000e+01  1.798223874419000e+01  1.798223874419000e+01  1.798223874419000e+01  0
-3.648320373633417e-04  1.869896688562869e+01  1.869896688562869e+01  1.869896688562869e+01  1.869896688562869e+01  0
-3.328886344205489e-04  1.930261130947786e+01  1.930261130947786e+01  1.930261130947786e+01  1.930261130947786e+01  0
-3.037420828698102e-04  1.979608129456023e+01  1.979608129456023e+01  1.979608129456023e+01  1.979608129456023e+01  0
-2.771475002944575e-04  1.601042271424355e+01  1.601042271424355e+01  1.601042271424355e+01  1.601042271424355e+01  0
-2.528814453161860e-04  1.589664982356929e+01  1.589664982356929e+01  1.589664982356929e+01  1.589664982356929e+01  0
-2.307400402935622e-04  1.591897560637145e+01  1.591897560637145e+01  1.591897560637145e+01  1.591897560637145e+01  0
-2.105372583904121e-04  1.614879127109842e+01  1.614879127109842e+01  1.614879127109842e+01  1.614879127109842e+01  0
-1.921033606224427e-04  1.659247852562378e+01  1.659247852562378e+01  1.659247852562378e+01  1.659247852562378e+01  0
-1.752834697505345e-04  1.593444968921110e+01  1.593444968921110e+01  1.593444968921110e+01  1.593444968921110e+01  0
-1.599362690388933e-04  1.612098335065107e+01  1.612098335065107e+01  1.612098335065107e+01  1.612098335065107e+01  0
-1.459328149453367e-04  1.625871766493611e+01  1.625871766493611e+01  1.625871766493611e+01  1.625871766493611e+01  0
-1.331554537682195e-04  1.628434916397923e+01  1.628434916397923e+01  1.628434916397923e+01  1.628434916397923e+01  0
-1.214968331479241e-04  1.618384229379941e+01  1.618384229379941e+01  1.618384229379941e+01  1.618384229379941e+01  0
-1.108590001177830e-04  1.610480137284891e+01  1.610480137284891e+01  1.610480137284891e+01  1.610480137284891e+01  0
-1.011525781264744e-04  1.592908165387562e+01  1.592908165387562e+01  1.592908165387562e+01  1.592908165387562e+01  0
-9.229601611742488e-05  1.579284466814828e+01  1.579284466814828e+01  1.579284466814828e+01  1.579284466814828e+01  0
-8.421490335616483e-05  1.574400940614444e+01  1.574400940614444e+01  1.574400940614444e+01  1.574400940614444e+01  0
-7.684134424897707e-05  1.579792599783720e+01  1.579792599783720e+01  1.579792599783720e+01  1.579792599783720e+01  0
-7.011338790021381e-05  1.603599933549233e+01  1.603599933549233e+01  1.603599933549233e+01  1.603599933549233e+01  0
-6.397450761555734e-05  1.619159155957913e+01  1.619159155957913e+01  1.619159155957913e+01  1.619159155957913e+01  0
-5.837312597813469e-05  1.630647591153294e+01  1.630647591153294e+01  1.630647591153294e+01  1.630647591153294e+01  0
-5.326218150728783e-05  1.633082782928991e+01  1.633082782928991e+01  1.633082782928991e+01  1.633082782928991e+01  0
-4.859873325916964e-05  1.624831101116393e+01  1.624831101116393e+01  1.624831101116393e+01  1.624831101116393e+01  0
-4.434360004711321e-05  1.612577397047463e+01  1.612577397047463e+01  1.612577397047463e+01  1.612577397047463e+01  0
-4.046103125058977e-05  1.598294656281967e+01  1.598294656281967e+01  1.598294656281967e+01  1.598294656281967e+01  0
-3.691840644696995e-05  1.588151588346008e+01  1.588151588346008e+01  1.588151588346008e+01  1.588151588346008e+01  0
-3.368596134246593e-05  1.585662915139033e+01  1.585662915139033e+01  1.585662915139033e+01  1.585662915139033e+01  0
-3.073653769959083e-05  1.591597229967102e+01  1.591597229967102e+01  1.591597229967102e+01  1.591597229967102e+01  0
-2.804535516008552e-05  1.606992277337709e+01  1.606992277337709e+01  1.606992277337709e+01  1.606992277337709e+01  0
-2.558980304622294e-05  1.620964070776369e+01  1.620964070776369e+01  1.620964070776369e+01  1.620964070776369e+01  0
-2.334925039125387e-05  1.630680244654183e+01  1.630680244654183e+01  1.630680244654183e+01  1.630680244654183e+01  0
-2.130487260291513e-05  1.632107299221177e+01  1.632107299221177e+01  1.632107299221177e+01  1.632107299221177e+01  0
-1.943949330366785e-05  1.624422149465993e+01  1.624422149465993e+01  1.624422149465993e+01  1.624422149465993e+01  0
-1.773744001884528e-05  1.612041440889473e+01  1.612041440889473e+01  1.612041440889473e+01  1.612041440889473e+01  0
-1.618441250023591e-05  1.598920776614332e+01  1.598920776614332e+01  1.598920776614332e+01  1.598920776614332e+01  0
-1.476736257878798e-05  1.590255416655826e+01  1.590255416655826e+01  1.590255416655826e+01  1.590255416655826e+01  0
-1.347438453698637e-05  1.588990599679048e+01  1.588990599679048e+01  1.588990599679048e+01  1.588990599679048e+01  0
-1.229461507983633e-05  1.595367164255446e+01  1.595367164255446e+01  1.595367164255446e+01  1.595367164255446e+01  0
-1.121814206403421e-05  1.608250186380376e+01  1.608250186380376e+01  1.608250186380376e+01  1.608250186380376e+01  0
-1.023592121848917e-05  1.621521915908098e+01  1.621521915908098e+01  1.621521915908098e+01  1.621521915908098e+01  0
-9.339700156501548e-06  1.630336094007478e+01  1.630336094007478e+01  1.630336094007478e+01  1.630336094007478e+01  0
-8.521949041166052e-06  1.631044185678083e+01  1.631044185678083e+01  1.631044185678083e+01  1.631044185678083e+01  0
-7.775797321467140e-06  1.623213794208364e+01  1.623213794208364e+01  1.623213794208364e+01  1.623213794208364e+01  0
-7.094976007538114e-06  1.611629729656810e+01  1.611629729656810e+01  1.611629729656810e+01  1.611629729656810e+01  0
-6.473765000094363e-06  1.598943199861387e+01  1.598943199861387e+01  1.598943199861387e+01  1.598943199861387e+01  0
-5.906945031515193e-06  1.590877820324556e+01  1.590877820324556e+01  1.590877820324556e+01  1.590877820324556e+01  0
-5.389753814794549e-06  1.590147624453040e+01  1.590147624453040e+01  1.590147624453040e+01  1.590147624453040e+01  0
-4.917846031934533e-06  1.596754792144837e+01  1.596754792144837e+01  1.596754792144837e+01  1.596754792144837e+01  0
-4.487256825613684e-06  1.608761097795688e+01  1.608761097795688e+01  1.608761097795688e+01  1.608761097795688e+01  0
-4.094368487395670e-06  1.621744021933769e+01  1.621744021933769e+01  1.621744021933769e+01  1.621744021933769e+01  0
-3.735880062600620e-06  1.630168059300079e+01  1.630168059300079e+01  1.630168059300079e+01  1.630168059300079e+01  0
-3.408779616466421e-06  1.630538446894776e+01  1.630538446894776e+01  1.630538446894776e+01  1.630538446894776e+01  0
-3.110318928586857e-06  1.622588354166178e+01  1.622588354166178e+01  1.622588354166178e+01  1.622588354166178e+01  0
-2.837990403015245e-06  1.611456257537883e+01  1.611456257537883e+01  1.611456257537883e+01  1.611456257537883e+01  0
-2.589506000037745e-06  1.598937981692373e+01  1.598937981692373e+01  1.598937981692373e+01  1.598937981692373e+01  0
-2.362778012606077e-06  1.591113629795947e+01  1.591113629795947e+01  1.591113629795947e+01  1.591113629795947e+01  0
-2.155901525917819e-06  1.590604486446364e+01  1.590604486446364e+01  1.590604486446364e+01  1.590604486446364e+01  0
-1.967138412773813e-06  1.597313147933017e+01  1.597313147933017e+01  1.597313147933017e+01  1.597313147933017e+01  0
-1.794902730245473e-06  1.608989444903508e+01  1.608989444903508e+01  1.608989444903508e+01  1.608989444903508e+01  0
-1.637747394958268e-06  1.621855708871120e+01  1.621855708871120e+01  1.621855708871120e+01  1.621855708871120e+01  0
-1.494352025040248e-06  1.630119197977681e+01  1.630119197977681e+01  1.630119197977681e+01  1.630119197977681e+01  0
-1.363511846586568e-06  1.630346521854953e+01  1.630346521854953e+01  1.630346521854953e+01  1.630346521854953e+01  0
-1.244127571434742e-06  1.622338492597929e+01  1.622338492597929e+01  1.622338492597929e+01  1.622338492597929e+01  0
-1.135196161206098e-06  1.611408178481268e+01  1.611408178481268e+01  1.611408178481268e+01  1.611408178481268e+01  0
-1.035802400015098e-06  1.598956150548626e+01  1.598956150548626e+01  1.598956150548626e+01  1.598956150548626e+01  0
-9.451112050424309e-07  1.591228253626215e+01  1.591228253626215e+01  1.591228253626215e+01  1.591228253626215e+01  0
-8.623606103671279e-07  1.590808679440996e+01  1.590808679440996e+01  1.590808679440996e+01  1.590808679440996e+01  0
-7.868553651095252e-07  1.597559545093295e+01  1.597559545093295e+01  1.597559545093295e+01  1.597559545093295e+01  0
-7.179610920981894e-07  1.609107295585610e+01  1.609107295585610e+01  1.609107295585610e+01  1.609107295585610e+01  0
-6.550989579833072e-07  1.621926899494005e+01  1.621926899494005e+01  1.621926899494005e+01  1.621926899494005e+01  0
-5.977408100160992e-07  1.630125572368475e+01  1.630125572368475e+01  1.630125572368475e+01  1.630125572368475e+01  0
-5.454047386346274e-07  1.630294400455683e+01  1.630294400455683e+01  1.630294400455683e+01  1.630294400455683e+01  0
-4.976510285738970e-07  1.622261473540506e+01  1.622261473540506e+01  1.622261473540506e+01  1.622261473540506e+01  0
-4.540784644824392e-07  1.611415055098766e+01  1.611415055098766e+01  1.611415055098766e+01  1.611415055098766e+01  0
-4.143209600060391e-07  1.598989181636252e+01  1.598989181636252e+01  1.598989181636252e+01  1.598989181636252e+01  0
-3.780444820169723e-07  1.591299764639411e+01  1.591299764639411e+01  1.591299764639411e+01  1.591299764639411e+01  0
-3.449442441468511e-07  1.590916196743420e+01  1.590916196743420e+01  1.590916196743420e+01  1.590916196743420e+01  0
-3.147421460438101e-07  1.597684298679674e+01  1.597684298679674e+01  1.597684298679674e+01  1.597684298679674e+01  0
-2.871844368392758e-07  1.609181339106842e+01  1.609181339106842e+01  1.609181339106842e+01  1.609181339106842e+01  0
-2.620395831933229e-07  1.621982461513840e+01  1.621982461513840e+01  1.621982461513840e+01  1.621982461513840e+01  0
-2.390963240064397e-07  1.630155229605356e+01  1.630155229605356e+01  1.630155229605356e+01  1.630155229605356e+01  0
-2.181618954538510e-07  1.630300460697139e+01  1.630300460697139e+01  1.630300460697139e+01  1.630300460697139e+01  0
-1.990604114295588e-07  1.622257188949316e+01  1.622257188949316e+01  1.622257188949316e+01  1.622257188949316e+01  0
-1.816313857929757e-07  1.611444684120207e+01  1.611444684120207e+01  1.611444684120207e+01  1.611444684120207e+01  0
-1.657283840024157e-07  1.599029039534899e+01  1.599029039534899e+01  1.599029039534899e+01  1.599029039534899e+01  0
-1.512177928067889e-07  1.591354886951782e+01  1.591354886951782e+01  1.591354886951782e+01  1.591354886951782e+01  0
-1.379776976587405e-07  1.590985741937009e+01  1.590985741937009e+01  1.590985741937009e+01  1.590985741937009e+01  0
-1.258968584175240e-07  1.597760887358110e+01  1.597760887358110e+01  1.597760887358110e+01  1.597760887358110e+01  0
-1.148737747357103e-07  1.609237926870377e+01  1.609237926870377e+01  1.609237926870377e+01  1.609237926870377e+01  0
-1.048158332773291e-07  1.622031872215123e+01  1.622031872215123e+01  1.622031872215123e+01  1.622031872215123e+01  0
-9.563852960257586e-08  1.630194402763788e+01  1.630194402763788e+01  1.630194402763788e+01  1.630194402763788e+01  0
-8.726475818154038e-08  1.630330170537321e+01  1.630330170537321e+01  1.630330170537321e+01  1.630330170537321e+01  0
-7.962416457182352e-08  1.622282591629322e+01  1.622282591629322e+01  1.622282591629322e+01  1.622282591629322e+01  0
-7.265255431719029e-08  1.611483523779327e+01  1.611483523779327e+01  1.611483523779327e+01  1.611483523779327e+01  0
-6.629135360096627e-08  1.599071754845107e+01  1.599071754845107e+01  1.599071754845107e+01  1.599071754845107e+01  0
-6.048711712271557e-08  1.591403575921316e+01  1.591403575921316e+01  1.591403575921316e+01  1.591403575921316e+01  0
-5.519107906349619e-08  1.591040195363214e+01  1.591040195363214e+01  1.591040195363214e+01  1.591040195363214e+01  0
-5.035874336700961e-08  1.597818274463529e+01  1.597818274463529e+01  1.597818274463529e+01  1.597818274463529e+01  0
-4.594950989428412e-08  1.609287504343185e+01  1.609287504343185e+01  1.609287504343185e+01  1.609287504343185e+01  0
-4.192633331093166e-08  1.622078801507211e+01  1.622078801507211e+01  1.622078801507211e+01  1.622078801507211e+01  0
-3.825541184103035e-08  1.630237383306428e+01  1.630237383306428e+01  1.630237383306428e+01  1.630237383306428e+01  0
-3.490590327261615e-08  1.630369377988564e+01  1.630369377988564e+01  1.630369377988564e+01  1.630369377988564e+01  0
-3.184966582872941e-08  1.622319955240155e+01  1.622319955240155e+01  1.622319955240155e+01  1.622319955240155e+01  0
-2.906102172687611e-08  1.611526105480963e+01  1.611526105480963e+01  1.611526105480963e+01  1.611526105480963e+01  0
-2.651654144038651e-08  1.599115654893452e+01  1.599115654893452e+01  1.599115654893452e+01  1.599115654893452e+01  0
-2.419484684908623e-08  1.591449711345612e+01  1.591449711345612e+01  1.591449711345612e+01  1.591449711345612e+01  0
-2.207643162539847e-08  1.591088606900060e+01  1.591088606900060e+01  1.591088606900060e+01  1.591088606900060e+01  0
-2.014349734680384e-08  1.597867949842920e+01  1.597867949842920e+01  1.597867949842920e+01  1.597867949842920e+01  0
-1.837980395771364e-08  1.609334302770099e+01  1.609334302770099e+01  1.609334302770099e+01  1.609334302770099e+01  0
-1.677053332437266e-08  1.622124794214198e+01  1.622124794214198e+01  1.622124794214198e+01  1.622124794214198e+01  0
-1.530216473641213e-08  1.630281974952459e+01  1.630281974952459e+01  1.630281974952459e+01  1.630281974952459e+01  0
-1.396236130904646e-08  1.630412503217980e+01  1.630412503217980e+01  1.630412503217980e+01  1.630412503217980e+01  0
-1.273986633149176e-08  1.622362254352193e+01  1.622362254352193e+01  1.622362254352193e+01  1.622362254352193e+01  0
-1.162440869075045e-08  1.611570230895881e+01  1.611570230895881e+01  1.611570230895881e+01  1.611570230895881e+01  0
-1.060661657615460e-08  1.599160043266976e+01  1.599160043266976e+01  1.599160043266976e+01  1.599160043266976e+01  0
-9.677938739634492e-09  1.591494808320273e+01  1.591494808320273e+01  1.591494808320273e+01  1.591494808320273e+01  0
-8.830572650159389e-09  1.591134560617179e+01  1.591134560617179e+01  1.591134560617179e+01  1.591134560617179e+01  0
-8.057398938721539e-09  1.597914480519933e+01  1.597914480519933e+01  1.597914480519933e+01  1.597914480519933e+01  0
-7.351921583085459e-09  1.609379886532771e+01  1.609379886532771e+01  1.609379886532771e+01  1.609379886532771e+01  0
-6.708213329749065e-09  1.622170373601330e+01  1.622170373601330e+01  1.622170373601330e+01  1.622170373601330e+01  0
-6.120865894564855e-09  1.630327246349307e+01  1.630327246349307e+01  1.630327246349307e+01  1.630327246349307e+01  0
-5.584944523618584e-09  1.630457313163148e+01  1.630457313163148e+01  1.630457313163148e+01  1.630457313163148e+01  0
-5.095946532596706e-09  1.622406751620471e+01  1.622406751620471e+01  1.622406751620471e+01  1.622406751620471e+01  0
-4.649763476300179e-09  1.611614980206962e+01  1.611614980206962e+01  1.611614980206962e+01  1.611614980206962e+01  0
-4.242646630461842e-09  1.599204559436231e+01  1.599204559436231e+01  1.599204559436231e+01  1.599204559436231e+01  0
-3.871175495853797e-09  1.591539347442912e+01  1.591539347442912e+01  1.591539347442912e+01  1.591539347442912e+01  0
-3.532229060063756e-09  1.591179324903589e+01  1.591179324903589e+01  1.591179324903589e+01  1.591179324903589e+01  0
-3.222959575488616e-09  1.597959486746805e+01  1.597959486746805e+01  1.597959486746805e+01  1.597959486746805e+01  0
-2.940768633234184e-09  1.609424857939116e+01  1.609424857939116e+01  1.609424857939116e+01  1.609424857939116e+01  0
-2.683285331899626e-09  1.622215808718048e+01  1.622215808718048e+01  1.622215808718048e+01  1.622215808718048e+01  0
-2.448346357825942e-09  1.630373002552777e+01  1.630373002552777e+01  1.630373002552777e+01  1.630373002552777e+01  0
-2.233977809447434e-09  1.630503262298855e+01  1.630503262298855e+01  1.630503262298855e+01  1.630503262298855e+01  0
-2.038378613038682e-09  1.622452974554432e+01  1.622452974554432e+01  1.622452974554432e+01  1.622452974554432e+01  0
-1.859905390520071e-09  1.611660226158147e+01  1.611660226158147e+01  1.611660226158147e+01  1.611660226158147e+01  0
-1.697058652184737e-09  1.599249151028275e+01  1.599249151028275e+01  1.599249151028275e+01  1.599249151028275e+01  0
-1.548470198341519e-09  1.591583446162069e+01  1.591583446162069e+01  1.591583446162069e+01  1.591583446162069e+01  0
-1.412891624025502e-09  1.591223162758939e+01  1.591223162758939e+01  1.591223162758939e+01  1.591223162758939e+01  0
-1.289183830195446e-09  1.598003177745632e+01  1.598003177745632e+01  1.598003177745632e+01  1.598003177745632e+01  0
-1.176307453293673e-09  1.609469415579012e+01  1.609469415579012e+01  1.609469415579012e+01  1.609469415579012e+01  0
-1.073314132759850e-09  1.622261506125167e+01  1.622261506125167e+01  1.622261506125167e+01  1.622261506125167e+01  0
-9.793385431303769e-10  1.630420003933298e+01  1.630420003933298e+01  1.630420003933298e+01  1.630420003933298e+01  0
-8.935911237789734e-10  1.630551859794127e+01  1.630551859794127e+01  1.630551859794127e+01  1.630551859794127e+01  0
-8.153514452154729e-10  1.622503998622175e+01  1.622503998622175e+01  1.622503998622175e+01  1.622503998622175e+01  0
-7.439621562080285e-10  1.611706063286661e+01  1.611706063286661e+01  1.611706063286661e+01  1.611706063286661e+01  0
-6.788234608738945e-10  1.599293405178293e+01  1.599293405178293e+01  1.599293405178293e+01  1.599293405178293e+01  0
-6.193880793366075e-10  1.591625873591575e+01  1.591625873591575e+01  1.591625873591575e+01  1.591625873591575e+01  0
-5.651566496102009e-10  1.591263391952054e+01  1.591263391952054e+01  1.591263391952054e+01  1.591263391952054e+01  0
-5.156735320781784e-10  1.598040194701677e+01  1.598040194701677e+01  1.598040194701677e+01  1.598040194701677e+01  0
-4.705229813174694e-10  1.609514054307884e+01  1.609514054307884e+01  1.609514054307884e+01  1.609514054307884e+01  0
-4.293256531039402e-10  1.622310205688862e+01  1.622310205688862e+01  1.622310205688862e+01  1.622310205688862e+01  0
-3.917354172521507e-10  1.630475283017434e+01  1.630475283017434e+01  1.630475283017434e+01  1.630475283017434e+01  0
-3.574364495115894e-10  1.630618362708401e+01  1.630618362708401e+01  1.630618362708401e+01  1.630618362708401e+01  0
-3.261405780861892e-10  1.622590344161485e+01  1.622590344161485e+01  1.622590344161485e+01  1.622590344161485e+01  0
3.261405780861892e-10  1.622584967114900e+01  1.622584967114900e+01  1.622584967114900e+01  1.622584967114900e+01  0
3.574364495115894e-10  1.630612932578691e+01  1.630612932578691e+01  1.630612932578691e+01  1.630612932578691e+01  0
3.917354172521507e-10  1.630472280978904e+01  1.630472280978904e+01  1.630472280978904e+01  1.630472280978904e+01  0
4.293256531039402e-10  1.622311612590973e+01  1.622311612590973e+01  1.622311612590973e+01  1.622311612590973e+01  0
4.705229813174694e-10  1.609520349753736e+01  1.609520349753736e+01  1.609520349753736e+01  1.609520349753736e+01  0
5.156735320781784e-10  1.598043790584533e+01  1.598043790584533e+01  1.598043790584533e+01  1.598043790584533e+01  0
5.651566496102009e-10  1.591267051515185e+01  1.591267051515185e+01  1.591267051515185e+01  1.591267051515185e+01  0
6.193880793366075e-10  1.591628041827848e+01  1.591628041827848e+01  1.591628041827848e+01  1.591628041827848e+01  0
6.788234608738945e-10  1.599292840777082e+01  1.599292840777082e+01  1.599292840777082e+01  1.599292840777082e+01  0
7.439621562080285e-10  1.611702469037626e+01  1.611702469037626e+01  1.611702469037626e+01  1.611702469037626e+01  0
8.153514452154729e-10  1.622501969217451e+01  1.622501969217451e+01  1.622501969217451e+01  1.622501969217451e+01  0
8.935911237789734e-10  1.630549774724300e+01  1.630549774724300e+01  1.630549774724300e+01  1.630549774724300e+01  0
9.793385431303769e-10  1.630418850376184e+01  1.630418850376184e+01  1.630418850376184e+01  1.630418850376184e+01  0
1.073314132759850e-09  1.622262073848319e+01  1.622262073848319e+01  1.622262073848319e+01  1.622262073848319e+01  0
1.176307453293673e-09  1.609471897262297e+01  1.609471897262297e+01  1.609471897262297e+01  1.609471897262297e+01  0
1.289183830195446e-09  1.598004740506062e+01  1.598004740506062e+01  1.598004740506062e+01  1.598004740506062e+01  0
1.412891624025502e-09  1.591224760951243e+01  1.591224760951243e+01  1.591224760951243e+01  1.591224760951243e+01  0
1.548470198341519e-09  1.591584447046977e+01  1.591584447046977e+01  1.591584447046977e+01  1.591584447046977e+01  0
1.697058652184737e-09  1.599249048136398e+01  1.599249048136398e+01  1.599249048136398e+01  1.599249048136398e+01  0
1.859905390520071e-09  1.611658894216762e+01  1.611658894216762e+01  1.611658894216762e+01  1.611658894216762e+01  0
2.038378613038682e-09  1.622452178546926e+01  1.622452178546926e+01  1.622452178546926e+01  1.622452178546926e+01  0
2.233977809447434e-09  1.630502459630696e+01  1.630502459630696e+01  1.630502459630696e+01  1.630502459630696e+01  0
2.448346357825942e-09  1.630372593231964e+01  1.630372593231964e+01  1.630372593231964e+01  1.630372593231964e+01  0
2.683285331899626e-09  1.622216112659958e+01  1.622216112659958e+01  1.622216112659958e+01  1.622216112659958e+01  0
2.940768633234184e-09  1.609425953420429e+01  1.609425953420429e+01  1.609425953420429e+01  1.609425953420429e+01  0
3.222959575488616e-09  1.597960100603402e+01  1.597960100603402e+01  1.597960100603402e+01  1.597960100603402e+01  0
3.532229060063756e-09  1.591179961394677e+01  1.591179961394677e+01  1.591179961394677e+01  1.591179961394677e+01  0
3.871175495853797e-09  1.591539753999821e+01  1.591539753999821e+01  1.591539753999821e+01  1.591539753999821e+01  0
4.242646630461842e-09  1.599204533340036e+01  1.599204533340036e+01  1.599204533340036e+01  1.599204533340036e+01  0
4.649763476300179e-09  1.611614470211344e+01  1.611614470211344e+01  1.611614470211344e+01  1.611614470211344e+01  0
5.095946532596706e-09  1.622406398417170e+01  1.622406398417170e+01  1.622406398417170e+01  1.622406398417170e+01  0
5.584944523618584e-09  1.630456962890761e+01  1.630456962890761e+01  1.630456962890761e+01  1.630456962890761e+01  0
6.120865894564855e-09  1.630327060684866e+01  1.630327060684866e+01  1.630327060684866e+01  1.630327060684866e+01  0
6.708213329749065e-09  1.622170481466365e+01  1.622170481466365e+01  1.622170481466365e+01  1.622170481466365e+01  0
7.351921583085459e-09  1.609380319461637e+01  1.609380319461637e+01  1.609380319461637e+01  1.609380319461637e+01  0
8.057398938721539e-09  1.597914701144642e+01  1.597914701144642e+01  1.597914701144642e+01  1.597914701144642e+01  0
8.830572650159389e-09  1.591134779687407e+01  1.591134779687407e+01  1.591134779687407e+01  1.591134779687407e+01  0
9.677938739634492e-09  1.591494926068980e+01  1.591494926068980e+01  1.591494926068980e+01  1.591494926068980e+01  0
1.060661657615460e-08  1.599159980775383e+01  1.599159980775383e+01  1.599159980775383e+01  1.599159980775383e+01  0
1.162440869075045e-08  1.611569970468988e+01  1.611569970468988e+01  1.611569970468988e+01  1.611569970468988e+01  0
1.273986633149176e-08  1.622362119479083e+01  1.622362119479083e+01  1.622362119479083e+01  1.622362119479083e+01  0
1.396236130904646e-08  1.630412366990517e+01  1.630412366990517e+01  1.630412366990517e+01  1.630412366990517e+01  0
1.530216473641213e-08  1.630281899079362e+01  1.630281899079362e+01  1.630281899079362e+01  1.630281899079362e+01  0
1.677053332437266e-08  1.622124827359073e+01  1.622124827359073e+01  1.622124827359073e+01  1.622124827359073e+01  0
1.837980395771364e-08  1.609334455580091e+01  1.609334455580091e+01  1.609334455580091e+01  1.609334455580091e+01  0
2.014349734680384e-08  1.597868054975319e+01  1.597868054975319e+01  1.597868054975319e+01  1.597868054975319e+01  0
2.207643162539847e-08  1.591088709408109e+01  1.591088709408109e+01  1.591088709408109e+01  1.591088709408109e+01  0
2.419484684908623e-08  1.591449774187292e+01  1.591449774187292e+01  1.591449774187292e+01  1.591449774187292e+01  0
2.651654144038651e-08  1.599115649148963e+01  1.599115649148963e+01  1.599115649148963e+01  1.599115649148963e+01  0
2.906102172687611e-08  1.611526025503150e+01  1.611526025503150e+01  1.611526025503150e+01  1.611526025503150e+01  0
3.184966582872941e-08  1.622319932813953e+01  1.622319932813953e+01  1.622319932813953e+01  1.622319932813953e+01  0
3.490590327261615e-08  1.630369357291882e+01  1.630369357291882e+01  1.630369357291882e+01  1.630369357291882e+01  0
3.825541184103035e-08  1.630237386061387e+01  1.630237386061387e+01  1.630237386061387e+01  1.630237386061387e+01  0
4.192633331093166e-08  1.622078844575873e+01  1.622078844575873e+01  1.622078844575873e+01  1.622078844575873e+01  0
4.594950989428412e-08  1.609287590299611e+01  1.609287590299611e+01  1.609287590299611e+01  1.609287590299611e+01  0
5.035874336700961e-08  1.597818304324355e+01  1.597818304324355e+01  1.597818304324355e+01  1.597818304324355e+01  0
5.519107906349619e-08  1.591040232030287e+01  1.591040232030287e+01  1.591040232030287e+01  1.591040232030287e+01  0
6.048711712271557e-08  1.591403603785599e+01  1.591403603785599e+01  1.591403603785599e+01  1.591403603785599e+01  0
6.629135360096627e-08  1.599071760913755e+01  1.599071760913755e+01  1.599071760913755e+01  1.599071760913755e+01  0
7.265255431719029e-08  1.611483504008409e+01  1.611483504008409e+01  1.611483504008409e+01  1.611483504008409e+01  0
7.962416457182352e-08  1.622282550013008e+01  1.622282550013008e+01  1.622282550013008e+01  1.622282550013008e+01  0
8.726475818154038e-08  1.630330126920235e+01  1.630330126920235e+01  1.630330126920235e+01  1.630330126920235e+01  0
9.563852960257586e-08  1.630194368575592e+01  1.630194368575592e+01  1.630194368575592e+01  1.630194368575592e+01  0
1.048158332773291e-07  1.622031856952042e+01  1.622031856952042e+01  1.622031856952042e+01  1.622031856952042e+01  0
1.148737747357103e-07  1.609237933679107e+01  1.609237933679107e+01  1.609237933679107e+01  1.609237933679107e+01  0
1.258968584175240e-07  1.597760895000481e+01  1.597760895000481e+01  1.597760895000481e+01  1.597760895000481e+01  0
1.379776976587405e-07  1.590985749021308e+01  1.590985749021308e+01  1.590985749021308e+01  1.590985749021308e+01  0
1.512177928067889e-07  1.591354886594775e+01  1.591354886594775e+01  1.591354886594775e+01  1.591354886594775e+01  0
1.657283840024157e-07  1.599029026236506e+01  1.599029026236506e+01  1.599029026236506e+01  1.599029026236506e+01  0
1.816313857929757e-07  1.611444656521610e+01  1.611444656521610e+01  1.611444656521610e+01  1.611444656521610e+01  0
1.990604114295588e-07  1.622257175003634e+01  1.622257175003634e+01  1.622257175003634e+01  1.622257175003634e+01  0
2.181618954538510e-07  1.630300446395868e+01  1.630300446395868e+01  1.630300446395868e+01  1.630300446395868e+01  0
2.390963240064397e-07  1.630155219176704e+01  1.630155219176704e+01  1.630155219176704e+01  1.630155219176704e+01  0
2.620395831933229e-07  1.621982458267767e+01  1.621982458267767e+01  1.621982458267767e+01  1.621982458267767e+01  0
2.871844368392758e-07  1.609181343660612e+01  1.609181343660612e+01  1.609181343660612e+01  1.609181343660612e+01  0
3.147421460438101e-07  1.597684300121455e+01  1.597684300121455e+01  1.597684300121455e+01  1.597684300121455e+01  0
3.449442441468511e-07  1.590916198177180e+01  1.590916198177180e+01  1.590916198177180e+01  1.590916198177180e+01  0
3.780444820169723e-07  1.591299763127716e+01  1.591299763127716e+01  1.591299763127716e+01  1.591299763127716e+01  0
4.143209600060391e-07  1.598989174797888e+01  1.598989174797888e+01  1.598989174797888e+01  1.598989174797888e+01  0
4.540784644824392e-07  1.611415042280959e+01  1.611415042280959e+01  1.611415042280959e+01  1.611415042280959e+01  0
4.976510285738970e-07  1.622261465248081e+01  1.622261465248081e+01  1.622261465248081e+01  1.622261465248081e+01  0
5.454047386346274e-07  1.630294391584997e+01  1.630294391584997e+01  1.630294391584997e+01  1.630294391584997e+01  0
5.977408100160992e-07  1.630125564801157e+01  1.630125564801157e+01  1.630125564801157e+01  1.630125564801157e+01  0
6.550989579833072e-07  1.621926894749223e+01  1.621926894749223e+01  1.621926894749223e+01  1.621926894749223e+01  0
7.179610920981894e-07  1.609107294072057e+01  1.609107294072057e+01  1.609107294072057e+01  1.609107294072057e+01  0
7.868553651095252e-07  1.597559546399158e+01  1.597559546399158e+01  1.597559546399158e+01  1.597559546399158e+01  0
8.623606103671279e-07  1.590808680434095e+01  1.590808680434095e+01  1.590808680434095e+01  1.590808680434095e+01  0
9.451112050424309e-07  1.591228253197877e+01  1.591228253197877e+01  1.591228253197877e+01  1.591228253197877e+01  0
1.035802400015098e-06  1.598956147823201e+01  1.598956147823201e+01  1.598956147823201e+01  1.598956147823201e+01  0
1.135196161206098e-06  1.611408173258036e+01  1.611408173258036e+01  1.611408173258036e+01  1.611408173258036e+01  0
1.244127571434742e-06  1.622338491075067e+01  1.622338491075067e+01  1.622338491075067e+01  1.622338491075067e+01  0
1.363511846586568e-06  1.630346520349844e+01  1.630346520349844e+01  1.630346520349844e+01  1.630346520349844e+01  0
1.494352025040248e-06  1.630119197121735e+01  1.630119197121735e+01  1.630119197121735e+01  1.630119197121735e+01  0
1.637747394958268e-06  1.621855709150071e+01  1.621855709150071e+01  1.621855709150071e+01  1.621855709150071e+01  0
1.794902730245473e-06  1.608989446380654e+01  1.608989446380654e+01  1.608989446380654e+01  1.608989446380654e+01  0
1.967138412773813e-06  1.597313148003911e+01  1.597313148003911e+01  1.597313148003911e+01  1.597313148003911e+01  0
2.155901525917819e-06  1.590604486602517e+01  1.590604486602517e+01  1.590604486602517e+01  1.590604486602517e+01  0
2.362778012606077e-06  1.591113629551659e+01  1.591113629551659e+01  1.591113629551659e+01  1.591113629551659e+01  0
2.589506000037745e-06  1.598937980649475e+01  1.598937980649475e+01  1.598937980649475e+01  1.598937980649475e+01  0
2.837990403015245e-06  1.611456255578555e+01  1.611456255578555e+01  1.611456255578555e+01  1.611456255578555e+01  0
3.110318928586857e-06  1.622588352240048e+01  1.622588352240048e+01  1.622588352240048e+01  1.622588352240048e+01  0
3.408779616466421e-06  1.630538444890653e+01  1.630538444890653e+01  1.630538444890653e+01  1.630538444890653e+01  0
3.735880062600620e-06  1.630168057533500e+01  1.630168057533500e+01  1.630168057533500e+01  1.630168057533500e+01  0
4.094368487395670e-06  1.621744020665611e+01  1.621744020665611e+01  1.621744020665611e+01  1.621744020665611e+01  0
4.487256825613684e-06  1.608761097106471e+01  1.608761097106471e+01  1.608761097106471e+01  1.608761097106471e+01  0
4.917846031934533e-06  1.596754791536901e+01  1.596754791536901e+01  1.596754791536901e+01  1.596754791536901e+01  0
5.389753814794549e-06  1.590147623879784e+01  1.590147623879784e+01  1.590147623879784e+01  1.590147623879784e+01  0
5.906945031515193e-06  1.590877819598109e+01  1.590877819598109e+01  1.590877819598109e+01  1.590877819598109e+01  0
6.473765000094363e-06  1.598943198827976e+01  1.598943198827976e+01  1.598943198827976e+01  1.598943198827976e+01  0
7.094976007538114e-06  1.611629728272955e+01  1.611629728272955e+01  1.611629728272955e+01  1.611629728272955e+01  0
7.775797321467140e-06  1.623213792958778e+01  1.623213792958778e+01  1.623213792958778e+01  1.623213792958778e+01  0
8.521949041166052e-06  1.631044184395933e+01  1.631044184395933e+01  1.631044184395933e+01  1.631044184395933e+01  0
9.339700156501548e-06  1.630336092851360e+01  1.630336092851360e+01  1.630336092851360e+01  1.630336092851360e+01  0
1.023592121848917e-05  1.621521915011434e+01  1.621521915011434e+01  1.621521915011434e+01  1.621521915011434e+01  0
1.121814206403421e-05  1.608250185795012e+01  1.608250185795012e+01  1.608250185795012e+01  1.608250185795012e+01  0
1.229461507983633e-05  1.595367164307469e+01  1.595367164307469e+01  1.595367164307469e+01  1.595367164307469e+01  0
1.347438453698637e-05  1.588990599742988e+01  1.588990599742988e+01  1.588990599742988e+01  1.588990599742988e+01  0
1.476736257878798e-05  1.590255416663892e+01  1.590255416663892e+01  1.590255416663892e+01  1.590255416663892e+01  0
1.618441250023591e-05  1.598920776509618e+01  1.598920776509618e+01  1.598920776509618e+01  1.598920776509618e+01  0
1.773744001884528e-05  1.612041440652836e+01  1.612041440652836e+01  1.612041440652836e+01  1.612041440652836e+01  0
1.943949330366785e-05  1.624422149250747e+01  1.624422149250747e+01  1.624422149250747e+01  1.624422149250747e+01  0
2.130487260291513e-05  1.632107299007366e+01  1.632107299007366e+01  1.632107299007366e+01  1.632107299007366e+01  0
2.334925039125387e-05  1.630680244480234e+01  1.630680244480234e+01  1.630680244480234e+01  1.630680244480234e+01  0
2.558980304622294e-05  1.620964070672080e+01  1.620964070672080e+01  1.620964070672080e+01  1.620964070672080e+01  0
2.804535516008552e-05  1.606992277308140e+01  1.606992277308140e+01  1.606992277308140e+01  1.606992277308140e+01  0
3.073653769959083e-05  1.591597229978687e+01  1.591597229978687e+01  1.591597229978687e+01  1.591597229978687e+01  0
3.368596134246593e-05  1.585662915148254e+01  1.585662915148254e+01  1.585662915148254e+01  1.585662915148254e+01  0
3.691840644696995e-05  1.588151588326946e+01  1.588151588326946e+01  1.588151588326946e+01  1.588151588326946e+01  0
4.046103125058977e-05  1.598294656213396e+01  1.598294656213396e+01  1.598294656213396e+01  1.598294656213396e+01  0
4.434360004711321e-05  1.612577396923296e+01  1.612577396923296e+01  1.612577396923296e+01  1.612577396923296e+01  0
4.859873325916964e-05  1.624831101052805e+01  1.624831101052805e+01  1.624831101052805e+01  1.624831101052805e+01  0
5.326218150728783e-05  1.633082782861041e+01  1.633082782861041e+01  1.633082782861041e+01  1.633082782861041e+01  0
5.837312597813469e-05  1.630647591096936e+01  1.630647591096936e+01  1.630647591096936e+01  1.630647591096936e+01  0
6.397450761555734e-05  1.619159155926161e+01  1.619159155926161e+01  1.619159155926161e+01  1.619159155926161e+01  0
7.011338790021381e-05  1.603599933545477e+01  1.603599933545477e+01  1.603599933545477e+01  1.603599933545477e+01  0
7.684134424897707e-05  1.579792599789290e+01  1.579792599789290e+01  1.579792599789290e+01  1.579792599789290e+01  0
8.421490335616483e-05  1.574400940619173e+01  1.574400940619173e+01  1.574400940619173e+01  1.574400940619173e+01  0
9.229601611742488e-05  1.579284466808409e+01  1.579284466808409e+01  1.579284466808409e+01  1.579284466808409e+01  0
1.011525781264744e-04  1.592908165361383e+01  1.592908165361383e+01  1.592908165361383e+01  1.592908165361383e+01  0
1.108590001177830e-04  1.610480137236273e+01  1.610480137236273e+01  1.610480137236273e+01  1.610480137236273e+01  0
1.214968331479241e-04  1.618384229356105e+01  1.618384229356105e+01  1.618384229356105e+01  1.618384229356105e+01  0
1.331554537682195e-04  1.628434916372728e+01  1.628434916372728e+01  1.628434916372728e+01  1.628434916372728e+01  0
1.459328149453367e-04  1.625871766472944e+01  1.625871766472944e+01  1.625871766472944e+01  1.625871766472944e+01  0
1.599362690388933e-04  1.612098335053974e+01  1.612098335053974e+01  1.612098335053974e+01  1.612098335053974e+01  0
1.752834697505345e-04  1.593444968920922e+01  1.593444968920922e+01  1.593444968920922e+01  1.593444968920922e+01  0
1.921033606224427e-04  1.659247852553704e+01  1.659247852553704e+01  1.659247852553704e+01  1.659247852553704e+01  0
2.105372583904121e-04  1.614879127104174e+01  1.614879127104174e+01  1.614879127104174e+01  1.614879127104174e+01  0
2.307400402935622e-04  1.591897560630353e+01  1.591897560630353e+01  1.591897560630353e+01  1.591897560630353e+01  0
2.528814453161860e-04  1.589664982345134e+01  1.589664982345134e+01  1.589664982345134e+01  1.589664982345134e+01  0
2.771475002944575e-04  1.601042271405697e+01  1.601042271405697e+01  1.601042271405697e+01  1.601042271405697e+01  0
3.037420828698102e-04  1.979608129425894e+01  1.979608129425894e+01  1.979608129425894e+01  1.979608129425894e+01  0
3.328886344205489e-04  1.930261130918224e+01  1.930261130918224e+01  1.930261130918224e+01  1.930261130918224e+01  0
3.648320373633417e-04  1.869896688536604e+01  1.869896688536604e+01  1.869896688536604e+01  1.869896688536604e+01  0
3.998406725972333e-04  1.798223874398578e+01  1.798223874398578e+01  1.798223874398578e+01  1.798223874398578e+01  0
4.382086743763362e-04  1.722690577596752e+01  1.722690577596752e+01  1.722690577596752e+01  1.722690577596752e+01  0
4.802584015561067e-04  2.314078316499081e+01  2.314078316499081e+01  2.314078316499081e+01  2.314078316499081e+01  0
5.263431459760303e-04  2.239423967040976e+01  2.239423967040976e+01  2.239423967040976e+01  2.239423967040976e+01  0
5.768501007339055e-04  2.157192127811363e+01  2.157192127811363e+01  2.157192127811363e+01  2.157192127811363e+01  0
6.322036132904651e-04  2.082197162445804e+01  2.082197162445804e+01  2.082197162445804e+01  2.082197162445804e+01  0
6.928687507361440e-04  2.020085227378280e+01  2.020085227378280e+01  2.020085227378280e+01  2.020085227378280e+01  0
7.593552071745256e-04  2.638961243343768e+01  2.638961243343768e+01  2.638961243343768e+01  2.638961243343768e+01  0
8.322215860513723e-04  2.610742549608492e+01  2.610742549608492e+01  2.610742549608492e+01  2.610742549608492e+01  0
9.120800934083544e-04  2.569709389731032e+01  2.569709389731032e+01  2.569709389731032e+01  2.569709389731032e+01  0
9.996016814930835e-04  2.511503407516777e+01  2.511503407516777e+01  2.511503407516777e+01  2.511503407516777e+01  0
1.095521685940841e-03  2.435821912462001e+01  2.435821912462001e+01  2.435821912462001e+01  2.435821912462001e+01  0
1.200646003890267e-03  2.647967063457886e+01  2.647967063457886e+01  2.647967063457886e+01  2.647967063457886e+01  0
1.315857864940076e-03  2.718944557112475e+01  2.718944557112475e+01  2.718944557112475e+01  2.718944557112475e+01  0
1.442125251834764e-03  2.748877929360033e+01  2.748877929360033e+01  2.748877929360033e+01  2.748877929360033e+01  0
1.580509033226163e-03  2.747092312000065e+01  2.747092312000065e+01  2.747092312000065e+01  2.747092312000065e+01  0
1.732171876840360e-03  2.726168444083575e+01  2.726168444083575e+01  2.726168444083575e+01  2.726168444083575e+01  0
1.898388017936314e-03  1.955546132198675e+01  1.955546132198675e+01  1.955546132198675e+01  1.955546132198675e+01  0
2.080553965128431e-03  2.131066269801569e+01  2.131066269801569e+01  2.131066269801569e+01  2.131066269801569e+01  0
2.280200233520886e-03  2.292526504045912e+01  2.292526504045912e+01  2.292526504045912e+01  2.292526504045912e+01  0
2.499004203732709e-03  2.437997702821788e+01  2.437997702821788e+01  2.437997702821788e+01  2.437997702821788e+01  0
2.738804214852102e-03  2.558913669800481e+01  2.558913669800481e+01  2.558913669800481e+01  2.558913669800481e+01  0
3.001615009725670e-03  1.183725415248102e+01  1.183725415248102e+01  1.183725415248102e+01  1.183725415248102e+01  0
3.289644662350192e-03  1.335416693983545e+01  1.335416693983545e+01  1.335416693983545e+01  1.335416693983545e+01  0
3.605313129586913e-03  1.501060519539248e+01  1.501060519539248e+01  1.501060519539248e+01  1.501060519539248e+01  0
3.951272583065411e-03  1.673905210035652e+01  1.673905210035652e+01  1.673905210035652e+01  1.673905210035652e+01  0
4.330429692100904e-03  1.846982004385958e+01  1.846982004385958e+01  1.846982004385958e+01  1.846982004385958e+01  0
4.745970044840788e-03  7.543406307739795e+00  7.543406307739795e+00  7.543406307739795e+00  7.543406307739795e+00  0
5.201384912821080e-03  8.351133114811162e+00  8.351133114811162e+00  8.351133114811162e+00  8.351133114811162e+00  0
5.700500583802218e-03  9.149443723846074e+00  9.149443723846074e+00  9.149443723846074e+00  9.149443723846074e+00  0
6.247510509331775e-03  1.000881176386697e+01  1.000881176386697e+01  1.000881176386697e+01  1.000881176386697e+01  0
6.847010537130258e-03  1.101073780399707e+01  1.101073780399707e+01  1.101073780399707e+01  1.101073780399707e+01  0
7.504037524314174e-03  3.837045726579392e+00  3.837045726579392e+00  3.837045726579392e+00  3.837045726579392e+00  0
8.224111655875478e-03  4.572400461820435e+00  4.572400461820435e+00  4.572400461820435e+00  4.572400461820435e+00  0
9.013282823967282e-03  5.352020471724605e+00  5.352020471724605e+00  5.352020471724605e+00  5.352020471724605e+00  0
9.878181457663525e-03  6.159909172525147e+00  6.159909172525147e+00  6.159909172525147e+00  6.159909172525147e+00  0
1.082607423025226e-02  6.977289395644303e+00  6.977289395644303e+00  6.977289395644303e+00  6.977289395644303e+00  0
1.186492511210197e-02  1.454329245773137e+00  1.454329245773137e+00  1.454329245773137e+00  1.454329245773137e+00  0
1.300346228205270e-02  1.797798697381456e+00  1.797798697381456e+00  1.797798697381456e+00  1.797798697381456e+00  0
1.425125145950555e-02  2.201256445316534e+00  2.201256445316534e+00  2.201256445316534e+00  2.201256445316534e+00  0
1.561877627332944e-02  2.673869512548246e+00  2.673869512548246e+00  2.673869512548246e+00  2.673869512548246e+00  0
1.711752634282565e-02  3.225000060685255e+00  3.225000060685255e+00  3.225000060685255e+00  3.225000060685255e+00  0
1.876009381078543e-02  4.697609608855546e-01  4.697609608855546e-01  4.697609608855546e-01  4.697609608855546e-01  0
2.056027913968870e-02  6.113137517634312e-01  6.113137517634312e-01  6.113137517634312e-01  6.113137517634312e-01  0
2.253320705991821e-02  7.897076380913706e-01  7.897076380913706e-01  7.897076380913706e-01  7.897076380913706e-01  0
2.469545364415881e-02  1.012240776687438e+00  1.012240776687438e+00  1.012240776687438e+00  1.012240776687438e+00  0
2.706518557563065e-02  1.285350697523060e+00  1.285350697523060e+00  1.285350697523060e+00  1.285350697523060e+00  0
2.966231278025492e-02  1.803354416748822e-01  1.803354416748822e-01  1.803354416748822e-01  1.803354416748822e-01  0
3.250865570513176e-02  2.217293492430892e-01  2.217293492430892e-01  2.217293492430892e-01  2.217293492430892e-01  0
3.562812864876387e-02  2.717830564735137e-01  2.717830564735137e-01  2.717830564735137e-01  2.717830564735137e-01  0
3.904694068332360e-02  3.342919653613759e-01  3.342919653613759e-01  3.342919653613759e-01  3.342919653613759e-01  0
4.279381585706412e-02  4.124650729221485e-01  4.124650729221485e-01  4.124650729221485e-01  4.124650729221485e-01  0
4.690023452696358e-02  6.681205546695336e-02  6.681205546695336e-02  6.681205546695336e-02  6.681205546695336e-02  0
5.140069784922174e-02  8.167860790440958e-02  8.167860790440958e-02  8.167860790440958e-02  8.167860790440958e-02  0
5.633301764979550e-02  1.016834659143550e-01  1.016834659143550e-01  1.016834659143550e-01  1.016834659143550e-01  0
6.173863411039702e-02  1.280307320167798e-01  1.280307320167798e-01  1.280307320167798e-01  1.280307320167798e-01  0
6.766296393907660e-02  1.617439804555268e-01  1.617439804555268e-01  1.617439804555268e-01  1.617439804555268e-01  0
7.415578195063731e-02  3.541563726732446e-02  3.541563726732446e-02  3.541563726732446e-02  3.541563726732446e-02  0
8.127163926282939e-02  4.277360907453305e-02  4.277360907453305e-02  4.277360907453305e-02  4.277360907453305e-02  0
8.907032162190968e-02  5.004724653881678e-02  5.004724653881678e-02  5.004724653881678e-02  5.004724653881678e-02  0
9.761735170830900e-02  5.770293719828467e-02  5.770293719828467e-02  5.770293719828467e-02  5.770293719828467e-02  0
1.069845396426603e-01  6.681131771827828e-02  6.681131771827828e-02  6.681131771827828e-02  6.681131771827828e-02  0
1.172505863174089e-01  2.421930274030905e-02  2.421930274030905e-02  2.421930274030905e-02  2.421930274030905e-02  0
1.285017446230543e-01  2.865062065836024e-02  2.865062065836024e-02  2.865062065836024e-02  2.865062065836024e-02  0
1.408325441244888e-01  3.298724487888766e-02  3.298724487888766e-02  3.298724487888766e-02  3.298724487888766e-02  0
1.543465852759926e-01  3.742222534464239e-02  3.742222534464239e-02  3.742222534464239e-02  3.742222534464239e-02  0
1.691574098476915e-01  4.223969232405279e-02  4.223969232405279e-02  4.223969232405279e-02  4.223969232405279e-02  0
1.853894548765933e-01  6.285325375752607e-03  6.285325375752607e-03  6.285325375752607e-03  6.285325375752607e-03  0
2.031790981570735e-01  8.964476447889716e-03  8.964476447889716e-03  8.964476447889716e-03  8.964476447889716e-03  0
2.226758040547742e-01  1.232997140043491e-02  1.232997140043491e-02  1.232997140043491e-02  1.232997140043491e-02  0
2.440433792707725e-01  1.630235225134051e-02  1.630235225134051e-02  1.630235225134051e-02  1.630235225134051e-02  0
2.674613491066508e-01  2.072049893414464e-02  2.072049893414464e-02  2.072049893414464e-02  2.072049893414464e-02  0
2.931264657935224e-01  7.014020595878618e-04  7.014020595878618e-04  7.014020595878618e-04  7.014020595878618e-04  0
3.212543615576359e-01  1.132112826512592e-03  1.132112826512592e-03  1.132112826512592e-03  1.132112826512592e-03  0
3.520813603112219e-01  1.781187575840421e-03  1.781187575840421e-03  1.781187575840421e-03  1.781187575840421e-03  0
3.858664631899815e-01  2.752543201064561e-03  2.752543201064561e-03  2.752543201064561e-03  2.752543201064561e-03  0
4.228935246192289e-01  4.188936245184849e-03  4.188936245184849e-03  4.188936245184849e-03  4.188936245184849e-03  0
4.634736371914833e-01  5.526133733521401e-05  5.526133733521401e-05  5.526133733521401e-05  5.526133733521401e-05  0
5.079477453926837e-01  9.197810625614702e-05  9.197810625614702e-05  9.197810625614702e-05  9.197810625614702e-05  0
5.566895101369356e-01  1.542049339695896e-04  1.542049339695896e-04  1.542049339695896e-04  1.542049339695896e-04  0
6.101084481769313e-01  2.584110214581370e-04  2.584110214581370e-04  2.584110214581370e-04  2.584110214581370e-04  0
6.686533727666270e-01  4.290114076874838e-04  4.290114076874838e-04  4.290114076874838e-04  4.290114076874838e-04  0
7.328161644838057e-01  3.800267347017123e-06  3.800267347017123e-06  3.800267347017123e-06  3.800267347017123e-06  0
8.031359038940895e-01  6.774326784982509e-06  6.774326784982509e-06  6.774326784982509e-06  6.774326784982509e-06  0
8.802034007780546e-01  1.140220101003824e-05  1.140220101003824e-05  1.140220101003824e-05  1.140220101003824e-05  0
9.646661579749534e-01  1.843528676507763e-05  1.843528676507763e-05  1.843528676507763e-05  1.843528676507763e-05  0
1.057233811548072e+00  2.939064295088575e-05  2.939064295088575e-05  2.939064295088575e-05  2.939064295088575e-05  0
1.158684092978708e+00  7.735373688863033e-08  7.735373688863033e-08  7.735373688863033e-08  7.735373688863033e-08  0
1.269869363481709e+00  1.955202284569502e-07  1.955202284569502e-07  1.955202284569502e-07  1.955202284569502e-07  0
1.391723775342339e+00  4.573453931114254e-07  4.573453931114254e-07  4.573453931114254e-07  4.573453931114254e-07  0
1.525271120442328e+00  9.924104120358277e-07  9.924104120358277e-07  9.924104120358277e-07  9.924104120358277e-07  0
1.671633431916567e+00  2.003540344801797e-06  2.003540344801797e-06  2.003540344801797e-06  2.003540344801797e-06  0
1.832040411209514e+00  7.941972185276546e-10  7.941972185276546e-10  7.941972185276546e-10  7.941972185276546e-10  0
2.007839759735224e+00  1.653392247219087e-09  1.653392247219087e-09  1.653392247219087e-09  1.653392247219087e-09  0
2.200508501945136e+00  3.350758558891518e-09  3.350758558891518e-09  3.350758558891518e-09  3.350758558891518e-09  0
2.411665394937383e+00  6.951344499500441e-09  6.951344499500441e-09  6.951344499500441e-09  6.951344499500441e-09  0
2.643084528870179e+00  1.556212285604889e-08  1.556212285604889e-08  1.556212285604889e-08  1.556212285604889e-08  0
