-1.832040411209515e+00  3.903751440059887e-04  3.903751440059887e-04  3.903751440059887e-04  3.903751440059887e-04  0
-1.671633431916567e+00  1.842102252108871e-04  1.842102252108871e-04  1.842102252108871e-04  1.842102252108871e-04  0
-1.525271120442328e+00  8.982576057951991e-05  8.982576057951991e-05  8.982576057951991e-05  8.982576057951991e-05  0
-1.391723775342339e+00  4.519661960138540e-05  4.519661960138540e-05  4.519661960138540e-05  4.519661960138540e-05  0
-1.269869363481709e+00  2.301406920701410e-05  2.301406920701410e-05  2.301406920701410e-05  2.301406920701410e-05  0
-1.158684092978708e+00  1.283422997806740e-02  1.283422997806740e-02  1.283422997806740e-02  1.283422997806740e-02  0
-1.057233811548072e+00  7.817951867599328e-03  7.817951867599328e-03  7.817951867599328e-03  7.817951867599328e-03  0
-9.646661579749534e-01  4.435950162059317e-03  4.435950162059317e-03  4.435950162059317e-03  4.435950162059317e-03  0
-8.802034007780547e-01  2.344446191071033e-03  2.344446191071033e-03  2.344446191071033e-03  2.344446191071033e-03  0
-8.031359038940895e-01  1.156049890072064e-03  1.156049890072064e-03  1.156049890072064e-03  1.156049890072064e-03  0
-7.328161644838057e-01  7.012686148861641e-02  7.012686148861641e-02  7.012686148861641e-02  7.012686148861641e-02  0
-6.686533727666266e-01  5.223506776689340e-02  5.223506776689340e-02  5.223506776689340e-02  5.223506776689340e-02  0
-6.101084481769311e-01  3.895987036781685e-02  3.895987036781685e-02  3.895987036781685e-02  3.895987036781685e-02  0
-5.566895101369354e-01  2.827203424831868e-02  2.827203424831868e-02  2.827203424831868e-02  2.827203424831868e-02  0
-5.079477453926834e-01  1.954338027174764e-02  1.954338027174764e-02  1.954338027174764e-02  1.954338027174764e-02  0
-4.634736371914831e-01  4.468120409873911e-01  4.468120409873911e-01  4.468120409873911e-01  4.468120409873911e-01  0
-4.228935246192287e-01  3.135059918990195e-01  3.135059918990195e-01  3.135059918990195e-01  3.135059918990195e-01  0
-3.858664631899813e-01  2.131617579611298e-01  2.131617579611298e-01  2.131617579611298e-01  2.131617579611298e-01  0
-3.520813603112218e-01  1.437204810963280e-01  1.437204810963280e-01  1.437204810963280e-01  1.437204810963280e-01  0
-3.212543615576358e-01  9.860985155485688e-02  9.860985155485688e-02  9.860985155485688e-02  9.860985155485688e-02  0
-2.931264657935223e-01  1.247961263856771e+00  1.247961263856771e+00  1.247961263856771e+00  1.247961263856771e+00  0
-2.674613491066506e-01  1.125218157643801e+00  1.125218157643801e+00  1.125218157643801e+00  1.125218157643801e+00  0
-2.440433792707724e-01  9.652876719157638e-01  9.652876719157638e-01  9.652876719157638e-01  9.652876719157638e-01  0
-2.226758040547742e-01  7.831387105324255e-01  7.831387105324255e-01  7.831387105324255e-01  7.831387105324255e-01  0
-2.031790981570734e-01  5.977266125232314e-01  5.977266125232314e-01  5.977266125232314e-01  5.977266125232314e-01  0
-1.853894548765933e-01  1.138998929397922e+00  1.138998929397922e+00  1.138998929397922e+00  1.138998929397922e+00  0
-1.691574098476915e-01  1.241577349844260e+00  1.241577349844260e+00  1.241577349844260e+00  1.241577349844260e+00  0
-1.543465852759925e-01  1.306422421147156e+00  1.306422421147156e+00  1.306422421147156e+00  1.306422421147156e+00  0
-1.408325441244888e-01  1.325361550699590e+00  1.325361550699590e+00  1.325361550699590e+00  1.325361550699590e+00  0
-1.285017446230543e-01  1.294792969511764e+00  1.294792969511764e+00  1.294792969511764e+00  1.294792969511764e+00  0
-1.172505863174089e-01  5.737129162324246e-01  5.737129162324246e-01  5.737129162324246e-01  5.737129162324246e-01  0
-1.069845396426603e-01  6.136865226273192e-01  6.136865226273192e-01  6.136865226273192e-01  6.136865226273192e-01  0
-9.761735170830897e-02  6.743826857669819e-01  6.743826857669819e-01  6.743826857669819e-01  6.743826857669819e-01  0
-8.907032162190966e-02  7.448295602139465e-01  7.448295602139465e-01  7.448295602139465e-01  7.448295602139465e-01  0
-8.127163926282936e-02  8.048847394128817e-01  8.048847394128817e-01  8.048847394128817e-01  8.048847394128817e-01  0
-7.415578195063730e-02  4.648785928003870e-01  4.648785928003870e-01  4.648785928003870e-01  4.648785928003870e-01  0
-6.766296393907659e-02  4.799633798492971e-01  4.799633798492971e-01  4.799633798492971e-01  4.799633798492971e-01  0
-6.173863411039701e-02  4.799267353707790e-01  4.799267353707790e-01  4.799267353707790e-01  4.799267353707790e-01  0
-5.633301764979549e-02  4.570185253964685e-01  4.570185253964685e-01  4.570185253964685e-01  4.570185253964685e-01  0
-5.140069784922172e-02  4.104348958227832e-01  4.104348958227832e-01  4.104348958227832e-01  4.104348958227832e-01  0
-4.690023452696357e-02  4.595788107715573e-01  4.595788107715573e-01  4.595788107715573e-01  4.595788107715573e-01  0
-4.279381585706411e-02  4.272041217257836e-01  4.272041217257836e-01  4.272041217257836e-01  4.272041217257836e-01  0
-3.904694068332359e-02  4.023214366580256e-01  4.023214366580256e-01  4.023214366580256e-01  4.023214366580256e-01  0
-3.562812864876386e-02  3.903500729065763e-01  3.903500729065763e-01  3.903500729065763e-01  3.903500729065763e-01  0
-3.250865570513174e-02  3.903328164716542e-01  3.903328164716542e-01  3.903328164716542e-01  3.903328164716542e-01  0
-2.966231278025492e-02  4.980775030563973e-01  4.980775030563973e-01  4.980775030563973e-01  4.980775030563973e-01  0
-2.706518557563063e-02  4.997456842265204e-01  4.997456842265204e-01  4.997456842265204e-01  4.997456842265204e-01  0
-2.469545364415880e-02  5.017893692244360e-01  5.017893692244360e-01  5.017893692244360e-01  5.017893692244360e-01  0
-2.253320705991820e-02  4.920196370980403e-01  4.920196370980403e-01  4.920196370980403e-01  4.920196370980403e-01  0
-2.056027913968869e-02  4.624331066591051e-01  4.624331066591051e-01  4.624331066591051e-01  4.624331066591051e-01  0
-1.876009381078543e-02  6.130294095762470e-01  6.130294095762470e-01  6.130294095762470e-01  6.130294095762470e-01  0
-1.711752634282564e-02  5.571038470254577e-01  5.571038470254577e-01  5.571038470254577e-01  5.571038470254577e-01  0
-1.561877627332944e-02  4.915518576807062e-01  4.915518576807062e-01  4.915518576807062e-01  4.915518576807062e-01  0
-1.425125145950554e-02  4.256037938699097e-01  4.256037938699097e-01  4.256037938699097e-01  4.256037938699097e-01  0
-1.300346228205270e-02  3.663290438135558e-01  3.663290438135558e-01  3.663290438135558e-01  3.663290438135558e-01  0
-1.186492511210197e-02  7.152585171153761e-01  7.152585171153761e-01  7.152585171153761e-01  7.152585171153761e-01  0
-1.082607423025225e-02  6.796871980964859e-01  6.796871980964859e-01  6.796871980964859e-01  6.796871980964859e-01  0
-9.878181457663521e-03  6.683913970373320e-01  6.683913970373320e-01  6.683913970373320e-01  6.683913970373320e-01  0
-9.013282823967279e-03  6.621278846798926e-01  6.621278846798926e-01  6.621278846798926e-01  6.621278846798926e-01  0
-8.224111655875475e-03  6.427979332488124e-01  6.427979332488124e-01  6.427979332488124e-01  6.427979332488124e-01  0
-7.504037524314171e-03  1.212493567968568e+00  1.212493567968568e+00  1.212493567968568e+00  1.212493567968568e+00  0
-6.847010537130257e-03  1.093392002144260e+00  1.093392002144260e+00  1.093392002144260e+00  1.093392002144260e+00  0
-6.247510509331774e-03  9.482890929462108e-01  9.482890929462108e-01  9.482890929462108e-01  9.482890929462108e-01  0
-5.700500583802218e-03  7.977205871609371e-01  7.977205871609371e-01  7.977205871609371e-01  7.977205871609371e-01  0
-5.201384912821079e-03  6.611505662594174e-01  6.611505662594174e-01  6.611505662594174e-01  6.611505662594174e-01  0
-4.745970044840788e-03  1.746829989014581e+00  1.746829989014581e+00  1.746829989014581e+00  1.746829989014581e+00  0
-4.330429692100902e-03  1.520777613158038e+00  1.520777613158038e+00  1.520777613158038e+00  1.520777613158038e+00  0
-3.951272583065410e-03  1.399671148809253e+00  1.399671148809253e+00  1.399671148809253e+00  1.399671148809253e+00  0
-3.605313129586913e-03  1.334979528008258e+00  1.334979528008258e+00  1.334979528008258e+00  1.334979528008258e+00  0
-3.289644662350191e-03  1.275930582984243e+00  1.275930582984243e+00  1.275930582984243e+00  1.275930582984243e+00  0
-3.001615009725671e-03  3.681767966965314e+00  3.681767966965314e+00  3.681767966965314e+00  3.681767966965314e+00  0
-2.738804214852105e-03  3.359131668962294e+00  3.359131668962294e+00  3.359131668962294e+00  3.359131668962294e+00  0
-2.499004203732712e-03  2.916613929590780e+00  2.916613929590780e+00  2.916613929590780e+00  2.916613929590780e+00  0
-2.280200233520889e-03  2.422280614875610e+00  2.422280614875610e+00  2.422280614875610e+00  2.422280614875610e+00  0
-2.080553965128434e-03  1.956909961742013e+00  1.956909961742013e+00  1.956909961742013e+00  1.956909961742013e+00  0
-1.898388017936316e-03  5.252239368913044e+00  5.252239368913044e+00  5.252239368913044e+00  5.252239368913044e+00  0
-1.732171876840362e-03  4.637784515790350e+00  4.637784515790350e+00  4.637784515790350e+00  4.637784515790350e+00  0
-1.580509033226165e-03  4.270224903954206e+00  4.270224903954206e+00  4.270224903954206e+00  4.270224903954206e+00  0
-1.442125251834766e-03  4.071976496006327e+00  4.071976496006327e+00  4.071976496006327e+00  4.071976496006327e+00  0
-1.315857864940077e-03  3.912803101112829e+00  3.912803101112829e+00  3.912803101112829e+00  3.912803101112829e+00  0
-1.200646003890268e-03  8.092634065797636e+00  8.092634065797636e+00  8.092634065797636e+00  8.092634065797636e+00  0
-1.095521685940842e-03  8.015142727362273e+00  8.015142727362273e+00  8.015142727362273e+00  8.015142727362273e+00  0
-9.996016814930845e-04  7.557912815814769e+00  7.557912815814769e+00  7.557912815814769e+00  7.557912815814769e+00  0
-9.120800934083555e-04  6.786628765649767e+00  6.786628765649767e+00  6.786628765649767e+00  6.786628765649767e+00  0
-8.322215860513732e-04  5.877762347220042e+00  5.877762347220042e+00  5.877762347220042e+00  5.877762347220042e+00  0
-7.593552071745265e-04  8.826608993279578e+00  8.826608993279578e+00  8.826608993279578e+00  8.826608993279578e+00  0
-6.928687507361448e-04  8.081145438018376e+00  8.081145438018376e+00  8.081145438018376e+00  8.081145438018376e+00  0
-6.322036132904660e-04  7.728308452262612e+00  7.728308452262612e+00  7.728308452262612e+00  7.728308452262612e+00  0
-5.768501007339063e-04  7.751014744657213e+00  7.751014744657213e+00  7.751014744657213e+00  7.751014744657213e+00  0
-5.263431459760308e-04  7.958913213253119e+00  7.958913213253119e+00  7.958913213253119e+00  7.958913213253119e+00  0
-4.802584015561073e-04  1.031075039804894e+01  1.031075039804894e+01  1.031075039804894e+01  1.031075039804894e+01  0
-4.382086743763368e-04  1.086173063456539e+01  1.086173063456539e+01  1.086173063456539e+01  1.086173063456539e+01  0
-3.998406725972339e-04  1.092353006707639e+01  1.092353006707639e+01  1.092353006707639e+01  1.092353006707639e+01  0
-3.648320373633422e-04  1.043228887035872e+01  1.043228887035872e+01  1.043228887035872e+01  1.043228887035872e+01  0
-3.328886344205493e-04  9.541836487086794e+00  9.541836487086794e+00  9.541836487086794e+00  9.541836487086794e+00  0
-3.037420828698106e-04  1.019767302716289e+01  1.019767302716289e+01  1.019767302716289e+01  1.019767302716289e+01  0
-2.771475002944579e-04  9.325039758804310e+00  9.325039758804310e+00  9.325039758804310e+00  9.325039758804310e+00  0
-2.528814453161864e-04  8.907126948405431e+00  8.907126948405431e+00  8.907126948405431e+00  8.907126948405431e+00  0
-2.307400402935626e-04  9.056007148234565e+00  9.056007148234565e+00  9.056007148234565e+00  9.056007148234565e+00  0
-2.105372583904124e-04  9.638208763528993e+00  9.638208763528993e+00  9.638208763528993e+00  9.638208763528993e+00  0
-1.921033606224429e-04  1.068754989314883e+01  1.068754989314883e+01  1.068754989314883e+01  1.068754989314883e+01  0
-1.752834697505347e-04  1.157590466174124e+01  1.157590466174124e+01  1.157590466174124e+01  1.157590466174124e+01  0
-1.599362690388935e-04  1.199567997810899e+01  1.199567997810899e+01  1.199567997810899e+01  1.199567997810899e+01  0
-1.459328149453369e-04  1.177352567308911e+01  1.177352567308911e+01  1.177352567308911e+01  1.177352567308911e+01  0
-1.331554537682197e-04  1.099061342624207e+01  1.099061342624207e+01  1.099061342624207e+01  1.099061342624207e+01  0
-1.214968331479242e-04  1.058737415751695e+01  1.058737415751695e+01  1.058737415751695e+01  1.058737415751695e+01  0
-1.108590001177832e-04  9.597891947261065e+00  9.597891947261065e+00  9.597891947261065e+00  9.597891947261065e+00  0
-1.011525781264745e-04  9.050914904296601e+00  9.050914904296601e+00  9.050914904296601e+00  9.050914904296601e+00  0
-9.229601611742502e-05  9.141341666687527e+00  9.141341666687527e+00  9.141341666687527e+00  9.141341666687527e+00  0
-8.421490335616494e-05  9.804491618525862e+00  9.804491618525862e+00  9.804491618525862e+00  9.804491618525862e+00  0
-7.684134424897716e-05  1.063894390334502e+01  1.063894390334502e+01  1.063894390334502e+01  1.063894390334502e+01  0
-7.011338790021387e-05  1.161020026158907e+01  1.161020026158907e+01  1.161020026158907e+01  1.161020026158907e+01  0
-6.397450761555741e-05  1.208794654910594e+01  1.208794654910594e+01  1.208794654910594e+01  1.208794654910594e+01  0
-5.837312597813476e-05  1.179760106558929e+01  1.179760106558929e+01  1.179760106558929e+01  1.179760106558929e+01  0
-5.326218150728788e-05  1.070269250852783e+01  1.070269250852783e+01  1.070269250852783e+01  1.070269250852783e+01  0
-4.859873325916970e-05  1.071121921520441e+01  1.071121921520441e+01  1.071121921520441e+01  1.071121921520441e+01  0
-4.434360004711327e-05  9.661382879282270e+00  9.661382879282270e+00  9.661382879282270e+00  9.661382879282270e+00  0
-4.046103125058982e-05  9.036308356403424e+00  9.036308356403424e+00  9.036308356403424e+00  9.036308356403424e+00  0
-3.691840644697001e-05  9.067307859992180e+00  9.067307859992180e+00  9.067307859992180e+00  9.067307859992180e+00  0
-3.368596134246598e-05  9.726083314278799e+00  9.726083314278799e+00  9.726083314278799e+00  9.726083314278799e+00  0
-3.073653769959087e-05  1.060341630894094e+01  1.060341630894094e+01  1.060341630894094e+01  1.060341630894094e+01  0
-2.804535516008556e-05  1.162821448385009e+01  1.162821448385009e+01  1.162821448385009e+01  1.162821448385009e+01  0
-2.558980304622297e-05  1.218139377441200e+01  1.218139377441200e+01  1.218139377441200e+01  1.218139377441200e+01  0
-2.334925039125391e-05  1.196885171064084e+01  1.196885171064084e+01  1.196885171064084e+01  1.196885171064084e+01  0
-2.130487260291516e-05  1.093368580803594e+01  1.093368580803594e+01  1.093368580803594e+01  1.093368580803594e+01  0
-1.943949330366788e-05  1.075566075023428e+01  1.075566075023428e+01  1.075566075023428e+01  1.075566075023428e+01  0
-1.773744001884531e-05  9.679787005262263e+00  9.679787005262263e+00  9.679787005262263e+00  9.679787005262263e+00  0
-1.618441250023593e-05  9.019049169793032e+00  9.019049169793032e+00  9.019049169793032e+00  9.019049169793032e+00  0
-1.476736257878800e-05  9.019495535167898e+00  9.019495535167898e+00  9.019495535167898e+00  9.019495535167898e+00  0
-1.347438453698639e-05  9.668633779378116e+00  9.668633779378116e+00  9.668633779378116e+00  9.668633779378116e+00  0
-1.229461507983635e-05  1.058351404688991e+01  1.058351404688991e+01  1.058351404688991e+01  1.058351404688991e+01  0
-1.121814206403422e-05  1.162889438043229e+01  1.162889438043229e+01  1.162889438043229e+01  1.162889438043229e+01  0
-1.023592121848919e-05  1.221223965886663e+01  1.221223965886663e+01  1.221223965886663e+01  1.221223965886663e+01  0
-9.339700156501563e-06  1.203170997116278e+01  1.203170997116278e+01  1.203170997116278e+01  1.203170997116278e+01  0
-8.521949041166063e-06  1.102201072035951e+01  1.102201072035951e+01  1.102201072035951e+01  1.102201072035951e+01  0
-7.775797321467151e-06  1.077261873789497e+01  1.077261873789497e+01  1.077261873789497e+01  1.077261873789497e+01  0
-7.094976007538122e-06  9.686044654157262e+00  9.686044654157262e+00  9.686044654157262e+00  9.686044654157262e+00  0
-6.473765000094370e-06  9.010319306994765e+00  9.010319306994765e+00  9.010319306994765e+00  9.010319306994765e+00  0
-5.906945031515201e-06  8.997383579440116e+00  8.997383579440116e+00  8.997383579440116e+00  8.997383579440116e+00  0
-5.389753814794556e-06  9.641249194132778e+00  9.641249194132778e+00  9.641249194132778e+00  9.641249194132778e+00  0
-4.917846031934539e-06  1.057461879322791e+01  1.057461879322791e+01  1.057461879322791e+01  1.057461879322791e+01  0
-4.487256825613690e-06  1.162808068790825e+01  1.162808068790825e+01  1.162808068790825e+01  1.162808068790825e+01  0
-4.094368487395675e-06  1.222347420604217e+01  1.222347420604217e+01  1.222347420604217e+01  1.222347420604217e+01  0
-3.735880062600625e-06  1.205588045483690e+01  1.205588045483690e+01  1.205588045483690e+01  1.205588045483690e+01  0
-3.408779616466425e-06  1.105661605051882e+01  1.105661605051882e+01  1.105661605051882e+01  1.105661605051882e+01  0
-3.110318928586861e-06  1.077927045701769e+01  1.077927045701769e+01  1.077927045701769e+01  1.077927045701769e+01  0
-2.837990403015249e-06  9.688373201416406e+00  9.688373201416406e+00  9.688373201416406e+00  9.688373201416406e+00  0
-2.589506000037748e-06  9.006538230941674e+00  9.006538230941674e+00  9.006538230941674e+00  9.006538230941674e+00  0
-2.362778012606080e-06  8.988060980334712e+00  8.988060980334712e+00  8.988060980334712e+00  8.988060980334712e+00  0
-2.155901525917822e-06  9.629582156242844e+00  9.629582156242844e+00  9.629582156242844e+00  9.629582156242844e+00  0
-1.967138412773816e-06  1.057090847727044e+01  1.057090847727044e+01  1.057090847727044e+01  1.057090847727044e+01  0
-1.794902730245476e-06  1.162757749013144e+01  1.162757749013144e+01  1.162757749013144e+01  1.162757749013144e+01  0
-1.637747394958270e-06  1.222778618393242e+01  1.222778618393242e+01  1.222778618393242e+01  1.222778618393242e+01  0
-1.494352025040250e-06  1.206538697963380e+01  1.206538697963380e+01  1.206538697963380e+01  1.206538697963380e+01  0
-1.363511846586570e-06  1.107033610087859e+01  1.107033610087859e+01  1.107033610087859e+01  1.107033610087859e+01  0
-1.244127571434744e-06  1.078190882133573e+01  1.078190882133573e+01  1.078190882133573e+01  1.078190882133573e+01  0
-1.135196161206100e-06  9.689275702290002e+00  9.689275702290002e+00  9.689275702290002e+00  9.689275702290002e+00  0
-1.035802400015099e-06  9.004978680727501e+00  9.004978680727501e+00  9.004978680727501e+00  9.004978680727501e+00  0
-9.451112050424321e-07  8.984254442618742e+00  8.984254442618742e+00  8.984254442618742e+00  8.984254442618742e+00  0
-8.623606103671289e-07  9.624799552930321e+00  9.624799552930321e+00  9.624799552930321e+00  9.624799552930321e+00  0
-7.868553651095264e-07  1.056939859710710e+01  1.056939859710710e+01  1.056939859710710e+01  1.056939859710710e+01  0
-7.179610920981903e-07  1.162734616593757e+01  1.162734616593757e+01  1.162734616593757e+01  1.162734616593757e+01  0
-6.550989579833081e-07  1.222948011941201e+01  1.222948011941201e+01  1.222948011941201e+01  1.222948011941201e+01  0
-5.977408100161000e-07  1.206916192693405e+01  1.206916192693405e+01  1.206916192693405e+01  1.206916192693405e+01  0
-5.454047386346280e-07  1.107580289804849e+01  1.107580289804849e+01  1.107580289804849e+01  1.107580289804849e+01  0
-4.976510285738977e-07  1.078295930127406e+01  1.078295930127406e+01  1.078295930127406e+01  1.078295930127406e+01  0
-4.540784644824398e-07  9.689630918294268e+00  9.689630918294268e+00  9.689630918294268e+00  9.689630918294268e+00  0
-4.143209600060397e-07  9.004346243354297e+00  9.004346243354297e+00  9.004346243354297e+00  9.004346243354297e+00  0
-3.780444820169729e-07  8.982718332126176e+00  8.982718332126176e+00  8.982718332126176e+00  8.982718332126176e+00  0
-3.449442441468515e-07  9.622866768558682e+00  9.622866768558682e+00  9.622866768558682e+00  9.622866768558682e+00  0
-3.147421460438105e-07  1.056878925470096e+01  1.056878925470096e+01  1.056878925470096e+01  1.056878925470096e+01  0
-2.871844368392761e-07  1.162724742686502e+01  1.162724742686502e+01  1.162724742686502e+01  1.162724742686502e+01  0
-2.620395831933232e-07  1.223015127690608e+01  1.223015127690608e+01  1.223015127690608e+01  1.223015127690608e+01  0
-2.390963240064400e-07  1.207066601525219e+01  1.207066601525219e+01  1.207066601525219e+01  1.207066601525219e+01  0
-2.181618954538512e-07  1.107798487409887e+01  1.107798487409887e+01  1.107798487409887e+01  1.107798487409887e+01  0
-1.990604114295591e-07  1.078337743487645e+01  1.078337743487645e+01  1.078337743487645e+01  1.078337743487645e+01  0
-1.816313857929760e-07  9.689770928703579e+00  9.689770928703579e+00  9.689770928703579e+00  9.689770928703579e+00  0
-1.657283840024159e-07  9.004090819291450e+00  9.004090819291450e+00  9.004090819291450e+00  9.004090819291450e+00  0
-1.512177928067892e-07  8.982100658333929e+00  8.982100658333929e+00  8.982100658333929e+00  8.982100658333929e+00  0
-1.379776976587407e-07  9.622089345300719e+00  9.622089345300719e+00  9.622089345300719e+00  9.622089345300719e+00  0
-1.258968584175242e-07  1.056854340218008e+01  1.056854340218008e+01  1.056854340218008e+01  1.056854340218008e+01  0
-1.148737747357105e-07  1.162720555859956e+01  1.162720555859956e+01  1.162720555859956e+01  1.162720555859956e+01  0
-1.048158332773293e-07  1.223041726210156e+01  1.223041726210156e+01  1.223041726210156e+01  1.223041726210156e+01  0
-9.563852960257600e-08  1.207126527546276e+01  1.207126527546276e+01  1.207126527546276e+01  1.207126527546276e+01  0
-8.726475818154049e-08  1.107885559054350e+01  1.107885559054350e+01  1.107885559054350e+01  1.107885559054350e+01  0
-7.962416457182364e-08  1.078354308314758e+01  1.078354308314758e+01  1.078354308314758e+01  1.078354308314758e+01  0
-7.265255431719039e-08  9.689825454697278e+00  9.689825454697278e+00  9.689825454697278e+00  9.689825454697278e+00  0
-6.629135360096636e-08  9.003987193471927e+00  9.003987193471927e+00  9.003987193471927e+00  9.003987193471927e+00  0
-6.048711712271566e-08  8.981852010940344e+00  8.981852010940344e+00  8.981852010940344e+00  8.981852010940344e+00  0
-5.519107906349626e-08  9.621776550145219e+00  9.621776550145219e+00  9.621776550145219e+00  9.621776550145219e+00  0
-5.035874336700968e-08  1.056844347213043e+01  1.056844347213043e+01  1.056844347213043e+01  1.056844347213043e+01  0
-4.594950989428418e-08  1.162718705572078e+01  1.162718705572078e+01  1.162718705572078e+01  1.162718705572078e+01  0
-4.192633331093172e-08  1.223052181228628e+01  1.223052181228628e+01  1.223052181228628e+01  1.223052181228628e+01  0
-3.825541184103040e-08  1.207150317083325e+01  1.207150317083325e+01  1.207150317083325e+01  1.207150317083325e+01  0
-3.490590327261619e-08  1.107920223398808e+01  1.107920223398808e+01  1.107920223398808e+01  1.107920223398808e+01  0
-3.184966582872946e-08  1.078360781424814e+01  1.078360781424814e+01  1.078360781424814e+01  1.078360781424814e+01  0
-2.906102172687616e-08  9.689845889799999e+00  9.689845889799999e+00  9.689845889799999e+00  9.689845889799999e+00  0
-2.651654144038655e-08  9.003944457149027e+00  9.003944457149027e+00  9.003944457149027e+00  9.003944457149027e+00  0
-2.419484684908627e-08  8.981751255164141e+00  8.981751255164141e+00  8.981751255164141e+00  8.981751255164141e+00  0
-2.207643162539851e-08  9.621650026792812e+00  9.621650026792812e+00  9.621650026792812e+00  9.621650026792812e+00  0
-2.014349734680388e-08  1.056840199663346e+01  1.056840199663346e+01  1.056840199663346e+01  1.056840199663346e+01  0
-1.837980395771367e-08  1.162717799897794e+01  1.162717799897794e+01  1.162717799897794e+01  1.162717799897794e+01  0
-1.677053332437269e-08  1.223056189110357e+01  1.223056189110357e+01  1.223056189110357e+01  1.223056189110357e+01  0
-1.530216473641216e-08  1.207159661208596e+01  1.207159661208596e+01  1.207159661208596e+01  1.207159661208596e+01  0
-1.396236130904648e-08  1.107933931834035e+01  1.107933931834035e+01  1.107933931834035e+01  1.107933931834035e+01  0
-1.273986633149178e-08  1.078363221489576e+01  1.078363221489576e+01  1.078363221489576e+01  1.078363221489576e+01  0
-1.162440869075046e-08  9.689852746066217e+00  9.689852746066217e+00  9.689852746066217e+00  9.689852746066217e+00  0
-1.060661657615462e-08  9.003926169593532e+00  9.003926169593532e+00  9.003926169593532e+00  9.003926169593532e+00  0
-9.677938739634506e-09  8.981709798883804e+00  8.981709798883804e+00  8.981709798883804e+00  8.981709798883804e+00  0
-8.830572650159401e-09  9.621598214355922e+00  9.621598214355922e+00  9.621598214355922e+00  9.621598214355922e+00  0
-8.057398938721549e-09  1.056838392273336e+01  1.056838392273336e+01  1.056838392273336e+01  1.056838392273336e+01  0
-7.351921583085468e-09  1.162717274179870e+01  1.162717274179870e+01  1.162717274179870e+01  1.162717274179870e+01  0
-6.708213329749074e-09  1.223057620224945e+01  1.223057620224945e+01  1.223057620224945e+01  1.223057620224945e+01  0
-6.120865894564863e-09  1.207163229054260e+01  1.207163229054260e+01  1.207163229054260e+01  1.207163229054260e+01  0
-5.584944523618591e-09  1.107939259439989e+01  1.107939259439989e+01  1.107939259439989e+01  1.107939259439989e+01  0
-5.095946532596712e-09  1.078364064016052e+01  1.078364064016052e+01  1.078364064016052e+01  1.078364064016052e+01  0
-4.649763476300184e-09  9.689854437599454e+00  9.689854437599454e+00  9.689854437599454e+00  9.689854437599454e+00  0
-4.242646630461847e-09  9.003918089125960e+00  9.003918089125960e+00  9.003918089125960e+00  9.003918089125960e+00  0
-3.871175495853802e-09  8.981692699922712e+00  8.981692699922712e+00  8.981692699922712e+00  8.981692699922712e+00  0
-3.532229060063760e-09  9.621577165847267e+00  9.621577165847267e+00  9.621577165847267e+00  9.621577165847267e+00  0
-3.222959575488619e-09  1.056837525042913e+01  1.056837525042913e+01  1.056837525042913e+01  1.056837525042913e+01  0
-2.940768633234187e-09  1.162716903932938e+01  1.162716903932938e+01  1.162716903932938e+01  1.162716903932938e+01  0
-2.683285331899630e-09  1.223058023691737e+01  1.223058023691737e+01  1.223058023691737e+01  1.223058023691737e+01  0
-2.448346357825945e-09  1.207164489225923e+01  1.207164489225923e+01  1.207164489225923e+01  1.207164489225923e+01  0
-2.233977809447436e-09  1.107941237478791e+01  1.107941237478791e+01  1.107941237478791e+01  1.107941237478791e+01  0
-2.038378613038685e-09  1.078364365523746e+01  1.078364365523746e+01  1.078364365523746e+01  1.078364365523746e+01  0
-1.859905390520073e-09  9.689855735661029e+00  9.689855735661029e+00  9.689855735661029e+00  9.689855735661029e+00  0
-1.697058652184739e-09  9.003916771321594e+00  9.003916771321594e+00  9.003916771321594e+00  9.003916771321594e+00  0
-1.548470198341521e-09  8.981689335479818e+00  8.981689335479818e+00  8.981689335479818e+00  8.981689335479818e+00  0
-1.412891624025504e-09  9.621573924934781e+00  9.621573924934781e+00  9.621573924934781e+00  9.621573924934781e+00  0
-1.289183830195448e-09  1.056837057758997e+01  1.056837057758997e+01  1.056837057758997e+01  1.056837057758997e+01  0
-1.176307453293675e-09  1.162716615382808e+01  1.162716615382808e+01  1.162716615382808e+01  1.162716615382808e+01  0
-1.073314132759852e-09  1.223058032693295e+01  1.223058032693295e+01  1.223058032693295e+01  1.223058032693295e+01  0
-9.793385431303781e-10  1.207164841701426e+01  1.207164841701426e+01  1.207164841701426e+01  1.207164841701426e+01  0
-8.935911237789746e-10  1.107941891092200e+01  1.107941891092200e+01  1.107941891092200e+01  1.107941891092200e+01  0
-8.153514452154740e-10  1.078365099923228e+01  1.078365099923228e+01  1.078365099923228e+01  1.078365099923228e+01  0
-7.439621562080295e-10  9.689867973787267e+00  9.689867973787267e+00  9.689867973787267e+00  9.689867973787267e+00  0
-6.788234608738956e-10  9.003935952773702e+00  9.003935952773702e+00  9.003935952773702e+00  9.003935952773702e+00  0
-6.193880793366084e-10  8.981717976753314e+00  8.981717976753314e+00  8.981717976753314e+00  8.981717976753314e+00  0
-5.651566496102017e-10  9.621614355015403e+00  9.621614355015403e+00  9.621614355015403e+00  9.621614355015403e+00  0
-5.156735320781790e-10  1.056836866846230e+01  1.056836866846230e+01  1.056836866846230e+01  1.056836866846230e+01  0
-4.705229813174699e-10  1.162716432102896e+01  1.162716432102896e+01  1.162716432102896e+01  1.162716432102896e+01  0
-4.293256531039407e-10  1.223057929790483e+01  1.223057929790483e+01  1.223057929790483e+01  1.223057929790483e+01  0
-3.917354172521512e-10  1.207164869687324e+01  1.207164869687324e+01  1.207164869687324e+01  1.207164869687324e+01  0
-3.574364495115897e-10  1.107942061568165e+01  1.107942061568165e+01  1.107942061568165e+01  1.107942061568165e+01  0
-3.261405780861896e-10  1.078373133966256e+01  1.078373133966256e+01  1.078373133966256e+01  1.078373133966256e+01  0
-2.975848624832118e-10  9.690008118569782e+00  9.690008118569782e+00  9.690008118569782e+00  9.690008118569782e+00  0
-2.715293843495581e-10  9.004162643447916e+00  9.004162643447916e+00  9.004162643447916e+00  9.004162643447916e+00  0
-2.477552317346433e-10  8.982057119194312e+00  8.982057119194312e+00  8.982057119194312e+00  8.982057119194312e+00  0
-2.260626598440806e-10  9.622082984293082e+00  9.622082984293082e+00  9.622082984293082e+00  9.622082984293082e+00  0
2.260626598440806e-10  9.622082984274130e+00  9.622082984274130e+00  9.622082984274130e+00  9.622082984274130e+00  0
2.477552317346433e-10  8.982057119184567e+00  8.982057119184567e+00  8.982057119184567e+00  8.982057119184567e+00  0
2.715293843495581e-10  9.004162643449600e+00  9.004162643449600e+00  9.004162643449600e+00  9.004162643449600e+00  0
2.975848624832118e-10  9.690008118580534e+00  9.690008118580534e+00  9.690008118580534e+00  9.690008118580534e+00  0
3.261405780861896e-10  1.078373133967634e+01  1.078373133967634e+01  1.078373133967634e+01  1.078373133967634e+01  0
3.574364495115897e-10  1.107942061570357e+01  1.107942061570357e+01  1.107942061570357e+01  1.107942061570357e+01  0
3.917354172521512e-10  1.207164869688142e+01  1.207164869688142e+01  1.207164869688142e+01  1.207164869688142e+01  0
4.293256531039407e-10  1.223057929789847e+01  1.223057929789847e+01  1.223057929789847e+01  1.223057929789847e+01  0
4.705229813174699e-10  1.162716432101158e+01  1.162716432101158e+01  1.162716432101158e+01  1.162716432101158e+01  0
5.156735320781790e-10  1.056836866844083e+01  1.056836866844083e+01  1.056836866844083e+01  1.056836866844083e+01  0
5.651566496102017e-10  9.621614354996955e+00  9.621614354996955e+00  9.621614354996955e+00  9.621614354996955e+00  0
6.193880793366084e-10  8.981717976744635e+00  8.981717976744635e+00  8.981717976744635e+00  8.981717976744635e+00  0
6.788234608738956e-10  9.003935952777226e+00  9.003935952777226e+00  9.003935952777226e+00  9.003935952777226e+00  0
7.439621562080295e-10  9.689867973800572e+00  9.689867973800572e+00  9.689867973800572e+00  9.689867973800572e+00  0
8.153514452154740e-10  1.078365099924898e+01  1.078365099924898e+01  1.078365099924898e+01  1.078365099924898e+01  0
8.935911237789746e-10  1.107941891094673e+01  1.107941891094673e+01  1.107941891094673e+01  1.107941891094673e+01  0
9.793385431303781e-10  1.207164841702458e+01  1.207164841702458e+01  1.207164841702458e+01  1.207164841702458e+01  0
1.073314132759852e-09  1.223058032692794e+01  1.223058032692794e+01  1.223058032692794e+01  1.223058032692794e+01  0
1.176307453293675e-09  1.162716615381136e+01  1.162716615381136e+01  1.162716615381136e+01  1.162716615381136e+01  0
1.289183830195448e-09  1.056837057756890e+01  1.056837057756890e+01  1.056837057756890e+01  1.056837057756890e+01  0
1.412891624025504e-09  9.621573924917138e+00  9.621573924917138e+00  9.621573924917138e+00  9.621573924917138e+00  0
1.548470198341521e-09  8.981689335472732e+00  8.981689335472732e+00  8.981689335472732e+00  8.981689335472732e+00  0
1.697058652184739e-09  9.003916771327463e+00  9.003916771327463e+00  9.003916771327463e+00  9.003916771327463e+00  0
1.859905390520073e-09  9.689855735677199e+00  9.689855735677199e+00  9.689855735677199e+00  9.689855735677199e+00  0
2.038378613038685e-09  1.078364365525715e+01  1.078364365525715e+01  1.078364365525715e+01  1.078364365525715e+01  0
2.233977809447436e-09  1.107941237481180e+01  1.107941237481180e+01  1.107941237481180e+01  1.107941237481180e+01  0
2.448346357825945e-09  1.207164489226863e+01  1.207164489226863e+01  1.207164489226863e+01  1.207164489226863e+01  0
2.683285331899630e-09  1.223058023691150e+01  1.223058023691150e+01  1.223058023691150e+01  1.223058023691150e+01  0
2.940768633234187e-09  1.162716903931209e+01  1.162716903931209e+01  1.162716903931209e+01  1.162716903931209e+01  0
3.222959575488619e-09  1.056837525040802e+01  1.056837525040802e+01  1.056837525040802e+01  1.056837525040802e+01  0
3.532229060063760e-09  9.621577165829395e+00  9.621577165829395e+00  9.621577165829395e+00  9.621577165829395e+00  0
3.871175495853802e-09  8.981692699915053e+00  8.981692699915053e+00  8.981692699915053e+00  8.981692699915053e+00  0
4.242646630461847e-09  9.003918089131076e+00  9.003918089131076e+00  9.003918089131076e+00  9.003918089131076e+00  0
4.649763476300184e-09  9.689854437614752e+00  9.689854437614752e+00  9.689854437614752e+00  9.689854437614752e+00  0
5.095946532596712e-09  1.078364064017927e+01  1.078364064017927e+01  1.078364064017927e+01  1.078364064017927e+01  0
5.584944523618591e-09  1.107939259442646e+01  1.107939259442646e+01  1.107939259442646e+01  1.107939259442646e+01  0
6.120865894564863e-09  1.207163229055433e+01  1.207163229055433e+01  1.207163229055433e+01  1.207163229055433e+01  0
6.708213329749074e-09  1.223057620224533e+01  1.223057620224533e+01  1.223057620224533e+01  1.223057620224533e+01  0
7.351921583085468e-09  1.162717274178247e+01  1.162717274178247e+01  1.162717274178247e+01  1.162717274178247e+01  0
8.057398938721549e-09  1.056838392271268e+01  1.056838392271268e+01  1.056838392271268e+01  1.056838392271268e+01  0
8.830572650159401e-09  9.621598214338615e+00  9.621598214338615e+00  9.621598214338615e+00  9.621598214338615e+00  0
9.677938739634506e-09  8.981709798877349e+00  8.981709798877349e+00  8.981709798877349e+00  8.981709798877349e+00  0
1.060661657615462e-08  9.003926169600462e+00  9.003926169600462e+00  9.003926169600462e+00  9.003926169600462e+00  0
1.162440869075046e-08  9.689852746083860e+00  9.689852746083860e+00  9.689852746083860e+00  9.689852746083860e+00  0
1.273986633149178e-08  1.078363221491713e+01  1.078363221491713e+01  1.078363221491713e+01  1.078363221491713e+01  0
1.396236130904648e-08  1.107933931836629e+01  1.107933931836629e+01  1.107933931836629e+01  1.107933931836629e+01  0
1.530216473641216e-08  1.207159661209702e+01  1.207159661209702e+01  1.207159661209702e+01  1.207159661209702e+01  0
1.677053332437269e-08  1.223056189109884e+01  1.223056189109884e+01  1.223056189109884e+01  1.223056189109884e+01  0
1.837980395771367e-08  1.162717799896133e+01  1.162717799896133e+01  1.162717799896133e+01  1.162717799896133e+01  0
2.014349734680388e-08  1.056840199661278e+01  1.056840199661278e+01  1.056840199661278e+01  1.056840199661278e+01  0
2.207643162539851e-08  9.621650026774297e+00  9.621650026774297e+00  9.621650026774297e+00  9.621650026774297e+00  0
2.419484684908627e-08  8.981751255156587e+00  8.981751255156587e+00  8.981751255156587e+00  8.981751255156587e+00  0
2.651654144038655e-08  9.003944457154988e+00  9.003944457154988e+00  9.003944457154988e+00  9.003944457154988e+00  0
2.906102172687616e-08  9.689845889816773e+00  9.689845889816773e+00  9.689845889816773e+00  9.689845889816773e+00  0
3.184966582872946e-08  1.078360781426869e+01  1.078360781426869e+01  1.078360781426869e+01  1.078360781426869e+01  0
3.490590327261619e-08  1.107920223401357e+01  1.107920223401357e+01  1.107920223401357e+01  1.107920223401357e+01  0
3.825541184103040e-08  1.207150317084358e+01  1.207150317084358e+01  1.207150317084358e+01  1.207150317084358e+01  0
4.192633331093172e-08  1.223052181228058e+01  1.223052181228058e+01  1.223052181228058e+01  1.223052181228058e+01  0
4.594950989428418e-08  1.162718705570305e+01  1.162718705570305e+01  1.162718705570305e+01  1.162718705570305e+01  0
5.035874336700968e-08  1.056844347210859e+01  1.056844347210859e+01  1.056844347210859e+01  1.056844347210859e+01  0
5.519107906349626e-08  9.621776550125611e+00  9.621776550125611e+00  9.621776550125611e+00  9.621776550125611e+00  0
6.048711712271566e-08  8.981852010931799e+00  8.981852010931799e+00  8.981852010931799e+00  8.981852010931799e+00  0
6.629135360096636e-08  9.003987193477078e+00  9.003987193477078e+00  9.003987193477078e+00  9.003987193477078e+00  0
7.265255431719039e-08  9.689825454713366e+00  9.689825454713366e+00  9.689825454713366e+00  9.689825454713366e+00  0
7.962416457182364e-08  1.078354308316748e+01  1.078354308316748e+01  1.078354308316748e+01  1.078354308316748e+01  0
8.726475818154049e-08  1.107885559056952e+01  1.107885559056952e+01  1.107885559056952e+01  1.107885559056952e+01  0
9.563852960257600e-08  1.207126527547313e+01  1.207126527547313e+01  1.207126527547313e+01  1.207126527547313e+01  0
1.048158332773293e-07  1.223041726209539e+01  1.223041726209539e+01  1.223041726209539e+01  1.223041726209539e+01  0
1.148737747357105e-07  1.162720555858095e+01  1.162720555858095e+01  1.162720555858095e+01  1.162720555858095e+01  0
1.258968584175242e-07  1.056854340215710e+01  1.056854340215710e+01  1.056854340215710e+01  1.056854340215710e+01  0
1.379776976587407e-07  9.622089345281442e+00  9.622089345281442e+00  9.622089345281442e+00  9.622089345281442e+00  0
1.512177928067892e-07  8.982100658325740e+00  8.982100658325740e+00  8.982100658325740e+00  8.982100658325740e+00  0
1.657283840024159e-07  9.004090819297090e+00  9.004090819297090e+00  9.004090819297090e+00  9.004090819297090e+00  0
1.816313857929760e-07  9.689770928720257e+00  9.689770928720257e+00  9.689770928720257e+00  9.689770928720257e+00  0
1.990604114295591e-07  1.078337743489690e+01  1.078337743489690e+01  1.078337743489690e+01  1.078337743489690e+01  0
2.181618954538512e-07  1.107798487412735e+01  1.107798487412735e+01  1.107798487412735e+01  1.107798487412735e+01  0
2.390963240064400e-07  1.207066601526463e+01  1.207066601526463e+01  1.207066601526463e+01  1.207066601526463e+01  0
2.620395831933232e-07  1.223015127690142e+01  1.223015127690142e+01  1.223015127690142e+01  1.223015127690142e+01  0
2.871844368392761e-07  1.162724742684734e+01  1.162724742684734e+01  1.162724742684734e+01  1.162724742684734e+01  0
3.147421460438105e-07  1.056878925467850e+01  1.056878925467850e+01  1.056878925467850e+01  1.056878925467850e+01  0
3.449442441468515e-07  9.622866768540799e+00  9.622866768540799e+00  9.622866768540799e+00  9.622866768540799e+00  0
3.780444820169729e-07  8.982718332119767e+00  8.982718332119767e+00  8.982718332119767e+00  8.982718332119767e+00  0
4.143209600060397e-07  9.004346243362116e+00  9.004346243362116e+00  9.004346243362116e+00  9.004346243362116e+00  0
4.540784644824398e-07  9.689630918313444e+00  9.689630918313444e+00  9.689630918313444e+00  9.689630918313444e+00  0
4.976510285738977e-07  1.078295930129711e+01  1.078295930129711e+01  1.078295930129711e+01  1.078295930129711e+01  0
5.454047386346280e-07  1.107580289807738e+01  1.107580289807738e+01  1.107580289807738e+01  1.107580289807738e+01  0
5.977408100161000e-07  1.206916192694708e+01  1.206916192694708e+01  1.206916192694708e+01  1.206916192694708e+01  0
6.550989579833081e-07  1.222948011940809e+01  1.222948011940809e+01  1.222948011940809e+01  1.222948011940809e+01  0
7.179610920981903e-07  1.162734616592083e+01  1.162734616592083e+01  1.162734616592083e+01  1.162734616592083e+01  0
7.868553651095264e-07  1.056939859708583e+01  1.056939859708583e+01  1.056939859708583e+01  1.056939859708583e+01  0
8.623606103671289e-07  9.624799552912258e+00  9.624799552912258e+00  9.624799552912258e+00  9.624799552912258e+00  0
9.451112050424321e-07  8.984254442612269e+00  8.984254442612269e+00  8.984254442612269e+00  8.984254442612269e+00  0
1.035802400015099e-06  9.004978680735370e+00  9.004978680735370e+00  9.004978680735370e+00  9.004978680735370e+00  0
1.135196161206100e-06  9.689275702309356e+00  9.689275702309356e+00  9.689275702309356e+00  9.689275702309356e+00  0
1.244127571434744e-06  1.078190882135908e+01  1.078190882135908e+01  1.078190882135908e+01  1.078190882135908e+01  0
1.363511846586570e-06  1.107033610090689e+01  1.107033610090689e+01  1.107033610090689e+01  1.107033610090689e+01  0
1.494352025040250e-06  1.206538697964625e+01  1.206538697964625e+01  1.206538697964625e+01  1.206538697964625e+01  0
1.637747394958270e-06  1.222778618392798e+01  1.222778618392798e+01  1.222778618392798e+01  1.222778618392798e+01  0
1.794902730245476e-06  1.162757749011428e+01  1.162757749011428e+01  1.162757749011428e+01  1.162757749011428e+01  0
1.967138412773816e-06  1.057090847724886e+01  1.057090847724886e+01  1.057090847724886e+01  1.057090847724886e+01  0
2.155901525917822e-06  9.629582156224501e+00  9.629582156224501e+00  9.629582156224501e+00  9.629582156224501e+00  0
2.362778012606080e-06  8.988060980327960e+00  8.988060980327960e+00  8.988060980327960e+00  8.988060980327960e+00  0
2.589506000037748e-06  9.006538230949177e+00  9.006538230949177e+00  9.006538230949177e+00  9.006538230949177e+00  0
2.837990403015249e-06  9.688373201435297e+00  9.688373201435297e+00  9.688373201435297e+00  9.688373201435297e+00  0
3.110318928586861e-06  1.077927045704053e+01  1.077927045704053e+01  1.077927045704053e+01  1.077927045704053e+01  0
3.408779616466425e-06  1.105661605054622e+01  1.105661605054622e+01  1.105661605054622e+01  1.105661605054622e+01  0
3.735880062600625e-06  1.205588045484851e+01  1.205588045484851e+01  1.205588045484851e+01  1.205588045484851e+01  0
4.094368487395675e-06  1.222347420603703e+01  1.222347420603703e+01  1.222347420603703e+01  1.222347420603703e+01  0
4.487256825613690e-06  1.162808068789053e+01  1.162808068789053e+01  1.162808068789053e+01  1.162808068789053e+01  0
4.917846031934539e-06  1.057461879320588e+01  1.057461879320588e+01  1.057461879320588e+01  1.057461879320588e+01  0
5.389753814794556e-06  9.641249194113694e+00  9.641249194113694e+00  9.641249194113694e+00  9.641249194113694e+00  0
5.906945031515201e-06  8.997383579432354e+00  8.997383579432354e+00  8.997383579432354e+00  8.997383579432354e+00  0
6.473765000094370e-06  9.010319307001113e+00  9.010319307001113e+00  9.010319307001113e+00  9.010319307001113e+00  0
7.094976007538122e-06  9.686044654174937e+00  9.686044654174937e+00  9.686044654174937e+00  9.686044654174937e+00  0
7.775797321467151e-06  1.077261873791660e+01  1.077261873791660e+01  1.077261873791660e+01  1.077261873791660e+01  0
8.521949041166063e-06  1.102201072038747e+01  1.102201072038747e+01  1.102201072038747e+01  1.102201072038747e+01  0
9.339700156501563e-06  1.203170997117486e+01  1.203170997117486e+01  1.203170997117486e+01  1.203170997117486e+01  0
1.023592121848919e-05  1.221223965886174e+01  1.221223965886174e+01  1.221223965886174e+01  1.221223965886174e+01  0
1.121814206403422e-05  1.162889438041451e+01  1.162889438041451e+01  1.162889438041451e+01  1.162889438041451e+01  0
1.229461507983635e-05  1.058351404686749e+01  1.058351404686749e+01  1.058351404686749e+01  1.058351404686749e+01  0
1.347438453698639e-05  9.668633779361086e+00  9.668633779361086e+00  9.668633779361086e+00  9.668633779361086e+00  0
1.476736257878800e-05  9.019495535161365e+00  9.019495535161365e+00  9.019495535161365e+00  9.019495535161365e+00  0
1.618441250023593e-05  9.019049169800105e+00  9.019049169800105e+00  9.019049169800105e+00  9.019049169800105e+00  0
1.773744001884531e-05  9.679787005280437e+00  9.679787005280437e+00  9.679787005280437e+00  9.679787005280437e+00  0
1.943949330366788e-05  1.075566075025635e+01  1.075566075025635e+01  1.075566075025635e+01  1.075566075025635e+01  0
2.130487260291516e-05  1.093368580806921e+01  1.093368580806921e+01  1.093368580806921e+01  1.093368580806921e+01  0
2.334925039125391e-05  1.196885171065838e+01  1.196885171065838e+01  1.196885171065838e+01  1.196885171065838e+01  0
2.558980304622297e-05  1.218139377441218e+01  1.218139377441218e+01  1.218139377441218e+01  1.218139377441218e+01  0
2.804535516008556e-05  1.162821448383652e+01  1.162821448383652e+01  1.162821448383652e+01  1.162821448383652e+01  0
3.073653769959087e-05  1.060341630892164e+01  1.060341630892164e+01  1.060341630892164e+01  1.060341630892164e+01  0
3.368596134246598e-05  9.726083314266551e+00  9.726083314266551e+00  9.726083314266551e+00  9.726083314266551e+00  0
3.691840644697001e-05  9.067307859989926e+00  9.067307859989926e+00  9.067307859989926e+00  9.067307859989926e+00  0
4.046103125058982e-05  9.036308356414645e+00  9.036308356414645e+00  9.036308356414645e+00  9.036308356414645e+00  0
4.434360004711327e-05  9.661382879304872e+00  9.661382879304872e+00  9.661382879304872e+00  9.661382879304872e+00  0
4.859873325916970e-05  1.071121921523143e+01  1.071121921523143e+01  1.071121921523143e+01  1.071121921523143e+01  0
5.326218150728788e-05  1.070269250856479e+01  1.070269250856479e+01  1.070269250856479e+01  1.070269250856479e+01  0
5.837312597813476e-05  1.179760106561180e+01  1.179760106561180e+01  1.179760106561180e+01  1.179760106561180e+01  0
6.397450761555741e-05  1.208794654911184e+01  1.208794654911184e+01  1.208794654911184e+01  1.208794654911184e+01  0
7.011338790021387e-05  1.161020026158130e+01  1.161020026158130e+01  1.161020026158130e+01  1.161020026158130e+01  0
7.684134424897716e-05  1.063894390333107e+01  1.063894390333107e+01  1.063894390333107e+01  1.063894390333107e+01  0
8.421490335616494e-05  9.804491618521785e+00  9.804491618521785e+00  9.804491618521785e+00  9.804491618521785e+00  0
9.229601611742502e-05  9.141341666690721e+00  9.141341666690721e+00  9.141341666690721e+00  9.141341666690721e+00  0
1.011525781264745e-04  9.050914904311284e+00  9.050914904311284e+00  9.050914904311284e+00  9.050914904311284e+00  0
1.108590001177832e-04  9.597891947286323e+00  9.597891947286323e+00  9.597891947286323e+00  9.597891947286323e+00  0
1.214968331479242e-04  1.058737415754691e+01  1.058737415754691e+01  1.058737415754691e+01  1.058737415754691e+01  0
1.331554537682197e-04  1.099061342628005e+01  1.099061342628005e+01  1.099061342628005e+01  1.099061342628005e+01  0
1.459328149453369e-04  1.177352567311838e+01  1.177352567311838e+01  1.177352567311838e+01  1.177352567311838e+01  0
1.599362690388935e-04  1.199567997812521e+01  1.199567997812521e+01  1.199567997812521e+01  1.199567997812521e+01  0
1.752834697505347e-04  1.157590466174480e+01  1.157590466174480e+01  1.157590466174480e+01  1.157590466174480e+01  0
1.921033606224429e-04  1.068754989314507e+01  1.068754989314507e+01  1.068754989314507e+01  1.068754989314507e+01  0
2.105372583904124e-04  9.638208763543011e+00  9.638208763543011e+00  9.638208763543011e+00  9.638208763543011e+00  0
2.307400402935626e-04  9.056007148251590e+00  9.056007148251590e+00  9.056007148251590e+00  9.056007148251590e+00  0
2.528814453161864e-04  8.907126948430227e+00  8.907126948430227e+00  8.907126948430227e+00  8.907126948430227e+00  0
2.771475002944579e-04  9.325039758837727e+00  9.325039758837727e+00  9.325039758837727e+00  9.325039758837727e+00  0
3.037420828698106e-04  1.019767302720117e+01  1.019767302720117e+01  1.019767302720117e+01  1.019767302720117e+01  0
3.328886344205493e-04  9.541836487135212e+00  9.541836487135212e+00  9.541836487135212e+00  9.541836487135212e+00  0
3.648320373633422e-04  1.043228887040316e+01  1.043228887040316e+01  1.043228887040316e+01  1.043228887040316e+01  0
3.998406725972339e-04  1.092353006711219e+01  1.092353006711219e+01  1.092353006711219e+01  1.092353006711219e+01  0
4.382086743763368e-04  1.086173063459079e+01  1.086173063459079e+01  1.086173063459079e+01  1.086173063459079e+01  0
4.802584015561073e-04  1.031075039806620e+01  1.031075039806620e+01  1.031075039806620e+01  1.031075039806620e+01  0
5.263431459760308e-04  7.958913213284711e+00  7.958913213284711e+00  7.958913213284711e+00  7.958913213284711e+00  0
5.768501007339063e-04  7.751014744689457e+00  7.751014744689457e+00  7.751014744689457e+00  7.751014744689457e+00  0
6.322036132904660e-04  7.728308452298784e+00  7.728308452298784e+00  7.728308452298784e+00  7.728308452298784e+00  0
6.928687507361448e-04  8.081145438060332e+00  8.081145438060332e+00  8.081145438060332e+00  8.081145438060332e+00  0
7.593552071745265e-04  8.826608993326341e+00  8.826608993326341e+00  8.826608993326341e+00  8.826608993326341e+00  0
8.322215860513732e-04  5.877762347256454e+00  5.877762347256454e+00  5.877762347256454e+00  5.877762347256454e+00  0
9.120800934083555e-04  6.786628765689063e+00  6.786628765689063e+00  6.786628765689063e+00  6.786628765689063e+00  0
9.996016814930845e-04  7.557912815854101e+00  7.557912815854101e+00  7.557912815854101e+00  7.557912815854101e+00  0
1.095521685940842e-03  8.015142727399191e+00  8.015142727399191e+00  8.015142727399191e+00  8.015142727399191e+00  0
1.200646003890268e-03  8.092634065831296e+00  8.092634065831296e+00  8.092634065831296e+00  8.092634065831296e+00  0
1.315857864940077e-03  3.912803101128439e+00  3.912803101128439e+00  3.912803101128439e+00  3.912803101128439e+00  0
1.442125251834766e-03  4.071976496024232e+00  4.071976496024232e+00  4.071976496024232e+00  4.071976496024232e+00  0
1.580509033226165e-03  4.270224903975730e+00  4.270224903975730e+00  4.270224903975730e+00  4.270224903975730e+00  0
1.732171876840362e-03  4.637784515816805e+00  4.637784515816805e+00  4.637784515816805e+00  4.637784515816805e+00  0
1.898388017936316e-03  5.252239368945007e+00  5.252239368945007e+00  5.252239368945007e+00  5.252239368945007e+00  0
2.080553965128434e-03  1.956909961749305e+00  1.956909961749305e+00  1.956909961749305e+00  1.956909961749305e+00  0
2.280200233520889e-03  2.422280614885024e+00  2.422280614885024e+00  2.422280614885024e+00  2.422280614885024e+00  0
2.499004203732712e-03  2.916613929602039e+00  2.916613929602039e+00  2.916613929602039e+00  2.916613929602039e+00  0
2.738804214852105e-03  3.359131668974989e+00  3.359131668974989e+00  3.359131668974989e+00  3.359131668974989e+00  0
3.001615009725671e-03  3.681767966979208e+00  3.681767966979208e+00  3.681767966979208e+00  3.681767966979208e+00  0
3.289644662350191e-03  1.275930582985314e+00  1.275930582985314e+00  1.275930582985314e+00  1.275930582985314e+00  0
3.605313129586913e-03  1.334979528009668e+00  1.334979528009668e+00  1.334979528009668e+00  1.334979528009668e+00  0
3.951272583065410e-03  1.399671148811449e+00  1.399671148811449e+00  1.399671148811449e+00  1.399671148811449e+00  0
4.330429692100902e-03  1.520777613161553e+00  1.520777613161553e+00  1.520777613161553e+00  1.520777613161553e+00  0
4.745970044840788e-03  1.746829989019920e+00  1.746829989019920e+00  1.746829989019920e+00  1.746829989019920e+00  0
5.201384912821079e-03  6.611505662604266e-01  6.611505662604266e-01  6.611505662604266e-01  6.611505662604266e-01  0
5.700500583802218e-03  7.977205871621282e-01  7.977205871621282e-01  7.977205871621282e-01  7.977205871621282e-01  0
6.247510509331774e-03  9.482890929474754e-01  9.482890929474754e-01  9.482890929474754e-01  9.482890929474754e-01  0
6.847010537130257e-03  1.093392002145514e+00  1.093392002145514e+00  1.093392002145514e+00  1.093392002145514e+00  0
7.504037524314171e-03  1.212493567969805e+00  1.212493567969805e+00  1.212493567969805e+00  1.212493567969805e+00  0
8.224111655875475e-03  6.427979332495432e-01  6.427979332495432e-01  6.427979332495432e-01  6.427979332495432e-01  0
9.013282823967279e-03  6.621278846806347e-01  6.621278846806347e-01  6.621278846806347e-01  6.621278846806347e-01  0
9.878181457663521e-03  6.683913970381339e-01  6.683913970381339e-01  6.683913970381339e-01  6.683913970381339e-01  0
1.082607423025225e-02  6.796871980974000e-01  6.796871980974000e-01  6.796871980974000e-01  6.796871980974000e-01  0
1.186492511210197e-02  7.152585171164365e-01  7.152585171164365e-01  7.152585171164365e-01  7.152585171164365e-01  0
1.300346228205270e-02  3.663290438147236e-01  3.663290438147236e-01  3.663290438147236e-01  3.663290438147236e-01  0
1.425125145950554e-02  4.256037938710389e-01  4.256037938710389e-01  4.256037938710389e-01  4.256037938710389e-01  0
1.561877627332944e-02  4.915518576817747e-01  4.915518576817747e-01  4.915518576817747e-01  4.915518576817747e-01  0
1.711752634282564e-02  5.571038470264571e-01  5.571038470264571e-01  5.571038470264571e-01  5.571038470264571e-01  0
1.876009381078543e-02  6.130294095771838e-01  6.130294095771838e-01  6.130294095771838e-01  6.130294095771838e-01  0
2.056027913968869e-02  4.624331066601975e-01  4.624331066601975e-01  4.624331066601975e-01  4.624331066601975e-01  0
2.253320705991820e-02  4.920196370992567e-01  4.920196370992567e-01  4.920196370992567e-01  4.920196370992567e-01  0
2.469545364415880e-02  5.017893692257316e-01  5.017893692257316e-01  5.017893692257316e-01  5.017893692257316e-01  0
2.706518557563063e-02  4.997456842278479e-01  4.997456842278479e-01  4.997456842278479e-01  4.997456842278479e-01  0
2.966231278025492e-02  4.980775030577133e-01  4.980775030577133e-01  4.980775030577133e-01  4.980775030577133e-01  0
3.250865570513174e-02  3.903328164731557e-01  3.903328164731557e-01  3.903328164731557e-01  3.903328164731557e-01  0
3.562812864876386e-02  3.903500729079588e-01  3.903500729079588e-01  3.903500729079588e-01  3.903500729079588e-01  0
3.904694068332359e-02  4.023214366593136e-01  4.023214366593136e-01  4.023214366593136e-01  4.023214366593136e-01  0
4.279381585706411e-02  4.272041217270307e-01  4.272041217270307e-01  4.272041217270307e-01  4.272041217270307e-01  0
4.690023452696357e-02  4.595788107728196e-01  4.595788107728196e-01  4.595788107728196e-01  4.595788107728196e-01  0
5.140069784922172e-02  4.104348958241592e-01  4.104348958241592e-01  4.104348958241592e-01  4.104348958241592e-01  0
5.633301764979549e-02  4.570185253980702e-01  4.570185253980702e-01  4.570185253980702e-01  4.570185253980702e-01  0
6.173863411039701e-02  4.799267353725226e-01  4.799267353725226e-01  4.799267353725226e-01  4.799267353725226e-01  0
6.766296393907659e-02  4.799633798510790e-01  4.799633798510790e-01  4.799633798510790e-01  4.799633798510790e-01  0
7.415578195063730e-02  4.648785928021109e-01  4.648785928021109e-01  4.648785928021109e-01  4.648785928021109e-01  0
8.127163926282936e-02  8.048847394166319e-01  8.048847394166319e-01  8.048847394166319e-01  8.048847394166319e-01  0
8.907032162190966e-02  7.448295602173509e-01  7.448295602173509e-01  7.448295602173509e-01  7.448295602173509e-01  0
9.761735170830897e-02  6.743826857699665e-01  6.743826857699665e-01  6.743826857699665e-01  6.743826857699665e-01  0
1.069845396426603e-01  6.136865226299184e-01  6.136865226299184e-01  6.136865226299184e-01  6.136865226299184e-01  0
1.172505863174089e-01  5.737129162347475e-01  5.737129162347475e-01  5.737129162347475e-01  5.737129162347475e-01  0
1.285017446230543e-01  1.294792969517556e+00  1.294792969517556e+00  1.294792969517556e+00  1.294792969517556e+00  0
1.408325441244888e-01  1.325361550705536e+00  1.325361550705536e+00  1.325361550705536e+00  1.325361550705536e+00  0
1.543465852759925e-01  1.306422421153045e+00  1.306422421153045e+00  1.306422421153045e+00  1.306422421153045e+00  0
1.691574098476915e-01  1.241577349849885e+00  1.241577349849885e+00  1.241577349849885e+00  1.241577349849885e+00  0
1.853894548765933e-01  1.138998929403097e+00  1.138998929403097e+00  1.138998929403097e+00  1.138998929403097e+00  0
2.031790981570734e-01  5.977266125258537e-01  5.977266125258537e-01  5.977266125258537e-01  5.977266125258537e-01  0
2.226758040547742e-01  7.831387105358802e-01  7.831387105358802e-01  7.831387105358802e-01  7.831387105358802e-01  0
2.440433792707724e-01  9.652876719200413e-01  9.652876719200413e-01  9.652876719200413e-01  9.652876719200413e-01  0
2.674613491066506e-01  1.125218157648806e+00  1.125218157648806e+00  1.125218157648806e+00  1.125218157648806e+00  0
2.931264657935223e-01  1.247961263862347e+00  1.247961263862347e+00  1.247961263862347e+00  1.247961263862347e+00  0
3.212543615576358e-01  9.860985155521024e-02  9.860985155521024e-02  9.860985155521024e-02  9.860985155521024e-02  0
3.520813603112218e-01  1.437204810968759e-01  1.437204810968759e-01  1.437204810968759e-01  1.437204810968759e-01  0
3.858664631899813e-01  2.131617579619845e-01  2.131617579619845e-01  2.131617579619845e-01  2.131617579619845e-01  0
4.228935246192287e-01  3.135059919003227e-01  3.135059919003227e-01  3.135059919003227e-01  3.135059919003227e-01  0
4.634736371914831e-01  4.468120409892939e-01  4.468120409892939e-01  4.468120409892939e-01  4.468120409892939e-01  0
5.079477453926834e-01  1.954338027180538e-02  1.954338027180538e-02  1.954338027180538e-02  1.954338027180538e-02  0
5.566895101369354e-01  2.827203424840286e-02  2.827203424840286e-02  2.827203424840286e-02  2.827203424840286e-02  0
6.101084481769311e-01  3.895987036793520e-02  3.895987036793520e-02  3.895987036793520e-02  3.895987036793520e-02  0
6.686533727666266e-01  5.223506776705853e-02  5.223506776705853e-02  5.223506776705853e-02  5.223506776705853e-02  0
7.328161644838057e-01  7.012686148885267e-02  7.012686148885267e-02  7.012686148885267e-02  7.012686148885267e-02  0
8.031359038940895e-01  1.156049890075183e-03  1.156049890075183e-03  1.156049890075183e-03  1.156049890075183e-03  0
8.802034007780547e-01  2.344446191077483e-03  2.344446191077483e-03  2.344446191077483e-03  2.344446191077483e-03  0
9.646661579749534e-01  4.435950162071664e-03  4.435950162071664e-03  4.435950162071664e-03  4.435950162071664e-03  0
1.057233811548072e+00  7.817951867621263e-03  7.817951867621263e-03  7.817951867621263e-03  7.817951867621263e-03  0
1.158684092978708e+00  1.283422997810366e-02  1.283422997810366e-02  1.283422997810366e-02  1.283422997810366e-02  0
1.269869363481709e+00  2.301406920704650e-05  2.301406920704650e-05  2.301406920704650e-05  2.301406920704650e-05  0
1.391723775342339e+00  4.519661960146986e-05  4.519661960146986e-05  4.519661960146986e-05  4.519661960146986e-05  0
1.525271120442328e+00  8.982576057973586e-05  8.982576057973586e-05  8.982576057973586e-05  8.982576057973586e-05  0
1.671633431916567e+00  1.842102252114252e-04  1.842102252114252e-04  1.842102252114252e-04  1.842102252114252e-04  0
1.832040411209515e+00  3.903751440072842e-04  3.903751440072842e-04  3.903751440072842e-04  3.903751440072842e-04  0
