-3.174673408704273e+00  7.407556485867159e-09  7.407556485867159e-09  7.407556485867159e-09  7.407556485867159e-09  0
-2.896710232446770e+00  3.506410851260612e-09  3.506410851260612e-09  3.506410851260612e-09  3.506410851260612e-09  0
-2.643084528870180e+00  1.602137585250107e-09  1.602137585250107e-09  1.602137585250107e-09  1.602137585250107e-09  0
-2.411665394937384e+00  6.906216214354961e-10  6.906216214354961e-10  6.906216214354961e-10  6.906216214354961e-10  0
-2.200508501945137e+00  2.775517711134065e-10  2.775517711134065e-10  2.775517711134065e-10  2.775517711134065e-10  0
-2.007839759735224e+00  9.059294420486873e-07  9.059294420486873e-07  9.059294420486873e-07  9.059294420486873e-07  0
-1.832040411209515e+00  3.921494176049557e-07  3.921494176049557e-07  3.921494176049557e-07  3.921494176049557e-07  0
-1.671633431916567e+00  1.574904163736949e-07  1.574904163736949e-07  1.574904163736949e-07  1.574904163736949e-07  0
-1.525271120442328e+00  5.855115283212437e-08  5.855115283212437e-08  5.855115283212437e-08  5.855115283212437e-08  0
-1.391723775342338e+00  2.011897323153311e-08  2.011897323153311e-08  2.011897323153311e-08  2.011897323153311e-08  0
-1.269869363481709e+00  2.172339305889365e-05  2.172339305889365e-05  2.172339305889365e-05  2.172339305889365e-05  0
-1.158684092978708e+00  1.259846152607896e-05  1.259846152607896e-05  1.259846152607896e-05  1.259846152607896e-05  0
-1.057233811548072e+00  7.125126338439573e-06  7.125126338439573e-06  7.125126338439573e-06  7.125126338439573e-06  0
-9.646661579749535e-01  3.841046504197244e-06  3.841046504197244e-06  3.841046504197244e-06  3.841046504197244e-06  0
-8.802034007780546e-01  1.943820203484616e-06  1.943820203484616e-06  1.943820203484616e-06  1.943820203484616e-06  0
-8.031359038940895e-01  4.374629809296016e-04  4.374629809296016e-04  4.374629809296016e-04  4.374629809296016e-04  0
-7.328161644838058e-01  2.521573067506749e-04  2.521573067506749e-04  2.521573067506749e-04  2.521573067506749e-04  0
-6.686533727666267e-01  1.435522263849825e-04  1.435522263849825e-04  1.435522263849825e-04  1.435522263849825e-04  0
-6.101084481769312e-01  8.128768636021431e-05  8.128768636021431e-05  8.128768636021431e-05  8.128768636021431e-05  0
-5.566895101369354e-01  4.600366141447274e-05  4.600366141447274e-05  4.600366141447274e-05  4.600366141447274e-05  0
-5.079477453926835e-01  5.035748660175119e-03  5.035748660175119e-03  5.035748660175119e-03  5.035748660175119e-03  0
-4.634736371914831e-01  3.235215144355764e-03  3.235215144355764e-03  3.235215144355764e-03  3.235215144355764e-03  0
-4.228935246192287e-01  2.021496051168312e-03  2.021496051168312e-03  2.021496051168312e-03  2.021496051168312e-03  0
-3.858664631899814e-01  1.228186629954759e-03  1.228186629954759e-03  1.228186629954759e-03  1.228186629954759e-03  0
-3.520813603112218e-01  7.227348152868393e-04  7.227348152868393e-04  7.227348152868393e-04  7.227348152868393e-04  0
-3.212543615576358e-01  2.554514241417287e-02  2.554514241417287e-02  2.554514241417287e-02  2.554514241417287e-02  0
-2.931264657935223e-01  2.001446582050623e-02  2.001446582050623e-02  2.001446582050623e-02  2.001446582050623e-02  0
-2.674613491066506e-01  1.509762196908358e-02  1.509762196908358e-02  1.509762196908358e-02  1.509762196908358e-02  0
-2.440433792707724e-01  1.093270945786753e-02  1.093270945786753e-02  1.093270945786753e-02  1.093270945786753e-02  0
-2.226758040547741e-01  7.599693451334890e-03  7.599693451334890e-03  7.599693451334890e-03  7.599693451334890e-03  0
-2.031790981570734e-01  5.672316765870634e-02  5.672316765870634e-02  5.672316765870634e-02  5.672316765870634e-02  0
-1.853894548765933e-01  4.974114581938732e-02  4.974114581938732e-02  4.974114581938732e-02  4.974114581938732e-02  0
-1.691574098476915e-01  4.297801817121662e-02  4.297801817121662e-02  4.297801817121662e-02  4.297801817121662e-02  0
-1.543465852759926e-01  3.650231164485860e-02  3.650231164485860e-02  3.650231164485860e-02  3.650231164485860e-02  0
-1.408325441244888e-01  3.027564938837247e-02  3.027564938837247e-02  3.027564938837247e-02  3.027564938837247e-02  0
-1.285017446230544e-01  8.883991641178315e-02  8.883991641178315e-02  8.883991641178315e-02  8.883991641178315e-02  0
-1.172505863174090e-01  7.963181773091815e-02  7.963181773091815e-02  7.963181773091815e-02  7.963181773091815e-02  0
-1.069845396426603e-01  7.124883556238115e-02  7.124883556238115e-02  7.124883556238115e-02  7.124883556238115e-02  0
-9.761735170830904e-02  6.262496654893666e-02  6.262496654893666e-02  6.262496654893666e-02  6.262496654893666e-02  0
-8.907032162190970e-02  5.324609052850146e-02  5.324609052850146e-02  5.324609052850146e-02  5.324609052850146e-02  0
-8.127163926282940e-02  1.748745916708221e-01  1.748745916708221e-01  1.748745916708221e-01  1.748745916708221e-01  0
-7.415578195063734e-02  1.467144102556544e-01  1.467144102556544e-01  1.467144102556544e-01  1.467144102556544e-01  0
-6.766296393907663e-02  1.230156706054833e-01  1.230156706054833e-01  1.230156706054833e-01  1.230156706054833e-01  0
-6.173863411039705e-02  1.036840047317740e-01  1.036840047317740e-01  1.036840047317740e-01  1.036840047317740e-01  0
-5.633301764979552e-02  8.846870505577460e-02  8.846870505577460e-02  8.846870505577460e-02  8.846870505577460e-02  0
-5.140069784922175e-02  4.286795049374610e-01  4.286795049374610e-01  4.286795049374610e-01  4.286795049374610e-01  0
-4.690023452696359e-02  3.656177112944568e-01  3.656177112944568e-01  3.656177112944568e-01  3.656177112944568e-01  0
-4.279381585706413e-02  3.059819871751705e-01  3.059819871751705e-01  3.059819871751705e-01  3.059819871751705e-01  0
-3.904694068332362e-02  2.530568287867829e-01  2.530568287867829e-01  2.530568287867829e-01  2.530568287867829e-01  0
-3.562812864876388e-02  2.074596602816855e-01  2.074596602816855e-01  2.074596602816855e-01  2.074596602816855e-01  0
-3.250865570513176e-02  1.075794520929378e+00  1.075794520929378e+00  1.075794520929378e+00  1.075794520929378e+00  0
-2.966231278025493e-02  9.165684390725842e-01  9.165684390725842e-01  9.165684390725842e-01  9.165684390725842e-01  0
-2.706518557563065e-02  7.711095849571159e-01  7.711095849571159e-01  7.711095849571159e-01  7.711095849571159e-01  0
-2.469545364415882e-02  6.387425057724918e-01  6.387425057724918e-01  6.387425057724918e-01  6.387425057724918e-01  0
-2.253320705991821e-02  5.200104492735251e-01  5.200104492735251e-01  5.200104492735251e-01  5.200104492735251e-01  0
-2.056027913968870e-02  1.821926193469790e+00  1.821926193469790e+00  1.821926193469790e+00  1.821926193469790e+00  0
-1.876009381078543e-02  1.709930427521618e+00  1.709930427521618e+00  1.709930427521618e+00  1.709930427521618e+00  0
-1.711752634282565e-02  1.571111103251803e+00  1.571111103251803e+00  1.571111103251803e+00  1.571111103251803e+00  0
-1.561877627332944e-02  1.410961521981698e+00  1.410961521981698e+00  1.410961521981698e+00  1.410961521981698e+00  0
-1.425125145950555e-02  1.237537327004685e+00  1.237537327004685e+00  1.237537327004685e+00  1.237537327004685e+00  0
-1.300346228205270e-02  2.089163882575109e+00  2.089163882575109e+00  2.089163882575109e+00  2.089163882575109e+00  0
-1.186492511210197e-02  2.166248729513067e+00  2.166248729513067e+00  2.166248729513067e+00  2.166248729513067e+00  0
-1.082607423025226e-02  2.196106847757065e+00  2.196106847757065e+00  2.196106847757065e+00  2.196106847757065e+00  0
-9.878181457663527e-03  2.170774298979371e+00  2.170774298979371e+00  2.170774298979371e+00  2.170774298979371e+00  0
-9.013282823967282e-03  2.087183209001528e+00  2.087183209001528e+00  2.087183209001528e+00  2.087183209001528e+00  0
-8.224111655875480e-03  1.250099909733742e+00  1.250099909733742e+00  1.250099909733742e+00  1.250099909733742e+00  0
-7.504037524314174e-03  1.446682584237067e+00  1.446682584237067e+00  1.446682584237067e+00  1.446682584237067e+00  0
-6.847010537130260e-03  1.642310430435857e+00  1.642310430435857e+00  1.642310430435857e+00  1.642310430435857e+00  0
-6.247510509331778e-03  1.820051062263202e+00  1.820051062263202e+00  1.820051062263202e+00  1.820051062263202e+00  0
-5.700500583802221e-03  1.962787015978555e+00  1.962787015978555e+00  1.962787015978555e+00  1.962787015978555e+00  0
-5.201384912821082e-03  6.413166806571982e-01  6.413166806571982e-01  6.413166806571982e-01  6.413166806571982e-01  0
-4.745970044840789e-03  7.088588701052692e-01  7.088588701052692e-01  7.088588701052692e-01  7.088588701052692e-01  0
-4.330429692100905e-03  8.099356139757331e-01  8.099356139757331e-01  8.099356139757331e-01  8.099356139757331e-01  0
-3.951272583065412e-03  9.448639825743580e-01  9.448639825743580e-01  9.448639825743580e-01  9.448639825743580e-01  0
-3.605313129586914e-03  1.105772962451041e+00  1.105772962451041e+00  1.105772962451041e+00  1.105772962451041e+00  0
-3.289644662350192e-03  4.192612862179841e-01  4.192612862179841e-01  4.192612862179841e-01  4.192612862179841e-01  0
-3.001615009725670e-03  4.582646046540357e-01  4.582646046540357e-01  4.582646046540357e-01  4.582646046540357e-01  0
-2.738804214852104e-03  4.996742847406858e-01  4.996742847406858e-01  4.996742847406858e-01  4.996742847406858e-01  0
-2.499004203732711e-03  5.386394648762818e-01  5.386394648762818e-01  5.386394648762818e-01  5.386394648762818e-01  0
-2.280200233520888e-03  5.770654513108087e-01  5.770654513108087e-01  5.770654513108087e-01  5.770654513108087e-01  0
-2.080553965128433e-03  5.307696317168931e-01  5.307696317168931e-01  5.307696317168931e-01  5.307696317168931e-01  0
-1.898388017936316e-03  4.848258497057796e-01  4.848258497057796e-01  4.848258497057796e-01  4.848258497057796e-01  0
-1.732171876840361e-03  4.505880103722316e-01  4.505880103722316e-01  4.505880103722316e-01  4.505880103722316e-01  0
-1.580509033226164e-03  4.352860023642411e-01  4.352860023642411e-01  4.352860023642411e-01  4.352860023642411e-01  0
-1.442125251834765e-03  4.390845206738831e-01  4.390845206738831e-01  4.390845206738831e-01  4.390845206738831e-01  0
-1.315857864940077e-03  6.048342718948743e-01  6.048342718948743e-01  6.048342718948743e-01  6.048342718948743e-01  0
-1.200646003890268e-03  5.934979161617456e-01  5.934979161617456e-01  5.934979161617456e-01  5.934979161617456e-01  0
-1.095521685940842e-03  5.946632870703318e-01  5.946632870703318e-01  5.946632870703318e-01  5.946632870703318e-01  0
-9.996016814930845e-04  5.875822589473391e-01  5.875822589473391e-01  5.875822589473391e-01  5.875822589473391e-01  0
-9.120800934083554e-04  5.639110443722024e-01  5.639110443722024e-01  5.639110443722024e-01  5.639110443722024e-01  0
-8.322215860513730e-04  1.431638591132924e+00  1.431638591132924e+00  1.431638591132924e+00  1.431638591132924e+00  0
-7.593552071745262e-04  1.199023732206318e+00  1.199023732206318e+00  1.199023732206318e+00  1.199023732206318e+00  0
-6.928687507361445e-04  9.828559221149351e-01  9.828559221149351e-01  9.828559221149351e-01  9.828559221149351e-01  0
-6.322036132904656e-04  8.154895199707751e-01  8.154895199707751e-01  8.154895199707751e-01  8.154895199707751e-01  0
-5.768501007339061e-04  7.082428086680087e-01  7.082428086680087e-01  7.082428086680087e-01  7.082428086680087e-01  0
-5.263431459760307e-04  2.252825388464478e+00  2.252825388464478e+00  2.252825388464478e+00  2.252825388464478e+00  0
-4.802584015561072e-04  2.020580511716947e+00  2.020580511716947e+00  2.020580511716947e+00  2.020580511716947e+00  0
-4.382086743763367e-04  1.899821508404691e+00  1.899821508404691e+00  1.899821508404691e+00  1.899821508404691e+00  0
-3.998406725972338e-04  1.786991031309960e+00  1.786991031309960e+00  1.786991031309960e+00  1.786991031309960e+00  0
-3.648320373633421e-04  1.628964309768594e+00  1.628964309768594e+00  1.628964309768594e+00  1.628964309768594e+00  0
-3.328886344205492e-04  7.214925035757383e+00  7.214925035757383e+00  7.214925035757383e+00  7.214925035757383e+00  0
-3.037420828698105e-04  5.863372573920183e+00  5.863372573920183e+00  5.863372573920183e+00  5.863372573920183e+00  0
-2.771475002944578e-04  4.559411655942807e+00  4.559411655942807e+00  4.559411655942807e+00  4.559411655942807e+00  0
-2.528814453161863e-04  3.493954940679169e+00  3.493954940679169e+00  3.493954940679169e+00  3.493954940679169e+00  0
-2.307400402935625e-04  2.750335497461772e+00  2.750335497461772e+00  2.750335497461772e+00  2.750335497461772e+00  0
-2.105372583904123e-04  1.269663151280995e+01  1.269663151280995e+01  1.269663151280995e+01  1.269663151280995e+01  0
-1.921033606224429e-04  1.103181828209400e+01  1.103181828209400e+01  1.103181828209400e+01  1.103181828209400e+01  0
-1.752834697505346e-04  1.012972100712774e+01  1.012972100712774e+01  1.012972100712774e+01  1.012972100712774e+01  0
-1.599362690388935e-04  9.368260817224467e+00  9.368260817224467e+00  9.368260817224467e+00  9.368260817224467e+00  0
-1.459328149453368e-04  8.403654222155970e+00  8.403654222155970e+00  8.403654222155970e+00  8.403654222155970e+00  0
-1.331554537682197e-04  4.308774438218382e+01  4.308774438218382e+01  4.308774438218382e+01  4.308774438218382e+01  0
-1.214968331479242e-04  3.502531001390406e+01  3.502531001390406e+01  3.502531001390406e+01  3.502531001390406e+01  0
-1.108590001177831e-04  2.708371766469941e+01  2.708371766469941e+01  2.708371766469941e+01  2.708371766469941e+01  0
-1.011525781264745e-04  2.044793408607415e+01  2.044793408607415e+01  2.044793408607415e+01  2.044793408607415e+01  0
-9.229601611742499e-05  1.569432661879016e+01  1.569432661879016e+01  1.569432661879016e+01  1.569432661879016e+01  0
-8.421490335616491e-05  7.859937535777816e+01  7.859937535777816e+01  7.859937535777816e+01  7.859937535777816e+01  0
-7.684134424897715e-05  6.727397848500199e+01  6.727397848500199e+01  6.727397848500199e+01  6.727397848500199e+01  0
-7.011338790021387e-05  6.105404275689549e+01  6.105404275689549e+01  6.105404275689549e+01  6.105404275689549e+01  0
-6.397450761555741e-05  5.615672928467192e+01  5.615672928467192e+01  5.615672928467192e+01  5.615672928467192e+01  0
-5.837312597813474e-05  5.032192542816430e+01  5.032192542816430e+01  5.032192542816430e+01  5.032192542816430e+01  0
-5.326218150728787e-05  2.594991811986093e+02  2.594991811986093e+02  2.594991811986093e+02  2.594991811986093e+02  0
-4.859873325916968e-05  2.138541870461642e+02  2.138541870461642e+02  2.138541870461642e+02  2.138541870461642e+02  0
-4.434360004711325e-05  1.673811876316545e+02  1.673811876316545e+02  1.673811876316545e+02  1.673811876316545e+02  0
-4.046103125058980e-05  1.272374529348388e+02  1.272374529348388e+02  1.272374529348388e+02  1.272374529348388e+02  0
-3.691840644696999e-05  9.748718863966346e+01  9.748718863966346e+01  9.748718863966346e+01  9.748718863966346e+01  0
-3.368596134246597e-05  4.848192258671186e+02  4.848192258671186e+02  4.848192258671186e+02  4.848192258671186e+02  0
-3.073653769959086e-05  4.091535523845216e+02  4.091535523845216e+02  4.091535523845216e+02  4.091535523845216e+02  0
-2.804535516008555e-05  3.662235890358577e+02  3.662235890358577e+02  3.662235890358577e+02  3.662235890358577e+02  0
-2.558980304622297e-05  3.351701285002596e+02  3.351701285002596e+02  3.351701285002596e+02  3.351701285002596e+02  0
-2.334925039125390e-05  3.015845572957257e+02  3.015845572957257e+02  3.015845572957257e+02  3.015845572957257e+02  0
-2.130487260291515e-05  1.439295918800768e+03  1.439295918800768e+03  1.439295918800768e+03  1.439295918800768e+03  0
-1.943949330366787e-05  1.224320236107453e+03  1.224320236107453e+03  1.224320236107453e+03  1.224320236107453e+03  0
-1.773744001884530e-05  9.893281384216148e+02  9.893281384216148e+02  9.893281384216148e+02  9.893281384216148e+02  0
-1.618441250023592e-05  7.716701984023013e+02  7.716701984023013e+02  7.716701984023013e+02  7.716701984023013e+02  0
-1.476736257878800e-05  5.989790390310395e+02  5.989790390310395e+02  5.989790390310395e+02  5.989790390310395e+02  0
-1.347438453698639e-05  2.578798202559743e+03  2.578798202559743e+03  2.578798202559743e+03  2.578798202559743e+03  0
-1.229461507983634e-05  2.186740279141233e+03  2.186740279141233e+03  2.186740279141233e+03  2.186740279141233e+03  0
-1.121814206403422e-05  1.951307703225398e+03  1.951307703225398e+03  1.951307703225398e+03  1.951307703225398e+03  0
-1.023592121848918e-05  1.793095894833505e+03  1.793095894833505e+03  1.793095894833505e+03  1.793095894833505e+03  0
-9.339700156501558e-06  1.639717750349359e+03  1.639717750349359e+03  1.639717750349359e+03  1.639717750349359e+03  0
-8.521949041166062e-06  5.915397948499045e+03  5.915397948499045e+03  5.915397948499045e+03  5.915397948499045e+03  0
-7.775797321467150e-06  5.362535053203149e+03  5.362535053203149e+03  5.362535053203149e+03  5.362535053203149e+03  0
-7.094976007538121e-06  4.624856532449584e+03  4.624856532449584e+03  4.624856532449584e+03  4.624856532449584e+03  0
-6.473765000094370e-06  3.826201783690577e+03  3.826201783690577e+03  3.826201783690577e+03  3.826201783690577e+03  0
-5.906945031515200e-06  3.103184344261163e+03  3.103184344261163e+03  3.103184344261163e+03  3.103184344261163e+03  0
-5.389753814794554e-06  8.500417978485064e+03  8.500417978485064e+03  8.500417978485064e+03  8.500417978485064e+03  0
-4.917846031934537e-06  7.519377007220184e+03  7.519377007220184e+03  7.519377007220184e+03  7.519377007220184e+03  0
-4.487256825613687e-06  6.939619522401475e+03  6.939619522401475e+03  6.939619522401475e+03  6.939619522401475e+03  0
-4.094368487395674e-06  6.624966479808472e+03  6.624966479808472e+03  6.624966479808472e+03  6.624966479808472e+03  0
-3.735880062600623e-06  6.363945768046879e+03  6.363945768046879e+03  6.363945768046879e+03  6.363945768046879e+03  0
-3.408779616466424e-06  1.328194512395211e+04  1.328194512395211e+04  1.328194512395211e+04  1.328194512395211e+04  0
-3.110318928586860e-06  1.312090284777435e+04  1.312090284777435e+04  1.312090284777435e+04  1.312090284777435e+04  0
-2.837990403015248e-06  1.235494023476111e+04  1.235494023476111e+04  1.235494023476111e+04  1.235494023476111e+04  0
-2.589506000037748e-06  1.111015167666099e+04  1.111015167666099e+04  1.111015167666099e+04  1.111015167666099e+04  0
-2.362778012606080e-06  9.685510746924991e+03  9.685510746924991e+03  9.685510746924991e+03  9.685510746924991e+03  0
-2.155901525917819e-06  1.458806676693347e+04  1.458806676693347e+04  1.458806676693347e+04  1.458806676693347e+04  0
-1.967138412773812e-06  1.335605575148229e+04  1.335605575148229e+04  1.335605575148229e+04  1.335605575148229e+04  0
-1.794902730245472e-06  1.277851010044878e+04  1.277851010044878e+04  1.277851010044878e+04  1.277851010044878e+04  0
-1.637747394958267e-06  1.281871257278962e+04  1.281871257278962e+04  1.281871257278962e+04  1.281871257278962e+04  0
-1.494352025040247e-06  1.316573001804341e+04  1.316573001804341e+04  1.316573001804341e+04  1.316573001804341e+04  0
-1.363511846586567e-06  1.723680624085552e+04  1.723680624085552e+04  1.723680624085552e+04  1.723680624085552e+04  0
-1.244127571434742e-06  1.812375775067104e+04  1.812375775067104e+04  1.812375775067104e+04  1.812375775067104e+04  0
-1.135196161206098e-06  1.820541727697150e+04  1.820541727697150e+04  1.820541727697150e+04  1.820541727697150e+04  0
-1.035802400015097e-06  1.739901240177745e+04  1.739901240177745e+04  1.739901240177745e+04  1.739901240177745e+04  0
-9.451112050424303e-07  1.598095132210538e+04  1.598095132210538e+04  1.598095132210538e+04  1.598095132210538e+04  0
-8.623606103671273e-07  1.706100540853677e+04  1.706100540853677e+04  1.706100540853677e+04  1.706100540853677e+04  0
-7.868553651095247e-07  1.561147328929551e+04  1.561147328929551e+04  1.561147328929551e+04  1.561147328929551e+04  0
-7.179610920981888e-07  1.492545178589560e+04  1.492545178589560e+04  1.492545178589560e+04  1.492545178589560e+04  0
-6.550989579833068e-07  1.517824101615242e+04  1.517824101615242e+04  1.517824101615242e+04  1.517824101615242e+04  0
-5.977408100160987e-07  1.613628960372950e+04  1.613628960372950e+04  1.613628960372950e+04  1.613628960372950e+04  0
-5.454047386346270e-07  1.796341167791644e+04  1.796341167791644e+04  1.796341167791644e+04  1.796341167791644e+04  0
-4.976510285738967e-07  1.944344586942899e+04  1.944344586942899e+04  1.944344586942899e+04  1.944344586942899e+04  0
-4.540784644824390e-07  2.014384325798385e+04  2.014384325798385e+04  2.014384325798385e+04  2.014384325798385e+04  0
-4.143209600060390e-07  1.979148686630634e+04  1.979148686630634e+04  1.979148686630634e+04  1.979148686630634e+04  0
-3.780444820169721e-07  1.854237833765711e+04  1.854237833765711e+04  1.854237833765711e+04  1.854237833765711e+04  0
-3.449442441468510e-07  1.776905462508917e+04  1.776905462508917e+04  1.776905462508917e+04  1.776905462508917e+04  0
-3.147421460438099e-07  1.611694563708358e+04  1.611694563708358e+04  1.611694563708358e+04  1.611694563708358e+04  0
-2.871844368392756e-07  1.521089674835379e+04  1.521089674835379e+04  1.521089674835379e+04  1.521089674835379e+04  0
-2.620395831933227e-07  1.537197651061620e+04  1.537197651061620e+04  1.537197651061620e+04  1.537197651061620e+04  0
-2.390963240064395e-07  1.648539738090448e+04  1.648539738090448e+04  1.648539738090448e+04  1.648539738090448e+04  0
-2.181618954538508e-07  1.793800127022087e+04  1.793800127022087e+04  1.793800127022087e+04  1.793800127022087e+04  0
-1.990604114295587e-07  1.964352592202096e+04  1.964352592202096e+04  1.964352592202096e+04  1.964352592202096e+04  0
-1.816313857929756e-07  2.061707871906817e+04  2.061707871906817e+04  2.061707871906817e+04  2.061707871906817e+04  0
-1.657283840024156e-07  2.048851546293878e+04  2.048851546293878e+04  2.048851546293878e+04  2.048851546293878e+04  0
-1.512177928067889e-07  1.932804393260328e+04  1.932804393260328e+04  1.932804393260328e+04  1.932804393260328e+04  0
-1.379776976587404e-07  1.799196422395527e+04  1.799196422395527e+04  1.799196422395527e+04  1.799196422395527e+04  0
-1.258968584175239e-07  1.623276969697020e+04  1.623276969697020e+04  1.623276969697020e+04  1.623276969697020e+04  0
-1.148737747357102e-07  1.518892971664374e+04  1.518892971664374e+04  1.518892971664374e+04  1.518892971664374e+04  0
-1.048158332773291e-07  1.524645275407567e+04  1.524645275407567e+04  1.524645275407567e+04  1.524645275407567e+04  0
-9.563852960257580e-08  1.635498983349840e+04  1.635498983349840e+04  1.635498983349840e+04  1.635498983349840e+04  0
-8.726475818154030e-08  1.786717541260207e+04  1.786717541260207e+04  1.786717541260207e+04  1.786717541260207e+04  0
-7.962416457182346e-08  1.965632059206458e+04  1.965632059206458e+04  1.965632059206458e+04  1.965632059206458e+04  0
-7.265255431719022e-08  2.074051169289165e+04  2.074051169289165e+04  2.074051169289165e+04  2.074051169289165e+04  0
-6.629135360096623e-08  2.070840940025197e+04  2.070840940025197e+04  2.070840940025197e+04  2.070840940025197e+04  0
-6.048711712271553e-08  1.958886525382456e+04  1.958886525382456e+04  1.958886525382456e+04  1.958886525382456e+04  0
-5.519107906349615e-08  1.807209168284656e+04  1.807209168284656e+04  1.807209168284656e+04  1.807209168284656e+04  0
-5.035874336700958e-08  1.626633132041741e+04  1.626633132041741e+04  1.626633132041741e+04  1.626633132041741e+04  0
-4.594950989428408e-08  1.515889175409423e+04  1.515889175409423e+04  1.515889175409423e+04  1.515889175409423e+04  0
-4.192633331093163e-08  1.516213771742590e+04  1.516213771742590e+04  1.516213771742590e+04  1.516213771742590e+04  0
-3.825541184103032e-08  1.625390623562550e+04  1.625390623562550e+04  1.625390623562550e+04  1.625390623562550e+04  0
-3.490590327261613e-08  1.782890033645253e+04  1.782890033645253e+04  1.782890033645253e+04  1.782890033645253e+04  0
-3.184966582872939e-08  1.965012194044232e+04  1.965012194044232e+04  1.965012194044232e+04  1.965012194044232e+04  0
-2.906102172687609e-08  2.077861832433533e+04  2.077861832433533e+04  2.077861832433533e+04  2.077861832433533e+04  0
-2.651654144038649e-08  2.078635112798845e+04  2.078635112798845e+04  2.078635112798845e+04  2.078635112798845e+04  0
-2.419484684908621e-08  1.968455607899710e+04  1.968455607899710e+04  1.968455607899710e+04  1.968455607899710e+04  0
-2.207643162539846e-08  1.810299717148648e+04  1.810299717148648e+04  1.810299717148648e+04  1.810299717148648e+04  0
-2.014349734680383e-08  1.627806064704991e+04  1.627806064704991e+04  1.627806064704991e+04  1.627806064704991e+04  0
-1.837980395771363e-08  1.514382987465802e+04  1.514382987465802e+04  1.514382987465802e+04  1.514382987465802e+04  0
-1.677053332437265e-08  1.512321882190850e+04  1.512321882190850e+04  1.512321882190850e+04  1.512321882190850e+04  0
-1.530216473641213e-08  1.620568127482782e+04  1.620568127482782e+04  1.620568127482782e+04  1.620568127482782e+04  0
-1.396236130904645e-08  1.781220400623114e+04  1.781220400623114e+04  1.781220400623114e+04  1.781220400623114e+04  0
-1.273986633149176e-08  1.964603810807185e+04  1.964603810807185e+04  1.964603810807185e+04  1.964603810807185e+04  0
-1.162440869075044e-08  2.079226670462972e+04  2.079226670462972e+04  2.079226670462972e+04  2.079226670462972e+04  0
-1.060661657615460e-08  2.081614485029845e+04  2.081614485029845e+04  2.081614485029845e+04  2.081614485029845e+04  0
-9.677938739634486e-09  1.972169885360590e+04  1.972169885360590e+04  1.972169885360590e+04  1.972169885360590e+04  0
-8.830572650159383e-09  1.811540040613128e+04  1.811540040613128e+04  1.811540040613128e+04  1.811540040613128e+04  0
-8.057398938721533e-09  1.628269067175866e+04  1.628269067175866e+04  1.628269067175866e+04  1.628269067175866e+04  0
-7.351921583085453e-09  1.513751859060224e+04  1.513751859060224e+04  1.513751859060224e+04  1.513751859060224e+04  0
-6.708213329749061e-09  1.510701989869500e+04  1.510701989869500e+04  1.510701989869500e+04  1.510701989869500e+04  0
-6.120865894564850e-09  1.618534619706806e+04  1.618534619706806e+04  1.618534619706806e+04  1.618534619706806e+04  0
-5.584944523618580e-09  1.780550886542159e+04  1.780550886542159e+04  1.780550886542159e+04  1.780550886542159e+04  0
-5.095946532596702e-09  1.964437617293355e+04  1.964437617293355e+04  1.964437617293355e+04  1.964437617293355e+04  0
-4.649763476300175e-09  2.079771273909157e+04  2.079771273909157e+04  2.079771273909157e+04  2.079771273909157e+04  0
-4.242646630461839e-09  2.082808222311838e+04  2.082808222311838e+04  2.082808222311838e+04  2.082808222311838e+04  0
-3.871175495853794e-09  1.973660107750965e+04  1.973660107750965e+04  1.973660107750965e+04  1.973660107750965e+04  0
-3.532229060063754e-09  1.812053779691570e+04  1.812053779691570e+04  1.812053779691570e+04  1.812053779691570e+04  0
-3.222959575488613e-09  1.628469103243806e+04  1.628469103243806e+04  1.628469103243806e+04  1.628469103243806e+04  0
-2.940768633234181e-09  1.513510321196234e+04  1.513510321196234e+04  1.513510321196234e+04  1.513510321196234e+04  0
-2.683285331899625e-09  1.510060263542418e+04  1.510060263542418e+04  1.510060263542418e+04  1.510060263542418e+04  0
-2.448346357825941e-09  1.617722725415049e+04  1.617722725415049e+04  1.617722725415049e+04  1.617722725415049e+04  0
-2.233977809447432e-09  1.780297014152090e+04  1.780297014152090e+04  1.780297014152090e+04  1.780297014152090e+04  0
-2.038378613038681e-09  1.964386976151147e+04  1.964386976151147e+04  1.964386976151147e+04  1.964386976151147e+04  0
-1.859905390520070e-09  2.080005888975869e+04  2.080005888975869e+04  2.080005888975869e+04  2.080005888975869e+04  0
-1.697058652184735e-09  2.083301658653510e+04  2.083301658653510e+04  2.083301658653510e+04  2.083301658653510e+04  0
-1.548470198341518e-09  1.974268583109385e+04  1.974268583109385e+04  1.974268583109385e+04  1.974268583109385e+04  0
-1.412891624025501e-09  1.812266175509521e+04  1.812266175509521e+04  1.812266175509521e+04  1.812266175509521e+04  0
-1.289183830195445e-09  1.628556565324370e+04  1.628556565324370e+04  1.628556565324370e+04  1.628556565324370e+04  0
-1.176307453293673e-09  1.513422140267047e+04  1.513422140267047e+04  1.513422140267047e+04  1.513422140267047e+04  0
-1.073314132759850e-09  1.509813529339062e+04  1.509813529339062e+04  1.509813529339062e+04  1.509813529339062e+04  0
-9.793385431303761e-10  1.617409912755489e+04  1.617409912755489e+04  1.617409912755489e+04  1.617409912755489e+04  0
-8.935911237789728e-10  1.780194405426790e+04  1.780194405426790e+04  1.780194405426790e+04  1.780194405426790e+04  0
-8.153514452154724e-10  1.964365234045189e+04  1.964365234045189e+04  1.964365234045189e+04  1.964365234045189e+04  0
-7.439621562080280e-10  2.080092929562495e+04  2.080092929562495e+04  2.080092929562495e+04  2.080092929562495e+04  0
-6.788234608738942e-10  2.083478602715029e+04  2.083478602715029e+04  2.083478602715029e+04  2.083478602715029e+04  0
-6.193880793366070e-10  1.974464193912272e+04  1.974464193912272e+04  1.974464193912272e+04  1.974464193912272e+04  0
-5.651566496102005e-10  1.812324312684709e+04  1.812324312684709e+04  1.812324312684709e+04  1.812324312684709e+04  0
-5.156735320781780e-10  1.628571199159375e+04  1.628571199159375e+04  1.628571199159375e+04  1.628571199159375e+04  0
-4.705229813174689e-10  1.513373177314633e+04  1.513373177314633e+04  1.513373177314633e+04  1.513373177314633e+04  0
-4.293256531039398e-10  1.509707192022586e+04  1.509707192022586e+04  1.509707192022586e+04  1.509707192022586e+04  0
-3.917354172521504e-10  1.617282109780348e+04  1.617282109780348e+04  1.617282109780348e+04  1.617282109780348e+04  0
3.917354172521504e-10  1.617399807151306e+04  1.617399807151306e+04  1.617399807151306e+04  1.617399807151306e+04  0
4.293256531039398e-10  1.509837981776308e+04  1.509837981776308e+04  1.509837981776308e+04  1.509837981776308e+04  0
4.705229813174689e-10  1.513528627799633e+04  1.513528627799633e+04  1.513528627799633e+04  1.513528627799633e+04  0
5.156735320781780e-10  1.628760968980107e+04  1.628760968980107e+04  1.628760968980107e+04  1.628760968980107e+04  0
5.651566496102005e-10  1.812552016933787e+04  1.812552016933787e+04  1.812552016933787e+04  1.812552016933787e+04  0
6.193880793366070e-10  1.974567748137421e+04  1.974567748137421e+04  1.974567748137421e+04  1.974567748137421e+04  0
6.788234608738942e-10  2.083590962568711e+04  2.083590962568711e+04  2.083590962568711e+04  2.083590962568711e+04  0
7.439621562080280e-10  2.080208376277026e+04  2.080208376277026e+04  2.080208376277026e+04  2.080208376277026e+04  0
8.153514452154724e-10  1.964479466265833e+04  1.964479466265833e+04  1.964479466265833e+04  1.964479466265833e+04  0
8.935911237789728e-10  1.780307196391698e+04  1.780307196391698e+04  1.780307196391698e+04  1.780307196391698e+04  0
9.793385431303761e-10  1.617456994091930e+04  1.617456994091930e+04  1.617456994091930e+04  1.617456994091930e+04  0
1.073314132759850e-09  1.509865846983555e+04  1.509865846983555e+04  1.509865846983555e+04  1.509865846983555e+04  0
1.176307453293673e-09  1.513484321268802e+04  1.513484321268802e+04  1.513484321268802e+04  1.513484321268802e+04  0
1.289183830195445e-09  1.628632473674786e+04  1.628632473674786e+04  1.628632473674786e+04  1.628632473674786e+04  0
1.412891624025501e-09  1.812357258403003e+04  1.812357258403003e+04  1.812357258403003e+04  1.812357258403003e+04  0
1.548470198341518e-09  1.974309999141021e+04  1.974309999141021e+04  1.974309999141021e+04  1.974309999141021e+04  0
1.697058652184735e-09  2.083346598517549e+04  2.083346598517549e+04  2.083346598517549e+04  2.083346598517549e+04  0
1.859905390520070e-09  2.080052065953176e+04  2.080052065953176e+04  2.080052065953176e+04  2.080052065953176e+04  0
2.038378613038681e-09  1.964432669441600e+04  1.964432669441600e+04  1.964432669441600e+04  1.964432669441600e+04  0
2.233977809447432e-09  1.780342131890951e+04  1.780342131890951e+04  1.780342131890951e+04  1.780342131890951e+04  0
2.448346357825941e-09  1.617741559847278e+04  1.617741559847278e+04  1.617741559847278e+04  1.617741559847278e+04  0
2.683285331899625e-09  1.510081190194078e+04  1.510081190194078e+04  1.510081190194078e+04  1.510081190194078e+04  0
2.940768633234181e-09  1.513535190246820e+04  1.513535190246820e+04  1.513535190246820e+04  1.513535190246820e+04  0
3.222959575488613e-09  1.628499460669723e+04  1.628499460669723e+04  1.628499460669723e+04  1.628499460669723e+04  0
3.532229060063754e-09  1.812090205654553e+04  1.812090205654553e+04  1.812090205654553e+04  1.812090205654553e+04  0
3.871175495853794e-09  1.973676669980551e+04  1.973676669980551e+04  1.973676669980551e+04  1.973676669980551e+04  0
4.242646630461839e-09  2.082826195988356e+04  2.082826195988356e+04  2.082826195988356e+04  2.082826195988356e+04  0
4.649763476300175e-09  2.079789744913361e+04  2.079789744913361e+04  2.079789744913361e+04  2.079789744913361e+04  0
5.095946532596702e-09  1.964455896870299e+04  1.964455896870299e+04  1.964455896870299e+04  1.964455896870299e+04  0
5.584944523618580e-09  1.780568936666478e+04  1.780568936666478e+04  1.780568936666478e+04  1.780568936666478e+04  0
6.120865894564850e-09  1.618542157157654e+04  1.618542157157654e+04  1.618542157157654e+04  1.618542157157654e+04  0
6.708213329749061e-09  1.510710362022936e+04  1.510710362022936e+04  1.510710362022936e+04  1.510710362022936e+04  0
7.351921583085453e-09  1.513761805519096e+04  1.513761805519096e+04  1.513761805519096e+04  1.513761805519096e+04  0
8.057398938721533e-09  1.628281206853062e+04  1.628281206853062e+04  1.628281206853062e+04  1.628281206853062e+04  0
8.830572650159383e-09  1.811554606906283e+04  1.811554606906283e+04  1.811554606906283e+04  1.811554606906283e+04  0
9.677938739634486e-09  1.972176507726922e+04  1.972176507726922e+04  1.972176507726922e+04  1.972176507726922e+04  0
1.060661657615460e-08  2.081621674085282e+04  2.081621674085282e+04  2.081621674085282e+04  2.081621674085282e+04  0
1.162440869075044e-08  2.079234060957560e+04  2.079234060957560e+04  2.079234060957560e+04  2.079234060957560e+04  0
1.273986633149176e-08  1.964611126652285e+04  1.964611126652285e+04  1.964611126652285e+04  1.964611126652285e+04  0
1.396236130904645e-08  1.781227625228816e+04  1.781227625228816e+04  1.781227625228816e+04  1.781227625228816e+04  0
1.530216473641213e-08  1.620571145278694e+04  1.620571145278694e+04  1.620571145278694e+04  1.620571145278694e+04  0
1.677053332437265e-08  1.512325232038661e+04  1.512325232038661e+04  1.512325232038661e+04  1.512325232038661e+04  0
1.837980395771363e-08  1.514386964714541e+04  1.514386964714541e+04  1.514386964714541e+04  1.514386964714541e+04  0
2.014349734680383e-08  1.627810917390584e+04  1.627810917390584e+04  1.627810917390584e+04  1.627810917390584e+04  0
2.207643162539846e-08  1.810305539896181e+04  1.810305539896181e+04  1.810305539896181e+04  1.810305539896181e+04  0
2.419484684908621e-08  1.968458252823329e+04  1.968458252823329e+04  1.968458252823329e+04  1.968458252823329e+04  0
2.651654144038649e-08  2.078637986365100e+04  2.078637986365100e+04  2.078637986365100e+04  2.078637986365100e+04  0
2.906102172687609e-08  2.077864789085148e+04  2.077864789085148e+04  2.077864789085148e+04  2.077864789085148e+04  0
3.184966582872939e-08  1.965015122903496e+04  1.965015122903496e+04  1.965015122903496e+04  1.965015122903496e+04  0
3.490590327261613e-08  1.782892926805890e+04  1.782892926805890e+04  1.782892926805890e+04  1.782892926805890e+04  0
3.825541184103032e-08  1.625391833588784e+04  1.625391833588784e+04  1.625391833588784e+04  1.625391833588784e+04  0
4.192633331093163e-08  1.516215112634409e+04  1.516215112634409e+04  1.516215112634409e+04  1.516215112634409e+04  0
4.594950989428408e-08  1.515890764789564e+04  1.515890764789564e+04  1.515890764789564e+04  1.515890764789564e+04  0
5.035874336700958e-08  1.626635069581779e+04  1.626635069581779e+04  1.626635069581779e+04  1.626635069581779e+04  0
5.519107906349615e-08  1.807211493107754e+04  1.807211493107754e+04  1.807211493107754e+04  1.807211493107754e+04  0
6.048711712271553e-08  1.958887579729333e+04  1.958887579729333e+04  1.958887579729333e+04  1.958887579729333e+04  0
6.629135360096623e-08  2.070842087796615e+04  2.070842087796615e+04  2.070842087796615e+04  2.070842087796615e+04  0
7.265255431719022e-08  2.074052352771304e+04  2.074052352771304e+04  2.074052352771304e+04  2.074052352771304e+04  0
7.962416457182346e-08  1.965633233582629e+04  1.965633233582629e+04  1.965633233582629e+04  1.965633233582629e+04  0
8.726475818154030e-08  1.786718702081833e+04  1.786718702081833e+04  1.786718702081833e+04  1.786718702081833e+04  0
9.563852960257580e-08  1.635499469747636e+04  1.635499469747636e+04  1.635499469747636e+04  1.635499469747636e+04  0
1.048158332773291e-07  1.524645812382147e+04  1.524645812382147e+04  1.524645812382147e+04  1.524645812382147e+04  0
1.148737747357102e-07  1.518893605693095e+04  1.518893605693095e+04  1.518893605693095e+04  1.518893605693095e+04  0
1.258968584175239e-07  1.623277741032900e+04  1.623277741032900e+04  1.623277741032900e+04  1.623277741032900e+04  0
1.379776976587404e-07  1.799197347896205e+04  1.799197347896205e+04  1.799197347896205e+04  1.799197347896205e+04  0
1.512177928067889e-07  1.932804810631185e+04  1.932804810631185e+04  1.932804810631185e+04  1.932804810631185e+04  0
1.657283840024156e-07  2.048852002866065e+04  2.048852002866065e+04  2.048852002866065e+04  2.048852002866065e+04  0
1.816313857929756e-07  2.061708345185545e+04  2.061708345185545e+04  2.061708345185545e+04  2.061708345185545e+04  0
1.990604114295587e-07  1.964353063902849e+04  1.964353063902849e+04  1.964353063902849e+04  1.964353063902849e+04  0
2.181618954538508e-07  1.793800594169588e+04  1.793800594169588e+04  1.793800594169588e+04  1.793800594169588e+04  0
2.390963240064395e-07  1.648539934092633e+04  1.648539934092633e+04  1.648539934092633e+04  1.648539934092633e+04  0
2.620395831933227e-07  1.537197865825936e+04  1.537197865825936e+04  1.537197865825936e+04  1.537197865825936e+04  0
2.871844368392756e-07  1.521089926284100e+04  1.521089926284100e+04  1.521089926284100e+04  1.521089926284100e+04  0
3.147421460438099e-07  1.611694868188386e+04  1.611694868188386e+04  1.611694868188386e+04  1.611694868188386e+04  0
3.449442441468510e-07  1.776905827847294e+04  1.776905827847294e+04  1.776905827847294e+04  1.776905827847294e+04  0
3.780444820169721e-07  1.854237995266831e+04  1.854237995266831e+04  1.854237995266831e+04  1.854237995266831e+04  0
4.143209600060390e-07  1.979148865398826e+04  1.979148865398826e+04  1.979148865398826e+04  1.979148865398826e+04  0
4.540784644824390e-07  2.014384513528050e+04  2.014384513528050e+04  2.014384513528050e+04  2.014384513528050e+04  0
4.976510285738967e-07  1.944344776149150e+04  1.944344776149150e+04  1.944344776149150e+04  1.944344776149150e+04  0
5.454047386346270e-07  1.796341356272073e+04  1.796341356272073e+04  1.796341356272073e+04  1.796341356272073e+04  0
5.977408100160987e-07  1.613629037735932e+04  1.613629037735932e+04  1.613629037735932e+04  1.613629037735932e+04  0
6.550989579833068e-07  1.517824185738478e+04  1.517824185738478e+04  1.517824185738478e+04  1.517824185738478e+04  0
7.179610920981888e-07  1.492545275844329e+04  1.492545275844329e+04  1.492545275844329e+04  1.492545275844329e+04  0
7.868553651095247e-07  1.561147445821784e+04  1.561147445821784e+04  1.561147445821784e+04  1.561147445821784e+04  0
8.623606103671273e-07  1.706100681297326e+04  1.706100681297326e+04  1.706100681297326e+04  1.706100681297326e+04  0
9.451112050424303e-07  1.598095189205350e+04  1.598095189205350e+04  1.598095189205350e+04  1.598095189205350e+04  0
1.035802400015097e-06  1.739901305084267e+04  1.739901305084267e+04  1.739901305084267e+04  1.739901305084267e+04  0
1.135196161206098e-06  1.820541798000747e+04  1.820541798000747e+04  1.820541798000747e+04  1.820541798000747e+04  0
1.244127571434742e-06  1.812375847952861e+04  1.812375847952861e+04  1.812375847952861e+04  1.812375847952861e+04  0
1.363511846586567e-06  1.723680698080324e+04  1.723680698080324e+04  1.723680698080324e+04  1.723680698080324e+04  0
1.494352025040247e-06  1.316573028022413e+04  1.316573028022413e+04  1.316573028022413e+04  1.316573028022413e+04  0
1.637747394958267e-06  1.281871286096653e+04  1.281871286096653e+04  1.281871286096653e+04  1.281871286096653e+04  0
1.794902730245472e-06  1.277851043304227e+04  1.277851043304227e+04  1.277851043304227e+04  1.277851043304227e+04  0
1.967138412773812e-06  1.335605615143879e+04  1.335605615143879e+04  1.335605615143879e+04  1.335605615143879e+04  0
2.155901525917819e-06  1.458806725305865e+04  1.458806725305865e+04  1.458806725305865e+04  1.458806725305865e+04  0
2.362778012606080e-06  9.685510893499164e+03  9.685510893499164e+03  9.685510893499164e+03  9.685510893499164e+03  0
2.589506000037748e-06  1.111015185429593e+04  1.111015185429593e+04  1.111015185429593e+04  1.111015185429593e+04  0
2.837990403015248e-06  1.235494044008255e+04  1.235494044008255e+04  1.235494044008255e+04  1.235494044008255e+04  0
3.110318928586860e-06  1.312090307416035e+04  1.312090307416035e+04  1.312090307416035e+04  1.312090307416035e+04  0
3.408779616466424e-06  1.328194536558327e+04  1.328194536558327e+04  1.328194536558327e+04  1.328194536558327e+04  0
3.735880062600623e-06  6.363945822407853e+03  6.363945822407853e+03  6.363945822407853e+03  6.363945822407853e+03  0
4.094368487395674e-06  6.624966542490581e+03  6.624966542490581e+03  6.624966542490581e+03  6.624966542490581e+03  0
4.487256825613687e-06  6.939619597392087e+03  6.939619597392087e+03  6.939619597392087e+03  6.939619597392087e+03  0
4.917846031934537e-06  7.519377100720015e+03  7.519377100720015e+03  7.519377100720015e+03  7.519377100720015e+03  0
5.389753814794554e-06  8.500418097474725e+03  8.500418097474725e+03  8.500418097474725e+03  8.500418097474725e+03  0
5.906945031515200e-06  3.103184364591824e+03  3.103184364591824e+03  3.103184364591824e+03  3.103184364591824e+03  0
6.473765000094370e-06  3.826201810478691e+03  3.826201810478691e+03  3.826201810478691e+03  3.826201810478691e+03  0
7.094976007538121e-06  4.624856566243870e+03  4.624856566243870e+03  4.624856566243870e+03  4.624856566243870e+03  0
7.775797321467150e-06  5.362535093765404e+03  5.362535093765404e+03  5.362535093765404e+03  5.362535093765404e+03  0
8.521949041166062e-06  5.915397995172419e+03  5.915397995172419e+03  5.915397995172419e+03  5.915397995172419e+03  0
9.339700156501558e-06  1.639717756272214e+03  1.639717756272214e+03  1.639717756272214e+03  1.639717756272214e+03  0
1.023592121848918e-05  1.793095901918389e+03  1.793095901918389e+03  1.793095901918389e+03  1.793095901918389e+03  0
1.121814206403422e-05  1.951307711994494e+03  1.951307711994494e+03  1.951307711994494e+03  1.951307711994494e+03  0
1.229461507983634e-05  2.186740290573331e+03  2.186740290573331e+03  2.186740290573331e+03  2.186740290573331e+03  0
1.347438453698639e-05  2.578798218063983e+03  2.578798218063983e+03  2.578798218063983e+03  2.578798218063983e+03  0
1.476736257878800e-05  5.989790406869089e+02  5.989790406869089e+02  5.989790406869089e+02  5.989790406869089e+02  0
1.618441250023592e-05  7.716702007183105e+02  7.716702007183105e+02  7.716702007183105e+02  7.716702007183105e+02  0
1.773744001884530e-05  9.893281415392853e+02  9.893281415392853e+02  9.893281415392853e+02  9.893281415392853e+02  0
1.943949330366787e-05  1.224320240090725e+03  1.224320240090725e+03  1.224320240090725e+03  1.224320240090725e+03  0
2.130487260291515e-05  1.439295923631844e+03  1.439295923631844e+03  1.439295923631844e+03  1.439295923631844e+03  0
2.334925039125390e-05  3.015845577417508e+02  3.015845577417508e+02  3.015845577417508e+02  3.015845577417508e+02  0
2.558980304622297e-05  3.351701290347506e+02  3.351701290347506e+02  3.351701290347506e+02  3.351701290347506e+02  0
2.804535516008555e-05  3.662235896948300e+02  3.662235896948300e+02  3.662235896948300e+02  3.662235896948300e+02  0
3.073653769959086e-05  4.091535532492075e+02  4.091535532492075e+02  4.091535532492075e+02  4.091535532492075e+02  0
3.368596134246597e-05  4.848192270763409e+02  4.848192270763409e+02  4.848192270763409e+02  4.848192270763409e+02  0
3.691840644696999e-05  9.748718874930034e+01  9.748718874930034e+01  9.748718874930034e+01  9.748718874930034e+01  0
4.046103125058980e-05  1.272374530928701e+02  1.272374530928701e+02  1.272374530928701e+02  1.272374530928701e+02  0
4.434360004711325e-05  1.673811878517311e+02  1.673811878517311e+02  1.673811878517311e+02  1.673811878517311e+02  0
4.859873325916968e-05  2.138541873364854e+02  2.138541873364854e+02  2.138541873364854e+02  2.138541873364854e+02  0
5.326218150728787e-05  2.594991815591357e+02  2.594991815591357e+02  2.594991815591357e+02  2.594991815591357e+02  0
5.837312597813474e-05  5.032192545769364e+01  5.032192545769364e+01  5.032192545769364e+01  5.032192545769364e+01  0
6.397450761555741e-05  5.615672931986030e+01  5.615672931986030e+01  5.615672931986030e+01  5.615672931986030e+01  0
7.011338790021387e-05  6.105404279971532e+01  6.105404279971532e+01  6.105404279971532e+01  6.105404279971532e+01  0
7.684134424897715e-05  6.727397854058353e+01  6.727397854058353e+01  6.727397854058353e+01  6.727397854058353e+01  0
8.421490335616491e-05  7.859937543581680e+01  7.859937543581680e+01  7.859937543581680e+01  7.859937543581680e+01  0
9.229601611742499e-05  1.569432662573054e+01  1.569432662573054e+01  1.569432662573054e+01  1.569432662573054e+01  0
1.011525781264745e-04  2.044793409618522e+01  2.044793409618522e+01  2.044793409618522e+01  2.044793409618522e+01  0
1.108590001177831e-04  2.708371767897968e+01  2.708371767897968e+01  2.708371767897968e+01  2.708371767897968e+01  0
1.214968331479242e-04  3.502531003301438e+01  3.502531003301438e+01  3.502531003301438e+01  3.502531003301438e+01  0
1.331554537682197e-04  4.308774440618014e+01  4.308774440618014e+01  4.308774440618014e+01  4.308774440618014e+01  0
1.459328149453368e-04  8.403654224002143e+00  8.403654224002143e+00  8.403654224002143e+00  8.403654224002143e+00  0
1.599362690388935e-04  9.368260819422575e+00  9.368260819422575e+00  9.368260819422575e+00  9.368260819422575e+00  0
1.752834697505346e-04  1.012972100979512e+01  1.012972100979512e+01  1.012972100979512e+01  1.012972100979512e+01  0
1.921033606224429e-04  1.103181828555182e+01  1.103181828555182e+01  1.103181828555182e+01  1.103181828555182e+01  0
2.105372583904123e-04  1.269663151768968e+01  1.269663151768968e+01  1.269663151768968e+01  1.269663151768968e+01  0
2.307400402935625e-04  2.750335497886939e+00  2.750335497886939e+00  2.750335497886939e+00  2.750335497886939e+00  0
2.528814453161863e-04  3.493954941302120e+00  3.493954941302120e+00  3.493954941302120e+00  3.493954941302120e+00  0
2.771475002944578e-04  4.559411656827922e+00  4.559411656827922e+00  4.559411656827922e+00  4.559411656827922e+00  0
3.037420828698105e-04  5.863372575112626e+00  5.863372575112626e+00  5.863372575112626e+00  5.863372575112626e+00  0
3.328886344205492e-04  7.214925037264725e+00  7.214925037264725e+00  7.214925037264725e+00  7.214925037264725e+00  0
3.648320373633421e-04  1.628964309866782e+00  1.628964309866782e+00  1.628964309866782e+00  1.628964309866782e+00  0
3.998406725972338e-04  1.786991031428696e+00  1.786991031428696e+00  1.786991031428696e+00  1.786991031428696e+00  0
4.382086743763367e-04  1.899821508552597e+00  1.899821508552597e+00  1.899821508552597e+00  1.899821508552597e+00  0
4.802584015561072e-04  2.020580511915637e+00  2.020580511915637e+00  2.020580511915637e+00  2.020580511915637e+00  0
5.263431459760307e-04  2.252825388755569e+00  2.252825388755569e+00  2.252825388755569e+00  2.252825388755569e+00  0
5.768501007339061e-04  7.082428086852668e-01  7.082428086852668e-01  7.082428086852668e-01  7.082428086852668e-01  0
6.322036132904656e-04  8.154895200006034e-01  8.154895200006034e-01  8.154895200006034e-01  8.154895200006034e-01  0
6.928687507361445e-04  9.828559221606172e-01  9.828559221606172e-01  9.828559221606172e-01  9.828559221606172e-01  0
7.593552071745262e-04  1.199023732270226e+00  1.199023732270226e+00  1.199023732270226e+00  1.199023732270226e+00  0
8.322215860513730e-04  1.431638591215667e+00  1.431638591215667e+00  1.431638591215667e+00  1.431638591215667e+00  0
9.120800934083554e-04  5.639110443706163e-01  5.639110443706163e-01  5.639110443706163e-01  5.639110443706163e-01  0
9.996016814930845e-04  5.875822589462610e-01  5.875822589462610e-01  5.875822589462610e-01  5.875822589462610e-01  0
1.095521685940842e-03  5.946632870711359e-01  5.946632870711359e-01  5.946632870711359e-01  5.946632870711359e-01  0
1.200646003890268e-03  5.934979161667214e-01  5.934979161667214e-01  5.934979161667214e-01  5.934979161667214e-01  0
1.315857864940077e-03  6.048342719076092e-01  6.048342719076092e-01  6.048342719076092e-01  6.048342719076092e-01  0
1.442125251834765e-03  4.390845206725681e-01  4.390845206725681e-01  4.390845206725681e-01  4.390845206725681e-01  0
1.580509033226164e-03  4.352860023635097e-01  4.352860023635097e-01  4.352860023635097e-01  4.352860023635097e-01  0
1.732171876840361e-03  4.505880103719500e-01  4.505880103719500e-01  4.505880103719500e-01  4.505880103719500e-01  0
1.898388017936316e-03  4.848258497059199e-01  4.848258497059199e-01  4.848258497059199e-01  4.848258497059199e-01  0
2.080553965128433e-03  5.307696317176264e-01  5.307696317176264e-01  5.307696317176264e-01  5.307696317176264e-01  0
2.280200233520888e-03  5.770654513079480e-01  5.770654513079480e-01  5.770654513079480e-01  5.770654513079480e-01  0
2.499004203732711e-03  5.386394648732203e-01  5.386394648732203e-01  5.386394648732203e-01  5.386394648732203e-01  0
2.738804214852104e-03  4.996742847379045e-01  4.996742847379045e-01  4.996742847379045e-01  4.996742847379045e-01  0
3.001615009725670e-03  4.582646046521444e-01  4.582646046521444e-01  4.582646046521444e-01  4.582646046521444e-01  0
3.289644662350192e-03  4.192612862177100e-01  4.192612862177100e-01  4.192612862177100e-01  4.192612862177100e-01  0
3.605313129586914e-03  1.105772962450218e+00  1.105772962450218e+00  1.105772962450218e+00  1.105772962450218e+00  0
3.951272583065412e-03  9.448639825735345e-01  9.448639825735345e-01  9.448639825735345e-01  9.448639825735345e-01  0
4.330429692100905e-03  8.099356139747909e-01  8.099356139747909e-01  8.099356139747909e-01  8.099356139747909e-01  0
4.745970044840789e-03  7.088588701041402e-01  7.088588701041402e-01  7.088588701041402e-01  7.088588701041402e-01  0
5.201384912821082e-03  6.413166806559339e-01  6.413166806559339e-01  6.413166806559339e-01  6.413166806559339e-01  0
5.700500583802221e-03  1.962787015977098e+00  1.962787015977098e+00  1.962787015977098e+00  1.962787015977098e+00  0
6.247510509331778e-03  1.820051062261631e+00  1.820051062261631e+00  1.820051062261631e+00  1.820051062261631e+00  0
6.847010537130260e-03  1.642310430434416e+00  1.642310430434416e+00  1.642310430434416e+00  1.642310430434416e+00  0
7.504037524314174e-03  1.446682584236081e+00  1.446682584236081e+00  1.446682584236081e+00  1.446682584236081e+00  0
8.224111655875480e-03  1.250099909733579e+00  1.250099909733579e+00  1.250099909733579e+00  1.250099909733579e+00  0
9.013282823967282e-03  2.087183209000362e+00  2.087183209000362e+00  2.087183209000362e+00  2.087183209000362e+00  0
9.878181457663527e-03  2.170774298978178e+00  2.170774298978178e+00  2.170774298978178e+00  2.170774298978178e+00  0
1.082607423025226e-02  2.196106847755855e+00  2.196106847755855e+00  2.196106847755855e+00  2.196106847755855e+00  0
1.186492511210197e-02  2.166248729511889e+00  2.166248729511889e+00  2.166248729511889e+00  2.166248729511889e+00  0
1.300346228205270e-02  2.089163882574085e+00  2.089163882574085e+00  2.089163882574085e+00  2.089163882574085e+00  0
1.425125145950555e-02  1.237537327003796e+00  1.237537327003796e+00  1.237537327003796e+00  1.237537327003796e+00  0
1.561877627332944e-02  1.410961521980497e+00  1.410961521980497e+00  1.410961521980497e+00  1.410961521980497e+00  0
1.711752634282565e-02  1.571111103250304e+00  1.571111103250304e+00  1.571111103250304e+00  1.571111103250304e+00  0
1.876009381078543e-02  1.709930427519903e+00  1.709930427519903e+00  1.709930427519903e+00  1.709930427519903e+00  0
2.056027913968870e-02  1.821926193468032e+00  1.821926193468032e+00  1.821926193468032e+00  1.821926193468032e+00  0
2.253320705991821e-02  5.200104492733864e-01  5.200104492733864e-01  5.200104492733864e-01  5.200104492733864e-01  0
2.469545364415882e-02  6.387425057722671e-01  6.387425057722671e-01  6.387425057722671e-01  6.387425057722671e-01  0
2.706518557563065e-02  7.711095849567580e-01  7.711095849567580e-01  7.711095849567580e-01  7.711095849567580e-01  0
2.966231278025493e-02  9.165684390720462e-01  9.165684390720462e-01  9.165684390720462e-01  9.165684390720462e-01  0
3.250865570513176e-02  1.075794520928626e+00  1.075794520928626e+00  1.075794520928626e+00  1.075794520928626e+00  0
3.562812864876388e-02  2.074596602817188e-01  2.074596602817188e-01  2.074596602817188e-01  2.074596602817188e-01  0
3.904694068332362e-02  2.530568287867700e-01  2.530568287867700e-01  2.530568287867700e-01  2.530568287867700e-01  0
4.279381585706413e-02  3.059819871750907e-01  3.059819871750907e-01  3.059819871750907e-01  3.059819871750907e-01  0
4.690023452696359e-02  3.656177112942876e-01  3.656177112942876e-01  3.656177112942876e-01  3.656177112942876e-01  0
5.140069784922175e-02  4.286795049371841e-01  4.286795049371841e-01  4.286795049371841e-01  4.286795049371841e-01  0
5.633301764979552e-02  8.846870505586138e-02  8.846870505586138e-02  8.846870505586138e-02  8.846870505586138e-02  0
6.173863411039705e-02  1.036840047318628e-01  1.036840047318628e-01  1.036840047318628e-01  1.036840047318628e-01  0
6.766296393907663e-02  1.230156706055679e-01  1.230156706055679e-01  1.230156706055679e-01  1.230156706055679e-01  0
7.415578195063734e-02  1.467144102557268e-01  1.467144102557268e-01  1.467144102557268e-01  1.467144102557268e-01  0
8.127163926282940e-02  1.748745916708734e-01  1.748745916708734e-01  1.748745916708734e-01  1.748745916708734e-01  0
8.907032162190970e-02  5.324609052854565e-02  5.324609052854565e-02  5.324609052854565e-02  5.324609052854565e-02  0
9.761735170830904e-02  6.262496654898782e-02  6.262496654898782e-02  6.262496654898782e-02  6.262496654898782e-02  0
1.069845396426603e-01  7.124883556243830e-02  7.124883556243830e-02  7.124883556243830e-02  7.124883556243830e-02  0
1.172505863174090e-01  7.963181773097874e-02  7.963181773097874e-02  7.963181773097874e-02  7.963181773097874e-02  0
1.285017446230544e-01  8.883991641184320e-02  8.883991641184320e-02  8.883991641184320e-02  8.883991641184320e-02  0
1.408325441244888e-01  3.027564938848267e-02  3.027564938848267e-02  3.027564938848267e-02  3.027564938848267e-02  0
1.543465852759926e-01  3.650231164497285e-02  3.650231164497285e-02  3.650231164497285e-02  3.650231164497285e-02  0
1.691574098476915e-01  4.297801817132824e-02  4.297801817132824e-02  4.297801817132824e-02  4.297801817132824e-02  0
1.853894548765933e-01  4.974114581949150e-02  4.974114581949150e-02  4.974114581949150e-02  4.974114581949150e-02  0
2.031790981570734e-01  5.672316765880153e-02  5.672316765880153e-02  5.672316765880153e-02  5.672316765880153e-02  0
2.226758040547741e-01  7.599693451376279e-03  7.599693451376279e-03  7.599693451376279e-03  7.599693451376279e-03  0
2.440433792707724e-01  1.093270945792499e-02  1.093270945792499e-02  1.093270945792499e-02  1.093270945792499e-02  0
2.674613491066506e-01  1.509762196915950e-02  1.509762196915950e-02  1.509762196915950e-02  1.509762196915950e-02  0
2.931264657935223e-01  2.001446582060139e-02  2.001446582060139e-02  2.001446582060139e-02  2.001446582060139e-02  0
3.212543615576358e-01  2.554514241428584e-02  2.554514241428584e-02  2.554514241428584e-02  2.554514241428584e-02  0
3.520813603112218e-01  7.227348152890943e-04  7.227348152890943e-04  7.227348152890943e-04  7.227348152890943e-04  0
3.858664631899814e-01  1.228186629959638e-03  1.228186629959638e-03  1.228186629959638e-03  1.228186629959638e-03  0
4.228935246192287e-01  2.021496051177634e-03  2.021496051177634e-03  2.021496051177634e-03  2.021496051177634e-03  0
4.634736371914831e-01  3.235215144372066e-03  3.235215144372066e-03  3.235215144372066e-03  3.235215144372066e-03  0
5.079477453926835e-01  5.035748660201710e-03  5.035748660201710e-03  5.035748660201710e-03  5.035748660201710e-03  0
5.566895101369354e-01  4.600366141475168e-05  4.600366141475168e-05  4.600366141475168e-05  4.600366141475168e-05  0
6.101084481769312e-01  8.128768636089804e-05  8.128768636089804e-05  8.128768636089804e-05  8.128768636089804e-05  0
6.686533727666267e-01  1.435522263864841e-04  1.435522263864841e-04  1.435522263864841e-04  1.435522263864841e-04  0
7.328161644838058e-01  2.521573067537100e-04  2.521573067537100e-04  2.521573067537100e-04  2.521573067537100e-04  0
8.031359038940895e-01  4.374629809353054e-04  4.374629809353054e-04  4.374629809353054e-04  4.374629809353054e-04  0
8.802034007780546e-01  1.943820203069427e-06  1.943820203069427e-06  1.943820203069427e-06  1.943820203069427e-06  0
9.646661579749535e-01  3.841046503582742e-06  3.841046503582742e-06  3.841046503582742e-06  3.841046503582742e-06  0
1.057233811548072e+00  7.125126337610814e-06  7.125126337610814e-06  7.125126337610814e-06  7.125126337610814e-06  0
1.158684092978708e+00  1.259846152506895e-05  1.259846152506895e-05  1.259846152506895e-05  1.259846152506895e-05  0
1.269869363481709e+00  2.172339305779873e-05  2.172339305779873e-05  2.172339305779873e-05  2.172339305779873e-05  0
1.391723775342338e+00  2.011897323381296e-08  2.011897323381296e-08  2.011897323381296e-08  2.011897323381296e-08  0
1.525271120442328e+00  5.855115283763574e-08  5.855115283763574e-08  5.855115283763574e-08  5.855115283763574e-08  0
1.671633431916567e+00  1.574904163850469e-07  1.574904163850469e-07  1.574904163850469e-07  1.574904163850469e-07  0
1.832040411209515e+00  3.921494176256677e-07  3.921494176256677e-07  3.921494176256677e-07  3.921494176256677e-07  0
2.007839759735224e+00  9.059294420828111e-07  9.059294420828111e-07  9.059294420828111e-07  9.059294420828111e-07  0
2.200508501945137e+00  2.775517711148189e-10  2.775517711148189e-10  2.775517711148189e-10  2.775517711148189e-10  0
2.411665394937384e+00  6.906216214396499e-10  6.906216214396499e-10  6.906216214396499e-10  6.906216214396499e-10  0
2.643084528870180e+00  1.602137585260791e-09  1.602137585260791e-09  1.602137585260791e-09  1.602137585260791e-09  0
2.896710232446770e+00  3.506410851285580e-09  3.506410851285580e-09  3.506410851285580e-09  3.506410851285580e-09  0
3.174673408704273e+00  7.407556485921347e-09  7.407556485921347e-09  7.407556485921347e-09  7.407556485921347e-09  0
