-3.174673408704273e+00  5.450306268555531e-06  5.450306268555531e-06  5.450306268555531e-06  5.450306268555531e-06  0
-2.896710232446770e+00  2.626676160094088e-06  2.626676160094088e-06  2.626676160094088e-06  2.626676160094088e-06  0
-2.643084528870180e+00  1.186434133596052e-06  1.186434133596052e-06  1.186434133596052e-06  1.186434133596052e-06  0
-2.411665394937384e+00  5.004550042662936e-07  5.004550042662936e-07  5.004550042662936e-07  5.004550042662936e-07  0
-2.200508501945137e+00  1.968945330789413e-07  1.968945330789413e-07  1.968945330789413e-07  1.968945330789413e-07  0
-2.007839759735224e+00  2.668643121525141e-04  2.668643121525141e-04  2.668643121525141e-04  2.668643121525141e-04  0
-1.832040411209515e+00  1.157748647307672e-04  1.157748647307672e-04  1.157748647307672e-04  1.157748647307672e-04  0
-1.671633431916567e+00  4.716898310937208e-05  4.716898310937208e-05  4.716898310937208e-05  4.716898310937208e-05  0
-1.525271120442328e+00  1.815109395801692e-05  1.815109395801692e-05  1.815109395801692e-05  1.815109395801692e-05  0
-1.391723775342338e+00  6.649219122064374e-06  6.649219122064374e-06  6.649219122064374e-06  6.649219122064374e-06  0
-1.269869363481709e+00  5.603145142413518e-03  5.603145142413518e-03  5.603145142413518e-03  5.603145142413518e-03  0
-1.158684092978708e+00  3.521413399712204e-03  3.521413399712204e-03  3.521413399712204e-03  3.521413399712204e-03  0
-1.057233811548072e+00  2.070354843073943e-03  2.070354843073943e-03  2.070354843073943e-03  2.070354843073943e-03  0
-9.646661579749535e-01  1.133670563662227e-03  1.133670563662227e-03  1.133670563662227e-03  1.133670563662227e-03  0
-8.802034007780546e-01  5.769453738050132e-04  5.769453738050132e-04  5.769453738050132e-04  5.769453738050132e-04  0
-8.031359038940895e-01  3.815873921048724e-02  3.815873921048724e-02  3.815873921048724e-02  3.815873921048724e-02  0
-7.328161644838058e-01  2.620309404219398e-02  2.620309404219398e-02  2.620309404219398e-02  2.620309404219398e-02  0
-6.686533727666267e-01  1.808678603860268e-02  1.808678603860268e-02  1.808678603860268e-02  1.808678603860268e-02  0
-6.101084481769312e-01  1.245950058326826e-02  1.245950058326826e-02  1.245950058326826e-02  1.245950058326826e-02  0
-5.566895101369354e-01  8.443638059763382e-03  8.443638059763382e-03  8.443638059763382e-03  8.443638059763382e-03  0
-5.079477453926835e-01  2.232261122526248e-01  2.232261122526248e-01  2.232261122526248e-01  2.232261122526248e-01  0
-4.634736371914831e-01  1.572868777223163e-01  1.572868777223163e-01  1.572868777223163e-01  1.572868777223163e-01  0
-4.228935246192287e-01  1.072710739253516e-01  1.072710739253516e-01  1.072710739253516e-01  1.072710739253516e-01  0
-3.858664631899814e-01  7.041549154873893e-02  7.041549154873893e-02  7.041549154873893e-02  7.041549154873893e-02  0
-3.520813603112218e-01  4.418105470917495e-02  4.418105470917495e-02  4.418105470917495e-02  4.418105470917495e-02  0
-3.212543615576358e-01  7.686927626923793e-01  7.686927626923793e-01  7.686927626923793e-01  7.686927626923793e-01  0
-2.931264657935223e-01  6.573106201296995e-01  6.573106201296995e-01  6.573106201296995e-01  6.573106201296995e-01  0
-2.674613491066506e-01  5.343717847406035e-01  5.343717847406035e-01  5.343717847406035e-01  5.343717847406035e-01  0
-2.440433792707724e-01  4.149897456205296e-01  4.149897456205296e-01  4.149897456205296e-01  4.149897456205296e-01  0
-2.226758040547741e-01  3.095455080087418e-01  3.095455080087418e-01  3.095455080087418e-01  3.095455080087418e-01  0
-2.031790981570734e-01  7.748883494081422e-01  7.748883494081422e-01  7.748883494081422e-01  7.748883494081422e-01  0
-1.853894548765933e-01  8.318870018163069e-01  8.318870018163069e-01  8.318870018163069e-01  8.318870018163069e-01  0
-1.691574098476915e-01  8.609395430085005e-01  8.609395430085005e-01  8.609395430085005e-01  8.609395430085005e-01  0
-1.543465852759926e-01  8.482104578178794e-01  8.482104578178794e-01  8.482104578178794e-01  8.482104578178794e-01  0
-1.408325441244888e-01  7.879318286719249e-01  7.879318286719249e-01  7.879318286719249e-01  7.879318286719249e-01  0
-1.285017446230544e-01  4.092326953779250e-01  4.092326953779250e-01  4.092326953779250e-01  4.092326953779250e-01  0
-1.172505863174090e-01  4.160392821754934e-01  4.160392821754934e-01  4.160392821754934e-01  4.160392821754934e-01  0
-1.069845396426603e-01  4.051504051840489e-01  4.051504051840489e-01  4.051504051840489e-01  4.051504051840489e-01  0
-9.761735170830904e-02  3.744553459175370e-01  3.744553459175370e-01  3.744553459175370e-01  3.744553459175370e-01  0
-8.907032162190970e-02  3.268717054704976e-01  3.268717054704976e-01  3.268717054704976e-01  3.268717054704976e-01  0
-8.127163926282940e-02  3.357434573741302e-01  3.357434573741302e-01  3.357434573741302e-01  3.357434573741302e-01  0
-7.415578195063734e-02  3.244894877431604e-01  3.244894877431604e-01  3.244894877431604e-01  3.244894877431604e-01  0
-6.766296393907663e-02  3.191557134628782e-01  3.191557134628782e-01  3.191557134628782e-01  3.191557134628782e-01  0
-6.173863411039705e-02  3.197162879911987e-01  3.197162879911987e-01  3.197162879911987e-01  3.197162879911987e-01  0
-5.633301764979552e-02  3.220649358193719e-01  3.220649358193719e-01  3.220649358193719e-01  3.220649358193719e-01  0
-5.140069784922175e-02  3.538827900400393e-01  3.538827900400393e-01  3.538827900400393e-01  3.538827900400393e-01  0
-4.690023452696359e-02  3.567235920575406e-01  3.567235920575406e-01  3.567235920575406e-01  3.567235920575406e-01  0
-4.279381585706413e-02  3.547308951649287e-01  3.547308951649287e-01  3.547308951649287e-01  3.547308951649287e-01  0
-3.904694068332362e-02  3.411417839737249e-01  3.411417839737249e-01  3.411417839737249e-01  3.411417839737249e-01  0
-3.562812864876388e-02  3.129090528313263e-01  3.129090528313263e-01  3.129090528313263e-01  3.129090528313263e-01  0
-3.250865570513176e-02  3.992611522423049e-01  3.992611522423049e-01  3.992611522423049e-01  3.992611522423049e-01  0
-2.966231278025493e-02  3.656907228142598e-01  3.656907228142598e-01  3.656907228142598e-01  3.656907228142598e-01  0
-2.706518557563065e-02  3.295872067101749e-01  3.295872067101749e-01  3.295872067101749e-01  3.295872067101749e-01  0
-2.469545364415882e-02  2.953417325200732e-01  2.953417325200732e-01  2.953417325200732e-01  2.953417325200732e-01  0
-2.253320705991821e-02  2.651407996997218e-01  2.651407996997218e-01  2.651407996997218e-01  2.651407996997218e-01  0
-2.056027913968870e-02  4.619190455212859e-01  4.619190455212859e-01  4.619190455212859e-01  4.619190455212859e-01  0
-1.876009381078543e-02  4.523118808653945e-01  4.523118808653945e-01  4.523118808653945e-01  4.523118808653945e-01  0
-1.711752634282565e-02  4.477456948178788e-01  4.477456948178788e-01  4.477456948178788e-01  4.477456948178788e-01  0
-1.561877627332944e-02  4.385238799232807e-01  4.385238799232807e-01  4.385238799232807e-01  4.385238799232807e-01  0
-1.425125145950555e-02  4.166167390212123e-01  4.166167390212123e-01  4.166167390212123e-01  4.166167390212123e-01  0
-1.300346228205270e-02  6.148104067822535e-01  6.148104067822535e-01  6.148104067822535e-01  6.148104067822535e-01  0
-1.186492511210197e-02  5.692105229702921e-01  5.692105229702921e-01  5.692105229702921e-01  5.692105229702921e-01  0
-1.082607423025226e-02  5.135056130503760e-01  5.135056130503760e-01  5.135056130503760e-01  5.135056130503760e-01  0
-9.878181457663527e-03  4.549715009049893e-01  4.549715009049893e-01  4.549715009049893e-01  4.549715009049893e-01  0
-9.013282823967282e-03  4.000851752298628e-01  4.000851752298628e-01  4.000851752298628e-01  4.000851752298628e-01  0
-8.224111655875480e-03  7.056012650136576e-01  7.056012650136576e-01  7.056012650136576e-01  7.056012650136576e-01  0
-7.504037524314174e-03  6.711295364097062e-01  6.711295364097062e-01  6.711295364097062e-01  6.711295364097062e-01  0
-6.847010537130260e-03  6.573918780937297e-01  6.573918780937297e-01  6.573918780937297e-01  6.573918780937297e-01  0
-6.247510509331778e-03  6.486599647932998e-01  6.486599647932998e-01  6.486599647932998e-01  6.486599647932998e-01  0
-5.700500583802221e-03  6.295716734867248e-01  6.295716734867248e-01  6.295716734867248e-01  6.295716734867248e-01  0
-5.201384912821082e-03  1.144089862896713e+00  1.144089862896713e+00  1.144089862896713e+00  1.144089862896713e+00  0
-4.745970044840789e-03  1.040773266526802e+00  1.040773266526802e+00  1.040773266526802e+00  1.040773266526802e+00  0
-4.330429692100905e-03  9.201892302689919e-01  9.201892302689919e-01  9.201892302689919e-01  9.201892302689919e-01  0
-3.951272583065412e-03  7.959254049590108e-01  7.959254049590108e-01  7.959254049590108e-01  7.959254049590108e-01  0
-3.605313129586914e-03  6.824519041737528e-01  6.824519041737528e-01  6.824519041737528e-01  6.824519041737528e-01  0
-3.289644662350192e-03  1.858402913481167e+00  1.858402913481167e+00  1.858402913481167e+00  1.858402913481167e+00  0
-3.001615009725670e-03  1.588585273745431e+00  1.588585273745431e+00  1.588585273745431e+00  1.588585273745431e+00  0
-2.738804214852104e-03  1.413235430366091e+00  1.413235430366091e+00  1.413235430366091e+00  1.413235430366091e+00  0
-2.499004203732711e-03  1.300490499421410e+00  1.300490499421410e+00  1.300490499421410e+00  1.300490499421410e+00  0
-2.280200233520888e-03  1.209919572216477e+00  1.209919572216477e+00  1.209919572216477e+00  1.209919572216477e+00  0
-2.080553965128433e-03  3.738011895160764e+00  3.738011895160764e+00  3.738011895160764e+00  3.738011895160764e+00  0
-1.898388017936316e-03  3.441064130232415e+00  3.441064130232415e+00  3.441064130232415e+00  3.441064130232415e+00  0
-1.732171876840361e-03  3.046412373916841e+00  3.046412373916841e+00  3.046412373916841e+00  3.046412373916841e+00  0
-1.580509033226164e-03  2.597869042113323e+00  2.597869042113323e+00  2.597869042113323e+00  2.597869042113323e+00  0
-1.442125251834765e-03  2.158296831649829e+00  2.158296831649829e+00  2.158296831649829e+00  2.158296831649829e+00  0
-1.315857864940077e-03  4.896024256125435e+00  4.896024256125435e+00  4.896024256125435e+00  4.896024256125435e+00  0
-1.200646003890268e-03  4.543378175848882e+00  4.543378175848882e+00  4.543378175848882e+00  4.543378175848882e+00  0
-1.095521685940842e-03  4.286652582642983e+00  4.286652582642983e+00  4.286652582642983e+00  4.286652582642983e+00  0
-9.996016814930845e-04  4.103834130913305e+00  4.103834130913305e+00  4.103834130913305e+00  4.103834130913305e+00  0
-9.120800934083554e-04  3.929742190279803e+00  3.929742190279803e+00  3.929742190279803e+00  3.929742190279803e+00  0
-8.322215860513730e-04  5.750585756674519e+00  5.750585756674519e+00  5.750585756674519e+00  5.750585756674519e+00  0
-7.593552071745262e-04  5.903211858568262e+00  5.903211858568262e+00  5.903211858568262e+00  5.903211858568262e+00  0
-6.928687507361445e-04  5.857893739004087e+00  5.857893739004087e+00  5.857893739004087e+00  5.857893739004087e+00  0
-6.322036132904656e-04  5.613608434821197e+00  5.613608434821197e+00  5.613608434821197e+00  5.613608434821197e+00  0
-5.768501007339061e-04  5.235904321343335e+00  5.235904321343335e+00  5.235904321343335e+00  5.235904321343335e+00  0
-5.263431459760307e-04  5.430097173396479e+00  5.430097173396479e+00  5.430097173396479e+00  5.430097173396479e+00  0
-4.802584015561072e-04  5.204591737622074e+00  5.204591737622074e+00  5.204591737622074e+00  5.204591737622074e+00  0
-4.382086743763367e-04  5.149614335125655e+00  5.149614335125655e+00  5.149614335125655e+00  5.149614335125655e+00  0
-3.998406725972338e-04  5.275757950121087e+00  5.275757950121087e+00  5.275757950121087e+00  5.275757950121087e+00  0
-3.648320373633421e-04  5.510770621244482e+00  5.510770621244482e+00  5.510770621244482e+00  5.510770621244482e+00  0
-3.328886344205492e-04  5.570245618332645e+00  5.570245618332645e+00  5.570245618332645e+00  5.570245618332645e+00  0
-3.037420828698105e-04  5.881586173199580e+00  5.881586173199580e+00  5.881586173199580e+00  5.881586173199580e+00  0
-2.771475002944578e-04  6.009609653746462e+00  6.009609653746462e+00  6.009609653746462e+00  6.009609653746462e+00  0
-2.528814453161863e-04  5.915215237236555e+00  5.915215237236555e+00  5.915215237236555e+00  5.915215237236555e+00  0
-2.307400402935625e-04  5.648339045298050e+00  5.648339045298050e+00  5.648339045298050e+00  5.648339045298050e+00  0
-2.105372583904123e-04  5.450560818829517e+00  5.450560818829517e+00  5.450560818829517e+00  5.450560818829517e+00  0
-1.921033606224429e-04  5.072993074669101e+00  5.072993074669101e+00  5.072993074669101e+00  5.072993074669101e+00  0
-1.752834697505346e-04  4.890645243560021e+00  4.890645243560021e+00  4.890645243560021e+00  4.890645243560021e+00  0
-1.599362690388935e-04  4.957035267262033e+00  4.957035267262033e+00  4.957035267262033e+00  4.957035267262033e+00  0
-1.459328149453368e-04  5.224526141391069e+00  5.224526141391069e+00  5.224526141391069e+00  5.224526141391069e+00  0
-1.331554537682197e-04  5.689307124070610e+00  5.689307124070610e+00  5.689307124070610e+00  5.689307124070610e+00  0
-1.214968331479242e-04  6.064637660396011e+00  6.064637660396011e+00  6.064637660396011e+00  6.064637660396011e+00  0
-1.108590001177831e-04  6.241802620076712e+00  6.241802620076712e+00  6.241802620076712e+00  6.241802620076712e+00  0
-1.011525781264745e-04  6.150190987391317e+00  6.150190987391317e+00  6.150190987391317e+00  6.150190987391317e+00  0
-9.229601611742499e-05  5.827573449533798e+00  5.827573449533798e+00  5.827573449533798e+00  5.827573449533798e+00  0
-8.421490335616491e-05  5.648562554291802e+00  5.648562554291802e+00  5.648562554291802e+00  5.648562554291802e+00  0
-7.684134424897715e-05  5.226087623259718e+00  5.226087623259718e+00  5.226087623259718e+00  5.226087623259718e+00  0
-7.011338790021387e-05  4.993475627258361e+00  4.993475627258361e+00  4.993475627258361e+00  4.993475627258361e+00  0
-6.397450761555741e-05  5.032653437640953e+00  5.032653437640953e+00  5.032653437640953e+00  5.032653437640953e+00  0
-5.837312597813474e-05  5.314540316839285e+00  5.314540316839285e+00  5.314540316839285e+00  5.314540316839285e+00  0
-5.326218150728787e-05  5.678829623835756e+00  5.678829623835756e+00  5.678829623835756e+00  5.678829623835756e+00  0
-4.859873325916968e-05  6.119164171061076e+00  6.119164171061076e+00  6.119164171061076e+00  6.119164171061076e+00  0
-4.434360004711325e-05  6.371991300755649e+00  6.371991300755649e+00  6.371991300755649e+00  6.371991300755649e+00  0
-4.046103125058980e-05  6.341895634807400e+00  6.341895634807400e+00  6.341895634807400e+00  6.341895634807400e+00  0
-3.691840644696999e-05  6.046457680735941e+00  6.046457680735941e+00  6.046457680735941e+00  6.046457680735941e+00  0
-3.368596134246597e-05  5.683662829360135e+00  5.683662829360135e+00  5.683662829360135e+00  5.683662829360135e+00  0
-3.073653769959086e-05  5.233960379764424e+00  5.233960379764424e+00  5.233960379764424e+00  5.233960379764424e+00  0
-2.804535516008555e-05  4.967886350823429e+00  4.967886350823429e+00  4.967886350823429e+00  4.967886350823429e+00  0
-2.558980304622297e-05  4.984279258013153e+00  4.984279258013153e+00  4.984279258013153e+00  4.984279258013153e+00  0
-2.334925039125390e-05  5.270194035103406e+00  5.270194035103406e+00  5.270194035103406e+00  5.270194035103406e+00  0
-2.130487260291515e-05  5.645010780659111e+00  5.645010780659111e+00  5.645010780659111e+00  5.645010780659111e+00  0
-1.943949330366787e-05  6.105335054749557e+00  6.105335054749557e+00  6.105335054749557e+00  6.105335054749557e+00  0
-1.773744001884530e-05  6.384952455990211e+00  6.384952455990211e+00  6.384952455990211e+00  6.384952455990211e+00  0
-1.618441250023592e-05  6.378014165028568e+00  6.378014165028568e+00  6.378014165028568e+00  6.378014165028568e+00  0
-1.476736257878800e-05  6.091751772511240e+00  6.091751772511240e+00  6.091751772511240e+00  6.091751772511240e+00  0
-1.347438453698639e-05  5.692940159255054e+00  5.692940159255054e+00  5.692940159255054e+00  5.692940159255054e+00  0
-1.229461507983634e-05  5.230677977284154e+00  5.230677977284154e+00  5.230677977284154e+00  5.230677977284154e+00  0
-1.121814206403422e-05  4.947613534145332e+00  4.947613534145332e+00  4.947613534145332e+00  4.947613534145332e+00  0
-1.023592121848918e-05  4.949268816855009e+00  4.949268816855009e+00  4.949268816855009e+00  4.949268816855009e+00  0
-9.339700156501558e-06  5.229884520973211e+00  5.229884520973211e+00  5.229884520973211e+00  5.229884520973211e+00  0
-8.521949041166062e-06  5.627793759127825e+00  5.627793759127825e+00  5.627793759127825e+00  5.627793759127825e+00  0
-7.775797321467150e-06  6.095444856612519e+00  6.095444856612519e+00  6.095444856612519e+00  6.095444856612519e+00  0
-7.094976007538121e-06  6.385533284710554e+00  6.385533284710554e+00  6.385533284710554e+00  6.385533284710554e+00  0
-6.473765000094370e-06  6.388003078410952e+00  6.388003078410952e+00  6.388003078410952e+00  6.388003078410952e+00  0
-5.906945031515200e-06  6.105608309005929e+00  6.105608309005929e+00  6.105608309005929e+00  6.105608309005929e+00  0
-5.389753814794554e-06  5.696096262209353e+00  5.696096262209353e+00  5.696096262209353e+00  5.696096262209353e+00  0
-4.917846031934537e-06  5.228620956302116e+00  5.228620956302116e+00  5.228620956302116e+00  5.228620956302116e+00  0
-4.487256825613687e-06  4.938308050886216e+00  4.938308050886216e+00  4.938308050886216e+00  4.938308050886216e+00  0
-4.094368487395674e-06  4.933333669310095e+00  4.933333669310095e+00  4.933333669310095e+00  4.933333669310095e+00  0
-3.735880062600623e-06  5.210899889819313e+00  5.210899889819313e+00  5.210899889819313e+00  5.210899889819313e+00  0
-3.408779616466424e-06  5.620418950715876e+00  5.620418950715876e+00  5.620418950715876e+00  5.620418950715876e+00  0
-3.110318928586860e-06  6.090906012695144e+00  6.090906012695144e+00  6.090906012695144e+00  6.090906012695144e+00  0
-2.837990403015248e-06  6.385154201790070e+00  6.385154201790070e+00  6.385154201790070e+00  6.385154201790070e+00  0
-2.589506000037748e-06  6.391421442066492e+00  6.391421442066492e+00  6.391421442066492e+00  6.391421442066492e+00  0
-2.362778012606080e-06  6.110624832745343e+00  6.110624832745343e+00  6.110624832745343e+00  6.110624832745343e+00  0
-2.155901525917819e-06  5.697353914399931e+00  5.697353914399931e+00  5.697353914399931e+00  5.697353914399931e+00  0
-1.967138412773812e-06  5.227759017935778e+00  5.227759017935778e+00  5.227759017935778e+00  5.227759017935778e+00  0
-1.794902730245472e-06  4.934474148082739e+00  4.934474148082739e+00  4.934474148082739e+00  4.934474148082739e+00  0
-1.637747394958267e-06  4.926735490611119e+00  4.926735490611119e+00  4.926735490611119e+00  4.926735490611119e+00  0
-1.494352025040247e-06  5.202943045526028e+00  5.202943045526028e+00  5.202943045526028e+00  5.202943045526028e+00  0
-1.363511846586567e-06  5.617470431185851e+00  5.617470431185851e+00  5.617470431185851e+00  5.617470431185851e+00  0
-1.244127571434742e-06  6.089083531393377e+00  6.089083531393377e+00  6.089083531393377e+00  6.089083531393377e+00  0
-1.135196161206098e-06  6.384995452773425e+00  6.384995452773425e+00  6.384995452773425e+00  6.384995452773425e+00  0
-1.035802400015097e-06  6.392787679976116e+00  6.392787679976116e+00  6.392787679976116e+00  6.392787679976116e+00  0
-9.451112050424303e-07  6.112635403867920e+00  6.112635403867920e+00  6.112635403867920e+00  6.112635403867920e+00  0
-8.623606103671273e-07  5.697936523034511e+00  5.697936523034511e+00  5.697936523034511e+00  5.697936523034511e+00  0
-7.868553651095247e-07  5.227481713050935e+00  5.227481713050935e+00  5.227481713050935e+00  5.227481713050935e+00  0
-7.179610920981888e-07  4.932992368325107e+00  4.932992368325107e+00  4.932992368325107e+00  4.932992368325107e+00  0
-6.550989579833068e-07  4.924129997851756e+00  4.924129997851756e+00  4.924129997851756e+00  4.924129997851756e+00  0
-5.977408100160987e-07  5.199775890370364e+00  5.199775890370364e+00  5.199775890370364e+00  5.199775890370364e+00  0
-5.454047386346270e-07  5.616370288981939e+00  5.616370288981939e+00  5.616370288981939e+00  5.616370288981939e+00  0
-4.976510285738967e-07  6.088439126446172e+00  6.088439126446172e+00  6.088439126446172e+00  6.088439126446172e+00  0
-4.540784644824390e-07  6.385020707989031e+00  6.385020707989031e+00  6.385020707989031e+00  6.385020707989031e+00  0
-4.143209600060390e-07  6.393424032003357e+00  6.393424032003357e+00  6.393424032003357e+00  6.393424032003357e+00  0
-3.780444820169721e-07  6.113526382640554e+00  6.113526382640554e+00  6.113526382640554e+00  6.113526382640554e+00  0
-3.449442441468510e-07  5.698262543613515e+00  5.698262543613515e+00  5.698262543613515e+00  5.698262543613515e+00  0
-3.147421460438099e-07  5.227455195997513e+00  5.227455195997513e+00  5.227455195997513e+00  5.227455195997513e+00  0
-2.871844368392756e-07  4.932477384173703e+00  4.932477384173703e+00  4.932477384173703e+00  4.932477384173703e+00  0
-2.620395831933227e-07  4.923162505270841e+00  4.923162505270841e+00  4.923162505270841e+00  4.923162505270841e+00  0
-2.390963240064395e-07  5.198584694304955e+00  5.198584694304955e+00  5.198584694304955e+00  5.198584694304955e+00  0
-2.181618954538508e-07  5.616021989478381e+00  5.616021989478381e+00  5.616021989478381e+00  5.616021989478381e+00  0
-1.990604114295587e-07  6.088280627756034e+00  6.088280627756034e+00  6.088280627756034e+00  6.088280627756034e+00  0
-1.816313857929756e-07  6.385134925301561e+00  6.385134925301561e+00  6.385134925301561e+00  6.385134925301561e+00  0
-1.657283840024156e-07  6.393782987781266e+00  6.393782987781266e+00  6.393782987781266e+00  6.393782987781266e+00  0
-1.512177928067889e-07  6.113982745709189e+00  6.113982745709189e+00  6.113982745709189e+00  6.113982745709189e+00  0
-1.379776976587404e-07  5.698488083219314e+00  5.698488083219314e+00  5.698488083219314e+00  5.698488083219314e+00  0
-1.258968584175239e-07  5.227531711772166e+00  5.227531711772166e+00  5.227531711772166e+00  5.227531711772166e+00  0
-1.148737747357102e-07  4.932353281339508e+00  4.932353281339508e+00  4.932353281339508e+00  4.932353281339508e+00  0
-1.048158332773291e-07  4.922856775107812e+00  4.922856775107812e+00  4.922856775107812e+00  4.922856775107812e+00  0
-9.563852960257580e-08  5.198193509164676e+00  5.198193509164676e+00  5.198193509164676e+00  5.198193509164676e+00  0
-8.726475818154030e-08  5.615976436118133e+00  5.615976436118133e+00  5.615976436118133e+00  5.615976436118133e+00  0
-7.962416457182346e-08  6.088318847788412e+00  6.088318847788412e+00  6.088318847788412e+00  6.088318847788412e+00  0
-7.265255431719022e-08  6.385287188167273e+00  6.385287188167273e+00  6.385287188167273e+00  6.385287188167273e+00  0
-6.629135360096623e-08  6.394033308852348e+00  6.394033308852348e+00  6.394033308852348e+00  6.394033308852348e+00  0
-6.048711712271553e-08  6.114267358777500e+00  6.114267358777500e+00  6.114267358777500e+00  6.114267358777500e+00  0
-5.519107906349615e-08  5.698673777558238e+00  5.698673777558238e+00  5.698673777558238e+00  5.698673777558238e+00  0
-5.035874336700958e-08  5.227649879028505e+00  5.227649879028505e+00  5.227649879028505e+00  5.227649879028505e+00  0
-4.594950989428408e-08  4.932386202040046e+00  4.932386202040046e+00  4.932386202040046e+00  4.932386202040046e+00  0
-4.192633331093163e-08  4.922816805506208e+00  4.922816805506208e+00  4.922816805506208e+00  4.922816805506208e+00  0
-3.825541184103032e-08  5.198123872994579e+00  5.198123872994579e+00  5.198123872994579e+00  5.198123872994579e+00  0
-3.490590327261613e-08  5.616052305272298e+00  5.616052305272298e+00  5.616052305272298e+00  5.616052305272298e+00  0
-3.184966582872939e-08  6.088436130908957e+00  6.088436130908957e+00  6.088436130908957e+00  6.088436130908957e+00  0
-2.906102172687609e-08  6.385455052476416e+00  6.385455052476416e+00  6.385455052476416e+00  6.385455052476416e+00  0
-2.651654144038649e-08  6.394240519166090e+00  6.394240519166090e+00  6.394240519166090e+00  6.394240519166090e+00  0
-2.419484684908621e-08  6.114483544999826e+00  6.114483544999826e+00  6.114483544999826e+00  6.114483544999826e+00  0
-2.207643162539846e-08  5.698843590918580e+00  5.698843590918580e+00  5.698843590918580e+00  5.698843590918580e+00  0
-2.014349734680383e-08  5.227784778487488e+00  5.227784778487488e+00  5.227784778487488e+00  5.227784778487488e+00  0
-1.837980395771363e-08  4.932482040498220e+00  4.932482040498220e+00  4.932482040498220e+00  4.932482040498220e+00  0
-1.677053332437265e-08  4.922883308268251e+00  4.922883308268251e+00  4.922883308268251e+00  4.922883308268251e+00  0
-1.530216473641213e-08  5.198183098506311e+00  5.198183098506311e+00  5.198183098506311e+00  5.198183098506311e+00  0
-1.396236130904645e-08  5.616176791912776e+00  5.616176791912776e+00  5.616176791912776e+00  5.616176791912776e+00  0
-1.273986633149176e-08  6.088585085631983e+00  6.088585085631983e+00  6.088585085631983e+00  6.088585085631983e+00  0
-1.162440869075044e-08  6.385629181090245e+00  6.385629181090245e+00  6.385629181090245e+00  6.385629181090245e+00  0
-1.060661657615460e-08  6.394430452718901e+00  6.394430452718901e+00  6.394430452718901e+00  6.394430452718901e+00  0
-9.677938739634486e-09  6.114672221970340e+00  6.114672221970340e+00  6.114672221970340e+00  6.114672221970340e+00  0
-8.830572650159383e-09  5.699007062803144e+00  5.699007062803144e+00  5.699007062803144e+00  5.699007062803144e+00  0
-8.057398938721533e-09  5.227926384645826e+00  5.227926384645826e+00  5.227926384645826e+00  5.227926384645826e+00  0
-7.351921583085453e-09  4.932603066977494e+00  4.932603066977494e+00  4.932603066977494e+00  4.932603066977494e+00  0
-6.708213329749061e-09  4.922992432682760e+00  4.922992432682760e+00  4.922992432682760e+00  4.922992432682760e+00  0
-6.120865894564850e-09  5.198293917003681e+00  5.198293917003681e+00  5.198293917003681e+00  5.198293917003681e+00  0
-5.584944523618580e-09  5.616320714270833e+00  5.616320714270833e+00  5.616320714270833e+00  5.616320714270833e+00  0
-5.095946532596702e-09  6.088746662978345e+00  6.088746662978345e+00  6.088746662978345e+00  6.088746662978345e+00  0
-4.649763476300175e-09  6.385805686617813e+00  6.385805686617813e+00  6.385805686617813e+00  6.385805686617813e+00  0
-4.242646630461839e-09  6.394613171702020e+00  6.394613171702020e+00  6.394613171702020e+00  6.394613171702020e+00  0
-3.871175495853794e-09  6.114849256356404e+00  6.114849256356404e+00  6.114849256356404e+00  6.114849256356404e+00  0
-3.532229060063754e-09  5.699168007422855e+00  5.699168007422855e+00  5.699168007422855e+00  5.699168007422855e+00  0
-3.222959575488613e-09  5.228070696166492e+00  5.228070696166492e+00  5.228070696166492e+00  5.228070696166492e+00  0
-2.940768633234181e-09  4.932734220658306e+00  4.932734220658306e+00  4.932734220658306e+00  4.932734220658306e+00  0
-2.683285331899625e-09  4.923118717046624e+00  4.923118717046624e+00  4.923118717046624e+00  4.923118717046624e+00  0
-2.448346357825941e-09  5.198425594617138e+00  5.198425594617138e+00  5.198425594617138e+00  5.198425594617138e+00  0
-2.233977809447432e-09  5.616472306811529e+00  5.616472306811529e+00  5.616472306811529e+00  5.616472306811529e+00  0
-2.038378613038681e-09  6.088913011192308e+00  6.088913011192308e+00  6.088913011192308e+00  6.088913011192308e+00  0
-1.859905390520070e-09  6.385982464630355e+00  6.385982464630355e+00  6.385982464630355e+00  6.385982464630355e+00  0
-1.697058652184735e-09  6.394791487020481e+00  6.394791487020481e+00  6.394791487020481e+00  6.394791487020481e+00  0
-1.548470198341518e-09  6.115018507046363e+00  6.115018507046363e+00  6.115018507046363e+00  6.115018507046363e+00  0
-1.412891624025501e-09  5.699328006024366e+00  5.699328006024366e+00  5.699328006024366e+00  5.699328006024366e+00  0
-1.289183830195445e-09  5.228216272519051e+00  5.228216272519051e+00  5.228216272519051e+00  5.228216272519051e+00  0
-1.176307453293673e-09  4.932869866812815e+00  4.932869866812815e+00  4.932869866812815e+00  4.932869866812815e+00  0
-1.073314132759850e-09  4.923252836723691e+00  4.923252836723691e+00  4.923252836723691e+00  4.923252836723691e+00  0
-9.793385431303761e-10  5.198567587645032e+00  5.198567587645032e+00  5.198567587645032e+00  5.198567587645032e+00  0
-8.935911237789728e-10  5.616625517837187e+00  5.616625517837187e+00  5.616625517837187e+00  5.616625517837187e+00  0
-8.153514452154724e-10  6.089077486853017e+00  6.089077486853017e+00  6.089077486853017e+00  6.089077486853017e+00  0
-7.439621562080280e-10  6.386150251433528e+00  6.386150251433528e+00  6.386150251433528e+00  6.386150251433528e+00  0
-6.788234608738942e-10  6.394947803720849e+00  6.394947803720849e+00  6.394947803720849e+00  6.394947803720849e+00  0
-6.193880793366070e-10  6.115143078133969e+00  6.115143078133969e+00  6.115143078133969e+00  6.115143078133969e+00  0
-5.651566496102005e-10  5.699488904763120e+00  5.699488904763120e+00  5.699488904763120e+00  5.699488904763120e+00  0
-5.156735320781780e-10  5.228365423881121e+00  5.228365423881121e+00  5.228365423881121e+00  5.228365423881121e+00  0
-4.705229813174689e-10  4.933014265946625e+00  4.933014265946625e+00  4.933014265946625e+00  4.933014265946625e+00  0
-4.293256531039398e-10  4.923404945895301e+00  4.923404945895301e+00  4.923404945895301e+00  4.923404945895301e+00  0
-3.917354172521504e-10  5.198743424307978e+00  5.198743424307978e+00  5.198743424307978e+00  5.198743424307978e+00  0
3.917354172521504e-10  5.198742401120912e+00  5.198742401120912e+00  5.198742401120912e+00  5.198742401120912e+00  0
4.293256531039398e-10  4.923404039148148e+00  4.923404039148148e+00  4.923404039148148e+00  4.923404039148148e+00  0
4.705229813174689e-10  4.933013455171314e+00  4.933013455171314e+00  4.933013455171314e+00  4.933013455171314e+00  0
5.156735320781780e-10  5.228364685758367e+00  5.228364685758367e+00  5.228364685758367e+00  5.228364685758367e+00  0
5.651566496102005e-10  5.699488219658090e+00  5.699488219658090e+00  5.699488219658090e+00  5.699488219658090e+00  0
6.193880793366070e-10  6.115141473976088e+00  6.115141473976088e+00  6.115141473976088e+00  6.115141473976088e+00  0
6.788234608738942e-10  6.394946294933473e+00  6.394946294933473e+00  6.394946294933473e+00  6.394946294933473e+00  0
7.439621562080280e-10  6.386148847349752e+00  6.386148847349752e+00  6.386148847349752e+00  6.386148847349752e+00  0
8.153514452154724e-10  6.089076202796107e+00  6.089076202796107e+00  6.089076202796107e+00  6.089076202796107e+00  0
8.935911237789728e-10  5.616624364863092e+00  5.616624364863092e+00  5.616624364863092e+00  5.616624364863092e+00  0
9.793385431303761e-10  5.198565029851003e+00  5.198565029851003e+00  5.198565029851003e+00  5.198565029851003e+00  0
1.073314132759850e-09  4.923250569965042e+00  4.923250569965042e+00  4.923250569965042e+00  4.923250569965042e+00  0
1.176307453293673e-09  4.932867839948035e+00  4.932867839948035e+00  4.932867839948035e+00  4.932867839948035e+00  0
1.289183830195445e-09  5.228214427267094e+00  5.228214427267094e+00  5.228214427267094e+00  5.228214427267094e+00  0
1.412891624025501e-09  5.699326293307479e+00  5.699326293307479e+00  5.699326293307479e+00  5.699326293307479e+00  0
1.548470198341518e-09  6.115014496700835e+00  6.115014496700835e+00  6.115014496700835e+00  6.115014496700835e+00  0
1.697058652184735e-09  6.394787715121605e+00  6.394787715121605e+00  6.394787715121605e+00  6.394787715121605e+00  0
1.859905390520070e-09  6.385978954497476e+00  6.385978954497476e+00  6.385978954497476e+00  6.385978954497476e+00  0
2.038378613038681e-09  6.088909801125187e+00  6.088909801125187e+00  6.088909801125187e+00  6.088909801125187e+00  0
2.233977809447432e-09  5.616469424445585e+00  5.616469424445585e+00  5.616469424445585e+00  5.616469424445585e+00  0
2.448346357825941e-09  5.198419200306762e+00  5.198419200306762e+00  5.198419200306762e+00  5.198419200306762e+00  0
2.683285331899625e-09  4.923113050295643e+00  4.923113050295643e+00  4.923113050295643e+00  4.923113050295643e+00  0
2.940768633234181e-09  4.932729153622193e+00  4.932729153622193e+00  4.932729153622193e+00  4.932729153622193e+00  0
3.222959575488613e-09  5.228066083149848e+00  5.228066083149848e+00  5.228066083149848e+00  5.228066083149848e+00  0
3.532229060063754e-09  5.699163725736018e+00  5.699163725736018e+00  5.699163725736018e+00  5.699163725736018e+00  0
3.871175495853794e-09  6.114839230732188e+00  6.114839230732188e+00  6.114839230732188e+00  6.114839230732188e+00  0
4.242646630461839e-09  6.394603742187940e+00  6.394603742187940e+00  6.394603742187940e+00  6.394603742187940e+00  0
4.649763476300175e-09  6.385796911505017e+00  6.385796911505017e+00  6.385796911505017e+00  6.385796911505017e+00  0
5.095946532596702e-09  6.088738638010359e+00  6.088738638010359e+00  6.088738638010359e+00  6.088738638010359e+00  0
5.584944523618580e-09  5.616313508533215e+00  5.616313508533215e+00  5.616313508533215e+00  5.616313508533215e+00  0
6.120865894564850e-09  5.198277931614250e+00  5.198277931614250e+00  5.198277931614250e+00  5.198277931614250e+00  0
6.708213329749061e-09  4.922978266139856e+00  4.922978266139856e+00  4.922978266139856e+00  4.922978266139856e+00  0
7.351921583085453e-09  4.932590399686015e+00  4.932590399686015e+00  4.932590399686015e+00  4.932590399686015e+00  0
8.057398938721533e-09  5.227914852380975e+00  5.227914852380975e+00  5.227914852380975e+00  5.227914852380975e+00  0
8.830572650159383e-09  5.698996358849358e+00  5.698996358849358e+00  5.698996358849358e+00  5.698996358849358e+00  0
9.677938739634486e-09  6.114647158551303e+00  6.114647158551303e+00  6.114647158551303e+00  6.114647158551303e+00  0
1.060661657615460e-08  6.394406879550662e+00  6.394406879550662e+00  6.394406879550662e+00  6.394406879550662e+00  0
1.162440869075044e-08  6.385607243879455e+00  6.385607243879455e+00  6.385607243879455e+00  6.385607243879455e+00  0
1.273986633149176e-08  6.088565023721765e+00  6.088565023721765e+00  6.088565023721765e+00  6.088565023721765e+00  0
1.396236130904645e-08  5.616158778011505e+00  5.616158778011505e+00  5.616158778011505e+00  5.616158778011505e+00  0
1.530216473641213e-08  5.198143135946826e+00  5.198143135946826e+00  5.198143135946826e+00  5.198143135946826e+00  0
1.677053332437265e-08  4.922847892688714e+00  4.922847892688714e+00  4.922847892688714e+00  4.922847892688714e+00  0
1.837980395771363e-08  4.932450372973048e+00  4.932450372973048e+00  4.932450372973048e+00  4.932450372973048e+00  0
2.014349734680383e-08  5.227755948498977e+00  5.227755948498977e+00  5.227755948498977e+00  5.227755948498977e+00  0
2.207643162539846e-08  5.698816831697736e+00  5.698816831697736e+00  5.698816831697736e+00  5.698816831697736e+00  0
2.419484684908621e-08  6.114420888190464e+00  6.114420888190464e+00  6.114420888190464e+00  6.114420888190464e+00  0
2.651654144038649e-08  6.394181587936549e+00  6.394181587936549e+00  6.394181587936549e+00  6.394181587936549e+00  0
2.906102172687609e-08  6.385400210989148e+00  6.385400210989148e+00  6.385400210989148e+00  6.385400210989148e+00  0
3.184966582872939e-08  6.088385977457675e+00  6.088385977457675e+00  6.088385977457675e+00  6.088385977457675e+00  0
3.490590327261613e-08  5.616007271617504e+00  5.616007271617504e+00  5.616007271617504e+00  5.616007271617504e+00  0
3.825541184103032e-08  5.198023968625536e+00  5.198023968625536e+00  5.198023968625536e+00  5.198023968625536e+00  0
4.192633331093163e-08  4.922728268168797e+00  4.922728268168797e+00  4.922728268168797e+00  4.922728268168797e+00  0
4.594950989428408e-08  4.932307034728214e+00  4.932307034728214e+00  4.932307034728214e+00  4.932307034728214e+00  0
5.035874336700958e-08  5.227577805631228e+00  5.227577805631228e+00  5.227577805631228e+00  5.227577805631228e+00  0
5.519107906349615e-08  5.698606881199078e+00  5.698606881199078e+00  5.698606881199078e+00  5.698606881199078e+00  0
6.048711712271553e-08  6.114110721873971e+00  6.114110721873971e+00  6.114110721873971e+00  6.114110721873971e+00  0
6.629135360096623e-08  6.393885985903277e+00  6.393885985903277e+00  6.393885985903277e+00  6.393885985903277e+00  0
7.265255431719022e-08  6.385150088982165e+00  6.385150088982165e+00  6.385150088982165e+00  6.385150088982165e+00  0
7.962416457182346e-08  6.088193467776949e+00  6.088193467776949e+00  6.088193467776949e+00  6.088193467776949e+00  0
8.726475818154030e-08  5.615863854671335e+00  5.615863854671335e+00  5.615863854671335e+00  5.615863854671335e+00  0
9.563852960257580e-08  5.197943751731818e+00  5.197943751731818e+00  5.197943751731818e+00  5.197943751731818e+00  0
1.048158332773291e-07  4.922635433720091e+00  4.922635433720091e+00  4.922635433720091e+00  4.922635433720091e+00  0
1.148737747357102e-07  4.932155365206167e+00  4.932155365206167e+00  4.932155365206167e+00  4.932155365206167e+00  0
1.258968584175239e-07  5.227351531528711e+00  5.227351531528711e+00  5.227351531528711e+00  5.227351531528711e+00  0
1.379776976587404e-07  5.698320846766935e+00  5.698320846766935e+00  5.698320846766935e+00  5.698320846766935e+00  0
1.512177928067889e-07  6.113591171054879e+00  6.113591171054879e+00  6.113591171054879e+00  6.113591171054879e+00  0
1.657283840024156e-07  6.393414698816749e+00  6.393414698816749e+00  6.393414698816749e+00  6.393414698816749e+00  0
1.816313857929756e-07  6.384792192947435e+00  6.384792192947435e+00  6.384792192947435e+00  6.384792192947435e+00  0
1.990604114295587e-07  6.087967188689990e+00  6.087967188689990e+00  6.087967188689990e+00  6.087967188689990e+00  0
2.181618954538508e-07  5.615740542247477e+00  5.615740542247477e+00  5.615740542247477e+00  5.615740542247477e+00  0
2.390963240064395e-07  5.197960299658357e+00  5.197960299658357e+00  5.197960299658357e+00  5.197960299658357e+00  0
2.620395831933227e-07  4.922609143823418e+00  4.922609143823418e+00  4.922609143823418e+00  4.922609143823418e+00  0
2.871844368392756e-07  4.931982589224080e+00  4.931982589224080e+00  4.931982589224080e+00  4.931982589224080e+00  0
3.147421460438099e-07  5.227004749266150e+00  5.227004749266150e+00  5.227004749266150e+00  5.227004749266150e+00  0
3.449442441468510e-07  5.697844464949973e+00  5.697844464949973e+00  5.697844464949973e+00  5.697844464949973e+00  0
3.780444820169721e-07  6.112547520258928e+00  6.112547520258928e+00  6.112547520258928e+00  6.112547520258928e+00  0
4.143209600060390e-07  6.392503390784018e+00  6.392503390784018e+00  6.392503390784018e+00  6.392503390784018e+00  0
4.540784644824390e-07  6.384163943047493e+00  6.384163943047493e+00  6.384163943047493e+00  6.384163943047493e+00  0
4.976510285738967e-07  6.087655568384926e+00  6.087655568384926e+00  6.087655568384926e+00  6.087655568384926e+00  0
5.454047386346270e-07  5.615666684919442e+00  5.615666684919442e+00  5.615666684919442e+00  5.615666684919442e+00  0
5.977408100160987e-07  5.198214842031394e+00  5.198214842031394e+00  5.198214842031394e+00  5.198214842031394e+00  0
6.550989579833068e-07  4.922746495397837e+00  4.922746495397837e+00  4.922746495397837e+00  4.922746495397837e+00  0
7.179610920981888e-07  4.931755308022534e+00  4.931755308022534e+00  4.931755308022534e+00  4.931755308022534e+00  0
7.868553651095247e-07  5.226355579975661e+00  5.226355579975661e+00  5.226355579975661e+00  5.226355579975661e+00  0
8.623606103671273e-07  5.696891366371107e+00  5.696891366371107e+00  5.696891366371107e+00  5.696891366371107e+00  0
9.451112050424303e-07  6.110188626568414e+00  6.110188626568414e+00  6.110188626568414e+00  6.110188626568414e+00  0
1.035802400015097e-06  6.390486503129292e+00  6.390486503129292e+00  6.390486503129292e+00  6.390486503129292e+00  0
1.135196161206098e-06  6.382853876800544e+00  6.382853876800544e+00  6.382853876800544e+00  6.382853876800544e+00  0
1.244127571434742e-06  6.087124814576296e+00  6.087124814576296e+00  6.087124814576296e+00  6.087124814576296e+00  0
1.363511846586567e-06  5.615711446592024e+00  5.615711446592024e+00  5.615711446592024e+00  5.615711446592024e+00  0
1.494352025040247e-06  5.199039934832391e+00  5.199039934832391e+00  5.199039934832391e+00  5.199039934832391e+00  0
1.637747394958267e-06  4.923276018528796e+00  4.923276018528796e+00  4.923276018528796e+00  4.923276018528796e+00  0
1.794902730245472e-06  4.931380947068338e+00  4.931380947068338e+00  4.931380947068338e+00  4.931380947068338e+00  0
1.967138412773812e-06  5.224943492018528e+00  5.224943492018528e+00  5.224943492018528e+00  5.224943492018528e+00  0
2.155901525917819e-06  5.694741183673289e+00  5.694741183673289e+00  5.694741183673289e+00  5.694741183673289e+00  0
2.362778012606080e-06  6.104510106070665e+00  6.104510106070665e+00  6.104510106070665e+00  6.104510106070665e+00  0
2.589506000037748e-06  6.385671014194307e+00  6.385671014194307e+00  6.385671014194307e+00  6.385671014194307e+00  0
2.837990403015248e-06  6.379802225938930e+00  6.379802225938930e+00  6.379802225938930e+00  6.379802225938930e+00  0
3.110318928586860e-06  6.086010210708531e+00  6.086010210708531e+00  6.086010210708531e+00  6.086010210708531e+00  0
3.408779616466424e-06  5.616021536403278e+00  5.616021536403278e+00  5.616021536403278e+00  5.616021536403278e+00  0
3.735880062600623e-06  5.201139318863767e+00  5.201139318863767e+00  5.201139318863767e+00  5.201139318863767e+00  0
4.094368487395674e-06  4.924680649447561e+00  4.924680649447561e+00  4.924680649447561e+00  4.924680649447561e+00  0
4.487256825613687e-06  4.930571620898271e+00  4.930571620898271e+00  4.930571620898271e+00  4.930571620898271e+00  0
4.917846031934537e-06  5.221580854568307e+00  5.221580854568307e+00  5.221580854568307e+00  5.221580854568307e+00  0
5.389753814794554e-06  5.689565309642407e+00  5.689565309642407e+00  5.689565309642407e+00  5.689565309642407e+00  0
5.906945031515200e-06  6.090335991342406e+00  6.090335991342406e+00  6.090335991342406e+00  6.090335991342406e+00  0
6.473765000094370e-06  6.373643199602487e+00  6.373643199602487e+00  6.373643199602487e+00  6.373643199602487e+00  0
7.094976007538121e-06  6.372166079507177e+00  6.372166079507177e+00  6.372166079507177e+00  6.372166079507177e+00  0
7.775797321467150e-06  6.083211987958823e+00  6.083211987958823e+00  6.083211987958823e+00  6.083211987958823e+00  0
8.521949041166062e-06  5.616800902930247e+00  5.616800902930247e+00  5.616800902930247e+00  5.616800902930247e+00  0
9.339700156501558e-06  5.205474688415304e+00  5.205474688415304e+00  5.205474688415304e+00  5.205474688415304e+00  0
1.023592121848918e-05  4.927615565457509e+00  4.927615565457509e+00  4.927615565457509e+00  4.927615565457509e+00  0
1.121814206403422e-05  4.928255047868060e+00  4.928255047868060e+00  4.928255047868060e+00  4.928255047868060e+00  0
1.229461507983634e-05  5.213071900911101e+00  5.213071900911101e+00  5.213071900911101e+00  5.213071900911101e+00  0
1.347438453698639e-05  5.676619382366625e+00  5.676619382366625e+00  5.676619382366625e+00  5.676619382366625e+00  0
1.476736257878800e-05  6.053680788810708e+00  6.053680788810708e+00  6.053680788810708e+00  6.053680788810708e+00  0
1.618441250023592e-05  6.342230991791395e+00  6.342230991791395e+00  6.342230991791395e+00  6.342230991791395e+00  0
1.773744001884530e-05  6.351628200100237e+00  6.351628200100237e+00  6.351628200100237e+00  6.351628200100237e+00  0
1.943949330366787e-05  6.074807627300636e+00  6.074807627300636e+00  6.074807627300636e+00  6.074807627300636e+00  0
2.130487260291515e-05  5.617544468173668e+00  5.617544468173668e+00  5.617544468173668e+00  5.617544468173668e+00  0
2.334925039125390e-05  5.209280471197108e+00  5.209280471197108e+00  5.209280471197108e+00  5.209280471197108e+00  0
2.558980304622297e-05  4.930136399051833e+00  4.930136399051833e+00  4.930136399051833e+00  4.930136399051833e+00  0
2.804535516008555e-05  4.919460126483826e+00  4.919460126483826e+00  4.919460126483826e+00  4.919460126483826e+00  0
3.073653769959086e-05  5.189956688813735e+00  5.189956688813735e+00  5.189956688813735e+00  5.189956688813735e+00  0
3.368596134246597e-05  5.642930787574568e+00  5.642930787574568e+00  5.642930787574568e+00  5.642930787574568e+00  0
3.691840644696999e-05  5.952384505128985e+00  5.952384505128985e+00  5.952384505128985e+00  5.952384505128985e+00  0
4.046103125058980e-05  6.253477240706308e+00  6.253477240706308e+00  6.253477240706308e+00  6.253477240706308e+00  0
4.434360004711325e-05  6.289534972415661e+00  6.289534972415661e+00  6.289534972415661e+00  6.289534972415661e+00  0
4.859873325916968e-05  6.043429736737975e+00  6.043429736737975e+00  6.043429736737975e+00  6.043429736737975e+00  0
5.326218150728787e-05  5.610471882497702e+00  5.610471882497702e+00  5.610471882497702e+00  5.610471882497702e+00  0
5.837312597813474e-05  5.165797307370687e+00  5.165797307370687e+00  5.165797307370687e+00  5.165797307370687e+00  0
6.397450761555741e-05  4.899463673198677e+00  4.899463673198677e+00  4.899463673198677e+00  4.899463673198677e+00  0
7.011338790021387e-05  4.873780394315014e+00  4.873780394315014e+00  4.873780394315014e+00  4.873780394315014e+00  0
7.684134424897715e-05  5.117148760356736e+00  5.117148760356736e+00  5.117148760356736e+00  5.117148760356736e+00  0
8.421490335616491e-05  5.547787406184256e+00  5.547787406184256e+00  5.547787406184256e+00  5.547787406184256e+00  0
9.229601611742499e-05  5.599388769547699e+00  5.599388769547699e+00  5.599388769547699e+00  5.599388769547699e+00  0
1.011525781264745e-04  5.937373903987148e+00  5.937373903987148e+00  5.937373903987148e+00  5.937373903987148e+00  0
1.108590001177831e-04  6.043852037880950e+00  6.043852037880950e+00  6.043852037880950e+00  6.043852037880950e+00  0
1.214968331479242e-04  5.882371079659146e+00  5.882371079659146e+00  5.882371079659146e+00  5.882371079659146e+00  0
1.331554537682197e-04  5.523753988281236e+00  5.523753988281236e+00  5.523753988281236e+00  5.523753988281236e+00  0
1.459328149453368e-04  4.829760943804348e+00  4.829760943804348e+00  4.829760943804348e+00  4.829760943804348e+00  0
1.599362690388935e-04  4.610720630274272e+00  4.610720630274272e+00  4.610720630274272e+00  4.610720630274272e+00  0
1.752834697505346e-04  4.585360714557698e+00  4.585360714557698e+00  4.585360714557698e+00  4.585360714557698e+00  0
1.921033606224429e-04  4.800155139648167e+00  4.800155139648167e+00  4.800155139648167e+00  4.800155139648167e+00  0
2.105372583904123e-04  5.202286332131902e+00  5.202286332131902e+00  5.202286332131902e+00  5.202286332131902e+00  0
2.307400402935625e-04  4.957498352433856e+00  4.957498352433856e+00  4.957498352433856e+00  4.957498352433856e+00  0
2.528814453161863e-04  5.283183278829419e+00  5.283183278829419e+00  5.283183278829419e+00  5.283183278829419e+00  0
2.771475002944578e-04  5.436812029112533e+00  5.436812029112533e+00  5.436812029112533e+00  5.436812029112533e+00  0
3.037420828698105e-04  5.368505429953498e+00  5.368505429953498e+00  5.368505429953498e+00  5.368505429953498e+00  0
3.328886344205492e-04  5.116079014365818e+00  5.116079014365818e+00  5.116079014365818e+00  5.116079014365818e+00  0
3.648320373633421e-04  4.306350359259870e+00  4.306350359259870e+00  4.306350359259870e+00  4.306350359259870e+00  0
3.998406725972338e-04  4.191199660378898e+00  4.191199660378898e+00  4.191199660378898e+00  4.191199660378898e+00  0
4.382086743763367e-04  4.179204011263171e+00  4.179204011263171e+00  4.179204011263171e+00  4.179204011263171e+00  0
4.802584015561072e-04  4.335102483681291e+00  4.335102483681291e+00  4.335102483681291e+00  4.335102483681291e+00  0
5.263431459760307e-04  4.646672674727356e+00  4.646672674727356e+00  4.646672674727356e+00  4.646672674727356e+00  0
5.768501007339061e-04  3.606912113395272e+00  3.606912113395272e+00  3.606912113395272e+00  3.606912113395272e+00  0
6.322036132904656e-04  4.011824600058626e+00  4.011824600058626e+00  4.011824600058626e+00  4.011824600058626e+00  0
6.928687507361445e-04  4.312709572448020e+00  4.312709572448020e+00  4.312709572448020e+00  4.312709572448020e+00  0
7.593552071745262e-04  4.445258788134275e+00  4.445258788134275e+00  4.445258788134275e+00  4.445258788134275e+00  0
8.322215860513730e-04  4.405407165378351e+00  4.405407165378351e+00  4.405407165378351e+00  4.405407165378351e+00  0
9.120800934083554e-04  2.516258186146143e+00  2.516258186146143e+00  2.516258186146143e+00  2.516258186146143e+00  0
9.996016814930845e-04  2.584450107295317e+00  2.584450107295317e+00  2.584450107295317e+00  2.584450107295317e+00  0
1.095521685940842e-03  2.701829318554790e+00  2.701829318554790e+00  2.701829318554790e+00  2.701829318554790e+00  0
1.200646003890268e-03  2.922027249585799e+00  2.922027249585799e+00  2.922027249585799e+00  2.922027249585799e+00  0
1.315857864940077e-03  3.259806592959948e+00  3.259806592959948e+00  3.259806592959948e+00  3.259806592959948e+00  0
1.442125251834765e-03  1.946050547928486e+00  1.946050547928486e+00  1.946050547928486e+00  1.946050547928486e+00  0
1.580509033226164e-03  2.113238020511433e+00  2.113238020511433e+00  2.113238020511433e+00  2.113238020511433e+00  0
1.732171876840361e-03  2.280002503992998e+00  2.280002503992998e+00  2.280002503992998e+00  2.280002503992998e+00  0
1.898388017936316e-03  2.412262050258145e+00  2.412262050258145e+00  2.412262050258145e+00  2.412262050258145e+00  0
2.080553965128433e-03  2.489376589912566e+00  2.489376589912566e+00  2.489376589912566e+00  2.489376589912566e+00  0
2.280200233520888e-03  1.951218560483996e+00  1.951218560483996e+00  1.951218560483996e+00  1.951218560483996e+00  0
2.499004203732711e-03  1.950274551747550e+00  1.950274551747550e+00  1.950274551747550e+00  1.950274551747550e+00  0
2.738804214852104e-03  1.925903940651224e+00  1.925903940651224e+00  1.925903940651224e+00  1.925903940651224e+00  0
3.001615009725670e-03  1.915628509778115e+00  1.915628509778115e+00  1.915628509778115e+00  1.915628509778115e+00  0
3.289644662350192e-03  1.951927015100324e+00  1.951927015100324e+00  1.951927015100324e+00  1.951927015100324e+00  0
3.605313129586914e-03  1.518653991048739e+00  1.518653991048739e+00  1.518653991048739e+00  1.518653991048739e+00  0
3.951272583065412e-03  1.687486287685561e+00  1.687486287685561e+00  1.687486287685561e+00  1.687486287685561e+00  0
4.330429692100905e-03  1.831039186566867e+00  1.831039186566867e+00  1.831039186566867e+00  1.831039186566867e+00  0
4.745970044840789e-03  1.934673684968811e+00  1.934673684968811e+00  1.934673684968811e+00  1.934673684968811e+00  0
5.201384912821082e-03  1.986911949141664e+00  1.986911949141664e+00  1.986911949141664e+00  1.986911949141664e+00  0
5.700500583802221e-03  1.187897191404545e+00  1.187897191404545e+00  1.187897191404545e+00  1.187897191404545e+00  0
6.247510509331778e-03  1.262478095274511e+00  1.262478095274511e+00  1.262478095274511e+00  1.262478095274511e+00  0
6.847010537130260e-03  1.334598989529128e+00  1.334598989529128e+00  1.334598989529128e+00  1.334598989529128e+00  0
7.504037524314174e-03  1.416105768848846e+00  1.416105768848846e+00  1.416105768848846e+00  1.416105768848846e+00  0
8.224111655875480e-03  1.514628459418505e+00  1.514628459418505e+00  1.514628459418505e+00  1.514628459418505e+00  0
9.013282823967282e-03  7.561219601217753e-01  7.561219601217753e-01  7.561219601217753e-01  7.561219601217753e-01  0
9.878181457663527e-03  8.718423349547713e-01  8.718423349547713e-01  8.718423349547713e-01  8.718423349547713e-01  0
1.082607423025226e-02  9.859383880865491e-01  9.859383880865491e-01  9.859383880865491e-01  9.859383880865491e-01  0
1.186492511210197e-02  1.091803373528459e+00  1.091803373528459e+00  1.091803373528459e+00  1.091803373528459e+00  0
1.300346228205270e-02  1.185113247985655e+00  1.185113247985655e+00  1.185113247985655e+00  1.185113247985655e+00  0
1.425125145950555e-02  7.747072453499693e-01  7.747072453499693e-01  7.747072453499693e-01  7.747072453499693e-01  0
1.561877627332944e-02  8.178370544894051e-01  8.178370544894051e-01  8.178370544894051e-01  8.178370544894051e-01  0
1.711752634282565e-02  8.434987742374868e-01  8.434987742374868e-01  8.434987742374868e-01  8.434987742374868e-01  0
1.876009381078543e-02  8.653595615716516e-01  8.653595615716516e-01  8.653595615716516e-01  8.653595615716516e-01  0
2.056027913968870e-02  8.967692975347775e-01  8.967692975347775e-01  8.967692975347775e-01  8.967692975347775e-01  0
2.253320705991821e-02  5.202131352648639e-01  5.202131352648639e-01  5.202131352648639e-01  5.202131352648639e-01  0
2.469545364415882e-02  5.681122183917052e-01  5.681122183917052e-01  5.681122183917052e-01  5.681122183917052e-01  0
2.706518557563065e-02  6.280610784077161e-01  6.280610784077161e-01  6.280610784077161e-01  6.280610784077161e-01  0
2.966231278025493e-02  6.948064830781640e-01  6.948064830781640e-01  6.948064830781640e-01  6.948064830781640e-01  0
3.250865570513176e-02  7.587398111342135e-01  7.587398111342135e-01  7.587398111342135e-01  7.587398111342135e-01  0
3.562812864876388e-02  6.115732425758570e-01  6.115732425758570e-01  6.115732425758570e-01  6.115732425758570e-01  0
3.904694068332362e-02  6.636685316594594e-01  6.636685316594594e-01  6.636685316594594e-01  6.636685316594594e-01  0
4.279381585706413e-02  6.853832166320445e-01  6.853832166320445e-01  6.853832166320445e-01  6.853832166320445e-01  0
4.690023452696359e-02  6.839453381710709e-01  6.839453381710709e-01  6.839453381710709e-01  6.839453381710709e-01  0
5.140069784922175e-02  6.741799381426253e-01  6.741799381426253e-01  6.741799381426253e-01  6.741799381426253e-01  0
5.633301764979552e-02  6.400843725264435e-01  6.400843725264435e-01  6.400843725264435e-01  6.400843725264435e-01  0
6.173863411039705e-02  6.190169086640516e-01  6.190169086640516e-01  6.190169086640516e-01  6.190169086640516e-01  0
6.766296393907663e-02  6.110025892435778e-01  6.110025892435778e-01  6.110025892435778e-01  6.110025892435778e-01  0
7.415578195063734e-02  6.232464519272399e-01  6.232464519272399e-01  6.232464519272399e-01  6.232464519272399e-01  0
8.127163926282940e-02  6.522033571542644e-01  6.522033571542644e-01  6.522033571542644e-01  6.522033571542644e-01  0
8.907032162190970e-02  7.619877978436095e-01  7.619877978436095e-01  7.619877978436095e-01  7.619877978436095e-01  0
9.761735170830904e-02  8.706384913097497e-01  8.706384913097497e-01  8.706384913097497e-01  8.706384913097497e-01  0
1.069845396426603e-01  9.318677898410207e-01  9.318677898410207e-01  9.318677898410207e-01  9.318677898410207e-01  0
1.172505863174090e-01  9.391203543127586e-01  9.391203543127586e-01  9.391203543127586e-01  9.391203543127586e-01  0
1.285017446230544e-01  9.003614311915620e-01  9.003614311915620e-01  9.003614311915620e-01  9.003614311915620e-01  0
1.408325441244888e-01  1.517652615534223e+00  1.517652615534223e+00  1.517652615534223e+00  1.517652615534223e+00  0
1.543465852759926e-01  1.685109320406594e+00  1.685109320406594e+00  1.685109320406594e+00  1.685109320406594e+00  0
1.691574098476915e-01  1.768594961013922e+00  1.768594961013922e+00  1.768594961013922e+00  1.768594961013922e+00  0
1.853894548765933e-01  1.770247357665712e+00  1.770247357665712e+00  1.770247357665712e+00  1.770247357665712e+00  0
2.031790981570734e-01  1.707526994150224e+00  1.707526994150224e+00  1.707526994150224e+00  1.707526994150224e+00  0
2.226758040547741e-01  5.362484230909464e-01  5.362484230909464e-01  5.362484230909464e-01  5.362484230909464e-01  0
2.440433792707724e-01  7.180447785790847e-01  7.180447785790847e-01  7.180447785790847e-01  7.180447785790847e-01  0
2.674613491066506e-01  9.338387931345264e-01  9.338387931345264e-01  9.338387931345264e-01  9.338387931345264e-01  0
2.931264657935223e-01  1.170313253552901e+00  1.170313253552901e+00  1.170313253552901e+00  1.170313253552901e+00  0
3.212543615576358e-01  1.403248207223833e+00  1.403248207223833e+00  1.403248207223833e+00  1.403248207223833e+00  0
3.520813603112218e-01  8.744242707156472e-02  8.744242707156472e-02  8.744242707156472e-02  8.744242707156472e-02  0
3.858664631899814e-01  1.351456832615731e-01  1.351456832615731e-01  1.351456832615731e-01  1.351456832615731e-01  0
4.228935246192287e-01  1.995091679123792e-01  1.995091679123792e-01  1.995091679123792e-01  1.995091679123792e-01  0
4.634736371914831e-01  2.842930382530005e-01  2.842930382530005e-01  2.842930382530005e-01  2.842930382530005e-01  0
5.079477453926835e-01  3.948679766881156e-01  3.948679766881156e-01  3.948679766881156e-01  3.948679766881156e-01  0
5.566895101369354e-01  1.527322643928152e-02  1.527322643928152e-02  1.527322643928152e-02  1.527322643928152e-02  0
6.101084481769312e-01  2.291205489722141e-02  2.291205489722141e-02  2.291205489722141e-02  2.291205489722141e-02  0
6.686533727666267e-01  3.385739166520572e-02  3.385739166520572e-02  3.385739166520572e-02  3.385739166520572e-02  0
7.328161644838058e-01  4.972142163888334e-02  4.972142163888334e-02  4.972142163888334e-02  4.972142163888334e-02  0
8.031359038940895e-01  7.267178205096275e-02  7.267178205096275e-02  7.267178205096275e-02  7.267178205096275e-02  0
8.802034007780546e-01  9.507654777523621e-04  9.507654777523621e-04  9.507654777523621e-04  9.507654777523621e-04  0
9.646661579749535e-01  1.890006478177800e-03  1.890006478177800e-03  1.890006478177800e-03  1.890006478177800e-03  0
1.057233811548072e+00  3.490467100595594e-03  3.490467100595594e-03  3.490467100595594e-03  3.490467100595594e-03  0
1.158684092978708e+00  6.014142216680385e-03  6.014142216680385e-03  6.014142216680385e-03  6.014142216680385e-03  0
1.269869363481709e+00  9.736020098148694e-03  9.736020098148694e-03  9.736020098148694e-03  9.736020098148694e-03  0
1.391723775342338e+00  9.670605408484846e-06  9.670605408484846e-06  9.670605408484846e-06  9.670605408484846e-06  0
1.525271120442328e+00  2.796494807298569e-05  2.796494807298569e-05  2.796494807298569e-05  2.796494807298569e-05  0
1.671633431916567e+00  7.556618039332329e-05  7.556618039332329e-05  7.556618039332329e-05  7.556618039332329e-05  0
1.832040411209515e+00  1.901992710867973e-04  1.901992710867973e-04  1.901992710867973e-04  1.901992710867973e-04  0
2.007839759735224e+00  4.451480328276038e-04  4.451480328276038e-04  4.451480328276038e-04  4.451480328276038e-04  0
2.200508501945137e+00  2.438805998045567e-07  2.438805998045567e-07  2.438805998045567e-07  2.438805998045567e-07  0
2.411665394937384e+00  6.226692521223491e-07  6.226692521223491e-07  6.226692521223491e-07  6.226692521223491e-07  0
2.643084528870180e+00  1.498736140956581e-06  1.498736140956581e-06  1.498736140956581e-06  1.498736140956581e-06  0
2.896710232446770e+00  3.417271257905307e-06  3.417271257905307e-06  3.417271257905307e-06  3.417271257905307e-06  0
3.174673408704273e+00  7.441258721083854e-06  7.441258721083854e-06  7.441258721083854e-06  7.441258721083854e-06  0
