-1.525271120442328e+00  6.659820045104941e-04  6.659820045104941e-04  6.659820045104941e-04  6.659820045104941e-04  0
-1.391723775342339e+00  3.074058321833332e-04  3.074058321833332e-04  3.074058321833332e-04  3.074058321833332e-04  0
-1.269869363481709e+00  1.454661903474812e-04  1.454661903474812e-04  1.454661903474812e-04  1.454661903474812e-04  0
-1.158684092978708e+00  7.382574656138641e-05  7.382574656138641e-05  7.382574656138641e-05  7.382574656138641e-05  0
-1.057233811548072e+00  4.056163011351883e-05  4.056163011351883e-05  4.056163011351883e-05  4.056163011351883e-05  0
-9.646661579749536e-01  1.464056855693949e-02  1.464056855693949e-02  1.464056855693949e-02  1.464056855693949e-02  0
-8.802034007780548e-01  1.014204687682404e-02  1.014204687682404e-02  1.014204687682404e-02  1.014204687682404e-02  0
-8.031359038940896e-01  6.542988671091246e-03  6.542988671091246e-03  6.542988671091246e-03  6.542988671091246e-03  0
-7.328161644838059e-01  3.926638785320576e-03  3.926638785320576e-03  3.926638785320576e-03  3.926638785320576e-03  0
-6.686533727666268e-01  2.193570197642091e-03  2.193570197642091e-03  2.193570197642091e-03  2.193570197642091e-03  0
-6.101084481769313e-01  4.566401066683377e-02  4.566401066683377e-02  4.566401066683377e-02  4.566401066683377e-02  0
-5.566895101369356e-01  3.687323376958165e-02  3.687323376958165e-02  3.687323376958165e-02  3.687323376958165e-02  0
-5.079477453926836e-01  3.033588781156108e-02  3.033588781156108e-02  3.033588781156108e-02  3.033588781156108e-02  0
-4.634736371914833e-01  2.461073881332911e-02  2.461073881332911e-02  2.461073881332911e-02  2.461073881332911e-02  0
-4.228935246192288e-01  1.916990124841895e-02  1.916990124841895e-02  1.916990124841895e-02  1.916990124841895e-02  0
-3.858664631899814e-01  2.030962120860246e-01  2.030962120860246e-01  2.030962120860246e-01  2.030962120860246e-01  0
-3.520813603112219e-01  1.520329127597205e-01  1.520329127597205e-01  1.520329127597205e-01  1.520329127597205e-01  0
-3.212543615576358e-01  1.075074288164701e-01  1.075074288164701e-01  1.075074288164701e-01  1.075074288164701e-01  0
-2.931264657935224e-01  7.234401577793824e-02  7.234401577793824e-02  7.234401577793824e-02  7.234401577793824e-02  0
-2.674613491066507e-01  4.699082908369748e-02  4.699082908369748e-02  4.699082908369748e-02  4.699082908369748e-02  0
-2.440433792707725e-01  3.822944891631758e-01  3.822944891631758e-01  3.822944891631758e-01  3.822944891631758e-01  0
-2.226758040547742e-01  3.699606152058817e-01  3.699606152058817e-01  3.699606152058817e-01  3.699606152058817e-01  0
-2.031790981570734e-01  3.431189224908398e-01  3.431189224908398e-01  3.431189224908398e-01  3.431189224908398e-01  0
-1.853894548765933e-01  3.028486526543299e-01  3.028486526543299e-01  3.028486526543299e-01  3.028486526543299e-01  0
-1.691574098476915e-01  2.527117807069858e-01  2.527117807069858e-01  2.527117807069858e-01  2.527117807069858e-01  0
-1.543465852759926e-01  2.475828784110202e-01  2.475828784110202e-01  2.475828784110202e-01  2.475828784110202e-01  0
-1.408325441244888e-01  2.551939187111859e-01  2.551939187111859e-01  2.551939187111859e-01  2.551939187111859e-01  0
-1.285017446230543e-01  2.513199529410534e-01  2.513199529410534e-01  2.513199529410534e-01  2.513199529410534e-01  0
-1.172505863174090e-01  2.337175682526323e-01  2.337175682526323e-01  2.337175682526323e-01  2.337175682526323e-01  0
-1.069845396426603e-01  2.039889537437662e-01  2.039889537437662e-01  2.039889537437662e-01  2.039889537437662e-01  0
-9.761735170830896e-02  2.025286895545925e-01  2.025286895545925e-01  2.025286895545925e-01  2.025286895545925e-01  0
-8.907032162190963e-02  1.896223871702680e-01  1.896223871702680e-01  1.896223871702680e-01  1.896223871702680e-01  0
-8.127163926282933e-02  1.782526059951042e-01  1.782526059951042e-01  1.782526059951042e-01  1.782526059951042e-01  0
-7.415578195063728e-02  1.710605185128200e-01  1.710605185128200e-01  1.710605185128200e-01  1.710605185128200e-01  0
-6.766296393907657e-02  1.675583894821226e-01  1.675583894821226e-01  1.675583894821226e-01  1.675583894821226e-01  0
-6.173863411039700e-02  1.939483917817009e-01  1.939483917817009e-01  1.939483917817009e-01  1.939483917817009e-01  0
-5.633301764979549e-02  2.016285081702084e-01  2.016285081702084e-01  2.016285081702084e-01  2.016285081702084e-01  0
-5.140069784922172e-02  2.078973120176329e-01  2.078973120176329e-01  2.078973120176329e-01  2.078973120176329e-01  0
-4.690023452696356e-02  2.065433799217231e-01  2.065433799217231e-01  2.065433799217231e-01  2.065433799217231e-01  0
-4.279381585706410e-02  1.940973980945808e-01  1.940973980945808e-01  1.940973980945808e-01  1.940973980945808e-01  0
-3.904694068332359e-02  2.427069518657201e-01  2.427069518657201e-01  2.427069518657201e-01  2.427069518657201e-01  0
-3.562812864876386e-02  2.143025165849576e-01  2.143025165849576e-01  2.143025165849576e-01  2.143025165849576e-01  0
-3.250865570513174e-02  1.807980950222162e-01  1.807980950222162e-01  1.807980950222162e-01  1.807980950222162e-01  0
-2.966231278025492e-02  1.485132413558081e-01  1.485132413558081e-01  1.485132413558081e-01  1.485132413558081e-01  0
-2.706518557563063e-02  1.218981580049045e-01  1.218981580049045e-01  1.218981580049045e-01  1.218981580049045e-01  0
-2.469545364415880e-02  2.515313966668653e-01  2.515313966668653e-01  2.515313966668653e-01  2.515313966668653e-01  0
-2.253320705991819e-02  2.579091738580712e-01  2.579091738580712e-01  2.579091738580712e-01  2.579091738580712e-01  0
-2.056027913968868e-02  2.660122689188912e-01  2.660122689188912e-01  2.660122689188912e-01  2.660122689188912e-01  0
-1.876009381078543e-02  2.681082781951151e-01  2.681082781951151e-01  2.681082781951151e-01  2.681082781951151e-01  0
-1.711752634282564e-02  2.583906296478612e-01  2.583906296478612e-01  2.583906296478612e-01  2.583906296478612e-01  0
-1.561877627332943e-02  3.259296561486503e-01  3.259296561486503e-01  3.259296561486503e-01  3.259296561486503e-01  0
-1.425125145950554e-02  2.928785710469224e-01  2.928785710469224e-01  2.928785710469224e-01  2.928785710469224e-01  0
-1.300346228205270e-02  2.518530322173664e-01  2.518530322173664e-01  2.518530322173664e-01  2.518530322173664e-01  0
-1.186492511210197e-02  2.095688562575920e-01  2.095688562575920e-01  2.095688562575920e-01  2.095688562575920e-01  0
-1.082607423025225e-02  1.715779071355258e-01  1.715779071355258e-01  1.715779071355258e-01  1.715779071355258e-01  0
-9.878181457663520e-03  3.119496717098632e-01  3.119496717098632e-01  3.119496717098632e-01  3.119496717098632e-01  0
-9.013282823967277e-03  3.220642666967385e-01  3.220642666967385e-01  3.220642666967385e-01  3.220642666967385e-01  0
-8.224111655875473e-03  3.365103792887145e-01  3.365103792887145e-01  3.365103792887145e-01  3.365103792887145e-01  0
-7.504037524314169e-03  3.451246757235244e-01  3.451246757235244e-01  3.451246757235244e-01  3.451246757235244e-01  0
-6.847010537130255e-03  3.397381678086729e-01  3.397381678086729e-01  3.397381678086729e-01  3.397381678086729e-01  0
-6.247510509331773e-03  3.959358792440223e-01  3.959358792440223e-01  3.959358792440223e-01  3.959358792440223e-01  0
-5.700500583802216e-03  3.698415885827487e-01  3.698415885827487e-01  3.698415885827487e-01  3.698415885827487e-01  0
-5.201384912821078e-03  3.323398124055877e-01  3.323398124055877e-01  3.323398124055877e-01  3.323398124055877e-01  0
-4.745970044840786e-03  2.927094411707589e-01  2.927094411707589e-01  2.927094411707589e-01  2.927094411707589e-01  0
-4.330429692100900e-03  2.589685211963029e-01  2.589685211963029e-01  2.589685211963029e-01  2.589685211963029e-01  0
-3.951272583065408e-03  3.564273753675676e-01  3.564273753675676e-01  3.564273753675676e-01  3.564273753675676e-01  0
-3.605313129586911e-03  3.614054968766667e-01  3.614054968766667e-01  3.614054968766667e-01  3.614054968766667e-01  0
-3.289644662350189e-03  3.791752007289675e-01  3.791752007289675e-01  3.791752007289675e-01  3.791752007289675e-01  0
-3.001615009725668e-03  3.964362268275195e-01  3.964362268275195e-01  3.964362268275195e-01  3.964362268275195e-01  0
-2.738804214852102e-03  4.004412277727886e-01  4.004412277727886e-01  4.004412277727886e-01  4.004412277727886e-01  0
-2.499004203732710e-03  5.191227523922283e-01  5.191227523922283e-01  5.191227523922283e-01  5.191227523922283e-01  0
-2.280200233520887e-03  4.866846112743031e-01  4.866846112743031e-01  4.866846112743031e-01  4.866846112743031e-01  0
-2.080553965128431e-03  4.361264113956057e-01  4.361264113956057e-01  4.361264113956057e-01  4.361264113956057e-01  0
-1.898388017936315e-03  3.811739955116363e-01  3.811739955116363e-01  3.811739955116363e-01  3.811739955116363e-01  0
-1.732171876840360e-03  3.353669760129278e-01  3.353669760129278e-01  3.353669760129278e-01  3.353669760129278e-01  0
-1.580509033226163e-03  4.786902043525541e-01  4.786902043525541e-01  4.786902043525541e-01  4.786902043525541e-01  0
-1.442125251834764e-03  4.740952282396729e-01  4.740952282396729e-01  4.740952282396729e-01  4.740952282396729e-01  0
-1.315857864940076e-03  4.917421908789480e-01  4.917421908789480e-01  4.917421908789480e-01  4.917421908789480e-01  0
-1.200646003890267e-03  5.149774991975566e-01  5.149774991975566e-01  5.149774991975566e-01  5.149774991975566e-01  0
-1.095521685940841e-03  5.254755818190124e-01  5.254755818190124e-01  5.254755818190124e-01  5.254755818190124e-01  0
-9.996016814930839e-04  7.028863890986946e-01  7.028863890986946e-01  7.028863890986946e-01  7.028863890986946e-01  0
-9.120800934083548e-04  6.759558102906479e-01  6.759558102906479e-01  6.759558102906479e-01  6.759558102906479e-01  0
-8.322215860513725e-04  6.186230315738912e-01  6.186230315738912e-01  6.186230315738912e-01  6.186230315738912e-01  0
-7.593552071745259e-04  5.480075394989051e-01  5.480075394989051e-01  5.480075394989051e-01  5.480075394989051e-01  0
-6.928687507361442e-04  4.843347941882001e-01  4.843347941882001e-01  4.843347941882001e-01  4.843347941882001e-01  0
-6.322036132904654e-04  6.237385062418584e-01  6.237385062418584e-01  6.237385062418584e-01  6.237385062418584e-01  0
-5.768501007339059e-04  6.096243705313455e-01  6.096243705313455e-01  6.096243705313455e-01  6.096243705313455e-01  0
-5.263431459760304e-04  6.307837776841417e-01  6.307837776841417e-01  6.307837776841417e-01  6.307837776841417e-01  0
-4.802584015561070e-04  6.682405495581814e-01  6.682405495581814e-01  6.682405495581814e-01  6.682405495581814e-01  0
-4.382086743763364e-04  6.968396802521302e-01  6.968396802521302e-01  6.968396802521302e-01  6.968396802521302e-01  0
-3.998406725972335e-04  8.793695310609013e-01  8.793695310609013e-01  8.793695310609013e-01  8.793695310609013e-01  0
-3.648320373633419e-04  8.697627181037136e-01  8.697627181037136e-01  8.697627181037136e-01  8.697627181037136e-01  0
-3.328886344205490e-04  8.160548159994953e-01  8.160548159994953e-01  8.160548159994953e-01  8.160548159994953e-01  0
-3.037420828698103e-04  7.365589726259427e-01  7.365589726259427e-01  7.365589726259427e-01  7.365589726259427e-01  0
-2.771475002944577e-04  6.579773144767989e-01  6.579773144767989e-01  6.579773144767989e-01  6.579773144767989e-01  0
-2.528814453161862e-04  7.395949193939998e-01  7.395949193939998e-01  7.395949193939998e-01  7.395949193939998e-01  0
-2.307400402935623e-04  7.173238955277284e-01  7.173238955277284e-01  7.173238955277284e-01  7.173238955277284e-01  0
-2.105372583904122e-04  7.425950947278159e-01  7.425950947278159e-01  7.425950947278159e-01  7.425950947278159e-01  0
-1.921033606224428e-04  7.971568015020494e-01  7.971568015020494e-01  7.971568015020494e-01  7.971568015020494e-01  0
-1.752834697505346e-04  8.509164845303329e-01  8.509164845303329e-01  8.509164845303329e-01  8.509164845303329e-01  0
-1.599362690388934e-04  9.906313163555952e-01  9.906313163555952e-01  9.906313163555952e-01  9.906313163555952e-01  0
-1.459328149453367e-04  1.002166618202852e+00  1.002166618202852e+00  1.002166618202852e+00  1.002166618202852e+00  0
-1.331554537682196e-04  9.592842285843394e-01  9.592842285843394e-01  9.592842285843394e-01  9.592842285843394e-01  0
-1.214968331479241e-04  8.783743526135648e-01  8.783743526135648e-01  8.783743526135648e-01  8.783743526135648e-01  0
-1.108590001177830e-04  7.894655916854053e-01  7.894655916854053e-01  7.894655916854053e-01  7.894655916854053e-01  0
-1.011525781264745e-04  8.025684946504859e-01  8.025684946504859e-01  8.025684946504859e-01  8.025684946504859e-01  0
-9.229601611742493e-05  7.724793120160284e-01  7.724793120160284e-01  7.724793120160284e-01  7.724793120160284e-01  0
-8.421490335616486e-05  7.983427531056249e-01  7.983427531056249e-01  7.983427531056249e-01  7.983427531056249e-01  0
-7.684134424897711e-05  8.646566746151311e-01  8.646566746151311e-01  8.646566746151311e-01  8.646566746151311e-01  0
-7.011338790021382e-05  9.396975774766376e-01  9.396975774766376e-01  9.396975774766376e-01  9.396975774766376e-01  0
-6.397450761555736e-05  1.045076987536579e+00  1.045076987536579e+00  1.045076987536579e+00  1.045076987536579e+00  0
-5.837312597813469e-05  1.072027809644571e+00  1.072027809644571e+00  1.072027809644571e+00  1.072027809644571e+00  0
-5.326218150728784e-05  1.039119404421179e+00  1.039119404421179e+00  1.039119404421179e+00  1.039119404421179e+00  0
-4.859873325916965e-05  9.602685802676879e-01  9.602685802676879e-01  9.602685802676879e-01  9.602685802676879e-01  0
-4.434360004711322e-05  8.665049143768224e-01  8.665049143768224e-01  8.665049143768224e-01  8.665049143768224e-01  0
-4.046103125058979e-05  8.325744834485903e-01  8.325744834485903e-01  8.325744834485903e-01  8.325744834485903e-01  0
-3.691840644696997e-05  7.962793595334585e-01  7.962793595334585e-01  7.962793595334585e-01  7.962793595334585e-01  0
-3.368596134246595e-05  8.204252313442952e-01  8.204252313442952e-01  8.204252313442952e-01  8.204252313442952e-01  0
-3.073653769959084e-05  8.920217944015598e-01  8.920217944015598e-01  8.920217944015598e-01  8.920217944015598e-01  0
-2.804535516008553e-05  9.793714418248551e-01  9.793714418248551e-01  9.793714418248551e-01  9.793714418248551e-01  0
-2.558980304622295e-05  1.069989509344005e+00  1.069989509344005e+00  1.069989509344005e+00  1.069989509344005e+00  0
-2.334925039125388e-05  1.105604032635084e+00  1.105604032635084e+00  1.105604032635084e+00  1.105604032635084e+00  0
-2.130487260291513e-05  1.078521485850729e+00  1.078521485850729e+00  1.078521485850729e+00  1.078521485850729e+00  0
-1.943949330366786e-05  1.000747473276415e+00  1.000747473276415e+00  1.000747473276415e+00  1.000747473276415e+00  0
-1.773744001884529e-05  9.032762263867620e-01  9.032762263867620e-01  9.032762263867620e-01  9.032762263867620e-01  0
-1.618441250023591e-05  8.462391910468252e-01  8.462391910468252e-01  8.462391910468252e-01  8.462391910468252e-01  0
-1.476736257878799e-05  8.062480935946403e-01  8.062480935946403e-01  8.062480935946403e-01  8.062480935946403e-01  0
-1.347438453698638e-05  8.289049982181347e-01  8.289049982181347e-01  8.289049982181347e-01  8.289049982181347e-01  0
-1.229461507983634e-05  9.027740871934391e-01  9.027740871934391e-01  9.027740871934391e-01  9.027740871934391e-01  0
-1.121814206403421e-05  9.964643665608894e-01  9.964643665608894e-01  9.964643665608894e-01  9.964643665608894e-01  0
-1.023592121848918e-05  1.081379375963384e+00  1.081379375963384e+00  1.081379375963384e+00  1.081379375963384e+00  0
-9.339700156501553e-06  1.121380183491015e+00  1.121380183491015e+00  1.121380183491015e+00  1.121380183491015e+00  0
-8.521949041166055e-06  1.097288499325570e+00  1.097288499325570e+00  1.097288499325570e+00  1.097288499325570e+00  0
-7.775797321467145e-06  1.020042632071934e+00  1.020042632071934e+00  1.020042632071934e+00  1.020042632071934e+00  0
-7.094976007538116e-06  9.204864628480758e-01  9.204864628480758e-01  9.204864628480758e-01  9.204864628480758e-01  0
-6.473765000094365e-06  8.520604699941313e-01  8.520604699941313e-01  8.520604699941313e-01  8.520604699941313e-01  0
-5.906945031515196e-06  8.102999821217788e-01  8.102999821217788e-01  8.102999821217788e-01  8.102999821217788e-01  0
-5.389753814794551e-06  8.322313115136468e-01  8.322313115136468e-01  8.322313115136468e-01  8.322313115136468e-01  0
-4.917846031934535e-06  9.072021252834289e-01  9.072021252834289e-01  9.072021252834289e-01  9.072021252834289e-01  0
-4.487256825613684e-06  1.004024019461069e+00  1.004024019461069e+00  1.004024019461069e+00  1.004024019461069e+00  0
-4.094368487395672e-06  1.086257348641781e+00  1.086257348641781e+00  1.086257348641781e+00  1.086257348641781e+00  0
-3.735880062600621e-06  1.128252520022266e+00  1.128252520022266e+00  1.128252520022266e+00  1.128252520022266e+00  0
-3.408779616466422e-06  1.105527576974419e+00  1.105527576974419e+00  1.105527576974419e+00  1.105527576974419e+00  0
-3.110318928586858e-06  1.028516260619725e+00  1.028516260619725e+00  1.028516260619725e+00  1.028516260619725e+00  0
-2.837990403015247e-06  9.279714509653337e-01  9.279714509653337e-01  9.279714509653337e-01  9.279714509653337e-01  0
-2.589506000037746e-06  8.544306114006297e-01  8.544306114006297e-01  8.544306114006297e-01  8.544306114006297e-01  0
-2.362778012606078e-06  8.118832708642670e-01  8.118832708642670e-01  8.118832708642670e-01  8.118832708642670e-01  0
-2.155901525917820e-06  8.334890718542720e-01  8.334890718542720e-01  8.334890718542720e-01  8.334890718542720e-01  0
-1.967138412773814e-06  9.089502682946512e-01  9.089502682946512e-01  9.089502682946512e-01  9.089502682946512e-01  0
-1.794902730245474e-06  1.007180442514635e+00  1.007180442514635e+00  1.007180442514635e+00  1.007180442514635e+00  0
-1.637747394958271e-06  1.088304070256076e+00  1.088304070256076e+00  1.088304070256076e+00  1.088304070256076e+00  0
-1.494352025040251e-06  1.131145963142887e+00  1.131145963142887e+00  1.131145963142887e+00  1.131145963142887e+00  0
-1.363511846586571e-06  1.108997197072662e+00  1.108997197072662e+00  1.108997197072662e+00  1.108997197072662e+00  0
-1.244127571434745e-06  1.032072782172870e+00  1.032072782172870e+00  1.032072782172870e+00  1.032072782172870e+00  0
-1.135196161206100e-06  9.310835230397988e-01  9.310835230397988e-01  9.310835230397988e-01  9.310835230397988e-01  0
-1.035802400015100e-06  8.554021327601111e-01  8.554021327601111e-01  8.554021327601111e-01  8.554021327601111e-01  0
-9.451112050424327e-07  8.125249174156473e-01  8.125249174156473e-01  8.125249174156473e-01  8.125249174156473e-01  0
-8.623606103671294e-07  8.339964594429871e-01  8.339964594429871e-01  8.339964594429871e-01  8.339964594429871e-01  0
-7.868553651095268e-07  9.096688286036266e-01  9.096688286036266e-01  9.096688286036266e-01  9.096688286036266e-01  0
-7.179610920981906e-07  1.008499706265432e+00  1.008499706265432e+00  1.008499706265432e+00  1.008499706265432e+00  0
-6.550989579833085e-07  1.089163224530257e+00  1.089163224530257e+00  1.089163224530257e+00  1.089163224530257e+00  0
-5.977408100161003e-07  1.132353570109775e+00  1.132353570109775e+00  1.132353570109775e+00  1.132353570109775e+00  0
-5.454047386346284e-07  1.110439770690527e+00  1.110439770690527e+00  1.110439770690527e+00  1.110439770690527e+00  0
-4.976510285738981e-07  1.033546497344081e+00  1.033546497344081e+00  1.033546497344081e+00  1.033546497344081e+00  0
-4.540784644824401e-07  9.323675087419737e-01  9.323675087419737e-01  9.323675087419737e-01  9.323675087419737e-01  0
-4.143209600060400e-07  8.558106402548649e-01  8.558106402548649e-01  8.558106402548649e-01  8.558106402548649e-01  0
-3.780444820169731e-07  8.127985365979536e-01  8.127985365979536e-01  8.127985365979536e-01  8.127985365979536e-01  0
-3.449442441468518e-07  8.342167572267907e-01  8.342167572267907e-01  8.342167572267907e-01  8.342167572267907e-01  0
-3.147421460438107e-07  9.099784832020791e-01  9.099784832020791e-01  9.099784832020791e-01  9.099784832020791e-01  0
-2.871844368392763e-07  1.009058960942454e+00  1.009058960942454e+00  1.009058960942454e+00  1.009058960942454e+00  0
-2.620395831933234e-07  1.089533630976165e+00  1.089533630976165e+00  1.089533630976165e+00  1.089533630976165e+00  0
-2.390963240064401e-07  1.132865817338425e+00  1.132865817338425e+00  1.132865817338425e+00  1.132865817338425e+00  0
-2.181618954538513e-07  1.111046386938235e+00  1.111046386938235e+00  1.111046386938235e+00  1.111046386938235e+00  0
-1.990604114295592e-07  1.034163595216891e+00  1.034163595216891e+00  1.034163595216891e+00  1.034163595216891e+00  0
-1.816313857929761e-07  9.329049421238133e-01  9.329049421238133e-01  9.329049421238133e-01  9.329049421238133e-01  0
-1.657283840024160e-07  8.559928208201829e-01  8.559928208201829e-01  8.559928208201829e-01  8.559928208201829e-01  0
-1.512177928067893e-07  8.129255471892376e-01  8.129255471892376e-01  8.129255471892376e-01  8.129255471892376e-01  0
-1.379776976587407e-07  8.343229558464518e-01  8.343229558464518e-01  8.343229558464518e-01  8.343229558464518e-01  0
-1.258968584175243e-07  9.101226852961221e-01  9.101226852961221e-01  9.101226852961221e-01  9.101226852961221e-01  0
-1.148737747357105e-07  1.009306428442478e+00  1.009306428442478e+00  1.009306428442478e+00  1.009306428442478e+00  0
-1.048158332773293e-07  1.089705851710820e+00  1.089705851710820e+00  1.089705851710820e+00  1.089705851710820e+00  0
-9.563852960257603e-08  1.133095965218536e+00  1.133095965218536e+00  1.133095965218536e+00  1.133095965218536e+00  0
-8.726475818154052e-08  1.111313956725246e+00  1.111313956725246e+00  1.111313956725246e+00  1.111313956725246e+00  0
-7.962416457182368e-08  1.034433653474340e+00  1.034433653474340e+00  1.034433653474340e+00  1.034433653474340e+00  0
-7.265255431719042e-08  9.331407014248191e-01  9.331407014248191e-01  9.331407014248191e-01  9.331407014248191e-01  0
-6.629135360096640e-08  8.560841845837971e-01  8.560841845837971e-01  8.560841845837971e-01  8.560841845837971e-01  0
-6.048711712271569e-08  8.129938782328699e-01  8.129938782328699e-01  8.129938782328699e-01  8.129938782328699e-01  0
-5.519107906349629e-08  8.343834436035803e-01  8.343834436035803e-01  8.343834436035803e-01  8.343834436035803e-01  0
-5.035874336700971e-08  9.102001224722569e-01  9.102001224722569e-01  9.102001224722569e-01  9.102001224722569e-01  0
-4.594950989428420e-08  1.009427531547718e+00  1.009427531547718e+00  1.009427531547718e+00  1.009427531547718e+00  0
-4.192633331093174e-08  1.089798282615342e+00  1.089798282615342e+00  1.089798282615342e+00  1.089798282615342e+00  0
-3.825541184103042e-08  1.133212544180664e+00  1.133212544180664e+00  1.133212544180664e+00  1.133212544180664e+00  0
-3.490590327261621e-08  1.111445061186448e+00  1.111445061186448e+00  1.111445061186448e+00  1.111445061186448e+00  0
-3.184966582872947e-08  1.034564093844567e+00  1.034564093844567e+00  1.034564093844567e+00  1.034564093844567e+00  0
-2.906102172687617e-08  9.332552055119339e-01  9.332552055119339e-01  9.332552055119339e-01  9.332552055119339e-01  0
-2.651654144038656e-08  8.561391472631052e-01  8.561391472631052e-01  8.561391472631052e-01  8.561391472631052e-01  0
-2.419484684908628e-08  8.130386974698434e-01  8.130386974698434e-01  8.130386974698434e-01  8.130386974698434e-01  0
-2.207643162539852e-08  8.344255915571624e-01  8.344255915571624e-01  8.344255915571624e-01  8.344255915571624e-01  0
-2.014349734680389e-08  9.102507023600774e-01  9.102507023600774e-01  9.102507023600774e-01  9.102507023600774e-01  0
-1.837980395771368e-08  1.009497751016456e+00  1.009497751016456e+00  1.009497751016456e+00  1.009497751016456e+00  0
-1.677053332437270e-08  1.089858689999636e+00  1.089858689999636e+00  1.089858689999636e+00  1.089858689999636e+00  0
-1.530216473641217e-08  1.133283551420287e+00  1.133283551420287e+00  1.133283551420287e+00  1.133283551420287e+00  0
-1.396236130904649e-08  1.111521415523021e+00  1.111521415523021e+00  1.111521415523021e+00  1.111521415523021e+00  0
-1.273986633149179e-08  1.034638530034606e+00  1.034638530034606e+00  1.034638530034606e+00  1.034638530034606e+00  0
-1.162440869075047e-08  9.333210845368638e-01  9.333210845368638e-01  9.333210845368638e-01  9.333210845368638e-01  0
-1.060661657615463e-08  8.561795322279212e-01  8.561795322279212e-01  8.561795322279212e-01  8.561795322279212e-01  0
-9.677938739634512e-09  8.130740966902941e-01  8.130740966902941e-01  8.130740966902941e-01  8.130740966902941e-01  0
-8.830572650159406e-09  8.344603816484191e-01  8.344603816484191e-01  8.344603816484191e-01  8.344603816484191e-01  0
-8.057398938721554e-09  9.102904975415225e-01  9.102904975415225e-01  9.102904975415225e-01  9.102904975415225e-01  0
-7.351921583085473e-09  1.009547541097534e+00  1.009547541097534e+00  1.009547541097534e+00  1.009547541097534e+00  0
-6.708213329749079e-09  1.089906264706126e+00  1.089906264706126e+00  1.089906264706126e+00  1.089906264706126e+00  0
-6.120865894564868e-09  1.133336299673455e+00  1.133336299673455e+00  1.133336299673455e+00  1.133336299673455e+00  0
-5.584944523618594e-09  1.111575835010131e+00  1.111575835010131e+00  1.111575835010131e+00  1.111575835010131e+00  0
-5.095946532596716e-09  1.034690528906357e+00  1.034690528906357e+00  1.034690528906357e+00  1.034690528906357e+00  0
-4.649763476300187e-09  9.333674800204309e-01  9.333674800204309e-01  9.333674800204309e-01  9.333674800204309e-01  0
-4.242646630461849e-09  8.562140947992060e-01  8.562140947992060e-01  8.562140947992060e-01  8.562140947992060e-01  0
-3.871175495853804e-09  8.131057311624028e-01  8.131057311624028e-01  8.131057311624028e-01  8.131057311624028e-01  0
-3.532229060063762e-09  8.344922259989906e-01  8.344922259989906e-01  8.344922259989906e-01  8.344922259989906e-01  0
-3.222959575488621e-09  9.103259695179896e-01  9.103259695179896e-01  9.103259695179896e-01  9.103259695179896e-01  0
-2.940768633234189e-09  1.009589142321351e+00  1.009589142321351e+00  1.009589142321351e+00  1.009589142321351e+00  0
-2.683285331899631e-09  1.089948708092461e+00  1.089948708092461e+00  1.089948708092461e+00  1.089948708092461e+00  0
-2.448346357825947e-09  1.133381742297088e+00  1.133381742297088e+00  1.133381742297088e+00  1.133381742297088e+00  0
-2.233977809447438e-09  1.111621472241660e+00  1.111621472241660e+00  1.111621472241660e+00  1.111621472241660e+00  0
-2.038378613038686e-09  1.034733534181937e+00  1.034733534181937e+00  1.034733534181937e+00  1.034733534181937e+00  0
-1.859905390520075e-09  9.334060468095889e-01  9.334060468095889e-01  9.334060468095889e-01  9.334060468095889e-01  0
-1.697058652184740e-09  8.562463732526052e-01  8.562463732526052e-01  8.562463732526052e-01  8.562463732526052e-01  0
-1.548470198341522e-09  8.131358890199057e-01  8.131358890199057e-01  8.131358890199057e-01  8.131358890199057e-01  0
-1.412891624025505e-09  8.345229093349679e-01  8.345229093349679e-01  8.345229093349679e-01  8.345229093349679e-01  0
-1.289183830195449e-09  9.103597214932333e-01  9.103597214932333e-01  9.103597214932333e-01  9.103597214932333e-01  0
-1.176307453293676e-09  1.009627472654611e+00  1.009627472654611e+00  1.009627472654611e+00  1.009627472654611e+00  0
-1.073314132759852e-09  1.089989116917846e+00  1.089989116917846e+00  1.089989116917846e+00  1.089989116917846e+00  0
-9.793385431303785e-10  1.133424262820336e+00  1.133424262820336e+00  1.133424262820336e+00  1.133424262820336e+00  0
-8.935911237789750e-10  1.111663559693346e+00  1.111663559693346e+00  1.111663559693346e+00  1.111663559693346e+00  0
-8.153514452154745e-10  1.034772836770646e+00  1.034772836770646e+00  1.034772836770646e+00  1.034772836770646e+00  0
-7.439621562080298e-10  9.334412626833838e-01  9.334412626833838e-01  9.334412626833838e-01  9.334412626833838e-01  0
-6.788234608738959e-10  8.562778851025811e-01  8.562778851025811e-01  8.562778851025811e-01  8.562778851025811e-01  0
-6.193880793366086e-10  8.131655566637259e-01  8.131655566637259e-01  8.131655566637259e-01  8.131655566637259e-01  0
-5.651566496102019e-10  8.345531939083211e-01  8.345531939083211e-01  8.345531939083211e-01  8.345531939083211e-01  0
-5.156735320781795e-10  9.103928296922547e-01  9.103928296922547e-01  9.103928296922547e-01  9.103928296922547e-01  0
-4.705229813174702e-10  1.009664528641750e+00  1.009664528641750e+00  1.009664528641750e+00  1.009664528641750e+00  0
-4.293256531039410e-10  1.090028604161560e+00  1.090028604161560e+00  1.090028604161560e+00  1.090028604161560e+00  0
-3.917354172521515e-10  1.133465258332349e+00  1.133465258332349e+00  1.133465258332349e+00  1.133465258332349e+00  0
-3.574364495115900e-10  1.111703374147542e+00  1.111703374147542e+00  1.111703374147542e+00  1.111703374147542e+00  0
-3.261405780861898e-10  1.034808890158155e+00  1.034808890158155e+00  1.034808890158155e+00  1.034808890158155e+00  0
-2.975848624832120e-10  9.334718312156401e-01  9.334718312156401e-01  9.334718312156401e-01  9.334718312156401e-01  0
-2.715293843495584e-10  8.563094751555187e-01  8.563094751555187e-01  8.563094751555187e-01  8.563094751555187e-01  0
-2.477552317346435e-10  8.131952952101305e-01  8.131952952101305e-01  8.131952952101305e-01  8.131952952101305e-01  0
-2.260626598440808e-10  8.345835104077217e-01  8.345835104077217e-01  8.345835104077217e-01  8.345835104077217e-01  0
-2.062694128312718e-10  9.104258408856933e-01  9.104258408856933e-01  9.104258408856933e-01  9.104258408856933e-01  0
-1.882091925269881e-10  1.009701237982225e+00  1.009701237982225e+00  1.009701237982225e+00  1.009701237982225e+00  0
1.882091925269881e-10  8.097058960328275e-01  8.097058960328275e-01  8.097058960328275e-01  8.097058960328275e-01  0
2.062694128312718e-10  8.354113442655366e-01  8.354113442655366e-01  8.354113442655366e-01  8.354113442655366e-01  0
2.260626598440808e-10  9.144607308188432e-01  9.144607308188432e-01  9.144607308188432e-01  9.144607308188432e-01  0
2.477552317346435e-10  1.016552887005808e+00  1.016552887005808e+00  1.016552887005808e+00  1.016552887005808e+00  0
2.715293843495584e-10  1.101599983101254e+00  1.101599983101254e+00  1.101599983101254e+00  1.101599983101254e+00  0
2.975848624832120e-10  1.136339554365307e+00  1.136339554365307e+00  1.136339554365307e+00  1.136339554365307e+00  0
3.261405780861898e-10  1.110962501008102e+00  1.110962501008102e+00  1.110962501008102e+00  1.110962501008102e+00  0
3.574364495115900e-10  1.031849362877441e+00  1.031849362877441e+00  1.031849362877441e+00  1.031849362877441e+00  0
3.917354172521515e-10  9.298705411372185e-01  9.298705411372185e-01  9.298705411372185e-01  9.298705411372185e-01  0
4.293256531039410e-10  8.453655826569840e-01  8.453655826569840e-01  8.453655826569840e-01  8.453655826569840e-01  0
4.705229813174702e-10  8.096763798427625e-01  8.096763798427625e-01  8.096763798427625e-01  8.096763798427625e-01  0
5.156735320781795e-10  8.353809474095768e-01  8.353809474095768e-01  8.353809474095768e-01  8.353809474095768e-01  0
5.651566496102019e-10  9.144274836443678e-01  9.144274836443678e-01  9.144274836443678e-01  9.144274836443678e-01  0
6.193880793366086e-10  1.016515968649972e+00  1.016515968649972e+00  1.016515968649972e+00  1.016515968649972e+00  0
6.788234608738959e-10  1.101560052706018e+00  1.101560052706018e+00  1.101560052706018e+00  1.101560052706018e+00  0
7.439621562080298e-10  1.136356832417325e+00  1.136356832417325e+00  1.136356832417325e+00  1.136356832417325e+00  0
8.153514452154745e-10  1.110948368945840e+00  1.110948368945840e+00  1.110948368945840e+00  1.110948368945840e+00  0
8.935911237789750e-10  1.031823194852301e+00  1.031823194852301e+00  1.031823194852301e+00  1.031823194852301e+00  0
9.793385431303785e-10  9.298416830764884e-01  9.298416830764884e-01  9.298416830764884e-01  9.298416830764884e-01  0
1.073314132759852e-09  8.453371497001771e-01  8.453371497001771e-01  8.453371497001771e-01  8.453371497001771e-01  0
1.176307453293676e-09  8.096486995202301e-01  8.096486995202301e-01  8.096486995202301e-01  8.096486995202301e-01  0
1.289183830195449e-09  8.353518390967146e-01  8.353518390967146e-01  8.353518390967146e-01  8.353518390967146e-01  0
1.412891624025505e-09  9.143951270333823e-01  9.143951270333823e-01  9.143951270333823e-01  9.143951270333823e-01  0
1.548470198341522e-09  1.016479736267674e+00  1.016479736267674e+00  1.016479736267674e+00  1.016479736267674e+00  0
1.697058652184740e-09  1.101520775718926e+00  1.101520775718926e+00  1.101520775718926e+00  1.101520775718926e+00  0
1.859905390520075e-09  1.136312632081617e+00  1.136312632081617e+00  1.136312632081617e+00  1.136312632081617e+00  0
2.038378613038686e-09  1.110908211545680e+00  1.110908211545680e+00  1.110908211545680e+00  1.110908211545680e+00  0
2.233977809447438e-09  1.031787456157289e+00  1.031787456157289e+00  1.031787456157289e+00  1.031787456157289e+00  0
2.448346357825947e-09  9.298101805544488e-01  9.298101805544488e-01  9.298101805544488e-01  9.298101805544488e-01  0
2.683285331899631e-09  8.453086162478328e-01  8.453086162478328e-01  8.453086162478328e-01  8.453086162478328e-01  0
2.940768633234189e-09  8.096232478657377e-01  8.096232478657377e-01  8.096232478657377e-01  8.096232478657377e-01  0
3.222959575488621e-09  8.353241872416551e-01  8.353241872416551e-01  8.353241872416551e-01  8.353241872416551e-01  0
3.532229060063762e-09  9.143636149477296e-01  9.143636149477296e-01  9.143636149477296e-01  9.143636149477296e-01  0
3.871175495853804e-09  1.016444046489740e+00  1.016444046489740e+00  1.016444046489740e+00  1.016444046489740e+00  0
4.242646630461849e-09  1.101482067619728e+00  1.101482067619728e+00  1.101482067619728e+00  1.101482067619728e+00  0
4.649763476300187e-09  1.136272687068507e+00  1.136272687068507e+00  1.136272687068507e+00  1.136272687068507e+00  0
5.095946532596716e-09  1.110871648090616e+00  1.110871648090616e+00  1.110871648090616e+00  1.110871648090616e+00  0
5.584944523618594e-09  1.031755224220053e+00  1.031755224220053e+00  1.031755224220053e+00  1.031755224220053e+00  0
6.120865894564868e-09  9.297820294081115e-01  9.297820294081115e-01  9.297820294081115e-01  9.297820294081115e-01  0
6.708213329749079e-09  8.452829603750920e-01  8.452829603750920e-01  8.452829603750920e-01  8.452829603750920e-01  0
7.351921583085473e-09  8.096031449554314e-01  8.096031449554314e-01  8.096031449554314e-01  8.096031449554314e-01  0
8.057398938721554e-09  8.352999663741473e-01  8.352999663741473e-01  8.352999663741473e-01  8.352999663741473e-01  0
8.830572650159406e-09  9.143339965104245e-01  9.143339965104245e-01  9.143339965104245e-01  9.143339965104245e-01  0
9.677938739634512e-09  1.016409476839666e+00  1.016409476839666e+00  1.016409476839666e+00  1.016409476839666e+00  0
1.060661657615463e-08  1.101444527991311e+00  1.101444527991311e+00  1.101444527991311e+00  1.101444527991311e+00  0
1.162440869075047e-08  1.136238207884902e+00  1.136238207884902e+00  1.136238207884902e+00  1.136238207884902e+00  0
1.273986633149179e-08  1.110841777771057e+00  1.110841777771057e+00  1.110841777771057e+00  1.110841777771057e+00  0
1.396236130904649e-08  1.031730794491248e+00  1.031730794491248e+00  1.031730794491248e+00  1.031730794491248e+00  0
1.530216473641217e-08  9.297618494802731e-01  9.297618494802731e-01  9.297618494802731e-01  9.297618494802731e-01  0
1.677053332437270e-08  8.452643015422586e-01  8.452643015422586e-01  8.452643015422586e-01  8.452643015422586e-01  0
1.837980395771368e-08  8.095963465719055e-01  8.095963465719055e-01  8.095963465719055e-01  8.095963465719055e-01  0
2.014349734680389e-08  8.352842550394487e-01  8.352842550394487e-01  8.352842550394487e-01  8.352842550394487e-01  0
2.207643162539852e-08  9.143090367076986e-01  9.143090367076986e-01  9.143090367076986e-01  9.143090367076986e-01  0
2.419484684908628e-08  1.016377621405613e+00  1.016377621405613e+00  1.016377621405613e+00  1.016377621405613e+00  0
2.651654144038656e-08  1.101409814656192e+00  1.101409814656192e+00  1.101409814656192e+00  1.101409814656192e+00  0
2.906102172687617e-08  1.136214438533235e+00  1.136214438533235e+00  1.136214438533235e+00  1.136214438533235e+00  0
3.184966582872947e-08  1.110827330653162e+00  1.110827330653162e+00  1.110827330653162e+00  1.110827330653162e+00  0
3.490590327261621e-08  1.031725322306564e+00  1.031725322306564e+00  1.031725322306564e+00  1.031725322306564e+00  0
3.825541184103042e-08  9.297613735767389e-01  9.297613735767389e-01  9.297613735767389e-01  9.297613735767389e-01  0
4.192633331093174e-08  8.452630373248307e-01  8.452630373248307e-01  8.452630373248307e-01  8.452630373248307e-01  0
4.594950989428420e-08  8.096227883379957e-01  8.096227883379957e-01  8.096227883379957e-01  8.096227883379957e-01  0
5.035874336700971e-08  8.352897921960285e-01  8.352897921960285e-01  8.352897921960285e-01  8.352897921960285e-01  0
5.519107906349629e-08  9.142956879989951e-01  9.142956879989951e-01  9.142956879989951e-01  9.142956879989951e-01  0
6.048711712271569e-08  1.016352504794164e+00  1.016352504794164e+00  1.016352504794164e+00  1.016352504794164e+00  0
6.629135360096640e-08  1.101382112350281e+00  1.101382112350281e+00  1.101382112350281e+00  1.101382112350281e+00  0
7.265255431719042e-08  1.136216420179855e+00  1.136216420179855e+00  1.136216420179855e+00  1.136216420179855e+00  0
7.962416457182368e-08  1.110850966718585e+00  1.110850966718585e+00  1.110850966718585e+00  1.110850966718585e+00  0
8.726475818154052e-08  1.031767035962058e+00  1.031767035962058e+00  1.031767035962058e+00  1.031767035962058e+00  0
9.563852960257603e-08  9.298100724570664e-01  9.298100724570664e-01  9.298100724570664e-01  9.298100724570664e-01  0
1.048158332773293e-07  8.453052260736665e-01  8.453052260736665e-01  8.453052260736665e-01  8.453052260736665e-01  0
1.148737747357105e-07  8.097324314523259e-01  8.097324314523259e-01  8.097324314523259e-01  8.097324314523259e-01  0
1.258968584175243e-07  8.353485152630851e-01  8.353485152630851e-01  8.353485152630851e-01  8.353485152630851e-01  0
1.379776976587407e-07  9.143113786428495e-01  9.143113786428495e-01  9.143113786428495e-01  9.143113786428495e-01  0
1.512177928067893e-07  1.016344198540234e+00  1.016344198540234e+00  1.016344198540234e+00  1.016344198540234e+00  0
1.657283840024160e-07  1.101371871154235e+00  1.101371871154235e+00  1.101371871154235e+00  1.101371871154235e+00  0
1.816313857929761e-07  1.136282277968458e+00  1.136282277968458e+00  1.136282277968458e+00  1.136282277968458e+00  0
1.990604114295592e-07  1.110969550951189e+00  1.110969550951189e+00  1.110969550951189e+00  1.110969550951189e+00  0
2.181618954538513e-07  1.031926636589417e+00  1.031926636589417e+00  1.031926636589417e+00  1.031926636589417e+00  0
2.390963240064401e-07  9.299817527637455e-01  9.299817527637455e-01  9.299817527637455e-01  9.299817527637455e-01  0
2.620395831933234e-07  8.454561493350570e-01  8.454561493350570e-01  8.454561493350570e-01  8.454561493350570e-01  0
2.871844368392763e-07  8.100510457618417e-01  8.100510457618417e-01  8.100510457618417e-01  8.100510457618417e-01  0
3.147421460438107e-07  8.355409048918073e-01  8.355409048918073e-01  8.355409048918073e-01  8.355409048918073e-01  0
3.449442441468518e-07  9.144000231288623e-01  9.144000231288623e-01  9.144000231288623e-01  9.144000231288623e-01  0
3.780444820169731e-07  1.016377974798278e+00  1.016377974798278e+00  1.016377974798278e+00  1.016377974798278e+00  0
4.143209600060400e-07  1.101405161953096e+00  1.101405161953096e+00  1.101405161953096e+00  1.101405161953096e+00  0
4.540784644824401e-07  1.136507218222976e+00  1.136507218222976e+00  1.136507218222976e+00  1.136507218222976e+00  0
4.976510285738981e-07  1.111325278158326e+00  1.111325278158326e+00  1.111325278158326e+00  1.111325278158326e+00  0
5.454047386346284e-07  1.032381311199263e+00  1.032381311199263e+00  1.032381311199263e+00  1.032381311199263e+00  0
5.977408100161003e-07  9.304617291069659e-01  9.304617291069659e-01  9.304617291069659e-01  9.304617291069659e-01  0
6.550989579833085e-07  8.458799610315392e-01  8.458799610315392e-01  8.458799610315392e-01  8.458799610315392e-01  0
7.179610920981906e-07  8.108991289116780e-01  8.108991289116780e-01  8.108991289116780e-01  8.108991289116780e-01  0
7.868553651095268e-07  8.360726841365606e-01  8.360726841365606e-01  8.360726841365606e-01  8.360726841365606e-01  0
8.623606103671294e-07  9.146739947138546e-01  9.146739947138546e-01  9.146739947138546e-01  9.146739947138546e-01  0
9.451112050424327e-07  1.016517962572453e+00  1.016517962572453e+00  1.016517962572453e+00  1.016517962572453e+00  0
1.035802400015100e-06  1.101547143915238e+00  1.101547143915238e+00  1.101547143915238e+00  1.101547143915238e+00  0
1.135196161206100e-06  1.137128636578657e+00  1.137128636578657e+00  1.137128636578657e+00  1.137128636578657e+00  0
1.244127571434745e-06  1.112274387026797e+00  1.112274387026797e+00  1.112274387026797e+00  1.112274387026797e+00  0
1.363511846586571e-06  1.033577518372168e+00  1.033577518372168e+00  1.033577518372168e+00  1.033577518372168e+00  0
1.494352025040251e-06  9.317191083478266e-01  9.317191083478266e-01  9.317191083478266e-01  9.317191083478266e-01  0
1.637747394958271e-06  8.469937631281754e-01  8.469937631281754e-01  8.469937631281754e-01  8.469937631281754e-01  0
1.794902730245474e-06  8.131215862363745e-01  8.131215862363745e-01  8.131215862363745e-01  8.131215862363745e-01  0
1.967138412773814e-06  8.374911006320606e-01  8.374911006320606e-01  8.374911006320606e-01  8.374911006320606e-01  0
2.155901525917820e-06  9.154338684433920e-01  9.154338684433920e-01  9.154338684433920e-01  9.154338684433920e-01  0
2.362778012606078e-06  1.016932832455897e+00  1.016932832455897e+00  1.016932832455897e+00  1.016932832455897e+00  0
2.589506000037746e-06  1.101962284504899e+00  1.101962284504899e+00  1.101962284504899e+00  1.101962284504899e+00  0
2.837990403015247e-06  1.138745796117494e+00  1.138745796117494e+00  1.138745796117494e+00  1.138745796117494e+00  0
3.110318928586858e-06  1.114719407521153e+00  1.114719407521153e+00  1.114719407521153e+00  1.114719407521153e+00  0
3.408779616466422e-06  1.036660098757813e+00  1.036660098757813e+00  1.036660098757813e+00  1.036660098757813e+00  0
3.735880062600621e-06  9.349701198484961e-01  9.349701198484961e-01  9.349701198484961e-01  9.349701198484961e-01  0
4.094368487395672e-06  8.498892184101222e-01  8.498892184101222e-01  8.498892184101222e-01  8.498892184101222e-01  0
4.487256825613684e-06  8.191635670749120e-01  8.191635670749120e-01  8.191635670749120e-01  8.191635670749120e-01  0
4.917846031934535e-06  8.414260988872974e-01  8.414260988872974e-01  8.414260988872974e-01  8.414260988872974e-01  0
5.389753814794551e-06  9.175967708572618e-01  9.175967708572618e-01  9.175967708572618e-01  9.175967708572618e-01  0
5.906945031515196e-06  1.018124807422440e+00  1.018124807422440e+00  1.018124807422440e+00  1.018124807422440e+00  0
6.473765000094365e-06  1.103088492995993e+00  1.103088492995993e+00  1.103088492995993e+00  1.103088492995993e+00  0
7.094976007538116e-06  1.143060068624596e+00  1.143060068624596e+00  1.143060068624596e+00  1.143060068624596e+00  0
7.775797321467145e-06  1.121080169645185e+00  1.121080169645185e+00  1.121080169645185e+00  1.121080169645185e+00  0
8.521949041166055e-06  1.044735941173066e+00  1.044735941173066e+00  1.044735941173066e+00  1.044735941173066e+00  0
9.339700156501553e-06  9.435968278079664e-01  9.435968278079664e-01  9.435968278079664e-01  9.435968278079664e-01  0
1.023592121848918e-05  8.576781990581676e-01  8.576781990581676e-01  8.576781990581676e-01  8.576781990581676e-01  0
1.121814206403421e-05  8.362748883641659e-01  8.362748883641659e-01  8.362748883641659e-01  8.362748883641659e-01  0
1.229461507983634e-05  8.536846660889107e-01  8.536846660889107e-01  8.536846660889107e-01  8.536846660889107e-01  0
1.347438453698638e-05  9.249533205816655e-01  9.249533205816655e-01  9.249533205816655e-01  9.249533205816655e-01  0
1.476736257878799e-05  1.022298047794084e+00  1.022298047794084e+00  1.022298047794084e+00  1.022298047794084e+00  0
1.618441250023591e-05  1.106478831805708e+00  1.106478831805708e+00  1.106478831805708e+00  1.106478831805708e+00  0
1.773744001884529e-05  1.129712913480739e+00  1.129712913480739e+00  1.129712913480739e+00  1.129712913480739e+00  0
1.943949330366786e-05  1.120992770413556e+00  1.120992770413556e+00  1.120992770413556e+00  1.120992770413556e+00  0
2.130487260291513e-05  1.056098415574404e+00  1.056098415574404e+00  1.056098415574404e+00  1.056098415574404e+00  0
2.334925039125388e-05  9.621364059308922e-01  9.621364059308922e-01  9.621364059308922e-01  9.621364059308922e-01  0
2.558980304622295e-05  8.780464528580149e-01  8.780464528580149e-01  8.780464528580149e-01  8.780464528580149e-01  0
2.804535516008553e-05  8.006684277668592e-01  8.006684277668592e-01  8.006684277668592e-01  8.006684277668592e-01  0
3.073653769959084e-05  8.222586126908342e-01  8.222586126908342e-01  8.222586126908342e-01  8.222586126908342e-01  0
3.368596134246595e-05  8.955288989689815e-01  8.955288989689815e-01  8.955288989689815e-01  8.955288989689815e-01  0
3.691840644696997e-05  9.958658381204232e-01  9.958658381204232e-01  9.958658381204232e-01  9.958658381204232e-01  0
4.046103125058979e-05  1.086351219982444e+00  1.086351219982444e+00  1.086351219982444e+00  1.086351219982444e+00  0
4.434360004711322e-05  1.015916882963305e+00  1.015916882963305e+00  1.015916882963305e+00  1.015916882963305e+00  0
4.859873325916965e-05  1.027089885246872e+00  1.027089885246872e+00  1.027089885246872e+00  1.027089885246872e+00  0
5.326218150728784e-05  9.813356009072949e-01  9.813356009072949e-01  9.813356009072949e-01  9.813356009072949e-01  0
5.837312597813469e-05  9.047291044682683e-01  9.047291044682683e-01  9.047291044682683e-01  9.047291044682683e-01  0
6.397450761555736e-05  8.336031435731163e-01  8.336031435731163e-01  8.336031435731163e-01  8.336031435731163e-01  0
7.011338790021382e-05  7.809625031783468e-01  7.809625031783468e-01  7.809625031783468e-01  7.809625031783468e-01  0
7.684134424897711e-05  7.900881251449695e-01  7.900881251449695e-01  7.900881251449695e-01  7.900881251449695e-01  0
8.421490335616486e-05  8.451962252745280e-01  8.451962252745280e-01  8.451962252745280e-01  8.451962252745280e-01  0
9.229601611742493e-05  9.269651690961292e-01  9.269651690961292e-01  9.269651690961292e-01  9.269651690961292e-01  0
1.011525781264745e-04  1.003821915162458e+00  1.003821915162458e+00  1.003821915162458e+00  1.003821915162458e+00  0
1.108590001177830e-04  9.554492413345181e-01  9.554492413345181e-01  9.554492413345181e-01  9.554492413345181e-01  0
1.214968331479241e-04  9.748860558842911e-01  9.748860558842911e-01  9.748860558842911e-01  9.748860558842911e-01  0
1.331554537682196e-04  9.424913922213219e-01  9.424913922213219e-01  9.424913922213219e-01  9.424913922213219e-01  0
1.459328149453367e-04  8.778525512764725e-01  8.778525512764725e-01  8.778525512764725e-01  8.778525512764725e-01  0
1.599362690388934e-04  8.123092091805898e-01  8.123092091805898e-01  8.123092091805898e-01  8.123092091805898e-01  0
1.752834697505346e-04  7.350022869250381e-01  7.350022869250381e-01  7.350022869250381e-01  7.350022869250381e-01  0
1.921033606224428e-04  7.500676039001599e-01  7.500676039001599e-01  7.500676039001599e-01  7.500676039001599e-01  0
2.105372583904122e-04  7.992105742749357e-01  7.992105742749357e-01  7.992105742749357e-01  7.992105742749357e-01  0
2.307400402935623e-04  8.717965996136284e-01  8.717965996136284e-01  8.717965996136284e-01  8.717965996136284e-01  0
2.528814453161862e-04  9.445751811866446e-01  9.445751811866446e-01  9.445751811866446e-01  9.445751811866446e-01  0
2.771475002944577e-04  7.577982920267067e-01  7.577982920267067e-01  7.577982920267067e-01  7.577982920267067e-01  0
3.037420828698103e-04  8.000425806368934e-01  8.000425806368934e-01  8.000425806368934e-01  8.000425806368934e-01  0
3.328886344205490e-04  8.056658701627292e-01  8.056658701627292e-01  8.056658701627292e-01  8.056658701627292e-01  0
3.648320373633419e-04  7.832588298516773e-01  7.832588298516773e-01  7.832588298516773e-01  7.832588298516773e-01  0
3.998406725972335e-04  7.518039622217445e-01  7.518039622217445e-01  7.518039622217445e-01  7.518039622217445e-01  0
4.382086743763364e-04  5.511644559989937e-01  5.511644559989937e-01  5.511644559989937e-01  5.511644559989937e-01  0
4.802584015561070e-04  5.852988767339296e-01  5.852988767339296e-01  5.852988767339296e-01  5.852988767339296e-01  0
5.263431459760304e-04  6.319992448382152e-01  6.319992448382152e-01  6.319992448382152e-01  6.319992448382152e-01  0
5.768501007339059e-04  6.903703536788804e-01  6.903703536788804e-01  6.903703536788804e-01  6.903703536788804e-01  0
6.322036132904654e-04  7.511197775091423e-01  7.511197775091423e-01  7.511197775091423e-01  7.511197775091423e-01  0
6.928687507361442e-04  5.373434341533252e-01  5.373434341533252e-01  5.373434341533252e-01  5.373434341533252e-01  0
7.593552071745259e-04  5.661111706718791e-01  5.661111706718791e-01  5.661111706718791e-01  5.661111706718791e-01  0
8.322215860513725e-04  5.798977214506164e-01  5.798977214506164e-01  5.798977214506164e-01  5.798977214506164e-01  0
9.120800934083548e-04  5.820315515710893e-01  5.820315515710893e-01  5.820315515710893e-01  5.820315515710893e-01  0
9.996016814930839e-04  5.799855533543669e-01  5.799855533543669e-01  5.799855533543669e-01  5.799855533543669e-01  0
1.095521685940841e-03  4.238136568096454e-01  4.238136568096454e-01  4.238136568096454e-01  4.238136568096454e-01  0
1.200646003890267e-03  4.594175555531414e-01  4.594175555531414e-01  4.594175555531414e-01  4.594175555531414e-01  0
1.315857864940076e-03  4.925182406997536e-01  4.925182406997536e-01  4.925182406997536e-01  4.925182406997536e-01  0
1.442125251834764e-03  5.238883102602356e-01  5.238883102602356e-01  5.238883102602356e-01  5.238883102602356e-01  0
1.580509033226163e-03  5.523453987740115e-01  5.523453987740115e-01  5.523453987740115e-01  5.523453987740115e-01  0
1.732171876840360e-03  3.651013655271516e-01  3.651013655271516e-01  3.651013655271516e-01  3.651013655271516e-01  0
1.898388017936315e-03  3.819556114887249e-01  3.819556114887249e-01  3.819556114887249e-01  3.819556114887249e-01  0
2.080553965128431e-03  3.976305691423162e-01  3.976305691423162e-01  3.976305691423162e-01  3.976305691423162e-01  0
2.280200233520887e-03  4.135226375351932e-01  4.135226375351932e-01  4.135226375351932e-01  4.135226375351932e-01  0
2.499004203732710e-03  4.309015310493517e-01  4.309015310493517e-01  4.309015310493517e-01  4.309015310493517e-01  0
2.738804214852102e-03  7.974454741955647e-01  7.974454741955647e-01  7.974454741955647e-01  7.974454741955647e-01  0
3.001615009725668e-03  7.376234773720703e-01  7.376234773720703e-01  7.376234773720703e-01  7.376234773720703e-01  0
3.289644662350189e-03  6.628219822549204e-01  6.628219822549204e-01  6.628219822549204e-01  6.628219822549204e-01  0
3.605313129586911e-03  5.876075931842164e-01  5.876075931842164e-01  5.876075931842164e-01  5.876075931842164e-01  0
3.951272583065408e-03  5.229248800387775e-01  5.229248800387775e-01  5.229248800387775e-01  5.229248800387775e-01  0
4.330429692100900e-03  1.046826071983273e+00  1.046826071983273e+00  1.046826071983273e+00  1.046826071983273e+00  0
4.745970044840786e-03  1.053234856495611e+00  1.053234856495611e+00  1.053234856495611e+00  1.053234856495611e+00  0
5.201384912821078e-03  1.038245631964376e+00  1.038245631964376e+00  1.038245631964376e+00  1.038245631964376e+00  0
5.700500583802216e-03  1.004447058256525e+00  1.004447058256525e+00  1.004447058256525e+00  1.004447058256525e+00  0
6.247510509331773e-03  9.532782413286807e-01  9.532782413286807e-01  9.532782413286807e-01  9.532782413286807e-01  0
6.847010537130255e-03  9.441173881835218e-01  9.441173881835218e-01  9.441173881835218e-01  9.441173881835218e-01  0
7.504037524314169e-03  1.035752959342980e+00  1.035752959342980e+00  1.035752959342980e+00  1.035752959342980e+00  0
8.224111655875473e-03  1.102176905026495e+00  1.102176905026495e+00  1.102176905026495e+00  1.102176905026495e+00  0
9.013282823967277e-03  1.141664984122973e+00  1.141664984122973e+00  1.141664984122973e+00  1.141664984122973e+00  0
9.878181457663520e-03  1.156153908946157e+00  1.156153908946157e+00  1.156153908946157e+00  1.156153908946157e+00  0
1.082607423025225e-02  7.364442170482187e-01  7.364442170482187e-01  7.364442170482187e-01  7.364442170482187e-01  0
1.186492511210197e-02  7.779672533843863e-01  7.779672533843863e-01  7.779672533843863e-01  7.779672533843863e-01  0
1.300346228205270e-02  8.259836384237385e-01  8.259836384237385e-01  8.259836384237385e-01  8.259836384237385e-01  0
1.425125145950554e-02  8.858319214618826e-01  8.858319214618826e-01  8.858319214618826e-01  8.858319214618826e-01  0
1.561877627332943e-02  9.560389551889291e-01  9.560389551889291e-01  9.560389551889291e-01  9.560389551889291e-01  0
1.711752634282564e-02  7.351320632933471e-01  7.351320632933471e-01  7.351320632933471e-01  7.351320632933471e-01  0
1.876009381078543e-02  8.063916500841547e-01  8.063916500841547e-01  8.063916500841547e-01  8.063916500841547e-01  0
2.056027913968868e-02  8.487453641921635e-01  8.487453641921635e-01  8.487453641921635e-01  8.487453641921635e-01  0
2.253320705991819e-02  8.637079436616083e-01  8.637079436616083e-01  8.637079436616083e-01  8.637079436616083e-01  0
2.469545364415880e-02  8.586996828759911e-01  8.586996828759911e-01  8.586996828759911e-01  8.586996828759911e-01  0
2.706518557563063e-02  6.013733586031761e-01  6.013733586031761e-01  6.013733586031761e-01  6.013733586031761e-01  0
2.966231278025492e-02  6.237550837873650e-01  6.237550837873650e-01  6.237550837873650e-01  6.237550837873650e-01  0
3.250865570513174e-02  6.559876376951158e-01  6.559876376951158e-01  6.559876376951158e-01  6.559876376951158e-01  0
3.562812864876386e-02  7.009717052720446e-01  7.009717052720446e-01  7.009717052720446e-01  7.009717052720446e-01  0
3.904694068332359e-02  7.546355559399516e-01  7.546355559399516e-01  7.546355559399516e-01  7.546355559399516e-01  0
4.279381585706410e-02  7.074665103207219e-01  7.074665103207219e-01  7.074665103207219e-01  7.074665103207219e-01  0
4.690023452696356e-02  7.913285875870161e-01  7.913285875870161e-01  7.913285875870161e-01  7.913285875870161e-01  0
5.140069784922172e-02  8.361923201555543e-01  8.361923201555543e-01  8.361923201555543e-01  8.361923201555543e-01  0
5.633301764979549e-02  8.416546338924319e-01  8.416546338924319e-01  8.416546338924319e-01  8.416546338924319e-01  0
6.173863411039700e-02  8.179239993161219e-01  8.179239993161219e-01  8.179239993161219e-01  8.179239993161219e-01  0
6.766296393907657e-02  1.065260328577024e+00  1.065260328577024e+00  1.065260328577024e+00  1.065260328577024e+00  0
7.415578195063728e-02  1.005046936838120e+00  1.005046936838120e+00  1.005046936838120e+00  1.005046936838120e+00  0
8.127163926282933e-02  9.415430323299576e-01  9.415430323299576e-01  9.415430323299576e-01  9.415430323299576e-01  0
8.907032162190963e-02  8.976038353213913e-01  8.976038353213913e-01  8.976038353213913e-01  8.976038353213913e-01  0
9.761735170830896e-02  8.818763327534206e-01  8.818763327534206e-01  8.818763327534206e-01  8.818763327534206e-01  0
1.069845396426603e-01  1.194088820899292e+00  1.194088820899292e+00  1.194088820899292e+00  1.194088820899292e+00  0
1.172505863174090e-01  1.366860782698818e+00  1.366860782698818e+00  1.366860782698818e+00  1.366860782698818e+00  0
1.285017446230543e-01  1.479174359974018e+00  1.479174359974018e+00  1.479174359974018e+00  1.479174359974018e+00  0
1.408325441244888e-01  1.512464857788723e+00  1.512464857788723e+00  1.512464857788723e+00  1.512464857788723e+00  0
1.543465852759926e-01  1.465548316277335e+00  1.465548316277335e+00  1.465548316277335e+00  1.465548316277335e+00  0
1.691574098476915e-01  1.759830261380626e+00  1.759830261380626e+00  1.759830261380626e+00  1.759830261380626e+00  0
1.853894548765933e-01  2.108708864543072e+00  2.108708864543072e+00  2.108708864543072e+00  2.108708864543072e+00  0
2.031790981570734e-01  2.375203730818734e+00  2.375203730818734e+00  2.375203730818734e+00  2.375203730818734e+00  0
2.226758040547742e-01  2.532334799954793e+00  2.532334799954793e+00  2.532334799954793e+00  2.532334799954793e+00  0
2.440433792707725e-01  2.576805950112252e+00  2.576805950112252e+00  2.576805950112252e+00  2.576805950112252e+00  0
2.674613491066507e-01  2.547420020369685e-01  2.547420020369685e-01  2.547420020369685e-01  2.547420020369685e-01  0
2.931264657935224e-01  4.323317181533601e-01  4.323317181533601e-01  4.323317181533601e-01  4.323317181533601e-01  0
3.212543615576358e-01  6.837755623474298e-01  6.837755623474298e-01  6.837755623474298e-01  6.837755623474298e-01  0
3.520813603112219e-01  1.006469875675429e+00  1.006469875675429e+00  1.006469875675429e+00  1.006469875675429e+00  0
3.858664631899814e-01  1.379198454654851e+00  1.379198454654851e+00  1.379198454654851e+00  1.379198454654851e+00  0
4.228935246192288e-01  5.957303189696352e-02  5.957303189696352e-02  5.957303189696352e-02  5.957303189696352e-02  0
4.634736371914833e-01  7.830687447587351e-02  7.830687447587351e-02  7.830687447587351e-02  7.830687447587351e-02  0
5.079477453926836e-01  1.027283000148752e-01  1.027283000148752e-01  1.027283000148752e-01  1.027283000148752e-01  0
5.566895101369356e-01  1.397781346991571e-01  1.397781346991571e-01  1.397781346991571e-01  1.397781346991571e-01  0
6.101084481769313e-01  2.020044612811825e-01  2.020044612811825e-01  2.020044612811825e-01  2.020044612811825e-01  0
6.686533727666268e-01  6.812088365343790e-03  6.812088365343790e-03  6.812088365343790e-03  6.812088365343790e-03  0
7.328161644838059e-01  1.209855704517058e-02  1.209855704517058e-02  1.209855704517058e-02  1.209855704517058e-02  0
8.031359038940896e-01  1.995693268765177e-02  1.995693268765177e-02  1.995693268765177e-02  1.995693268765177e-02  0
8.802034007780548e-01  3.063304482705619e-02  3.063304482705619e-02  3.063304482705619e-02  3.063304482705619e-02  0
9.646661579749536e-01  4.395721685707824e-02  4.395721685707824e-02  4.395721685707824e-02  4.395721685707824e-02  0
1.057233811548072e+00  1.240554181887513e-04  1.240554181887513e-04  1.240554181887513e-04  1.240554181887513e-04  0
1.158684092978708e+00  2.819643210963813e-04  2.819643210963813e-04  2.819643210963813e-04  2.819643210963813e-04  0
1.269869363481709e+00  6.435869737901026e-04  6.435869737901026e-04  6.435869737901026e-04  6.435869737901026e-04  0
1.391723775342339e+00  1.440524965413659e-03  1.440524965413659e-03  1.440524965413659e-03  1.440524965413659e-03  0
1.525271120442328e+00  3.096933048284010e-03  3.096933048284010e-03  3.096933048284010e-03  3.096933048284010e-03  0
