-3.174673408704273e+00  4.065860218482567e-06  4.065860218482567e-06  4.065860218482567e-06  4.065860218482567e-06  0
-2.896710232446770e+00  2.027364139203646e-06  2.027364139203646e-06  2.027364139203646e-06  2.027364139203646e-06  0
-2.643084528870180e+00  9.362982343104132e-07  9.362982343104132e-07  9.362982343104132e-07  9.362982343104132e-07  0
-2.411665394937384e+00  4.007768241348584e-07  4.007768241348584e-07  4.007768241348584e-07  4.007768241348584e-07  0
-2.200508501945137e+00  1.592258256460556e-07  1.592258256460556e-07  1.592258256460556e-07  1.592258256460556e-07  0
-2.007839759735224e+00  1.823885627339704e-04  1.823885627339704e-04  1.823885627339704e-04  1.823885627339704e-04  0
-1.832040411209515e+00  8.097299969785207e-05  8.097299969785207e-05  8.097299969785207e-05  8.097299969785207e-05  0
-1.671633431916567e+00  3.431043990808988e-05  3.431043990808988e-05  3.431043990808988e-05  3.431043990808988e-05  0
-1.525271120442328e+00  1.407067404161970e-05  1.407067404161970e-05  1.407067404161970e-05  1.407067404161970e-05  0
-1.391723775342338e+00  5.674385468297796e-06  5.674385468297796e-06  5.674385468297796e-06  5.674385468297796e-06  0
-1.269869363481709e+00  3.283674082879332e-03  3.283674082879332e-03  3.283674082879332e-03  3.283674082879332e-03  0
-1.158684092978708e+00  2.104905355934794e-03  2.104905355934794e-03  2.104905355934794e-03  2.104905355934794e-03  0
-1.057233811548072e+00  1.252038303056928e-03  1.252038303056928e-03  1.252038303056928e-03  1.252038303056928e-03  0
-9.646661579749535e-01  6.906005620464562e-04  6.906005620464562e-04  6.906005620464562e-04  6.906005620464562e-04  0
-8.802034007780546e-01  3.533651198944705e-04  3.533651198944705e-04  3.533651198944705e-04  3.533651198944705e-04  0
-8.031359038940895e-01  1.637528811071293e-02  1.637528811071293e-02  1.637528811071293e-02  1.637528811071293e-02  0
-7.328161644838058e-01  1.226745838765638e-02  1.226745838765638e-02  1.226745838765638e-02  1.226745838765638e-02  0
-6.686533727666267e-01  9.132381129942623e-03  9.132381129942623e-03  9.132381129942623e-03  9.132381129942623e-03  0
-6.101084481769312e-01  6.667064960839767e-03  6.667064960839767e-03  6.667064960839767e-03  6.667064960839767e-03  0
-5.566895101369354e-01  4.699463013749267e-03  4.699463013749267e-03  4.699463013749267e-03  4.699463013749267e-03  0
-5.079477453926835e-01  5.722230504517997e-02  5.722230504517997e-02  5.722230504517997e-02  5.722230504517997e-02  0
-4.634736371914831e-01  4.322381658304258e-02  4.322381658304258e-02  4.322381658304258e-02  4.322381658304258e-02  0
-4.228935246192287e-01  3.125202030517962e-02  3.125202030517962e-02  3.125202030517962e-02  3.125202030517962e-02  0
-3.858664631899814e-01  2.148643416084385e-02  2.148643416084385e-02  2.148643416084385e-02  2.148643416084385e-02  0
-3.520813603112218e-01  1.396952554602301e-02  1.396952554602301e-02  1.396952554602301e-02  1.396952554602301e-02  0
-3.212543615576358e-01  1.568929692875030e-01  1.568929692875030e-01  1.568929692875030e-01  1.568929692875030e-01  0
-2.931264657935223e-01  1.366008998696322e-01  1.366008998696322e-01  1.366008998696322e-01  1.366008998696322e-01  0
-2.674613491066506e-01  1.150589721932724e-01  1.150589721932724e-01  1.150589721932724e-01  1.150589721932724e-01  0
-2.440433792707724e-01  9.390096632640721e-02  9.390096632640721e-02  9.390096632640721e-02  9.390096632640721e-02  0
-2.226758040547741e-01  7.428290162318740e-02  7.428290162318740e-02  7.428290162318740e-02  7.428290162318740e-02  0
-2.031790981570734e-01  1.933866505577698e-01  1.933866505577698e-01  1.933866505577698e-01  1.933866505577698e-01  0
-1.853894548765933e-01  1.936447617823138e-01  1.936447617823138e-01  1.936447617823138e-01  1.936447617823138e-01  0
-1.691574098476915e-01  1.872037052668957e-01  1.872037052668957e-01  1.872037052668957e-01  1.872037052668957e-01  0
-1.543465852759926e-01  1.738322097963814e-01  1.738322097963814e-01  1.738322097963814e-01  1.738322097963814e-01  0
-1.408325441244888e-01  1.540377024724398e-01  1.540377024724398e-01  1.540377024724398e-01  1.540377024724398e-01  0
-1.285017446230544e-01  1.287903263159255e-01  1.287903263159255e-01  1.287903263159255e-01  1.287903263159255e-01  0
-1.172505863174090e-01  1.348463725372660e-01  1.348463725372660e-01  1.348463725372660e-01  1.348463725372660e-01  0
-1.069845396426603e-01  1.383845482267844e-01  1.383845482267844e-01  1.383845482267844e-01  1.383845482267844e-01  0
-9.761735170830904e-02  1.360790300854708e-01  1.360790300854708e-01  1.360790300854708e-01  1.360790300854708e-01  0
-8.907032162190970e-02  1.265265720625416e-01  1.265265720625416e-01  1.265265720625416e-01  1.265265720625416e-01  0
-8.127163926282940e-02  1.506605711331740e-01  1.506605711331740e-01  1.506605711331740e-01  1.506605711331740e-01  0
-7.415578195063734e-02  1.325567238087922e-01  1.325567238087922e-01  1.325567238087922e-01  1.325567238087922e-01  0
-6.766296393907663e-02  1.122055618707292e-01  1.122055618707292e-01  1.122055618707292e-01  1.122055618707292e-01  0
-6.173863411039705e-02  9.342863188030157e-02  9.342863188030157e-02  9.342863188030157e-02  9.342863188030157e-02  0
-5.633301764979552e-02  7.842777304081093e-02  7.842777304081093e-02  7.842777304081093e-02  7.842777304081093e-02  0
-5.140069784922175e-02  1.561097729418710e-01  1.561097729418710e-01  1.561097729418710e-01  1.561097729418710e-01  0
-4.690023452696359e-02  1.618601348492099e-01  1.618601348492099e-01  1.618601348492099e-01  1.618601348492099e-01  0
-4.279381585706413e-02  1.678999922040878e-01  1.678999922040878e-01  1.678999922040878e-01  1.678999922040878e-01  0
-3.904694068332362e-02  1.688132609601113e-01  1.688132609601113e-01  1.688132609601113e-01  1.688132609601113e-01  0
-3.562812864876388e-02  1.610933083156756e-01  1.610933083156756e-01  1.610933083156756e-01  1.610933083156756e-01  0
-3.250865570513176e-02  2.179822785480535e-01  2.179822785480535e-01  2.179822785480535e-01  2.179822785480535e-01  0
-2.966231278025493e-02  1.945501219603903e-01  1.945501219603903e-01  1.945501219603903e-01  1.945501219603903e-01  0
-2.706518557563065e-02  1.666455237709939e-01  1.666455237709939e-01  1.666455237709939e-01  1.666455237709939e-01  0
-2.469545364415882e-02  1.403514136423437e-01  1.403514136423437e-01  1.403514136423437e-01  1.403514136423437e-01  0
-2.253320705991821e-02  1.199754719875021e-01  1.199754719875021e-01  1.199754719875021e-01  1.199754719875021e-01  0
-2.056027913968870e-02  2.130339624931085e-01  2.130339624931085e-01  2.130339624931085e-01  2.130339624931085e-01  0
-1.876009381078543e-02  2.214859657311327e-01  2.214859657311327e-01  2.214859657311327e-01  2.214859657311327e-01  0
-1.711752634282565e-02  2.319947936506476e-01  2.319947936506476e-01  2.319947936506476e-01  2.319947936506476e-01  0
-1.561877627332944e-02  2.370823003752469e-01  2.370823003752469e-01  2.370823003752469e-01  2.370823003752469e-01  0
-1.425125145950555e-02  2.310685367470206e-01  2.310685367470206e-01  2.310685367470206e-01  2.310685367470206e-01  0
-1.300346228205270e-02  2.862803931691366e-01  2.862803931691366e-01  2.862803931691366e-01  2.862803931691366e-01  0
-1.186492511210197e-02  2.627304250951212e-01  2.627304250951212e-01  2.627304250951212e-01  2.627304250951212e-01  0
-1.082607423025226e-02  2.323679188883045e-01  2.323679188883045e-01  2.323679188883045e-01  2.323679188883045e-01  0
-9.878181457663527e-03  2.028484246491168e-01  2.028484246491168e-01  2.028484246491168e-01  2.028484246491168e-01  0
-9.013282823967282e-03  1.802763276304972e-01  1.802763276304972e-01  1.802763276304972e-01  1.802763276304972e-01  0
-8.224111655875480e-03  2.575725597804908e-01  2.575725597804908e-01  2.575725597804908e-01  2.575725597804908e-01  0
-7.504037524314174e-03  2.676414799080796e-01  2.676414799080796e-01  2.676414799080796e-01  2.676414799080796e-01  0
-6.847010537130260e-03  2.833557744471695e-01  2.833557744471695e-01  2.833557744471695e-01  2.833557744471695e-01  0
-6.247510509331778e-03  2.952793716814252e-01  2.952793716814252e-01  2.952793716814252e-01  2.952793716814252e-01  0
-5.700500583802221e-03  2.950627800633241e-01  2.950627800633241e-01  2.950627800633241e-01  2.950627800633241e-01  0
-5.201384912821082e-03  3.418727370768847e-01  3.418727370768847e-01  3.418727370768847e-01  3.418727370768847e-01  0
-4.745970044840789e-03  3.233158565646880e-01  3.233158565646880e-01  3.233158565646880e-01  3.233158565646880e-01  0
-4.330429692100905e-03  2.952409785940538e-01  2.952409785940538e-01  2.952409785940538e-01  2.952409785940538e-01  0
-3.951272583065412e-03  2.671321557817025e-01  2.671321557817025e-01  2.671321557817025e-01  2.671321557817025e-01  0
-3.605313129586914e-03  2.476429159113581e-01  2.476429159113581e-01  2.476429159113581e-01  2.476429159113581e-01  0
-3.289644662350192e-03  2.898603087073376e-01  2.898603087073376e-01  2.898603087073376e-01  2.898603087073376e-01  0
-3.001615009725670e-03  2.975743806345005e-01  2.975743806345005e-01  2.975743806345005e-01  2.975743806345005e-01  0
-2.738804214852104e-03  3.162933507590573e-01  3.162933507590573e-01  3.162933507590573e-01  3.162933507590573e-01  0
-2.499004203732711e-03  3.353067795790328e-01  3.353067795790328e-01  3.353067795790328e-01  3.353067795790328e-01  0
-2.280200233520888e-03  3.434522724158575e-01  3.434522724158575e-01  3.434522724158575e-01  3.434522724158575e-01  0
-2.080553965128433e-03  3.868562921994781e-01  3.868562921994781e-01  3.868562921994781e-01  3.868562921994781e-01  0
-1.898388017936316e-03  3.745615945829540e-01  3.745615945829540e-01  3.745615945829540e-01  3.745615945829540e-01  0
-1.732171876840361e-03  3.474605267673560e-01  3.474605267673560e-01  3.474605267673560e-01  3.474605267673560e-01  0
-1.580509033226164e-03  3.160733579367257e-01  3.160733579367257e-01  3.160733579367257e-01  3.160733579367257e-01  0
-1.442125251834765e-03  2.919160137492553e-01  2.919160137492553e-01  2.919160137492553e-01  2.919160137492553e-01  0
-1.315857864940077e-03  3.120024140797418e-01  3.120024140797418e-01  3.120024140797418e-01  3.120024140797418e-01  0
-1.200646003890268e-03  3.150885634683675e-01  3.150885634683675e-01  3.150885634683675e-01  3.150885634683675e-01  0
-1.095521685940842e-03  3.349989414543298e-01  3.349989414543298e-01  3.349989414543298e-01  3.349989414543298e-01  0
-9.996016814930845e-04  3.609609073995549e-01  3.609609073995549e-01  3.609609073995549e-01  3.609609073995549e-01  0
-9.120800934083554e-04  3.795098157997874e-01  3.795098157997874e-01  3.795098157997874e-01  3.795098157997874e-01  0
-8.322215860513730e-04  4.167209261894085e-01  4.167209261894085e-01  4.167209261894085e-01  4.167209261894085e-01  0
-7.593552071745262e-04  4.119144268939857e-01  4.119144268939857e-01  4.119144268939857e-01  4.119144268939857e-01  0
-6.928687507361445e-04  3.873111229478204e-01  3.873111229478204e-01  3.873111229478204e-01  3.873111229478204e-01  0
-6.322036132904656e-04  3.530863278536562e-01  3.530863278536562e-01  3.530863278536562e-01  3.530863278536562e-01  0
-5.768501007339061e-04  3.226820983187731e-01  3.226820983187731e-01  3.226820983187731e-01  3.226820983187731e-01  0
-5.263431459760307e-04  3.232278236128111e-01  3.232278236128111e-01  3.232278236128111e-01  3.232278236128111e-01  0
-4.802584015561072e-04  3.221262783561506e-01  3.221262783561506e-01  3.221262783561506e-01  3.221262783561506e-01  0
-4.382086743763367e-04  3.421289352377391e-01  3.421289352377391e-01  3.421289352377391e-01  3.421289352377391e-01  0
-3.998406725972338e-04  3.732719658844138e-01  3.732719658844138e-01  3.732719658844138e-01  3.732719658844138e-01  0
-3.648320373633421e-04  4.009944785500511e-01  4.009944785500511e-01  4.009944785500511e-01  4.009944785500511e-01  0
-3.328886344205492e-04  4.336535864878943e-01  4.336535864878943e-01  4.336535864878943e-01  4.336535864878943e-01  0
-3.037420828698105e-04  4.343839672291200e-01  4.343839672291200e-01  4.343839672291200e-01  4.343839672291200e-01  0
-2.771475002944578e-04  4.121638349339816e-01  4.121638349339816e-01  4.121638349339816e-01  4.121638349339816e-01  0
-2.528814453161863e-04  3.763767495532432e-01  3.763767495532432e-01  3.763767495532432e-01  3.763767495532432e-01  0
-2.307400402935625e-04  3.412739356484689e-01  3.412739356484689e-01  3.412739356484689e-01  3.412739356484689e-01  0
-2.105372583904123e-04  3.298339584356585e-01  3.298339584356585e-01  3.298339584356585e-01  3.298339584356585e-01  0
-1.921033606224429e-04  3.258333474987646e-01  3.258333474987646e-01  3.258333474987646e-01  3.258333474987646e-01  0
-1.752834697505346e-04  3.453620648476746e-01  3.453620648476746e-01  3.453620648476746e-01  3.453620648476746e-01  0
-1.599362690388935e-04  3.792767178219286e-01  3.792767178219286e-01  3.792767178219286e-01  3.792767178219286e-01  0
-1.459328149453368e-04  4.126841870205514e-01  4.126841870205514e-01  4.126841870205514e-01  4.126841870205514e-01  0
-1.331554537682197e-04  4.430273991184577e-01  4.430273991184577e-01  4.430273991184577e-01  4.430273991184577e-01  0
-1.214968331479242e-04  4.468369017611717e-01  4.468369017611717e-01  4.468369017611717e-01  4.468369017611717e-01  0
-1.108590001177831e-04  4.260120239031019e-01  4.260120239031019e-01  4.260120239031019e-01  4.260120239031019e-01  0
-1.011525781264745e-04  3.893590582114839e-01  3.893590582114839e-01  3.893590582114839e-01  3.893590582114839e-01  0
-9.229601611742499e-05  3.514301464010538e-01  3.514301464010538e-01  3.514301464010538e-01  3.514301464010538e-01  0
-8.421490335616491e-05  3.333113103569414e-01  3.333113103569414e-01  3.333113103569414e-01  3.333113103569414e-01  0
-7.684134424897715e-05  3.278797910644660e-01  3.278797910644660e-01  3.278797910644660e-01  3.278797910644660e-01  0
-7.011338790021387e-05  3.472012346442754e-01  3.472012346442754e-01  3.472012346442754e-01  3.472012346442754e-01  0
-6.397450761555741e-05  3.826079253223220e-01  3.826079253223220e-01  3.826079253223220e-01  3.826079253223220e-01  0
-5.837312597813474e-05  4.191002248096365e-01  4.191002248096365e-01  4.191002248096365e-01  4.191002248096365e-01  0
-5.326218150728787e-05  4.477538292181371e-01  4.477538292181371e-01  4.477538292181371e-01  4.477538292181371e-01  0
-4.859873325916968e-05  4.530592037339863e-01  4.530592037339863e-01  4.530592037339863e-01  4.530592037339863e-01  0
-4.434360004711325e-05  4.329311095137062e-01  4.329311095137062e-01  4.329311095137062e-01  4.329311095137062e-01  0
-4.046103125058980e-05  3.958794006755411e-01  3.958794006755411e-01  3.958794006755411e-01  3.958794006755411e-01  0
-3.691840644696999e-05  3.565786145923516e-01  3.565786145923516e-01  3.565786145923516e-01  3.565786145923516e-01  0
-3.368596134246597e-05  3.349614382908432e-01  3.349614382908432e-01  3.349614382908432e-01  3.349614382908432e-01  0
-3.073653769959086e-05  3.289351380370615e-01  3.289351380370615e-01  3.289351380370615e-01  3.289351380370615e-01  0
-2.804535516008555e-05  3.482243885680703e-01  3.482243885680703e-01  3.482243885680703e-01  3.482243885680703e-01  0
-2.558980304622297e-05  3.843846926073564e-01  3.843846926073564e-01  3.843846926073564e-01  3.843846926073564e-01  0
-2.334925039125390e-05  4.223750245861328e-01  4.223750245861328e-01  4.223750245861328e-01  4.223750245861328e-01  0
-2.130487260291515e-05  4.498882468524120e-01  4.498882468524120e-01  4.498882468524120e-01  4.498882468524120e-01  0
-1.943949330366787e-05  4.558556706636471e-01  4.558556706636471e-01  4.558556706636471e-01  4.558556706636471e-01  0
-1.773744001884530e-05  4.360433069320126e-01  4.360433069320126e-01  4.360433069320126e-01  4.360433069320126e-01  0
-1.618441250023592e-05  3.988300531838395e-01  3.988300531838395e-01  3.988300531838395e-01  3.988300531838395e-01  0
-1.476736257878800e-05  3.589428821286381e-01  3.589428821286381e-01  3.589428821286381e-01  3.589428821286381e-01  0
-1.347438453698639e-05  3.356865760931125e-01  3.356865760931125e-01  3.356865760931125e-01  3.356865760931125e-01  0
-1.229461507983634e-05  3.294216306287795e-01  3.294216306287795e-01  3.294216306287795e-01  3.294216306287795e-01  0
-1.121814206403422e-05  3.487141834773968e-01  3.487141834773968e-01  3.487141834773968e-01  3.487141834773968e-01  0
-1.023592121848918e-05  3.852154328331301e-01  3.852154328331301e-01  3.852154328331301e-01  3.852154328331301e-01  0
-9.339700156501558e-06  4.238674136837555e-01  4.238674136837555e-01  4.238674136837555e-01  4.238674136837555e-01  0
-8.521949041166062e-06  4.508021807029982e-01  4.508021807029982e-01  4.508021807029982e-01  4.508021807029982e-01  0
-7.775797321467150e-06  4.570469347705145e-01  4.570469347705145e-01  4.570469347705145e-01  4.570469347705145e-01  0
-7.094976007538121e-06  4.373676613066366e-01  4.373676613066366e-01  4.373676613066366e-01  4.373676613066366e-01  0
-6.473765000094370e-06  4.000889685213211e-01  4.000889685213211e-01  4.000889685213211e-01  4.000889685213211e-01  0
-5.906945031515200e-06  3.599601737918676e-01  3.599601737918676e-01  3.599601737918676e-01  3.599601737918676e-01  0
-5.389753814794554e-06  3.359962879862088e-01  3.359962879862088e-01  3.359962879862088e-01  3.359962879862088e-01  0
-4.917846031934537e-06  3.296366011410727e-01  3.296366011410727e-01  3.296366011410727e-01  3.296366011410727e-01  0
-4.487256825613687e-06  3.489349812737491e-01  3.489349812737491e-01  3.489349812737491e-01  3.489349812737491e-01  0
-4.094368487395674e-06  3.855818028077450e-01  3.855818028077450e-01  3.855818028077450e-01  3.855818028077450e-01  0
-3.735880062600623e-06  4.245118211469439e-01  4.245118211469439e-01  4.245118211469439e-01  4.245118211469439e-01  0
-3.408779616466424e-06  4.511874177097745e-01  4.511874177097745e-01  4.511874177097745e-01  4.511874177097745e-01  0
-3.110318928586860e-06  4.575454698568041e-01  4.575454698568041e-01  4.575454698568041e-01  4.575454698568041e-01  0
-2.837990403015248e-06  4.379203454272793e-01  4.379203454272793e-01  4.379203454272793e-01  4.379203454272793e-01  0
-2.589506000037748e-06  4.006148238257467e-01  4.006148238257467e-01  4.006148238257467e-01  4.006148238257467e-01  0
-2.362778012606080e-06  3.603877580410746e-01  3.603877580410746e-01  3.603877580410746e-01  3.603877580410746e-01  0
-2.155901525917819e-06  3.361302461827183e-01  3.361302461827183e-01  3.361302461827183e-01  3.361302461827183e-01  0
-1.967138412773812e-06  3.297327246710983e-01  3.297327246710983e-01  3.297327246710983e-01  3.297327246710983e-01  0
-1.794902730245472e-06  3.490346643903641e-01  3.490346643903641e-01  3.490346643903641e-01  3.490346643903641e-01  0
-1.637747394958267e-06  3.857420920975403e-01  3.857420920975403e-01  3.857420920975403e-01  3.857420920975403e-01  0
-1.494352025040247e-06  4.247864590896501e-01  4.247864590896501e-01  4.247864590896501e-01  4.247864590896501e-01  0
-1.363511846586567e-06  4.513537689545146e-01  4.513537689545146e-01  4.513537689545146e-01  4.513537689545146e-01  0
-1.244127571434742e-06  4.577576666744569e-01  4.577576666744569e-01  4.577576666744569e-01  4.577576666744569e-01  0
-1.135196161206098e-06  4.381539729599201e-01  4.381539729599201e-01  4.381539729599201e-01  4.381539729599201e-01  0
-1.035802400015097e-06  4.008368857268583e-01  4.008368857268583e-01  4.008368857268583e-01  4.008368857268583e-01  0
-9.451112050424303e-07  3.605694700821293e-01  3.605694700821293e-01  3.605694700821293e-01  3.605694700821293e-01  0
-8.623606103671273e-07  3.361921577990818e-01  3.361921577990818e-01  3.361921577990818e-01  3.361921577990818e-01  0
-7.868553651095247e-07  3.297793980607242e-01  3.297793980607242e-01  3.297793980607242e-01  3.297793980607242e-01  0
-7.179610920981888e-07  3.490833606232969e-01  3.490833606232969e-01  3.490833606232969e-01  3.490833606232969e-01  0
-6.550989579833068e-07  3.858161647422680e-01  3.858161647422680e-01  3.858161647422680e-01  3.858161647422680e-01  0
-5.977408100160987e-07  4.249075751888253e-01  4.249075751888253e-01  4.249075751888253e-01  4.249075751888253e-01  0
-5.454047386346270e-07  4.514312544939992e-01  4.514312544939992e-01  4.514312544939992e-01  4.514312544939992e-01  0
-4.976510285738967e-07  4.578537053249054e-01  4.578537053249054e-01  4.578537053249054e-01  4.578537053249054e-01  0
-4.540784644824390e-07  4.382581606665549e-01  4.382581606665549e-01  4.382581606665549e-01  4.382581606665549e-01  0
-4.143209600060390e-07  4.009355752672631e-01  4.009355752672631e-01  4.009355752672631e-01  4.009355752672631e-01  0
-3.780444820169721e-07  3.606510573880416e-01  3.606510573880416e-01  3.606510573880416e-01  3.606510573880416e-01  0
-3.449442441468510e-07  3.362249291480920e-01  3.362249291480920e-01  3.362249291480920e-01  3.362249291480920e-01  0
-3.147421460438099e-07  3.298059342874480e-01  3.298059342874480e-01  3.298059342874480e-01  3.298059342874480e-01  0
-2.871844368392756e-07  3.491111897515002e-01  3.491111897515002e-01  3.491111897515002e-01  3.491111897515002e-01  0
-2.620395831933227e-07  3.858550601368814e-01  3.858550601368814e-01  3.858550601368814e-01  3.858550601368814e-01  0
-2.390963240064395e-07  4.249662776042542e-01  4.249662776042542e-01  4.249662776042542e-01  4.249662776042542e-01  0
-2.181618954538508e-07  4.514729500370617e-01  4.514729500370617e-01  4.514729500370617e-01  4.514729500370617e-01  0
-1.990604114295587e-07  4.579029848042816e-01  4.579029848042816e-01  4.579029848042816e-01  4.579029848042816e-01  0
-1.816313857929756e-07  4.383102446278118e-01  4.383102446278118e-01  4.383102446278118e-01  4.383102446278118e-01  0
-1.657283840024156e-07  4.009845817790463e-01  4.009845817790463e-01  4.009845817790463e-01  4.009845817790463e-01  0
-1.512177928067889e-07  3.606922720630099e-01  3.606922720630099e-01  3.606922720630099e-01  3.606922720630099e-01  0
-1.379776976587404e-07  3.362459789996769e-01  3.362459789996769e-01  3.362459789996769e-01  3.362459789996769e-01  0
-1.258968584175239e-07  3.298243419265106e-01  3.298243419265106e-01  3.298243419265106e-01  3.298243419265106e-01  0
-1.148737747357102e-07  3.491305759101216e-01  3.491305759101216e-01  3.491305759101216e-01  3.491305759101216e-01  0
-1.048158332773291e-07  3.858797488263718e-01  3.858797488263718e-01  3.858797488263718e-01  3.858797488263718e-01  0
-9.563852960257580e-08  4.249998238059352e-01  4.249998238059352e-01  4.249998238059352e-01  4.249998238059352e-01  0
-8.726475818154030e-08  4.515002786856815e-01  4.515002786856815e-01  4.515002786856815e-01  4.515002786856815e-01  0
-7.962416457182346e-08  4.579335006194575e-01  4.579335006194575e-01  4.579335006194575e-01  4.579335006194575e-01  0
-7.265255431719022e-08  4.383414216988136e-01  4.383414216988136e-01  4.383414216988136e-01  4.383414216988136e-01  0
-6.629135360096623e-08  4.010136484513016e-01  4.010136484513016e-01  4.010136484513016e-01  4.010136484513016e-01  0
-6.048711712271553e-08  3.607172720847346e-01  3.607172720847346e-01  3.607172720847346e-01  3.607172720847346e-01  0
-5.519107906349615e-08  3.362623256678599e-01  3.362623256678599e-01  3.362623256678599e-01  3.362623256678599e-01  0
-5.035874336700958e-08  3.298394808779441e-01  3.298394808779441e-01  3.298394808779441e-01  3.298394808779441e-01  0
-4.594950989428408e-08  3.491465623622698e-01  3.491465623622698e-01  3.491465623622698e-01  3.491465623622698e-01  0
-4.192633331093163e-08  3.858987241511117e-01  3.858987241511117e-01  3.858987241511117e-01  3.858987241511117e-01  0
-3.825541184103032e-08  4.250232664250919e-01  4.250232664250919e-01  4.250232664250919e-01  4.250232664250919e-01  0
-3.490590327261613e-08  4.515218488780252e-01  4.515218488780252e-01  4.515218488780252e-01  4.515218488780252e-01  0
-3.184966582872939e-08  4.579564973404245e-01  4.579564973404245e-01  4.579564973404245e-01  4.579564973404245e-01  0
-2.906102172687609e-08  4.383642209835329e-01  4.383642209835329e-01  4.383642209835329e-01  4.383642209835329e-01  0
-2.651654144038649e-08  4.010347231017871e-01  4.010347231017871e-01  4.010347231017871e-01  4.010347231017871e-01  0
-2.419484684908621e-08  3.607357688173939e-01  3.607357688173939e-01  3.607357688173939e-01  3.607357688173939e-01  0
-2.207643162539846e-08  3.362767900318905e-01  3.362767900318905e-01  3.362767900318905e-01  3.362767900318905e-01  0
-2.014349734680383e-08  3.298533095331797e-01  3.298533095331797e-01  3.298533095331797e-01  3.298533095331797e-01  0
-1.837980395771363e-08  3.491611840575196e-01  3.491611840575196e-01  3.491611840575196e-01  3.491611840575196e-01  0
-1.677053332437265e-08  3.859154069622946e-01  3.859154069622946e-01  3.859154069622946e-01  3.859154069622946e-01  0
-1.530216473641213e-08  4.250426580621876e-01  4.250426580621876e-01  4.250426580621876e-01  4.250426580621876e-01  0
-1.396236130904645e-08  4.515411149211626e-01  4.515411149211626e-01  4.515411149211626e-01  4.515411149211626e-01  0
-1.273986633149176e-08  4.579764846112275e-01  4.579764846112275e-01  4.579764846112275e-01  4.579764846112275e-01  0
-1.162440869075044e-08  4.383836657298474e-01  4.383836657298474e-01  4.383836657298474e-01  4.383836657298474e-01  0
-1.060661657615460e-08  4.010525949479696e-01  4.010525949479696e-01  4.010525949479696e-01  4.010525949479696e-01  0
-9.677938739634486e-09  3.607516542200062e-01  3.607516542200062e-01  3.607516542200062e-01  3.607516542200062e-01  0
-8.830572650159383e-09  3.362905092991050e-01  3.362905092991050e-01  3.362905092991050e-01  3.362905092991050e-01  0
-8.057398938721533e-09  3.298666188648440e-01  3.298666188648440e-01  3.298666188648440e-01  3.298666188648440e-01  0
-7.351921583085453e-09  3.491752623498937e-01  3.491752623498937e-01  3.491752623498937e-01  3.491752623498937e-01  0
-6.708213329749061e-09  3.859311737110095e-01  3.859311737110095e-01  3.859311737110095e-01  3.859311737110095e-01  0
-6.120865894564850e-09  4.250604292806955e-01  4.250604292806955e-01  4.250604292806955e-01  4.250604292806955e-01  0
-5.584944523618580e-09  4.515594657004158e-01  4.515594657004158e-01  4.515594657004158e-01  4.515594657004158e-01  0
-5.095946532596702e-09  4.579952724159839e-01  4.579952724159839e-01  4.579952724159839e-01  4.579952724159839e-01  0
-4.649763476300175e-09  4.384017687576052e-01  4.384017687576052e-01  4.384017687576052e-01  4.384017687576052e-01  0
-4.242646630461839e-09  4.010691783965760e-01  4.010691783965760e-01  4.010691783965760e-01  4.010691783965760e-01  0
-3.871175495853794e-09  3.607664762498882e-01  3.607664762498882e-01  3.607664762498882e-01  3.607664762498882e-01  0
-3.532229060063754e-09  3.363039549665286e-01  3.363039549665286e-01  3.363039549665286e-01  3.363039549665286e-01  0
-3.222959575488613e-09  3.298797373393845e-01  3.298797373393845e-01  3.298797373393845e-01  3.298797373393845e-01  0
-2.940768633234181e-09  3.491891349160013e-01  3.491891349160013e-01  3.491891349160013e-01  3.491891349160013e-01  0
-2.683285331899625e-09  3.859465826981143e-01  3.859465826981143e-01  3.859465826981143e-01  3.859465826981143e-01  0
-2.448346357825941e-09  4.250775596941221e-01  4.250775596941221e-01  4.250775596941221e-01  4.250775596941221e-01  0
-2.233977809447432e-09  4.515774674752911e-01  4.515774674752911e-01  4.515774674752911e-01  4.515774674752911e-01  0
-2.038378613038681e-09  4.580135902931975e-01  4.580135902931975e-01  4.580135902931975e-01  4.580135902931975e-01  0
-1.859905390520070e-09  4.384193303474565e-01  4.384193303474565e-01  4.384193303474565e-01  4.384193303474565e-01  0
-1.697058652184735e-09  4.010852160138488e-01  4.010852160138488e-01  4.010852160138488e-01  4.010852160138488e-01  0
-1.548470198341518e-09  3.607808017727149e-01  3.607808017727149e-01  3.607808017727149e-01  3.607808017727149e-01  0
-1.412891624025501e-09  3.363173608858387e-01  3.363173608858387e-01  3.363173608858387e-01  3.363173608858387e-01  0
-1.289183830195445e-09  3.298928273358753e-01  3.298928273358753e-01  3.298928273358753e-01  3.298928273358753e-01  0
-1.176307453293673e-09  3.492029579576432e-01  3.492029579576432e-01  3.492029579576432e-01  3.492029579576432e-01  0
-1.073314132759850e-09  3.859618728069298e-01  3.859618728069298e-01  3.859618728069298e-01  3.859618728069298e-01  0
-9.793385431303761e-10  4.250944543128031e-01  4.250944543128031e-01  4.250944543128031e-01  4.250944543128031e-01  0
-8.935911237789728e-10  4.515953223478238e-01  4.515953223478238e-01  4.515953223478238e-01  4.515953223478238e-01  0
-8.153514452154724e-10  4.580316586147140e-01  4.580316586147140e-01  4.580316586147140e-01  4.580316586147140e-01  0
-7.439621562080280e-10  4.384365110792052e-01  4.384365110792052e-01  4.384365110792052e-01  4.384365110792052e-01  0
-6.788234608738942e-10  4.011006900412947e-01  4.011006900412947e-01  4.011006900412947e-01  4.011006900412947e-01  0
-6.193880793366070e-10  3.607942918784404e-01  3.607942918784404e-01  3.607942918784404e-01  3.607942918784404e-01  0
-5.651566496102005e-10  3.363309162016188e-01  3.363309162016188e-01  3.363309162016188e-01  3.363309162016188e-01  0
-5.156735320781780e-10  3.299060070242827e-01  3.299060070242827e-01  3.299060070242827e-01  3.299060070242827e-01  0
-4.705229813174689e-10  3.492168204580127e-01  3.492168204580127e-01  3.492168204580127e-01  3.492168204580127e-01  0
-4.293256531039398e-10  3.859771543376269e-01  3.859771543376269e-01  3.859771543376269e-01  3.859771543376269e-01  0
-3.917354172521504e-10  4.251112886262208e-01  4.251112886262208e-01  4.251112886262208e-01  4.251112886262208e-01  0
3.917354172521504e-10  3.290784550513011e-01  3.290784550513011e-01  3.290784550513011e-01  3.290784550513011e-01  0
4.293256531039398e-10  3.499750464053148e-01  3.499750464053148e-01  3.499750464053148e-01  3.499750464053148e-01  0
4.705229813174689e-10  3.878510863228370e-01  3.878510863228370e-01  3.878510863228370e-01  3.878510863228370e-01  0
5.156735320781780e-10  4.280536252345189e-01  4.280536252345189e-01  4.280536252345189e-01  4.280536252345189e-01  0
5.651566496102005e-10  4.546008807429346e-01  4.546008807429346e-01  4.546008807429346e-01  4.546008807429346e-01  0
6.193880793366070e-10  4.584731755317661e-01  4.584731755317661e-01  4.584731755317661e-01  4.584731755317661e-01  0
6.788234608738942e-10  4.377635038009993e-01  4.377635038009993e-01  4.377635038009993e-01  4.377635038009993e-01  0
7.439621562080280e-10  3.999391130345284e-01  3.999391130345284e-01  3.999391130345284e-01  3.999391130345284e-01  0
8.153514452154724e-10  3.598742949074947e-01  3.598742949074947e-01  3.598742949074947e-01  3.598742949074947e-01  0
8.935911237789728e-10  3.335571457722055e-01  3.335571457722055e-01  3.335571457722055e-01  3.335571457722055e-01  0
9.793385431303761e-10  3.290651876595314e-01  3.290651876595314e-01  3.290651876595314e-01  3.290651876595314e-01  0
1.073314132759850e-09  3.499611178134423e-01  3.499611178134423e-01  3.499611178134423e-01  3.499611178134423e-01  0
1.176307453293673e-09  3.878357940434106e-01  3.878357940434106e-01  3.878357940434106e-01  3.878357940434106e-01  0
1.289183830195445e-09  4.280368550935847e-01  4.280368550935847e-01  4.280368550935847e-01  4.280368550935847e-01  0
1.412891624025501e-09  4.545831565547748e-01  4.545831565547748e-01  4.545831565547748e-01  4.545831565547748e-01  0
1.548470198341518e-09  4.585797775933460e-01  4.585797775933460e-01  4.585797775933460e-01  4.585797775933460e-01  0
1.697058652184735e-09  4.377987759150258e-01  4.377987759150258e-01  4.377987759150258e-01  4.377987759150258e-01  0
1.859905390520070e-09  3.999438565171722e-01  3.999438565171722e-01  3.999438565171722e-01  3.999438565171722e-01  0
2.038378613038681e-09  3.598675785040680e-01  3.598675785040680e-01  3.598675785040680e-01  3.598675785040680e-01  0
2.233977809447432e-09  3.335465877350778e-01  3.335465877350778e-01  3.335465877350778e-01  3.335465877350778e-01  0
2.448346357825941e-09  3.290524250835013e-01  3.290524250835013e-01  3.290524250835013e-01  3.290524250835013e-01  0
2.683285331899625e-09  3.499474756735232e-01  3.499474756735232e-01  3.499474756735232e-01  3.499474756735232e-01  0
2.940768633234181e-09  3.878206257520425e-01  3.878206257520425e-01  3.878206257520425e-01  3.878206257520425e-01  0
3.222959575488613e-09  4.280201006175727e-01  4.280201006175727e-01  4.280201006175727e-01  4.280201006175727e-01  0
3.532229060063754e-09  4.545653815497570e-01  4.545653815497570e-01  4.545653815497570e-01  4.545653815497570e-01  0
3.871175495853794e-09  4.585794743848201e-01  4.585794743848201e-01  4.585794743848201e-01  4.585794743848201e-01  0
4.242646630461839e-09  4.377892396082140e-01  4.377892396082140e-01  4.377892396082140e-01  4.377892396082140e-01  0
4.649763476300175e-09  3.999313520545456e-01  3.999313520545456e-01  3.999313520545456e-01  3.999313520545456e-01  0
5.095946532596702e-09  3.598548072792919e-01  3.598548072792919e-01  3.598548072792919e-01  3.598548072792919e-01  0
5.584944523618580e-09  3.335341123991801e-01  3.335341123991801e-01  3.335341123991801e-01  3.335341123991801e-01  0
6.120865894564850e-09  3.290399833435468e-01  3.290399833435468e-01  3.290399833435468e-01  3.290399833435468e-01  0
6.708213329749061e-09  3.499340276577689e-01  3.499340276577689e-01  3.499340276577689e-01  3.499340276577689e-01  0
7.351921583085453e-09  3.878055654939708e-01  3.878055654939708e-01  3.878055654939708e-01  3.878055654939708e-01  0
8.057398938721533e-09  4.280034221815223e-01  4.280034221815223e-01  4.280034221815223e-01  4.280034221815223e-01  0
8.830572650159383e-09  4.545476977283704e-01  4.545476977283704e-01  4.545476977283704e-01  4.545476977283704e-01  0
9.677938739634486e-09  4.585661220293729e-01  4.585661220293729e-01  4.585661220293729e-01  4.585661220293729e-01  0
1.060661657615460e-08  4.377745283785924e-01  4.377745283785924e-01  4.377745283785924e-01  4.377745283785924e-01  0
1.162440869075044e-08  3.999171754911101e-01  3.999171754911101e-01  3.999171754911101e-01  3.999171754911101e-01  0
1.273986633149176e-08  3.598417453570853e-01  3.598417453570853e-01  3.598417453570853e-01  3.598417453570853e-01  0
1.396236130904645e-08  3.335217795627634e-01  3.335217795627634e-01  3.335217795627634e-01  3.335217795627634e-01  0
1.530216473641213e-08  3.290282757769599e-01  3.290282757769599e-01  3.290282757769599e-01  3.290282757769599e-01  0
1.677053332437265e-08  3.499210263301547e-01  3.499210263301547e-01  3.499210263301547e-01  3.499210263301547e-01  0
1.837980395771363e-08  3.877907583662280e-01  3.877907583662280e-01  3.877907583662280e-01  3.877907583662280e-01  0
2.014349734680383e-08  4.279869334219396e-01  4.279869334219396e-01  4.279869334219396e-01  4.279869334219396e-01  0
2.207643162539846e-08  4.545302558304662e-01  4.545302558304662e-01  4.545302558304662e-01  4.545302558304662e-01  0
2.419484684908621e-08  4.585508089206782e-01  4.585508089206782e-01  4.585508089206782e-01  4.585508089206782e-01  0
2.651654144038649e-08  4.377597660111911e-01  4.377597660111911e-01  4.377597660111911e-01  4.377597660111911e-01  0
2.906102172687609e-08  3.999038169340856e-01  3.999038169340856e-01  3.999038169340856e-01  3.999038169340856e-01  0
3.184966582872939e-08  3.598297480502021e-01  3.598297480502021e-01  3.598297480502021e-01  3.598297480502021e-01  0
3.490590327261613e-08  3.335104024880341e-01  3.335104024880341e-01  3.335104024880341e-01  3.335104024880341e-01  0
3.825541184103032e-08  3.290183814983723e-01  3.290183814983723e-01  3.290183814983723e-01  3.290183814983723e-01  0
4.192633331093163e-08  3.499091253830259e-01  3.499091253830259e-01  3.499091253830259e-01  3.499091253830259e-01  0
4.594950989428408e-08  3.877765710662200e-01  3.877765710662200e-01  3.877765710662200e-01  3.877765710662200e-01  0
5.035874336700958e-08  4.279709077821467e-01  4.279709077821467e-01  4.279709077821467e-01  4.279709077821467e-01  0
5.519107906349615e-08  4.545134094748633e-01  4.545134094748633e-01  4.545134094748633e-01  4.545134094748633e-01  0
6.048711712271553e-08  4.585367816475530e-01  4.585367816475530e-01  4.585367816475530e-01  4.585367816475530e-01  0
6.629135360096623e-08  4.377474736183213e-01  4.377474736183213e-01  4.377474736183213e-01  4.377474736183213e-01  0
7.265255431719022e-08  3.998935085389198e-01  3.998935085389198e-01  3.998935085389198e-01  3.998935085389198e-01  0
7.962416457182346e-08  3.598207703534080e-01  3.598207703534080e-01  3.598207703534080e-01  3.598207703534080e-01  0
8.726475818154030e-08  3.335015329676327e-01  3.335015329676327e-01  3.335015329676327e-01  3.335015329676327e-01  0
9.563852960257580e-08  3.290130087811611e-01  3.290130087811611e-01  3.290130087811611e-01  3.290130087811611e-01  0
1.048158332773291e-07  3.498999654241938e-01  3.498999654241938e-01  3.498999654241938e-01  3.498999654241938e-01  0
1.148737747357102e-07  3.877639237961584e-01  3.877639237961584e-01  3.877639237961584e-01  3.877639237961584e-01  0
1.258968584175239e-07  4.279560302082538e-01  4.279560302082538e-01  4.279560302082538e-01  4.279560302082538e-01  0
1.379776976587404e-07  4.544980421858719e-01  4.544980421858719e-01  4.544980421858719e-01  4.544980421858719e-01  0
1.512177928067889e-07  4.585277138073282e-01  4.585277138073282e-01  4.585277138073282e-01  4.585277138073282e-01  0
1.657283840024156e-07  4.377420841007481e-01  4.377420841007481e-01  4.377420841007481e-01  4.377420841007481e-01  0
1.816313857929756e-07  3.998911032893820e-01  3.998911032893820e-01  3.998911032893820e-01  3.998911032893820e-01  0
1.990604114295587e-07  3.598194374125184e-01  3.598194374125184e-01  3.598194374125184e-01  3.598194374125184e-01  0
2.181618954538508e-07  3.334989612359845e-01  3.334989612359845e-01  3.334989612359845e-01  3.334989612359845e-01  0
2.390963240064395e-07  3.290189331523580e-01  3.290189331523580e-01  3.290189331523580e-01  3.290189331523580e-01  0
2.620395831933227e-07  3.498976505830103e-01  3.498976505830103e-01  3.498976505830103e-01  3.498976505830103e-01  0
2.871844368392756e-07  3.877551174396532e-01  3.877551174396532e-01  3.877551174396532e-01  3.877551174396532e-01  0
3.147421460438099e-07  4.279440116377822e-01  4.279440116377822e-01  4.279440116377822e-01  4.279440116377822e-01  0
3.449442441468510e-07  4.544863601425000e-01  4.544863601425000e-01  4.544863601425000e-01  4.544863601425000e-01  0
3.780444820169721e-07  4.585316286873534e-01  4.585316286873534e-01  4.585316286873534e-01  4.585316286873534e-01  0
4.143209600060390e-07  4.377541894053993e-01  4.377541894053993e-01  4.377541894053993e-01  4.377541894053993e-01  0
4.540784644824390e-07  3.999085428564196e-01  3.999085428564196e-01  3.999085428564196e-01  3.999085428564196e-01  0
4.976510285738967e-07  3.598372443890864e-01  3.598372443890864e-01  3.598372443890864e-01  3.598372443890864e-01  0
5.454047386346270e-07  3.335121411708845e-01  3.335121411708845e-01  3.335121411708845e-01  3.335121411708845e-01  0
5.977408100160987e-07  3.290531305304313e-01  3.290531305304313e-01  3.290531305304313e-01  3.290531305304313e-01  0
6.550989579833068e-07  3.499124665066769e-01  3.499124665066769e-01  3.499124665066769e-01  3.499124665066769e-01  0
7.179610920981888e-07  3.877559171709289e-01  3.877559171709289e-01  3.877559171709289e-01  3.877559171709289e-01  0
7.868553651095247e-07  4.279391324657301e-01  4.279391324657301e-01  4.279391324657301e-01  4.279391324657301e-01  0
8.623606103671273e-07  4.544838759086162e-01  4.544838759086162e-01  4.544838759086162e-01  4.544838759086162e-01  0
9.451112050424303e-07  4.585682351082390e-01  4.585682351082390e-01  4.585682351082390e-01  4.585682351082390e-01  0
1.035802400015097e-06  4.378101415911227e-01  4.378101415911227e-01  4.378101415911227e-01  4.378101415911227e-01  0
1.135196161206098e-06  3.999756590930186e-01  3.999756590930186e-01  3.999756590930186e-01  3.999756590930186e-01  0
1.244127571434742e-06  3.599029521560934e-01  3.599029521560934e-01  3.599029521560934e-01  3.599029521560934e-01  0
1.363511846586567e-06  3.335647440843632e-01  3.335647440843632e-01  3.335647440843632e-01  3.335647440843632e-01  0
1.494352025040247e-06  3.291583435557865e-01  3.291583435557865e-01  3.291583435557865e-01  3.291583435557865e-01  0
1.637747394958267e-06  3.499703488455032e-01  3.499703488455032e-01  3.499703488455032e-01  3.499703488455032e-01  0
1.794902730245472e-06  3.877808773384174e-01  3.877808773384174e-01  3.877808773384174e-01  3.877808773384174e-01  0
1.967138412773812e-06  4.279521733123791e-01  4.279521733123791e-01  4.279521733123791e-01  4.279521733123791e-01  0
2.155901525917819e-06  4.545044143078866e-01  4.545044143078866e-01  4.545044143078866e-01  4.545044143078866e-01  0
2.362778012606080e-06  4.586870039123738e-01  4.586870039123738e-01  4.586870039123738e-01  4.586870039123738e-01  0
2.589506000037748e-06  4.379761098125413e-01  4.379761098125413e-01  4.379761098125413e-01  4.379761098125413e-01  0
2.837990403015248e-06  4.001673920136927e-01  4.001673920136927e-01  4.001673920136927e-01  4.001673920136927e-01  0
3.110318928586860e-06  3.600888528815184e-01  3.600888528815184e-01  3.600888528815184e-01  3.600888528815184e-01  0
3.408779616466424e-06  3.337163166962712e-01  3.337163166962712e-01  3.337163166962712e-01  3.337163166962712e-01  0
3.735880062600623e-06  3.294435521976057e-01  3.294435521976057e-01  3.294435521976057e-01  3.294435521976057e-01  0
4.094368487395674e-06  3.501377207201447e-01  3.501377207201447e-01  3.501377207201447e-01  3.501377207201447e-01  0
4.487256825613687e-06  3.878674507242856e-01  3.878674507242856e-01  3.878674507242856e-01  3.878674507242856e-01  0
4.917846031934537e-06  4.280107604814750e-01  4.280107604814750e-01  4.280107604814750e-01  4.280107604814750e-01  0
5.389753814794554e-06  4.545829831213246e-01  4.545829831213246e-01  4.545829831213246e-01  4.545829831213246e-01  0
5.906945031515200e-06  4.590141759161128e-01  4.590141759161128e-01  4.590141759161128e-01  4.590141759161128e-01  0
6.473765000094370e-06  4.384201256780452e-01  4.384201256780452e-01  4.384201256780452e-01  4.384201256780452e-01  0
7.094976007538121e-06  4.006738810585301e-01  4.006738810585301e-01  4.006738810585301e-01  4.006738810585301e-01  0
7.775797321467150e-06  3.605785043309467e-01  3.605785043309467e-01  3.605785043309467e-01  3.605785043309467e-01  0
8.521949041166062e-06  3.341183273113623e-01  3.341183273113623e-01  3.341183273113623e-01  3.341183273113623e-01  0
9.339700156501558e-06  3.301956163222617e-01  3.301956163222617e-01  3.301956163222617e-01  3.301956163222617e-01  0
1.023592121848918e-05  3.505914696834124e-01  3.505914696834124e-01  3.505914696834124e-01  3.505914696834124e-01  0
1.121814206403422e-05  3.881167050017912e-01  3.881167050017912e-01  3.881167050017912e-01  3.881167050017912e-01  0
1.229461507983634e-05  4.281888326586563e-01  4.281888326586563e-01  4.281888326586563e-01  4.281888326586563e-01  0
1.347438453698639e-05  4.548104691016303e-01  4.548104691016303e-01  4.548104691016303e-01  4.548104691016303e-01  0
1.476736257878800e-05  4.598845828064545e-01  4.598845828064545e-01  4.598845828064545e-01  4.598845828064545e-01  0
1.618441250023592e-05  4.395810700393483e-01  4.395810700393483e-01  4.395810700393483e-01  4.395810700393483e-01  0
1.773744001884530e-05  4.019899613956951e-01  4.019899613956951e-01  4.019899613956951e-01  4.019899613956951e-01  0
1.943949330366787e-05  3.618501877418495e-01  3.618501877418495e-01  3.618501877418495e-01  3.618501877418495e-01  0
2.130487260291515e-05  3.351671231151504e-01  3.351671231151504e-01  3.351671231151504e-01  3.351671231151504e-01  0
2.334925039125390e-05  3.322349818263127e-01  3.322349818263127e-01  3.322349818263127e-01  3.322349818263127e-01  0
2.558980304622297e-05  3.518517038371572e-01  3.518517038371572e-01  3.518517038371572e-01  3.518517038371572e-01  0
2.804535516008555e-05  3.888352837727279e-01  3.888352837727279e-01  3.888352837727279e-01  3.888352837727279e-01  0
3.073653769959086e-05  4.287070933853523e-01  4.287070933853523e-01  4.287070933853523e-01  4.287070933853523e-01  0
3.368596134246597e-05  4.554390854065538e-01  4.554390854065538e-01  4.554390854065538e-01  4.554390854065538e-01  0
3.691840644696999e-05  4.622985301039306e-01  4.622985301039306e-01  4.622985301039306e-01  4.622985301039306e-01  0
4.046103125058980e-05  4.427053595447003e-01  4.427053595447003e-01  4.427053595447003e-01  4.427053595447003e-01  0
4.434360004711325e-05  4.054997106855358e-01  4.054997106855358e-01  4.054997106855358e-01  4.054997106855358e-01  0
4.859873325916968e-05  3.652416211270039e-01  3.652416211270039e-01  3.652416211270039e-01  3.652416211270039e-01  0
5.326218150728787e-05  3.379811763816180e-01  3.379811763816180e-01  3.379811763816180e-01  3.379811763816180e-01  0
5.837312597813474e-05  3.385488557826533e-01  3.385488557826533e-01  3.385488557826533e-01  3.385488557826533e-01  0
6.397450761555741e-05  3.559214681498097e-01  3.559214681498097e-01  3.559214681498097e-01  3.559214681498097e-01  0
7.011338790021387e-05  3.912782556664682e-01  3.912782556664682e-01  3.912782556664682e-01  3.912782556664682e-01  0
7.684134424897715e-05  4.304424478167652e-01  4.304424478167652e-01  4.304424478167652e-01  4.304424478167652e-01  0
8.421490335616491e-05  4.573221317908984e-01  4.573221317908984e-01  4.573221317908984e-01  4.573221317908984e-01  0
9.229601611742499e-05  4.718418256419896e-01  4.718418256419896e-01  4.718418256419896e-01  4.718418256419896e-01  0
1.011525781264745e-04  4.531202426927768e-01  4.531202426927768e-01  4.531202426927768e-01  4.531202426927768e-01  0
1.108590001177831e-04  4.164220577640437e-01  4.164220577640437e-01  4.164220577640437e-01  4.164220577640437e-01  0
1.214968331479242e-04  3.755761429972984e-01  3.755761429972984e-01  3.755761429972984e-01  3.755761429972984e-01  0
1.331554537682197e-04  3.465880137464120e-01  3.465880137464120e-01  3.465880137464120e-01  3.465880137464120e-01  0
1.459328149453368e-04  3.945964657400160e-01  3.945964657400160e-01  3.945964657400160e-01  3.945964657400160e-01  0
1.599362690388935e-04  3.923375561656152e-01  3.923375561656152e-01  3.923375561656152e-01  3.923375561656152e-01  0
1.752834697505346e-04  4.138095952777353e-01  4.138095952777353e-01  4.138095952777353e-01  4.138095952777353e-01  0
1.921033606224429e-04  4.448281187879366e-01  4.448281187879366e-01  4.448281187879366e-01  4.448281187879366e-01  0
2.105372583904123e-04  4.682753082310288e-01  4.682753082310288e-01  4.682753082310288e-01  4.682753082310288e-01  0
2.307400402935625e-04  6.917454984129088e-01  6.917454984129088e-01  6.917454984129088e-01  6.917454984129088e-01  0
2.528814453161863e-04  6.360459566844837e-01  6.360459566844837e-01  6.360459566844837e-01  6.360459566844837e-01  0
2.771475002944578e-04  5.641975766632217e-01  5.641975766632217e-01  5.641975766632217e-01  5.641975766632217e-01  0
3.037420828698105e-04  4.906112168529916e-01  4.906112168529916e-01  4.906112168529916e-01  4.906112168529916e-01  0
3.328886344205492e-04  4.318009256386712e-01  4.318009256386712e-01  4.318009256386712e-01  4.318009256386712e-01  0
3.648320373633421e-04  7.752162217189551e-01  7.752162217189551e-01  7.752162217189551e-01  7.752162217189551e-01  0
3.998406725972338e-04  7.627806853457392e-01  7.627806853457392e-01  7.627806853457392e-01  7.627806853457392e-01  0
4.382086743763367e-04  7.601914380328448e-01  7.601914380328448e-01  7.601914380328448e-01  7.601914380328448e-01  0
4.802584015561072e-04  7.596312228558089e-01  7.596312228558089e-01  7.596312228558089e-01  7.596312228558089e-01  0
5.263431459760307e-04  7.485814143295203e-01  7.485814143295203e-01  7.485814143295203e-01  7.485814143295203e-01  0
5.768501007339061e-04  8.678106368862282e-01  8.678106368862282e-01  8.678106368862282e-01  8.678106368862282e-01  0
6.322036132904656e-04  8.772414356183287e-01  8.772414356183287e-01  8.772414356183287e-01  8.772414356183287e-01  0
6.928687507361445e-04  8.698558116671511e-01  8.698558116671511e-01  8.698558116671511e-01  8.698558116671511e-01  0
7.593552071745262e-04  8.486728403140799e-01  8.486728403140799e-01  8.486728403140799e-01  8.486728403140799e-01  0
8.322215860513730e-04  8.211783303364252e-01  8.211783303364252e-01  8.211783303364252e-01  8.211783303364252e-01  0
9.120800934083554e-04  7.812443131609358e-01  7.812443131609358e-01  7.812443131609358e-01  7.812443131609358e-01  0
9.996016814930845e-04  7.979695286052610e-01  7.979695286052610e-01  7.979695286052610e-01  7.979695286052610e-01  0
1.095521685940842e-03  8.164595382299272e-01  8.164595382299272e-01  8.164595382299272e-01  8.164595382299272e-01  0
1.200646003890268e-03  8.381545279138074e-01  8.381545279138074e-01  8.381545279138074e-01  8.381545279138074e-01  0
1.315857864940077e-03  8.560619531735096e-01  8.560619531735096e-01  8.560619531735096e-01  8.560619531735096e-01  0
1.442125251834765e-03  7.658254345757916e-01  7.658254345757916e-01  7.658254345757916e-01  7.658254345757916e-01  0
1.580509033226164e-03  7.715645993796952e-01  7.715645993796952e-01  7.715645993796952e-01  7.715645993796952e-01  0
1.732171876840361e-03  7.795493456234343e-01  7.795493456234343e-01  7.795493456234343e-01  7.795493456234343e-01  0
1.898388017936316e-03  7.842674694772205e-01  7.842674694772205e-01  7.842674694772205e-01  7.842674694772205e-01  0
2.080553965128433e-03  7.839508227801285e-01  7.839508227801285e-01  7.839508227801285e-01  7.839508227801285e-01  0
2.280200233520888e-03  7.758572596526057e-01  7.758572596526057e-01  7.758572596526057e-01  7.758572596526057e-01  0
2.499004203732711e-03  8.035354300824610e-01  8.035354300824610e-01  8.035354300824610e-01  8.035354300824610e-01  0
2.738804214852104e-03  8.080830967290711e-01  8.080830967290711e-01  8.080830967290711e-01  8.080830967290711e-01  0
3.001615009725670e-03  8.013786229664380e-01  8.013786229664380e-01  8.013786229664380e-01  8.013786229664380e-01  0
3.289644662350192e-03  7.965793094605793e-01  7.965793094605793e-01  7.965793094605793e-01  7.965793094605793e-01  0
3.605313129586914e-03  9.067500226982426e-01  9.067500226982426e-01  9.067500226982426e-01  9.067500226982426e-01  0
3.951272583065412e-03  8.541447276991125e-01  8.541447276991125e-01  8.541447276991125e-01  8.541447276991125e-01  0
4.330429692100905e-03  8.237886222016053e-01  8.237886222016053e-01  8.237886222016053e-01  8.237886222016053e-01  0
4.745970044840789e-03  8.154909559313561e-01  8.154909559313561e-01  8.154909559313561e-01  8.154909559313561e-01  0
5.201384912821082e-03  8.196194579256291e-01  8.196194579256291e-01  8.196194579256291e-01  8.196194579256291e-01  0
5.700500583802221e-03  1.088880007130166e+00  1.088880007130166e+00  1.088880007130166e+00  1.088880007130166e+00  0
6.247510509331778e-03  1.145211968113758e+00  1.145211968113758e+00  1.145211968113758e+00  1.145211968113758e+00  0
6.847010537130260e-03  1.145512986742095e+00  1.145512986742095e+00  1.145512986742095e+00  1.145512986742095e+00  0
7.504037524314174e-03  1.098167163677529e+00  1.098167163677529e+00  1.098167163677529e+00  1.098167163677529e+00  0
8.224111655875480e-03  1.022992710329365e+00  1.022992710329365e+00  1.022992710329365e+00  1.022992710329365e+00  0
9.013282823967282e-03  9.594834722195913e-01  9.594834722195913e-01  9.594834722195913e-01  9.594834722195913e-01  0
9.878181457663527e-03  9.740353833457687e-01  9.740353833457687e-01  9.740353833457687e-01  9.740353833457687e-01  0
1.082607423025226e-02  1.005090548405282e+00  1.005090548405282e+00  1.005090548405282e+00  1.005090548405282e+00  0
1.186492511210197e-02  1.054479349341850e+00  1.054479349341850e+00  1.054479349341850e+00  1.054479349341850e+00  0
1.300346228205270e-02  1.111856755587023e+00  1.111856755587023e+00  1.111856755587023e+00  1.111856755587023e+00  0
1.425125145950555e-02  8.555137548665946e-01  8.555137548665946e-01  8.555137548665946e-01  8.555137548665946e-01  0
1.561877627332944e-02  9.559004383243650e-01  9.559004383243650e-01  9.559004383243650e-01  9.559004383243650e-01  0
1.711752634282565e-02  1.017532512525484e+00  1.017532512525484e+00  1.017532512525484e+00  1.017532512525484e+00  0
1.876009381078543e-02  1.039564735679833e+00  1.039564735679833e+00  1.039564735679833e+00  1.039564735679833e+00  0
2.056027913968870e-02  1.032427590651153e+00  1.032427590651153e+00  1.032427590651153e+00  1.032427590651153e+00  0
2.253320705991821e-02  7.288303888572947e-01  7.288303888572947e-01  7.288303888572947e-01  7.288303888572947e-01  0
2.469545364415882e-02  7.335746843603022e-01  7.335746843603022e-01  7.335746843603022e-01  7.335746843603022e-01  0
2.706518557563065e-02  7.551432906651241e-01  7.551432906651241e-01  7.551432906651241e-01  7.551432906651241e-01  0
2.966231278025493e-02  8.013580055996594e-01  8.013580055996594e-01  8.013580055996594e-01  8.013580055996594e-01  0
3.250865570513176e-02  8.687409519062540e-01  8.687409519062540e-01  8.687409519062540e-01  8.687409519062540e-01  0
3.562812864876388e-02  7.338361623166191e-01  7.338361623166191e-01  7.338361623166191e-01  7.338361623166191e-01  0
3.904694068332362e-02  8.304518477423155e-01  8.304518477423155e-01  8.304518477423155e-01  8.304518477423155e-01  0
4.279381585706413e-02  8.873171676907108e-01  8.873171676907108e-01  8.873171676907108e-01  8.873171676907108e-01  0
4.690023452696359e-02  9.013243100744320e-01  9.013243100744320e-01  9.013243100744320e-01  9.013243100744320e-01  0
5.140069784922175e-02  8.810529774799594e-01  8.810529774799594e-01  8.810529774799594e-01  8.810529774799594e-01  0
5.633301764979552e-02  1.025371121919537e+00  1.025371121919537e+00  1.025371121919537e+00  1.025371121919537e+00  0
6.173863411039705e-02  9.558462128195229e-01  9.558462128195229e-01  9.558462128195229e-01  9.558462128195229e-01  0
6.766296393907663e-02  8.948382457487691e-01  8.948382457487691e-01  8.948382457487691e-01  8.948382457487691e-01  0
7.415578195063734e-02  8.631806804881298e-01  8.631806804881298e-01  8.631806804881298e-01  8.631806804881298e-01  0
8.127163926282940e-02  8.662378185737327e-01  8.662378185737327e-01  8.662378185737327e-01  8.662378185737327e-01  0
8.907032162190970e-02  9.886200301200810e-01  9.886200301200810e-01  9.886200301200810e-01  9.886200301200810e-01  0
9.761735170830904e-02  1.148833045924110e+00  1.148833045924110e+00  1.148833045924110e+00  1.148833045924110e+00  0
1.069845396426603e-01  1.253155679574323e+00  1.253155679574323e+00  1.253155679574323e+00  1.253155679574323e+00  0
1.172505863174090e-01  1.286145289972139e+00  1.286145289972139e+00  1.286145289972139e+00  1.286145289972139e+00  0
1.285017446230544e-01  1.249546617919218e+00  1.249546617919218e+00  1.249546617919218e+00  1.249546617919218e+00  0
1.408325441244888e-01  2.355732189710219e+00  2.355732189710219e+00  2.355732189710219e+00  2.355732189710219e+00  0
1.543465852759926e-01  2.594418517111369e+00  2.594418517111369e+00  2.594418517111369e+00  2.594418517111369e+00  0
1.691574098476915e-01  2.690951716032420e+00  2.690951716032420e+00  2.690951716032420e+00  2.690951716032420e+00  0
1.853894548765933e-01  2.652587202567605e+00  2.652587202567605e+00  2.652587202567605e+00  2.652587202567605e+00  0
2.031790981570734e-01  2.513902215818034e+00  2.513902215818034e+00  2.513902215818034e+00  2.513902215818034e+00  0
2.226758040547741e-01  7.634711186396003e-01  7.634711186396003e-01  7.634711186396003e-01  7.634711186396003e-01  0
2.440433792707724e-01  1.052739499273197e+00  1.052739499273197e+00  1.052739499273197e+00  1.052739499273197e+00  0
2.674613491066506e-01  1.400857118494043e+00  1.400857118494043e+00  1.400857118494043e+00  1.400857118494043e+00  0
2.931264657935223e-01  1.783565548429934e+00  1.783565548429934e+00  1.783565548429934e+00  1.783565548429934e+00  0
3.212543615576358e-01  2.157437511290622e+00  2.157437511290622e+00  2.157437511290622e+00  2.157437511290622e+00  0
3.520813603112218e-01  1.048083133429038e-01  1.048083133429038e-01  1.048083133429038e-01  1.048083133429038e-01  0
3.858664631899814e-01  1.665118723184763e-01  1.665118723184763e-01  1.665118723184763e-01  1.665118723184763e-01  0
4.228935246192287e-01  2.540208699007090e-01  2.540208699007090e-01  2.540208699007090e-01  2.540208699007090e-01  0
4.634736371914831e-01  3.758291776139160e-01  3.758291776139160e-01  3.758291776139160e-01  3.758291776139160e-01  0
5.079477453926835e-01  5.432591459909145e-01  5.432591459909145e-01  5.432591459909145e-01  5.432591459909145e-01  0
5.566895101369354e-01  1.773471668717058e-02  1.773471668717058e-02  1.773471668717058e-02  1.773471668717058e-02  0
6.101084481769312e-01  2.653014747317679e-02  2.653014747317679e-02  2.653014747317679e-02  2.653014747317679e-02  0
6.686533727666267e-01  3.921601980390151e-02  3.921601980390151e-02  3.921601980390151e-02  3.921601980390151e-02  0
7.328161644838058e-01  5.791460139047173e-02  5.791460139047173e-02  5.791460139047173e-02  5.791460139047173e-02  0
8.031359038940895e-01  8.570054224175000e-02  8.570054224175000e-02  8.570054224175000e-02  8.570054224175000e-02  0
8.802034007780546e-01  1.088609809550174e-03  1.088609809550174e-03  1.088609809550174e-03  1.088609809550174e-03  0
9.646661579749535e-01  2.157346102282990e-03  2.157346102282990e-03  2.157346102282990e-03  2.157346102282990e-03  0
1.057233811548072e+00  3.972887468275185e-03  3.972887468275185e-03  3.972887468275185e-03  3.972887468275185e-03  0
1.158684092978708e+00  6.826745936500817e-03  6.826745936500817e-03  6.826745936500817e-03  6.826745936500817e-03  0
1.269869363481709e+00  1.102533165848645e-02  1.102533165848645e-02  1.102533165848645e-02  1.102533165848645e-02  0
1.391723775342338e+00  9.396273173168410e-06  9.396273173168410e-06  9.396273173168410e-06  9.396273173168410e-06  0
1.525271120442328e+00  2.880998780776151e-05  2.880998780776151e-05  2.880998780776151e-05  2.880998780776151e-05  0
1.671633431916567e+00  8.065376548750731e-05  8.065376548750731e-05  8.065376548750731e-05  8.065376548750731e-05  0
1.832040411209515e+00  2.076082189032297e-04  2.076082189032297e-04  2.076082189032297e-04  2.076082189032297e-04  0
2.007839759735224e+00  4.932452684492148e-04  4.932452684492148e-04  4.932452684492148e-04  4.932452684492148e-04  0
2.200508501945137e+00  2.025784096280318e-07  2.025784096280318e-07  2.025784096280318e-07  2.025784096280318e-07  0
2.411665394937384e+00  5.191086927844547e-07  5.191086927844547e-07  5.191086927844547e-07  5.191086927844547e-07  0
2.643084528870180e+00  1.256388794010611e-06  1.256388794010611e-06  1.256388794010611e-06  1.256388794010611e-06  0
2.896710232446770e+00  2.890465627294330e-06  2.890465627294330e-06  2.890465627294330e-06  2.890465627294330e-06  0
3.174673408704273e+00  6.388622410370720e-06  6.388622410370720e-06  6.388622410370720e-06  6.388622410370720e-06  0
