-3.174673408704273e+00  5.742525400113759e-06  5.742525400113759e-06  5.742525400113759e-06  5.742525400113759e-06  0
-2.896710232446770e+00  2.703421270635144e-06  2.703421270635144e-06  2.703421270635144e-06  2.703421270635144e-06  0
-2.643084528870180e+00  1.205302068313481e-06  1.205302068313481e-06  1.205302068313481e-06  1.205302068313481e-06  0
-2.411665394937384e+00  5.054736484686282e-07  5.054736484686282e-07  5.054736484686282e-07  5.054736484686282e-07  0
-2.200508501945137e+00  1.987284974274520e-07  1.987284974274520e-07  1.987284974274520e-07  1.987284974274520e-07  0
-2.007839759735224e+00  3.457332809567861e-04  3.457332809567861e-04  3.457332809567861e-04  3.457332809567861e-04  0
-1.832040411209515e+00  1.476956152156030e-04  1.476956152156030e-04  1.476956152156030e-04  1.476956152156030e-04  0
-1.671633431916567e+00  5.881480026992187e-05  5.881480026992187e-05  5.881480026992187e-05  5.881480026992187e-05  0
-1.525271120442328e+00  2.190998862359761e-05  2.190998862359761e-05  2.190998862359761e-05  2.190998862359761e-05  0
-1.391723775342338e+00  7.681644514810974e-06  7.681644514810974e-06  7.681644514810974e-06  7.681644514810974e-06  0
-1.269869363481709e+00  7.392352650446429e-03  7.392352650446429e-03  7.392352650446429e-03  7.392352650446429e-03  0
-1.158684092978708e+00  4.608978907212375e-03  4.608978907212375e-03  4.608978907212375e-03  4.608978907212375e-03  0
-1.057233811548072e+00  2.693357203622166e-03  2.693357203622166e-03  2.693357203622166e-03  2.693357203622166e-03  0
-9.646661579749535e-01  1.466395154735856e-03  1.466395154735856e-03  1.466395154735856e-03  1.466395154735856e-03  0
-8.802034007780546e-01  7.414057240534309e-04  7.414057240534309e-04  7.414057240534309e-04  7.414057240534309e-04  0
-8.031359038940895e-01  5.303384932997788e-02  5.303384932997788e-02  5.303384932997788e-02  5.303384932997788e-02  0
-7.328161644838058e-01  3.641685897703523e-02  3.641685897703523e-02  3.641685897703523e-02  3.641685897703523e-02  0
-6.686533727666267e-01  2.502886593158444e-02  2.502886593158444e-02  2.502886593158444e-02  2.502886593158444e-02  0
-6.101084481769312e-01  1.713913416010586e-02  1.713913416010586e-02  1.713913416010586e-02  1.713913416010586e-02  0
-5.566895101369354e-01  1.155440386412918e-02  1.155440386412918e-02  1.155440386412918e-02  1.155440386412918e-02  0
-5.079477453926835e-01  3.084101112950634e-01  3.084101112950634e-01  3.084101112950634e-01  3.084101112950634e-01  0
-4.634736371914831e-01  2.164237424255015e-01  2.164237424255015e-01  2.164237424255015e-01  2.164237424255015e-01  0
-4.228935246192287e-01  1.481588341118904e-01  1.481588341118904e-01  1.481588341118904e-01  1.481588341118904e-01  0
-3.858664631899814e-01  9.813259488550463e-02  9.813259488550463e-02  9.813259488550463e-02  9.813259488550463e-02  0
-3.520813603112218e-01  6.225875764144381e-02  6.225875764144381e-02  6.225875764144381e-02  6.225875764144381e-02  0
-3.212543615576358e-01  1.178623944048073e+00  1.178623944048073e+00  1.178623944048073e+00  1.178623944048073e+00  0
-2.931264657935223e-01  9.780096171525675e-01  9.780096171525675e-01  9.780096171525675e-01  9.780096171525675e-01  0
-2.674613491066506e-01  7.728123080936034e-01  7.728123080936034e-01  7.728123080936034e-01  7.728123080936034e-01  0
-2.440433792707724e-01  5.856353599702004e-01  5.856353599702004e-01  5.856353599702004e-01  5.856353599702004e-01  0
-2.226758040547741e-01  4.291116972866481e-01  4.291116972866481e-01  4.291116972866481e-01  4.291116972866481e-01  0
-2.031790981570734e-01  1.375622328421629e+00  1.375622328421629e+00  1.375622328421629e+00  1.375622328421629e+00  0
-1.853894548765933e-01  1.448999427871922e+00  1.448999427871922e+00  1.448999427871922e+00  1.448999427871922e+00  0
-1.691574098476915e-01  1.466060465705266e+00  1.466060465705266e+00  1.466060465705266e+00  1.466060465705266e+00  0
-1.543465852759926e-01  1.409710316150765e+00  1.409710316150765e+00  1.409710316150765e+00  1.409710316150765e+00  0
-1.408325441244888e-01  1.277157710780566e+00  1.277157710780566e+00  1.277157710780566e+00  1.277157710780566e+00  0
-1.285017446230544e-01  6.788797267259269e-01  6.788797267259269e-01  6.788797267259269e-01  6.788797267259269e-01  0
-1.172505863174090e-01  7.038579227491329e-01  7.038579227491329e-01  7.038579227491329e-01  7.038579227491329e-01  0
-1.069845396426603e-01  6.957331081096375e-01  6.957331081096375e-01  6.957331081096375e-01  6.957331081096375e-01  0
-9.761735170830904e-02  6.493490596821260e-01  6.493490596821260e-01  6.493490596821260e-01  6.493490596821260e-01  0
-8.907032162190970e-02  5.693452503758516e-01  5.693452503758516e-01  5.693452503758516e-01  5.693452503758516e-01  0
-8.127163926282940e-02  5.035837571598708e-01  5.035837571598708e-01  5.035837571598708e-01  5.035837571598708e-01  0
-7.415578195063734e-02  4.892119716316015e-01  4.892119716316015e-01  4.892119716316015e-01  4.892119716316015e-01  0
-6.766296393907663e-02  4.863459232663206e-01  4.863459232663206e-01  4.863459232663206e-01  4.863459232663206e-01  0
-6.173863411039705e-02  4.964967982662387e-01  4.964967982662387e-01  4.964967982662387e-01  4.964967982662387e-01  0
-5.633301764979552e-02  5.136267335886610e-01  5.136267335886610e-01  5.136267335886610e-01  5.136267335886610e-01  0
-5.140069784922175e-02  5.164588897426819e-01  5.164588897426819e-01  5.164588897426819e-01  5.164588897426819e-01  0
-4.690023452696359e-02  5.225202144700474e-01  5.225202144700474e-01  5.225202144700474e-01  5.225202144700474e-01  0
-4.279381585706413e-02  5.190503412783321e-01  5.190503412783321e-01  5.190503412783321e-01  5.190503412783321e-01  0
-3.904694068332362e-02  4.974972788715837e-01  4.974972788715837e-01  4.974972788715837e-01  4.974972788715837e-01  0
-3.562812864876388e-02  4.543443743325065e-01  4.543443743325065e-01  4.543443743325065e-01  4.543443743325065e-01  0
-3.250865570513176e-02  5.445249343084327e-01  5.445249343084327e-01  5.445249343084327e-01  5.445249343084327e-01  0
-2.966231278025493e-02  4.993208847914918e-01  4.993208847914918e-01  4.993208847914918e-01  4.993208847914918e-01  0
-2.706518557563065e-02  4.518274214515023e-01  4.518274214515023e-01  4.518274214515023e-01  4.518274214515023e-01  0
-2.469545364415882e-02  4.061009197065801e-01  4.061009197065801e-01  4.061009197065801e-01  4.061009197065801e-01  0
-2.253320705991821e-02  3.639262992826346e-01  3.639262992826346e-01  3.639262992826346e-01  3.639262992826346e-01  0
-2.056027913968870e-02  6.459718756495761e-01  6.459718756495761e-01  6.459718756495761e-01  6.459718756495761e-01  0
-1.876009381078543e-02  6.356247629841422e-01  6.356247629841422e-01  6.356247629841422e-01  6.356247629841422e-01  0
-1.711752634282565e-02  6.187556701589783e-01  6.187556701589783e-01  6.187556701589783e-01  6.187556701589783e-01  0
-1.561877627332944e-02  5.895604815492993e-01  5.895604815492993e-01  5.895604815492993e-01  5.895604815492993e-01  0
-1.425125145950555e-02  5.445614203728089e-01  5.445614203728089e-01  5.445614203728089e-01  5.445614203728089e-01  0
-1.300346228205270e-02  8.497417142459085e-01  8.497417142459085e-01  8.497417142459085e-01  8.497417142459085e-01  0
-1.186492511210197e-02  7.703810540705807e-01  7.703810540705807e-01  7.703810540705807e-01  7.703810540705807e-01  0
-1.082607423025226e-02  6.918522387294194e-01  6.918522387294194e-01  6.918522387294194e-01  6.918522387294194e-01  0
-9.878181457663527e-03  6.179126505180557e-01  6.179126505180557e-01  6.179126505180557e-01  6.179126505180557e-01  0
-9.013282823967282e-03  5.483287039717666e-01  5.483287039717666e-01  5.483287039717666e-01  5.483287039717666e-01  0
-8.224111655875480e-03  1.106589478048789e+00  1.106589478048789e+00  1.106589478048789e+00  1.106589478048789e+00  0
-7.504037524314174e-03  1.082289555065597e+00  1.082289555065597e+00  1.082289555065597e+00  1.082289555065597e+00  0
-6.847010537130260e-03  1.035235773352277e+00  1.035235773352277e+00  1.035235773352277e+00  1.035235773352277e+00  0
-6.247510509331778e-03  9.667640107102755e-01  9.667640107102755e-01  9.667640107102755e-01  9.667640107102755e-01  0
-5.700500583802221e-03  8.800781600173597e-01  8.800781600173597e-01  8.800781600173597e-01  8.800781600173597e-01  0
-5.201384912821082e-03  9.324596908819269e-01  9.324596908819269e-01  9.324596908819269e-01  9.324596908819269e-01  0
-4.745970044840789e-03  9.830031917793011e-01  9.830031917793011e-01  9.830031917793011e-01  9.830031917793011e-01  0
-4.330429692100905e-03  1.020857254608933e+00  1.020857254608933e+00  1.020857254608933e+00  1.020857254608933e+00  0
-3.951272583065412e-03  1.041297168377736e+00  1.041297168377736e+00  1.041297168377736e+00  1.041297168377736e+00  0
-3.605313129586914e-03  1.039916185755239e+00  1.039916185755239e+00  1.039916185755239e+00  1.039916185755239e+00  0
-3.289644662350192e-03  7.381866561811743e-01  7.381866561811743e-01  7.381866561811743e-01  7.381866561811743e-01  0
-3.001615009725670e-03  7.330584201172914e-01  7.330584201172914e-01  7.330584201172914e-01  7.330584201172914e-01  0
-2.738804214852104e-03  7.459524557197513e-01  7.459524557197513e-01  7.459524557197513e-01  7.459524557197513e-01  0
-2.499004203732711e-03  7.690179248910267e-01  7.690179248910267e-01  7.690179248910267e-01  7.690179248910267e-01  0
-2.280200233520888e-03  7.908136723495945e-01  7.908136723495945e-01  7.908136723495945e-01  7.908136723495945e-01  0
-2.080553965128433e-03  8.697701402888932e-01  8.697701402888932e-01  8.697701402888932e-01  8.697701402888932e-01  0
-1.898388017936316e-03  8.570883585801443e-01  8.570883585801443e-01  8.570883585801443e-01  8.570883585801443e-01  0
-1.732171876840361e-03  8.232640748476550e-01  8.232640748476550e-01  8.232640748476550e-01  8.232640748476550e-01  0
-1.580509033226164e-03  7.753855680484438e-01  7.753855680484438e-01  7.753855680484438e-01  7.753855680484438e-01  0
-1.442125251834765e-03  7.239870808704014e-01  7.239870808704014e-01  7.239870808704014e-01  7.239870808704014e-01  0
-1.315857864940077e-03  8.667511152861227e-01  8.667511152861227e-01  8.667511152861227e-01  8.667511152861227e-01  0
-1.200646003890268e-03  8.397808616309104e-01  8.397808616309104e-01  8.397808616309104e-01  8.397808616309104e-01  0
-1.095521685940842e-03  8.324235367859050e-01  8.324235367859050e-01  8.324235367859050e-01  8.324235367859050e-01  0
-9.996016814930845e-04  8.379113483253402e-01  8.379113483253402e-01  8.379113483253402e-01  8.379113483253402e-01  0
-9.120800934083554e-04  8.414303422711484e-01  8.414303422711484e-01  8.414303422711484e-01  8.414303422711484e-01  0
-8.322215860513730e-04  9.524389332075357e-01  9.524389332075357e-01  9.524389332075357e-01  9.524389332075357e-01  0
-7.593552071745262e-04  9.739331745994625e-01  9.739331745994625e-01  9.739331745994625e-01  9.739331745994625e-01  0
-6.928687507361445e-04  9.658102705073315e-01  9.658102705073315e-01  9.658102705073315e-01  9.658102705073315e-01  0
-6.322036132904656e-04  9.279932485002690e-01  9.279932485002690e-01  9.279932485002690e-01  9.279932485002690e-01  0
-5.768501007339061e-04  8.703946805103632e-01  8.703946805103632e-01  8.703946805103632e-01  8.703946805103632e-01  0
-5.263431459760307e-04  9.541861804062119e-01  9.541861804062119e-01  9.541861804062119e-01  9.541861804062119e-01  0
-4.802584015561072e-04  9.023590366599513e-01  9.023590366599513e-01  9.023590366599513e-01  9.023590366599513e-01  0
-4.382086743763367e-04  8.800572149296551e-01  8.800572149296551e-01  8.800572149296551e-01  8.800572149296551e-01  0
-3.998406725972338e-04  8.881823041103146e-01  8.881823041103146e-01  8.881823041103146e-01  8.881823041103146e-01  0
-3.648320373633421e-04  9.141849428504276e-01  9.141849428504276e-01  9.141849428504276e-01  9.141849428504276e-01  0
3.648320373633421e-04  9.309335773544725e-01  9.309335773544725e-01  9.309335773544725e-01  9.309335773544725e-01  0
3.998406725972338e-04  9.022248897061873e-01  9.022248897061873e-01  9.022248897061873e-01  9.022248897061873e-01  0
4.382086743763367e-04  8.922054681205701e-01  8.922054681205701e-01  8.922054681205701e-01  8.922054681205701e-01  0
4.802584015561072e-04  9.133961847363082e-01  9.133961847363082e-01  9.133961847363082e-01  9.133961847363082e-01  0
5.263431459760307e-04  9.646066362622076e-01  9.646066362622076e-01  9.646066362622076e-01  9.646066362622076e-01  0
5.768501007339061e-04  8.951286586259564e-01  8.951286586259564e-01  8.951286586259564e-01  8.951286586259564e-01  0
6.322036132904656e-04  9.535450301201389e-01  9.535450301201389e-01  9.535450301201389e-01  9.535450301201389e-01  0
6.928687507361445e-04  9.907150933660821e-01  9.907150933660821e-01  9.907150933660821e-01  9.907150933660821e-01  0
7.593552071745262e-04  9.968159958313355e-01  9.968159958313355e-01  9.968159958313355e-01  9.968159958313355e-01  0
8.322215860513730e-04  9.723952718269882e-01  9.723952718269882e-01  9.723952718269882e-01  9.723952718269882e-01  0
9.120800934083554e-04  8.738027659291883e-01  8.738027659291883e-01  8.738027659291883e-01  8.738027659291883e-01  0
9.996016814930845e-04  8.680349499478919e-01  8.680349499478919e-01  8.680349499478919e-01  8.680349499478919e-01  0
1.095521685940842e-03  8.607583216067930e-01  8.607583216067930e-01  8.607583216067930e-01  8.607583216067930e-01  0
1.200646003890268e-03  8.672034615021260e-01  8.672034615021260e-01  8.672034615021260e-01  8.672034615021260e-01  0
1.315857864940077e-03  8.940040690667215e-01  8.940040690667215e-01  8.940040690667215e-01  8.940040690667215e-01  0
1.442125251834765e-03  7.439104261619206e-01  7.439104261619206e-01  7.439104261619206e-01  7.439104261619206e-01  0
1.580509033226164e-03  8.005197526071475e-01  8.005197526071475e-01  8.005197526071475e-01  8.005197526071475e-01  0
1.732171876840361e-03  8.527139594913943e-01  8.527139594913943e-01  8.527139594913943e-01  8.527139594913943e-01  0
1.898388017936316e-03  8.891340969196723e-01  8.891340969196723e-01  8.891340969196723e-01  8.891340969196723e-01  0
2.080553965128433e-03  9.024316582607108e-01  9.024316582607108e-01  9.024316582607108e-01  9.024316582607108e-01  0
2.280200233520888e-03  7.917144872247700e-01  7.917144872247700e-01  7.917144872247700e-01  7.917144872247700e-01  0
2.499004203732711e-03  7.730200116607003e-01  7.730200116607003e-01  7.730200116607003e-01  7.730200116607003e-01  0
2.738804214852104e-03  7.530268918794134e-01  7.530268918794134e-01  7.530268918794134e-01  7.530268918794134e-01  0
3.001615009725670e-03  7.437697011998368e-01  7.437697011998368e-01  7.437697011998368e-01  7.437697011998368e-01  0
3.289644662350192e-03  7.534086711088398e-01  7.534086711088398e-01  7.534086711088398e-01  7.534086711088398e-01  0
3.605313129586914e-03  9.955577832073438e-01  9.955577832073438e-01  9.955577832073438e-01  9.955577832073438e-01  0
3.951272583065412e-03  1.003319174059235e+00  1.003319174059235e+00  1.003319174059235e+00  1.003319174059235e+00  0
4.330429692100905e-03  9.912532994722809e-01  9.912532994722809e-01  9.912532994722809e-01  9.912532994722809e-01  0
4.745970044840789e-03  9.624058503732443e-01  9.624058503732443e-01  9.624058503732443e-01  9.624058503732443e-01  0
5.201384912821082e-03  9.202915142052863e-01  9.202915142052863e-01  9.202915142052863e-01  9.202915142052863e-01  0
5.700500583802221e-03  8.462788593264486e-01  8.462788593264486e-01  8.462788593264486e-01  8.462788593264486e-01  0
6.247510509331778e-03  9.270720916017023e-01  9.270720916017023e-01  9.270720916017023e-01  9.270720916017023e-01  0
6.847010537130260e-03  9.904271912082580e-01  9.904271912082580e-01  9.904271912082580e-01  9.904271912082580e-01  0
7.504037524314174e-03  1.034383427260496e+00  1.034383427260496e+00  1.034383427260496e+00  1.034383427260496e+00  0
8.224111655875480e-03  1.058655432530319e+00  1.058655432530319e+00  1.058655432530319e+00  1.058655432530319e+00  0
9.013282823967282e-03  5.211055536559240e-01  5.211055536559240e-01  5.211055536559240e-01  5.211055536559240e-01  0
9.878181457663527e-03  5.898324749902141e-01  5.898324749902141e-01  5.898324749902141e-01  5.898324749902141e-01  0
1.082607423025226e-02  6.628046969125141e-01  6.628046969125141e-01  6.628046969125141e-01  6.628046969125141e-01  0
1.186492511210197e-02  7.396766378727321e-01  7.396766378727321e-01  7.396766378727321e-01  7.396766378727321e-01  0
1.300346228205270e-02  8.164122395724528e-01  8.164122395724528e-01  8.164122395724528e-01  8.164122395724528e-01  0
1.425125145950555e-02  5.256026444317178e-01  5.256026444317178e-01  5.256026444317178e-01  5.256026444317178e-01  0
1.561877627332944e-02  5.677489007223856e-01  5.677489007223856e-01  5.677489007223856e-01  5.677489007223856e-01  0
1.711752634282565e-02  5.944596527117761e-01  5.944596527117761e-01  5.944596527117761e-01  5.944596527117761e-01  0
1.876009381078543e-02  6.095441648998365e-01  6.095441648998365e-01  6.095441648998365e-01  6.095441648998365e-01  0
2.056027913968870e-02  6.190637368949981e-01  6.190637368949981e-01  6.190637368949981e-01  6.190637368949981e-01  0
2.253320705991821e-02  3.458679943082658e-01  3.458679943082658e-01  3.458679943082658e-01  3.458679943082658e-01  0
2.469545364415882e-02  3.877297135715222e-01  3.877297135715222e-01  3.877297135715222e-01  3.877297135715222e-01  0
2.706518557563065e-02  4.331302400750169e-01  4.331302400750169e-01  4.331302400750169e-01  4.331302400750169e-01  0
2.966231278025493e-02  4.800074109374877e-01  4.800074109374877e-01  4.800074109374877e-01  4.800074109374877e-01  0
3.250865570513176e-02  5.241166305227960e-01  5.241166305227960e-01  5.241166305227960e-01  5.241166305227960e-01  0
3.562812864876388e-02  4.357060186369125e-01  4.357060186369125e-01  4.357060186369125e-01  4.357060186369125e-01  0
3.904694068332362e-02  4.763914511080109e-01  4.763914511080109e-01  4.763914511080109e-01  4.763914511080109e-01  0
4.279381585706413e-02  4.963380251391364e-01  4.963380251391364e-01  4.963380251391364e-01  4.963380251391364e-01  0
4.690023452696359e-02  4.991382353595518e-01  4.991382353595518e-01  4.991382353595518e-01  4.991382353595518e-01  0
5.140069784922175e-02  4.932063116221433e-01  4.932063116221433e-01  4.932063116221433e-01  4.932063116221433e-01  0
5.633301764979552e-02  4.853558175945646e-01  4.853558175945646e-01  4.853558175945646e-01  4.853558175945646e-01  0
6.173863411039705e-02  4.704195659466167e-01  4.704195659466167e-01  4.704195659466167e-01  4.704195659466167e-01  0
6.766296393907663e-02  4.622429712659646e-01  4.622429712659646e-01  4.622429712659646e-01  4.622429712659646e-01  0
7.415578195063734e-02  4.662955618559647e-01  4.662955618559647e-01  4.662955618559647e-01  4.662955618559647e-01  0
8.127163926282940e-02  4.808905408244508e-01  4.808905408244508e-01  4.808905408244508e-01  4.808905408244508e-01  0
8.907032162190970e-02  5.403150336426724e-01  5.403150336426724e-01  5.403150336426724e-01  5.403150336426724e-01  0
9.761735170830904e-02  6.157241084031173e-01  6.157241084031173e-01  6.157241084031173e-01  6.157241084031173e-01  0
1.069845396426603e-01  6.592330634929414e-01  6.592330634929414e-01  6.592330634929414e-01  6.592330634929414e-01  0
1.172505863174090e-01  6.666189339676717e-01  6.666189339676717e-01  6.666189339676717e-01  6.666189339676717e-01  0
1.285017446230544e-01  6.429424952975424e-01  6.429424952975424e-01  6.429424952975424e-01  6.429424952975424e-01  0
1.408325441244888e-01  1.205386634169115e+00  1.205386634169115e+00  1.205386634169115e+00  1.205386634169115e+00  0
1.543465852759926e-01  1.330485689781801e+00  1.330485689781801e+00  1.330485689781801e+00  1.330485689781801e+00  0
1.691574098476915e-01  1.383803556941769e+00  1.383803556941769e+00  1.383803556941769e+00  1.383803556941769e+00  0
1.853894548765933e-01  1.367958569272664e+00  1.367958569272664e+00  1.367958569272664e+00  1.367958569272664e+00  0
2.031790981570734e-01  1.299005354388347e+00  1.299005354388347e+00  1.299005354388347e+00  1.299005354388347e+00  0
2.226758040547741e-01  4.067855972426205e-01  4.067855972426205e-01  4.067855972426205e-01  4.067855972426205e-01  0
2.440433792707724e-01  5.546374523927508e-01  5.546374523927508e-01  5.546374523927508e-01  5.546374523927508e-01  0
2.674613491066506e-01  7.312448309772444e-01  7.312448309772444e-01  7.312448309772444e-01  7.312448309772444e-01  0
2.931264657935223e-01  9.246823490406155e-01  9.246823490406155e-01  9.246823490406155e-01  9.246823490406155e-01  0
3.212543615576358e-01  1.113671511830761e+00  1.113671511830761e+00  1.113671511830761e+00  1.113671511830761e+00  0
3.520813603112218e-01  5.923377376814252e-02  5.923377376814252e-02  5.923377376814252e-02  5.923377376814252e-02  0
3.858664631899814e-01  9.332697342699983e-02  9.332697342699983e-02  9.332697342699983e-02  9.332697342699983e-02  0
4.228935246192287e-01  1.408220925853032e-01  1.408220925853032e-01  1.408220925853032e-01  1.408220925853032e-01  0
4.634736371914831e-01  2.055404837679329e-01  2.055404837679329e-01  2.055404837679329e-01  2.055404837679329e-01  0
5.079477453926835e-01  2.925981131369268e-01  2.925981131369268e-01  2.925981131369268e-01  2.925981131369268e-01  0
5.566895101369354e-01  1.112449058243358e-02  1.112449058243358e-02  1.112449058243358e-02  1.112449058243358e-02  0
6.101084481769312e-01  1.648182614455876e-02  1.648182614455876e-02  1.648182614455876e-02  1.648182614455876e-02  0
6.686533727666267e-01  2.403029244958170e-02  2.403029244958170e-02  2.403029244958170e-02  2.403029244958170e-02  0
7.328161644838058e-01  3.489887421851662e-02  3.489887421851662e-02  3.489887421851662e-02  3.489887421851662e-02  0
8.031359038940895e-01  5.072887908843721e-02  5.072887908843721e-02  5.072887908843721e-02  5.072887908843721e-02  0
8.802034007780546e-01  7.173836375038261e-04  7.173836375038261e-04  7.173836375038261e-04  7.173836375038261e-04  0
9.646661579749535e-01  1.418304237292829e-03  1.418304237292829e-03  1.418304237292829e-03  1.418304237292829e-03  0
1.057233811548072e+00  2.603882037784869e-03  2.603882037784869e-03  2.603882037784869e-03  2.603882037784869e-03  0
1.158684092978708e+00  4.453286171508503e-03  4.453286171508503e-03  4.453286171508503e-03  4.453286171508503e-03  0
1.269869363481709e+00  7.136421559957652e-03  7.136421559957652e-03  7.136421559957652e-03  7.136421559957652e-03  0
1.391723775342338e+00  7.559328381023407e-06  7.559328381023407e-06  7.559328381023407e-06  7.559328381023407e-06  0
1.525271120442328e+00  2.143068866106257e-05  2.143068866106257e-05  2.143068866106257e-05  2.143068866106257e-05  0
1.671633431916567e+00  5.730803933898390e-05  5.730803933898390e-05  5.730803933898390e-05  5.730803933898390e-05  0
1.832040411209515e+00  1.435695832358642e-04  1.435695832358642e-04  1.435695832358642e-04  1.435695832358642e-04  0
2.007839759735224e+00  3.355807627946012e-04  3.355807627946012e-04  3.355807627946012e-04  3.355807627946012e-04  0
2.200508501945137e+00  1.971140273854668e-07  1.971140273854668e-07  1.971140273854668e-07  1.971140273854668e-07  0
2.411665394937384e+00  5.011309022089149e-07  5.011309022089149e-07  5.011309022089149e-07  5.011309022089149e-07  0
2.643084528870180e+00  1.193743021782514e-06  1.193743021782514e-06  1.193743021782514e-06  1.193743021782514e-06  0
2.896710232446770e+00  2.672746382930050e-06  2.672746382930050e-06  2.672746382930050e-06  2.672746382930050e-06  0
3.174673408704273e+00  5.661164571107598e-06  5.661164571107598e-06  5.661164571107598e-06  5.661164571107598e-06  0
