-2.20050850194513714086e+00 8.02055932154230625739e-04 8.02055932154230625739e-04 8.02055932154230625739e-04 8.02055932154230625739e-04 0
-2.00783975973522421654e+00 8.83586597161294270107e-04 8.83586597161294270107e-04 8.83586597161294270107e-04 8.83586597161294270107e-04 0
-1.83204041120951499622e+00 8.20454368973457014505e-04 8.20454368973457014505e-04 8.20454368973457014505e-04 8.20454368973457014505e-04 0
-1.67163343191656688091e+00 1.13704347604049729389e-03 1.13704347604049729389e-03 1.13704347604049729389e-03 1.13704347604049729389e-03 0
-1.52527112044232815435e+00 8.73495485309999609644e-04 8.73495485309999609644e-04 8.73495485309999609644e-04 8.73495485309999609644e-04 0
-1.39172377534233904228e+00 1.85441093729246534241e-03 1.85441093729246534241e-03 1.85441093729246534241e-03 1.85441093729246534241e-03 0
-1.26986936348170909028e+00 3.15567301888762963974e-03 3.15567301888762963974e-03 3.15567301888762963974e-03 3.15567301888762963974e-03 0
-1.15868409297870789132e+00 5.92059184256454873463e-03 5.92059184256454873463e-03 5.92059184256454873463e-03 5.92059184256454873463e-03 0
-1.05723381154807194449e+00 8.87630612246913426600e-03 8.87630612246913426600e-03 8.87630612246913426600e-03 8.87630612246913426600e-03 0
-9.64666157974953475396e-01 1.49454866021664599385e-02 1.49454866021664599385e-02 1.49454866021664599385e-02 1.49454866021664599385e-02 0
-8.80203400778054700915e-01 2.10887371941535471664e-02 2.10887371941535471664e-02 2.10887371941535471664e-02 2.10887371941535471664e-02 0
-8.03135903894089508981e-01 3.14672945025806088948e-02 3.14672945025806088948e-02 3.14672945025806088948e-02 3.14672945025806088948e-02 0
-7.32816164483805709828e-01 4.25763610122778871081e-02 4.25763610122778871081e-02 4.25763610122778871081e-02 4.25763610122778871081e-02 0
-6.68653372766626730161e-01 6.48118256547788595956e-02 6.48118256547788595956e-02 6.48118256547788595956e-02 6.48118256547788595956e-02 0
-6.10108448176931106310e-01 8.66709865624325781486e-02 8.66709865624325781486e-02 8.66709865624325781486e-02 8.66709865624325781486e-02 0
-5.56689510136935350459e-01 1.33517602605103619107e-01 1.33517602605103619107e-01 1.33517602605103619107e-01 1.33517602605103619107e-01 0
-5.07947745392683502885e-01 1.96574443692088624003e-01 1.96574443692088624003e-01 1.96574443692088624003e-01 1.96574443692088624003e-01 0
-4.63473637191483156528e-01 2.85498491341286464440e-01 2.85498491341286464440e-01 2.85498491341286464440e-01 2.85498491341286464440e-01 0
-4.22893524619228744488e-01 3.96746320185654810508e-01 3.96746320185654810508e-01 3.96746320185654810508e-01 3.96746320185654810508e-01 0
-3.85866463189981301340e-01 5.56852266883051782997e-01 5.56852266883051782997e-01 5.56852266883051782997e-01 5.56852266883051782997e-01 0
-3.52081360311221891468e-01 7.30296339865003085734e-01 7.30296339865003085734e-01 7.30296339865003085734e-01 7.30296339865003085734e-01 0
-3.21254361557635814695e-01 9.43842246531242934360e-01 9.43842246531242934360e-01 9.43842246531242934360e-01 9.43842246531242934360e-01 0
-2.93126465793522417158e-01 1.18863596541775140558e+00 1.18863596541775140558e+00 1.18863596541775140558e+00 1.18863596541775140558e+00 0
-2.67461349106650703167e-01 1.44493864624913515016e+00 1.44493864624913515016e+00 1.44493864624913515016e+00 1.44493864624913515016e+00 0
-2.44043379270772520240e-01 1.71333307820797919874e+00 1.71333307820797919874e+00 1.71333307820797919874e+00 1.71333307820797919874e+00 0
-2.22675804054774217899e-01 1.95349364105799838676e+00 1.95349364105799838676e+00 1.95349364105799838676e+00 1.95349364105799838676e+00 0
-2.03179098157073412256e-01 2.12835747416133624910e+00 2.12835747416133624910e+00 2.12835747416133624910e+00 2.12835747416133624910e+00 0
-1.85389454876593307020e-01 2.26524352039843090978e+00 2.26524352039843090978e+00 2.26524352039843090978e+00 2.26524352039843090978e+00 0
-1.69157409847691508897e-01 2.32756922124476606228e+00 2.32756922124476606228e+00 2.32756922124476606228e+00 2.32756922124476606228e+00 0
-1.54346585275992514985e-01 2.28503691723724866591e+00 2.28503691723724866591e+00 2.28503691723724866591e+00 2.28503691723724866591e+00 0
-1.40832544124488812098e-01 2.19926700788116891161e+00 2.19926700788116891161e+00 2.19926700788116891161e+00 2.19926700788116891161e+00 0
-1.28501744623054303673e-01 2.04286710507173330242e+00 2.04286710507173330242e+00 2.04286710507173330242e+00 2.04286710507173330242e+00 0
-1.17250586317408908577e-01 1.81147614386093569472e+00 1.81147614386093569472e+00 1.81147614386093569472e+00 1.81147614386093569472e+00 0
-1.06984539642660303471e-01 1.56251678326592147172e+00 1.56251678326592147172e+00 1.56251678326592147172e+00 1.56251678326592147172e+00 0
-9.76173517083089858914e-02 1.37585952682149925685e+00 1.37585952682149925685e+00 1.37585952682149925685e+00 1.37585952682149925685e+00 0
-8.90703216219096705064e-02 1.11181657706008518716e+00 1.11181657706008518716e+00 1.11181657706008518716e+00 1.11181657706008518716e+00 0
-8.12716392628293760048e-02 1.11383342819207387109e+00 1.11383342819207387109e+00 1.11383342819207387109e+00 1.11383342819207387109e+00 0
-7.41557819506373228080e-02 9.19569135822459360341e-01 9.19569135822459360341e-01 9.19569135822459360341e-01 9.19569135822459360341e-01 0
-6.76629639390766007834e-02 9.22128282217398842491e-01 9.22128282217398842491e-01 9.22128282217398842491e-01 9.22128282217398842491e-01 0
-6.17386341103970184840e-02 8.31403047869075373377e-01 8.31403047869075373377e-01 8.31403047869075373377e-01 8.31403047869075373377e-01 0
-5.63330176497955012471e-02 8.35884817953855607797e-01 8.35884817953855607797e-01 8.35884817953855607797e-01 8.35884817953855607797e-01 0
-5.14006978492217297960e-02 7.93945651690167841785e-01 7.93945651690167841785e-01 7.93945651690167841785e-01 7.93945651690167841785e-01 0
-4.69002345269635689817e-02 8.01786272480581652111e-01 8.01786272480581652111e-01 8.01786272480581652111e-01 8.01786272480581652111e-01 0
-4.27938158570641130618e-02 7.80940580160397801457e-01 7.80940580160397801457e-01 7.80940580160397801457e-01 7.80940580160397801457e-01 0
-3.90469406833235874177e-02 7.91522193276331997858e-01 7.91522193276331997858e-01 7.91522193276331997858e-01 7.91522193276331997858e-01 0
-3.56281286487638709781e-02 7.84064014728308555924e-01 7.84064014728308555924e-01 7.84064014728308555924e-01 7.84064014728308555924e-01 0
-3.25086557051317490141e-02 7.98494852457578674354e-01 7.98494852457578674354e-01 7.98494852457578674354e-01 7.98494852457578674354e-01 0
-2.96623127802549194088e-02 8.00200657598314712970e-01 8.00200657598314712970e-01 8.00200657598314712970e-01 8.00200657598314712970e-01 0
-2.70651855756306389256e-02 8.18222741780341600304e-01 8.18222741780341600304e-01 8.18222741780341600304e-01 8.18222741780341600304e-01 0
-2.46954536441588087814e-02 8.25142532680758877817e-01 8.25142532680758877817e-01 8.25142532680758877817e-01 8.25142532680758877817e-01 0
-2.25332070599182018866e-02 8.46296533664092187621e-01 8.46296533664092187621e-01 8.46296533664092187621e-01 8.46296533664092187621e-01 0
-2.05602791396886919184e-02 8.61164432246473987576e-01 8.61164432246473987576e-01 8.61164432246473987576e-01 8.61164432246473987576e-01 0
-1.87600938107854303682e-02 8.85605662533396342795e-01 8.85605662533396342795e-01 8.85605662533396342795e-01 8.85605662533396342795e-01 0
-1.71175263428256507758e-02 9.06158635236018694670e-01 9.06158635236018694670e-01 9.06158635236018694670e-01 9.06158635236018694670e-01 0
-1.56187762733294398243e-02 9.33474684551201638882e-01 9.33474684551201638882e-01 9.33474684551201638882e-01 9.33474684551201638882e-01 0
-1.42512514595055511668e-02 9.56968474027092286249e-01 9.56968474027092286249e-01 9.56968474027092286249e-01 9.56968474027092286249e-01 0
-1.30034622820527009934e-02 9.87972363938649289494e-01 9.87972363938649289494e-01 9.87972363938649289494e-01 9.87972363938649289494e-01 0
-1.18649251121019701921e-02 1.01248380203942778266e+00 1.01248380203942778266e+00 1.01248380203942778266e+00 1.01248380203942778266e+00 0
-1.08260742302522597336e-02 1.04253831958378095912e+00 1.04253831958378095912e+00 1.04253831958378095912e+00 1.04253831958378095912e+00 0
-9.87818145766352143089e-03 1.06499278483648929239e+00 1.06499278483648929239e+00 1.06499278483648929239e+00 1.06499278483648929239e+00 0
-9.01328282396728075465e-03 1.09112627734974698690e+00 1.09112627734974698690e+00 1.09112627734974698690e+00 1.09112627734974698690e+00 0
-8.22411165587547642042e-03 1.10464789070648805591e+00 1.10464789070648805591e+00 1.10464789070648805591e+00 1.10464789070648805591e+00 0
-7.50403752431417180035e-03 1.12490227999677649962e+00 1.12490227999677649962e+00 1.12490227999677649962e+00 1.12490227999677649962e+00 0
-6.84701053713025840214e-03 1.12853686501501204731e+00 1.12853686501501204731e+00 1.12853686501501204731e+00 1.12853686501501204731e+00 0
-6.24751050933177506236e-03 1.14180502588459420465e+00 1.14180502588459420465e+00 1.14180502588459420465e+00 1.14180502588459420465e+00 0
-5.70050058380221821158e-03 1.13384322447997965000e+00 1.13384322447997965000e+00 1.13384322447997965000e+00 1.13384322447997965000e+00 0
-5.20138491282107900959e-03 1.13340656505467296533e+00 1.13340656505467296533e+00 1.13340656505467296533e+00 1.13340656505467296533e+00 0
-4.74597004484078686254e-03 1.11835603644245584753e+00 1.11835603644245584753e+00 1.11835603644245584753e+00 1.11835603644245584753e+00 0
-4.33042969210090198523e-03 1.10968351839775580814e+00 1.10968351839775580814e+00 1.10968351839775580814e+00 1.10968351839775580814e+00 0
-3.95127258306540891930e-03 1.08921152511838981169e+00 1.08921152511838981169e+00 1.08921152511838981169e+00 1.08921152511838981169e+00 0
-3.60531312958691212839e-03 1.07440592750972774283e+00 1.07440592750972774283e+00 1.07440592750972774283e+00 1.07440592750972774283e+00 0
-3.28964466235019117532e-03 1.04768878323123004748e+00 1.04768878323123004748e+00 1.04768878323123004748e+00 1.04768878323123004748e+00 0
-3.00161500972566906709e-03 1.02692177198871870125e+00 1.02692177198871870125e+00 1.02692177198871870125e+00 1.02692177198871870125e+00 0
-2.73880421485210318738e-03 9.95892356752798635355e-01 9.95892356752798635355e-01 9.95892356752798635355e-01 9.95892356752798635355e-01 0
-2.49900420373270993821e-03 9.68656861094086885089e-01 9.68656861094086885089e-01 9.68656861094086885089e-01 9.68656861094086885089e-01 0
-2.28020023352088797852e-03 9.32789114818791453843e-01 9.32789114818791453843e-01 9.32789114818791453843e-01 9.32789114818791453843e-01 0
-2.08055396512843221099e-03 8.99411371338459275648e-01 8.99411371338459275648e-01 8.99411371338459275648e-01 8.99411371338459275648e-01 0
-1.89838801793631517870e-03 8.59006691388185528169e-01 8.59006691388185528169e-01 8.59006691388185528169e-01 8.59006691388185528169e-01 0
-1.73217187684036096756e-03 8.21468051313651193013e-01 8.21468051313651193013e-01 8.21468051313651193013e-01 8.21468051313651193013e-01 0
-1.58050903322616391466e-03 7.77578658709359826773e-01 7.77578658709359826773e-01 7.77578658709359826773e-01 7.77578658709359826773e-01 0
-1.44212525183476511156e-03 7.38953712075914315172e-01 7.38953712075914315172e-01 7.38953712075914315172e-01 7.38953712075914315172e-01 0
-1.31585786494007607982e-03 6.94366209821825952631e-01 6.94366209821825952631e-01 6.94366209821825952631e-01 6.94366209821825952631e-01 0
-1.20064600389026797378e-03 6.59003240538993506625e-01 6.59003240538993506625e-01 6.59003240538993506625e-01 6.59003240538993506625e-01 0
-1.09552168594084092801e-03 6.18274244863622590707e-01 6.18274244863622590707e-01 6.18274244863622590707e-01 6.18274244863622590707e-01 0
-9.99601681493084105387e-04 5.88263927600515490468e-01 5.88263927600515490468e-01 5.88263927600515490468e-01 5.88263927600515490468e-01 0
-9.12080093408355169725e-04 5.55240279020954963229e-01 5.55240279020954963229e-01 5.55240279020954963229e-01 5.55240279020954963229e-01 0
-8.32221586051372971132e-04 5.29430774973989493049e-01 5.29430774973989493049e-01 5.29430774973989493049e-01 5.29430774973989493049e-01 0
-7.59355207174526093163e-04 5.03565670695636957710e-01 5.03565670695636957710e-01 5.03565670695636957710e-01 5.03565670695636957710e-01 0
-6.92868750736144387026e-04 4.82939822225417647594e-01 4.82939822225417647594e-01 4.82939822225417647594e-01 4.82939822225417647594e-01 0
-6.32203613290465522498e-04 4.63729845525496564562e-01 4.63729845525496564562e-01 4.63729845525496564562e-01 4.63729845525496564562e-01 0
-5.76850100733905979573e-04 4.48486475300096276708e-01 4.48486475300096276708e-01 4.48486475300096276708e-01 4.48486475300096276708e-01 0
-5.26343145976030496978e-04 4.35368282884711799152e-01 4.35368282884711799152e-01 4.35368282884711799152e-01 4.35368282884711799152e-01 0
-4.80258401556107005197e-04 4.24363657126813342835e-01 4.24363657126813342835e-01 4.24363657126813342835e-01 4.24363657126813342835e-01 0
-4.38208674376336609728e-04 4.14500540704910491741e-01 4.14500540704910491741e-01 4.14500540704910491741e-01 4.14500540704910491741e-01 0
-3.99840672597233707207e-04 4.06490534065615416459e-01 4.06490534065615416459e-01 4.06490534065615416459e-01 4.06490534065615416459e-01 0
-3.64832037363341959470e-04 3.98390369113022058123e-01 3.98390369113022058123e-01 3.98390369113022058123e-01 3.98390369113022058123e-01 0
-3.32888634420549069191e-04 3.92253159845824317387e-01 3.92253159845824317387e-01 3.92253159845824317387e-01 3.92253159845824317387e-01 0
-3.03742082869810372213e-04 3.85078868460631551507e-01 3.85078868460631551507e-01 3.85078868460631551507e-01 3.85078868460631551507e-01 0
-2.77147500294457819862e-04 3.79580617632934103067e-01 3.79580617632934103067e-01 3.79580617632934103067e-01 3.79580617632934103067e-01 0
-2.52881445316186208999e-04 3.72914729674862888142e-01 3.72914729674862888142e-01 3.72914729674862888142e-01 3.72914729674862888142e-01 0
-2.30740040293562408092e-04 3.67395333283210390185e-01 3.67395333283210390185e-01 3.67395333283210390185e-01 3.67395333283210390185e-01 0
-2.10537258390412209633e-04 3.61668862619910880252e-01 3.61668862619910880252e-01 3.61668862619910880252e-01 3.61668862619910880252e-01 0
-1.92103360622442823763e-04 3.56093156559993850863e-01 3.56093156559993850863e-01 3.56093156559993850863e-01 3.56093156559993850863e-01 0
-1.75283469750534622207e-04 3.51094654026957608828e-01 3.51094654026957608828e-01 3.51094654026957608828e-01 3.51094654026957608828e-01 0
-1.59936269038893493725e-04 3.45940916561070621604e-01 3.45940916561070621604e-01 3.45940916561070621604e-01 3.45940916561070621604e-01 0
-1.45932814945336810893e-04 3.41716664625314470172e-01 3.41716664625314470172e-01 3.41716664625314470172e-01 3.41716664625314470172e-01 0
-1.33155453768219595150e-04 3.37810746144733831109e-01 3.37810746144733831109e-01 3.37810746144733831109e-01 3.37810746144733831109e-01 0
-1.21496833147924203095e-04 3.34602498113056257001e-01 3.34602498113056257001e-01 3.34602498113056257001e-01 3.34602498113056257001e-01 0
-1.10859000117783106261e-04 3.31869045100122772585e-01 3.31869045100122772585e-01 3.31869045100122772585e-01 3.31869045100122772585e-01 0
-1.01152578126474505284e-04 3.29641445117914710927e-01 3.29641445117914710927e-01 3.29641445117914710927e-01 3.29641445117914710927e-01 0
-9.22960161174249523949e-05 3.27649910490521556472e-01 3.27649910490521556472e-01 3.27649910490521556472e-01 3.27649910490521556472e-01 0
-8.42149033561649001164e-05 3.26221660976662941600e-01 3.26221660976662941600e-01 3.26221660976662941600e-01 3.26221660976662941600e-01 0
-7.68413442489771078212e-05 3.24704522580959387135e-01 3.24704522580959387135e-01 3.24704522580959387135e-01 3.24704522580959387135e-01 0
-7.01133879002138461723e-05 3.23642362867698651918e-01 3.23642362867698651918e-01 3.23642362867698651918e-01 3.23642362867698651918e-01 0
-6.39745076155573839374e-05 3.22421998025800959908e-01 3.22421998025800959908e-01 3.22421998025800959908e-01 3.22421998025800959908e-01 0
-5.83731259781347216467e-05 3.21606863712036894487e-01 3.21606863712036894487e-01 3.21606863712036894487e-01 3.21606863712036894487e-01 0
-5.32621815072878638099e-05 3.20733811304890481519e-01 3.20733811304890481519e-01 3.20733811304890481519e-01 3.20733811304890481519e-01 0
-4.85987332591696622646e-05 3.20198175596007217347e-01 3.20198175596007217347e-01 3.20198175596007217347e-01 3.20198175596007217347e-01 0
-4.43436000471132397939e-05 3.19636566656363974026e-01 3.19636566656363974026e-01 3.19636566656363974026e-01 3.19636566656363974026e-01 0
-4.04610312505897939820e-05 3.19304191134931580898e-01 3.19304191134931580898e-01 3.19304191134931580898e-01 3.19304191134931580898e-01 0
-3.69184064469699809580e-05 3.18906579071625451149e-01 3.18906579071625451149e-01 3.18906579071625451149e-01 3.18906579071625451149e-01 0
-3.36859613424659532703e-05 3.18634494945611357331e-01 3.18634494945611357331e-01 3.18634494945611357331e-01 3.18634494945611357331e-01 0
-3.07365376995908377075e-05 3.18236522176141567453e-01 3.18236522176141567453e-01 3.18236522176141567453e-01 3.18236522176141567453e-01 0
-2.80453551600855418571e-05 3.17917553524531659725e-01 3.17917553524531659725e-01 3.17917553524531659725e-01 3.17917553524531659725e-01 0
-2.55898030462229522197e-05 3.17508056349628531301e-01 3.17508056349628531301e-01 3.17508056349628531301e-01 3.17508056349628531301e-01 0
-2.33492503912538900139e-05 3.17201177831415326303e-01 3.17201177831415326303e-01 3.17201177831415326303e-01 3.17201177831415326303e-01 0
-2.13048726029151414582e-05 3.16902632792928795613e-01 3.16902632792928795613e-01 3.16902632792928795613e-01 3.16902632792928795613e-01 0
-1.94394933036678710045e-05 3.16731034602539263112e-01 3.16731034602539263112e-01 3.16731034602539263112e-01 3.16731034602539263112e-01 0
-1.77374400188453006609e-05 3.16608168019468894094e-01 3.16608168019468894094e-01 3.16608168019468894094e-01 3.16608168019468894094e-01 0
-1.61844125002359203033e-05 3.16551898235224171696e-01 3.16551898235224171696e-01 3.16551898235224171696e-01 3.16551898235224171696e-01 0
-1.47673625787879903503e-05 3.16502340891831379643e-01 3.16502340891831379643e-01 3.16502340891831379643e-01 3.16502340891831379643e-01 0
-1.34743845369863799529e-05 3.16430455509385699653e-01 3.16430455509385699653e-01 3.16430455509385699653e-01 3.16430455509385699653e-01 0
-1.22946150798363418592e-05 3.16310875777832012368e-01 3.16310875777832012368e-01 3.16310875777832012368e-01 3.16310875777832012368e-01 0
-1.12181420640342204698e-05 3.16138255983641092151e-01 3.16138255983641092151e-01 3.16138255983641092151e-01 3.16138255983641092151e-01 0
-1.02359212184891812267e-05 3.15952188247610121774e-01 3.15952188247610121774e-01 3.15952188247610121774e-01 3.15952188247610121774e-01 0
-9.33970015650155600557e-06 3.15757853862934922962e-01 3.15757853862934922962e-01 3.15757853862934922962e-01 3.15757853862934922962e-01 0
-8.52194904116605827734e-06 3.15635626692180593089e-01 3.15635626692180593089e-01 3.15635626692180593089e-01 3.15635626692180593089e-01 0
-7.77579732146714636891e-06 3.15553380045847986501e-01 3.15553380045847986501e-01 3.15553380045847986501e-01 3.15553380045847986501e-01 0
-7.09497600753811890912e-06 3.15572355986099395420e-01 3.15572355986099395420e-01 3.15572355986099395420e-01 3.15572355986099395420e-01 0
-6.47376500009436693547e-06 3.15590203649134259933e-01 3.15590203649134259933e-01 3.15590203649134259933e-01 3.15590203649134259933e-01 0
-5.90694503151519647894e-06 3.15657780633870399534e-01 3.15657780633870399534e-01 3.15657780633870399534e-01 3.15657780633870399534e-01 0
-5.38975381479455248936e-06 3.15643771466773803702e-01 3.15643771466773803702e-01 3.15643771466773803702e-01 3.15643771466773803702e-01 0
-4.91784603193453437201e-06 3.15620803546790507088e-01 3.15620803546790507088e-01 3.15620803546790507088e-01 3.15620803546790507088e-01 0
-4.48725682561368615503e-06 3.15492224047657532360e-01 3.15492224047657532360e-01 3.15492224047657532360e-01 3.15492224047657532360e-01 0
-4.09436848739567181305e-06 3.15385438570758069865e-01 3.15385438570758069865e-01 3.15385438570758069865e-01 3.15385438570758069865e-01 0
-3.73588006260062214812e-06 3.15226269290419469637e-01 3.15226269290419469637e-01 3.15226269290419469637e-01 3.15226269290419469637e-01 0
-3.40877961646642297212e-06 3.15168273425223355311e-01 3.15168273425223355311e-01 3.15168273425223355311e-01 3.15168273425223355311e-01 0
-3.11031892858685803934e-06 3.15115014053925446280e-01 3.15115014053925446280e-01 3.15115014053925446280e-01 3.15115014053925446280e-01 0
-2.83799040301524807187e-06 3.15186587931853556821e-01 3.15186587931853556821e-01 3.15186587931853556821e-01 3.15186587931853556821e-01 0
-2.58950600003774601186e-06 3.15229408473893912834e-01 3.15229408473893912834e-01 3.15229408473893912834e-01 3.15229408473893912834e-01 0
-2.36277801260607909979e-06 3.15340993343010689287e-01 3.15340993343010689287e-01 3.15340993343010689287e-01 3.15340993343010689287e-01 0
-2.15590152591782108045e-06 3.15347137950110212312e-01 3.15347137950110212312e-01 3.15347137950110212312e-01 3.15347137950110212312e-01 0
-1.96713841277381391821e-06 3.15360844200771872625e-01 3.15360844200771872625e-01 3.15360844200771872625e-01 3.15360844200771872625e-01 0
-1.79490273024547492788e-06 3.15247858494981714195e-01 3.15247858494981714195e-01 3.15247858494981714195e-01 3.15247858494981714195e-01 0
-1.63774739495826889463e-06 3.15171389176973237856e-01 3.15171389176973237856e-01 3.15171389176973237856e-01 3.15171389176973237856e-01 0
-1.49435202504024885925e-06 3.15024869587179678909e-01 3.15024869587179678909e-01 3.15024869587179678909e-01 3.15024869587179678909e-01 0
-1.36351184658656897709e-06 3.14991685140033950141e-01 3.14991685140033950141e-01 3.14991685140033950141e-01 3.14991685140033950141e-01 0
-1.24412757143474287692e-06 3.14949031739624352166e-01 3.14949031739624352166e-01 3.14949031739624352166e-01 3.14949031739624352166e-01 0
-1.13519616120609888993e-06 3.15041057288714732021e-01 3.15041057288714732021e-01 3.15041057288714732021e-01 3.15041057288714732021e-01 0
-1.03580240001509891296e-06 3.15093172450254255246e-01 3.15093172450254255246e-01 3.15093172450254255246e-01 3.15093172450254255246e-01 0
-9.45111205042431322281e-07 3.15221949331352058188e-01 3.15221949331352058188e-01 3.15221949331352058188e-01 3.15221949331352058188e-01 0
-8.62360610367128368652e-07 3.15235705234250818130e-01 3.15235705234250818130e-01 3.15235705234250818130e-01 3.15235705234250818130e-01 0
-7.86855365109525609635e-07 3.15263791807887161500e-01 3.15263791807887161500e-01 3.15263791807887161500e-01 3.15263791807887161500e-01 0
-7.17961092098189695866e-07 3.15156735393366971287e-01 3.15156735393366971287e-01 3.15156735393366971287e-01 3.15156735393366971287e-01 0
-6.55098957983307430796e-07 3.15092183344024390212e-01 3.15092183344024390212e-01 3.15092183344024390212e-01 3.15092183344024390212e-01 0
-5.97740810016099586050e-07 3.14950504925645191623e-01 3.14950504925645191623e-01 3.14950504925645191623e-01 3.14950504925645191623e-01 0
-5.45404738634627717892e-07 3.14927112409820186834e-01 3.14927112409820186834e-01 3.14927112409820186834e-01 3.14927112409820186834e-01 0
-4.97651028573897362528e-07 3.14888548599703832487e-01 3.14888548599703832487e-01 3.14888548599703832487e-01 3.14888548599703832487e-01 0
-4.54078464482439566561e-07 3.14988667431374547157e-01 3.14988667431374547157e-01 3.14988667431374547157e-01 3.14988667431374547157e-01 0
-4.14320960006039459306e-07 3.15044393757480278850e-01 3.15044393757480278850e-01 3.15044393757480278850e-01 3.15044393757480278850e-01 0
-3.78044482016972603028e-07 3.15179986722985527869e-01 3.15179986722985527869e-01 3.15179986722985527869e-01 3.15179986722985527869e-01 0
-3.44944244146851379225e-07 3.15196717482222388274e-01 3.15196717482222388274e-01 3.15196717482222388274e-01 3.15196717482222388274e-01 0
-3.14742146043810265030e-07 3.15230512321179767721e-01 3.15230512321179767721e-01 3.15230512321179767721e-01 3.15230512321179767721e-01 0
-2.87184436839275878347e-07 3.15125778166944758851e-01 3.15125778166944758851e-01 3.15125778166944758851e-01 3.15125778166944758851e-01 0
-2.62039583193322993494e-07 3.15065959946142115644e-01 3.15065959946142115644e-01 3.15065959946142115644e-01 3.15065959946142115644e-01 0
-2.39096324006439802656e-07 3.14926181944531369261e-01 3.14926181944531369261e-01 3.14926181944531369261e-01 3.14926181944531369261e-01 0
-2.18161895453850981278e-07 3.14906685346249770596e-01 3.14906685346249770596e-01 3.14906685346249770596e-01 3.14906685346249770596e-01 0
-1.99060411429558881484e-07 3.14869733022465847494e-01 3.14869733022465847494e-01 3.14869733022465847494e-01 3.14869733022465847494e-01 0
-1.81631385792975794861e-07 3.14973076986432176660e-01 3.14973076986432176660e-01 3.14973076986432176660e-01 3.14973076986432176660e-01 0
-1.65728384002415794310e-07 3.15030231925516712721e-01 3.15030231925516712721e-01 3.15030231925516712721e-01 3.15030231925516712721e-01 0
-1.51217792806789099445e-07 3.15168543663532141341e-01 3.15168543663532141341e-01 3.15168543663532141341e-01 3.15168543663532141341e-01 0
-1.37977697658740599335e-07 3.15186453898500418269e-01 3.15186453898500418269e-01 3.15186453898500418269e-01 3.15186453898500418269e-01 0
-1.25896858417524106012e-07 3.15222525543872200693e-01 3.15222525543872200693e-01 3.15222525543872200693e-01 3.15222525543872200693e-01 0
-1.14873774735710398984e-07 3.15118711306693444207e-01 3.15118711306693444207e-01 3.15118711306693444207e-01 3.15118711306693444207e-01 0
-1.04815833277329194751e-07 3.15060780495023062819e-01 3.15060780495023062819e-01 3.15060780495023062819e-01 3.15060780495023062819e-01 0
-9.56385296025759290035e-08 3.14921755372088996161e-01 3.14921755372088996161e-01 3.14921755372088996161e-01 3.14921755372088996161e-01 0
-8.72647581815404189808e-08 3.14903813293719525568e-01 3.14903813293719525568e-01 3.14903813293719525568e-01 3.14903813293719525568e-01 0
-7.96241645718235896512e-08 3.14867501552007211796e-01 3.14867501552007211796e-01 3.14867501552007211796e-01 3.14867501552007211796e-01 0
-7.26525543171903391202e-08 3.14972134758841115776e-01 3.14972134758841115776e-01 3.14972134758841115776e-01 3.14972134758841115776e-01 0
-6.62913536009663071362e-08 3.15029859701673298211e-01 3.15029859701673298211e-01 3.15029859701673298211e-01 3.15029859701673298211e-01 0
-6.04871171227156106611e-08 3.15169259151770631000e-01 3.15169259151770631000e-01 3.15169259151770631000e-01 3.15169259151770631000e-01 0
-5.51910790634962066470e-08 3.15187640389713752409e-01 3.15187640389713752409e-01 3.15187640389713752409e-01 3.15187640389713752409e-01 0
-5.03587433670096371108e-08 3.15224621716528319304e-01 3.15224621716528319304e-01 3.15224621716528319304e-01 3.15224621716528319304e-01 0
-4.59495098942841410648e-08 3.15121173226626194452e-01 3.15121173226626194452e-01 3.15121173226626194452e-01 3.15121173226626194452e-01 0
-4.19263333109316779003e-08 3.15063995204535651773e-01 3.15063995204535651773e-01 3.15063995204535651773e-01 3.15063995204535651773e-01 0
-3.82554118410303716014e-08 3.14925269044391387130e-01 3.14925269044391387130e-01 3.14925269044391387130e-01 3.14925269044391387130e-01 0
-3.49059032726161649453e-08 3.14907946989572751217e-01 3.14907946989572751217e-01 3.14907946989572751217e-01 3.14907946989572751217e-01 0
-3.18496658287294252726e-08 3.14871891217534893848e-01 3.14871891217534893848e-01 3.14871891217534893848e-01 3.14871891217534893848e-01 0
-2.90610217268761303541e-08 3.14977040425075627272e-01 3.14977040425075627272e-01 3.14977040425075627272e-01 3.14977040425075627272e-01 0
-2.65165414403865321189e-08 3.15034994601240292411e-01 3.15034994601240292411e-01 3.15034994601240292411e-01 3.15034994601240292411e-01 0
-2.41948468490862409557e-08 3.15174829651373777928e-01 3.15174829651373777928e-01 3.15174829651373777928e-01 3.15174829651373777928e-01 0
-2.20764316253984919232e-08 3.15193400958627134578e-01 3.15193400958627134578e-01 3.15193400958627134578e-01 3.15193400958627134578e-01 0
-2.01434973468038594765e-08 3.15230745120167576978e-01 3.15230745120167576978e-01 3.15230745120167576978e-01 3.15230745120167576978e-01 0
-1.83798039577136603964e-08 3.15127442858490092181e-01 3.15127442858490092181e-01 3.15127442858490092181e-01 3.15127442858490092181e-01 0
-1.67705333243726718219e-08 3.15070563810538550875e-01 3.15070563810538550875e-01 3.15070563810538550875e-01 3.15070563810538550875e-01 0
-1.53021647364121512875e-08 3.14931957449076704858e-01 3.14931957449076704858e-01 3.14931957449076704858e-01 3.14931957449076704858e-01 0
-1.39623613090464712721e-08 3.14914880293095889030e-01 3.14914880293095889030e-01 3.14914880293095889030e-01 3.14914880293095889030e-01 0
-1.27398663314917707708e-08 3.14878928759308729379e-01 3.14878928759308729379e-01 3.14878928759308729379e-01 3.14878928759308729379e-01 0
-1.16244086907504498255e-08 3.14984283036350787288e-01 3.14984283036350787288e-01 3.14984283036350787288e-01 3.14984283036350787288e-01 0
-1.06066165761546102006e-08 3.15042331720656654248e-01 3.15042331720656654248e-01 3.15042331720656654248e-01 3.15042331720656654248e-01 0
-9.67793873963449902926e-09 3.15182339098632247065e-01 3.15182339098632247065e-01 3.15182339098632247065e-01 3.15182339098632247065e-01 0
-8.83057265015939445318e-09 3.15200991058134205591e-01 3.15200991058134205591e-01 3.15200991058134205591e-01 3.15200991058134205591e-01 0
-8.05739893872154412149e-09 3.15238477050715892869e-01 3.15238477050715892869e-01 3.15238477050715892869e-01 3.15238477050715892869e-01 0
-7.35192158308546266964e-09 3.15135236635753213097e-01 3.15135236635753213097e-01 3.15135236635753213097e-01 3.15135236635753213097e-01 0
-6.70821332974906988680e-09 3.15078473858658059115e-01 3.15078473858658059115e-01 3.15078473858658059115e-01 3.15078473858658059115e-01 0
-6.12086589456485935696e-09 3.14939921134646916290e-01 3.14939921134646916290e-01 3.14939921134646916290e-01 3.14939921134646916290e-01 0
-5.58494452361858701991e-09 3.14922933363647961080e-01 3.14922933363647961080e-01 3.14922933363647961080e-01 3.14922933363647961080e-01 0
-5.09594653259670897005e-09 3.14887030633698272730e-01 3.14887030633698272730e-01 3.14887030633698272730e-01 3.14887030633698272730e-01 0
-4.64976347630018125370e-09 3.14992459660098367280e-01 3.14992459660098367280e-01 3.14992459660098367280e-01 3.14992459660098367280e-01 0
-4.24264663046184441111e-09 3.15050553190580173712e-01 3.15050553190580173712e-01 3.15050553190580173712e-01 3.15050553190580173712e-01 0
-3.87117549585379861909e-09 3.15190619756105183669e-01 3.15190619756105183669e-01 3.15190619756105183669e-01 3.15190619756105183669e-01 0
-3.53222906006375811214e-09 3.15209317055093252158e-01 3.15209317055093252158e-01 3.15209317055093252158e-01 3.15209317055093252158e-01 0
-3.22295957548861690413e-09 3.15246849732442491199e-01 3.15246849732442491199e-01 3.15246849732442491199e-01 3.15246849732442491199e-01 0
-2.94076863323418506785e-09 3.15143648376429497127e-01 3.15143648376429497127e-01 3.15143648376429497127e-01 3.15143648376429497127e-01 0
-2.68328533189962795472e-09 3.15086927299238372946e-01 3.15086927299238372946e-01 3.15086927299238372946e-01 3.15086927299238372946e-01 0
-2.44834635782594399094e-09 3.14948422707527098119e-01 3.14948422707527098119e-01 3.14948422707527098119e-01 3.14948422707527098119e-01 0
-2.23397780944743522155e-09 3.14931440609965196398e-01 3.14931440609965196398e-01 3.14931440609965196398e-01 3.14931440609965196398e-01 0
-2.03837861303868391889e-09 3.14895584627842062275e-01 3.14895584627842062275e-01 3.14895584627842062275e-01 3.14895584627842062275e-01 0
-1.85990539052007200517e-09 3.15001013009379604579e-01 3.15001013009379604579e-01 3.15001013009379604579e-01 3.15001013009379604579e-01 0
-1.69705865218473817803e-09 3.15059147743612155690e-01 3.15059147743612155690e-01 3.15059147743612155690e-01 3.15059147743612155690e-01 0
-1.54847019834152002666e-09 3.15199197713933954024e-01 3.15199197713933954024e-01 3.15199197713933954024e-01 3.15199197713933954024e-01 0
-1.41289162402550303806e-09 3.15217960303491084861e-01 3.15217960303491084861e-01 3.15217960303491084861e-01 3.15217960303491084861e-01 0
-1.28918383019544705117e-09 3.15255477485630764001e-01 3.15255477485630764001e-01 3.15255477485630764001e-01 3.15255477485630764001e-01 0
-1.17630745329367402714e-09 3.15152354882522411916e-01 3.15152354882522411916e-01 3.15152354882522411916e-01 3.15152354882522411916e-01 0
-1.07331413275985097509e-09 3.15095652133000114770e-01 3.15095652133000114770e-01 3.15095652133000114770e-01 3.15095652133000114770e-01 0
-9.79338543130377513658e-10 3.14957300645372251235e-01 3.14957300645372251235e-01 3.14957300645372251235e-01 3.14957300645372251235e-01 0
-8.93591123778973943865e-10 3.14940175906076647028e-01 3.14940175906076647028e-01 3.14940175906076647028e-01 3.14940175906076647028e-01 0
-8.15351445215473422800e-10 3.14904461045931227670e-01 3.14904461045931227670e-01 3.14904461045931227670e-01 3.14904461045931227670e-01 0
-7.43962156208029008864e-10 3.15009718293587648308e-01 3.15009718293587648308e-01 3.15009718293587648308e-01 3.15009718293587648308e-01 0
-6.78823460873895064418e-10 3.15067932965950148194e-01 3.15067932965950148194e-01 3.15067932965950148194e-01 3.15067932965950148194e-01 0
-6.19388079336607865908e-10 3.15207691110812149304e-01 3.15207691110812149304e-01 3.15207691110812149304e-01 3.15207691110812149304e-01 0
-5.65156649610201173866e-10 3.15226819896762211481e-01 3.15226819896762211481e-01 3.15226819896762211481e-01 3.15226819896762211481e-01 0
-5.15673532078178737748e-10 3.15264118173208429674e-01 3.15264118173208429674e-01 3.15264118173208429674e-01 3.15264118173208429674e-01 0
-4.70522981317469672895e-10 3.15161534629251893769e-01 3.15161534629251893769e-01 3.15161534629251893769e-01 3.15161534629251893769e-01 0
-4.29325653103940410716e-10 3.15104974183998520765e-01 3.15104974183998520765e-01 3.15104974183998520765e-01 3.15104974183998520765e-01 0
-3.91735417252150984784e-10 3.14967856319587236058e-01 3.14967856319587236058e-01 3.14967856319587236058e-01 3.14967856319587236058e-01 0
3.91735417252150984784e-10 3.14967785597627725203e-01 3.14967785597627725203e-01 3.14967785597627725203e-01 3.14967785597627725203e-01 0
4.29325653103940410716e-10 3.15104895100999704560e-01 3.15104895100999704560e-01 3.15104895100999704560e-01 3.15104895100999704560e-01 0
4.70522981317469672895e-10 3.15161449625529832552e-01 3.15161449625529832552e-01 3.15161449625529832552e-01 3.15161449625529832552e-01 0
5.15673532078178737748e-10 3.15264023163179030185e-01 3.15264023163179030185e-01 3.15264023163179030185e-01 3.15264023163179030185e-01 0
5.65156649610201173866e-10 3.15226717938981881861e-01 3.15226717938981881861e-01 3.15226717938981881861e-01 3.15226717938981881861e-01 0
6.19388079336607865908e-10 3.15207576911352815863e-01 3.15207576911352815863e-01 3.15207576911352815863e-01 3.15207576911352815863e-01 0
6.78823460873895064418e-10 3.15067810541174331274e-01 3.15067810541174331274e-01 3.15067810541174331274e-01 3.15067810541174331274e-01 0
7.43962156208029008864e-10 3.15009581062888843750e-01 3.15009581062888843750e-01 3.15009581062888843750e-01 3.15009581062888843750e-01 0
8.15351445215473422800e-10 3.14904313975914007528e-01 3.14904313975914007528e-01 3.14904313975914007528e-01 3.14904313975914007528e-01 0
8.93591123778973943865e-10 3.14940011292843158319e-01 3.14940011292843158319e-01 3.14940011292843158319e-01 3.14940011292843158319e-01 0
9.79338543130377513658e-10 3.14957123852590670232e-01 3.14957123852590670232e-01 3.14957123852590670232e-01 3.14957123852590670232e-01 0
1.07331413275985097509e-09 3.15095454434259736320e-01 3.15095454434259736320e-01 3.15095454434259736320e-01 3.15095454434259736320e-01 0
1.17630745329367402714e-09 3.15152142381026512119e-01 3.15152142381026512119e-01 3.15152142381026512119e-01 3.15152142381026512119e-01 0
1.28918383019544705117e-09 3.15255239967793532418e-01 3.15255239967793532418e-01 3.15255239967793532418e-01 3.15255239967793532418e-01 0
1.41289162402550303806e-09 3.15217705416933779983e-01 3.15217705416933779983e-01 3.15217705416933779983e-01 3.15217705416933779983e-01 0
1.54847019834152002666e-09 3.15198912223360161455e-01 3.15198912223360161455e-01 3.15198912223360161455e-01 3.15198912223360161455e-01 0
1.69705865218473817803e-09 3.15058841690909030575e-01 3.15058841690909030575e-01 3.15058841690909030575e-01 3.15058841690909030575e-01 0
1.85990539052007200517e-09 3.15000669941819855246e-01 3.15000669941819855246e-01 3.15000669941819855246e-01 3.15000669941819855246e-01 0
2.03837861303868391889e-09 3.14895216963656410236e-01 3.14895216963656410236e-01 3.14895216963656410236e-01 3.14895216963656410236e-01 0
2.23397780944743522155e-09 3.14931029087806901856e-01 3.14931029087806901856e-01 3.14931029087806901856e-01 3.14931029087806901856e-01 0
2.44834635782594399094e-09 3.14947980738600308293e-01 3.14947980738600308293e-01 3.14947980738600308293e-01 3.14947980738600308293e-01 0
2.68328533189962795472e-09 3.15086433065507598439e-01 3.15086433065507598439e-01 3.15086433065507598439e-01 3.15086433065507598439e-01 0
2.94076863323418506785e-09 3.15143117136506445419e-01 3.15143117136506445419e-01 3.15143117136506445419e-01 3.15143117136506445419e-01 0
3.22295957548861690413e-09 3.15246255952724929728e-01 3.15246255952724929728e-01 3.15246255952724929728e-01 3.15246255952724929728e-01 0
3.53222906006375811214e-09 3.15208679854891427041e-01 3.15208679854891427041e-01 3.15208679854891427041e-01 3.15208679854891427041e-01 0
3.87117549585379861909e-09 3.15189906047398438194e-01 3.15189906047398438194e-01 3.15189906047398438194e-01 3.15189906047398438194e-01 0
4.24264663046184441111e-09 3.15049788078221759680e-01 3.15049788078221759680e-01 3.15049788078221759680e-01 3.15049788078221759680e-01 0
4.64976347630018125370e-09 3.14991602012384741549e-01 3.14991602012384741549e-01 3.14991602012384741549e-01 3.14991602012384741549e-01 0
5.09594653259670897005e-09 3.14886111496499254692e-01 3.14886111496499254692e-01 3.14886111496499254692e-01 3.14886111496499254692e-01 0
5.58494452361858701991e-09 3.14921904583645717590e-01 3.14921904583645717590e-01 3.14921904583645717590e-01 3.14921904583645717590e-01 0
6.12086589456485935696e-09 3.14938816240309782390e-01 3.14938816240309782390e-01 3.14938816240309782390e-01 3.14938816240309782390e-01 0
6.70821332974906988680e-09 3.15077238304827977888e-01 3.15077238304827977888e-01 3.15077238304827977888e-01 3.15077238304827977888e-01 0
7.35192158308546266964e-09 3.15133908568746679002e-01 3.15133908568746679002e-01 3.15133908568746679002e-01 3.15133908568746679002e-01 0
8.05739893872154412149e-09 3.15236992637649204863e-01 3.15236992637649204863e-01 3.15236992637649204863e-01 3.15236992637649204863e-01 0
8.83057265015939445318e-09 3.15199398096826122195e-01 3.15199398096826122195e-01 3.15199398096826122195e-01 3.15199398096826122195e-01 0
9.67793873963449902926e-09 3.15180554870334084239e-01 3.15180554870334084239e-01 3.15180554870334084239e-01 3.15180554870334084239e-01 0
1.06066165761546102006e-08 3.15040418986848647087e-01 3.15040418986848647087e-01 3.15040418986848647087e-01 3.15040418986848647087e-01 0
1.16244086907504498255e-08 3.14982138969197744682e-01 3.14982138969197744682e-01 3.14982138969197744682e-01 3.14982138969197744682e-01 0
1.27398663314917707708e-08 3.14876630972901583316e-01 3.14876630972901583316e-01 3.14876630972901583316e-01 3.14876630972901583316e-01 0
1.39623613090464712721e-08 3.14912308405578045267e-01 3.14912308405578045267e-01 3.14912308405578045267e-01 3.14912308405578045267e-01 0
1.53021647364121512875e-08 3.14929195281330065459e-01 3.14929195281330065459e-01 3.14929195281330065459e-01 3.14929195281330065459e-01 0
1.67705333243726718219e-08 3.15067475000955887765e-01 3.15067475000955887765e-01 3.15067475000955887765e-01 3.15067475000955887765e-01 0
1.83798039577136603964e-08 3.15124122772435455442e-01 3.15124122772435455442e-01 3.15124122772435455442e-01 3.15124122772435455442e-01 0
2.01434973468038594765e-08 3.15227034177293419237e-01 3.15227034177293419237e-01 3.15227034177293419237e-01 3.15227034177293419237e-01 0
2.20764316253984919232e-08 3.15189418653129882486e-01 3.15189418653129882486e-01 3.15189418653129882486e-01 3.15189418653129882486e-01 0
2.41948468490862409557e-08 3.15170369188443877384e-01 3.15170369188443877384e-01 3.15170369188443877384e-01 3.15170369188443877384e-01 0
2.65165414403865321189e-08 3.15030212884363503001e-01 3.15030212884363503001e-01 3.15030212884363503001e-01 3.15030212884363503001e-01 0
2.90610217268761303541e-08 3.14971680386549379715e-01 3.14971680386549379715e-01 3.14971680386549379715e-01 3.14971680386549379715e-01 0
3.18496658287294252726e-08 3.14866146893146015007e-01 3.14866146893146015007e-01 3.14866146893146015007e-01 3.14866146893146015007e-01 0
3.49059032726161649453e-08 3.14901517425693611152e-01 3.14901517425693611152e-01 3.14901517425693611152e-01 3.14901517425693611152e-01 0
3.82554118410303716014e-08 3.14918363795681499617e-01 3.14918363795681499617e-01 3.14918363795681499617e-01 3.14918363795681499617e-01 0
4.19263333109316779003e-08 3.15056273366236150313e-01 3.15056273366236150313e-01 3.15056273366236150313e-01 3.15056273366236150313e-01 0
4.59495098942841410648e-08 3.15112873216867039883e-01 3.15112873216867039883e-01 3.15112873216867039883e-01 3.15112873216867039883e-01 0
5.03587433670096371108e-08 3.15215344581722956008e-01 3.15215344581722956008e-01 3.15215344581722956008e-01 3.15215344581722956008e-01 0
5.51910790634962066470e-08 3.15177684873191310544e-01 3.15177684873191310544e-01 3.15177684873191310544e-01 3.15177684873191310544e-01 0
6.04871171227156106611e-08 3.15158108261150093909e-01 3.15158108261150093909e-01 3.15158108261150093909e-01 3.15158108261150093909e-01 0
6.62913536009663071362e-08 3.15017905707799417137e-01 3.15017905707799417137e-01 3.15017905707799417137e-01 3.15017905707799417137e-01 0
7.26525543171903391202e-08 3.14958734982051014040e-01 3.14958734982051014040e-01 3.14958734982051014040e-01 3.14958734982051014040e-01 0
7.96241645718235896512e-08 3.14853141101327616003e-01 3.14853141101327616003e-01 3.14853141101327616003e-01 3.14853141101327616003e-01 0
8.72647581815404189808e-08 3.14887739765616125887e-01 3.14887739765616125887e-01 3.14887739765616125887e-01 3.14887739765616125887e-01 0
9.56385296025759290035e-08 3.14904492685701309362e-01 3.14904492685701309362e-01 3.14904492685701309362e-01 3.14904492685701309362e-01 0
1.04815833277329194751e-07 3.15041476354763316792e-01 3.15041476354763316792e-01 3.15041476354763316792e-01 3.15041476354763316792e-01 0
1.14873774735710398984e-07 3.15097961808577797793e-01 3.15097961808577797793e-01 3.15097961808577797793e-01 3.15097961808577797793e-01 0
1.25896858417524106012e-07 3.15199333250199054124e-01 3.15199333250199054124e-01 3.15199333250199054124e-01 3.15199333250199054124e-01 0
1.37977697658740599335e-07 3.15161565743585669885e-01 3.15161565743585669885e-01 3.15161565743585669885e-01 3.15161565743585669885e-01 0
1.51217792806789099445e-07 3.15140667085521519741e-01 3.15140667085521519741e-01 3.15140667085521519741e-01 3.15140667085521519741e-01 0
1.65728384002415794310e-07 3.15000347712905470754e-01 3.15000347712905470754e-01 3.15000347712905470754e-01 3.15000347712905470754e-01 0
1.81631385792975794861e-07 3.14939578316380253131e-01 3.14939578316380253131e-01 3.14939578316380253131e-01 3.14939578316380253131e-01 0
1.99060411429558881484e-07 3.14833832833097293502e-01 3.14833832833097293502e-01 3.14833832833097293502e-01 3.14833832833097293502e-01 0
2.18161895453850981278e-07 3.14866502438607032133e-01 3.14866502438607032133e-01 3.14866502438607032133e-01 3.14866502438607032133e-01 0
2.39096324006439802656e-07 3.14883026365683327263e-01 3.14883026365683327263e-01 3.14883026365683327263e-01 3.14883026365683327263e-01 0
2.62039583193322993494e-07 3.15017700669199152141e-01 3.15017700669199152141e-01 3.15017700669199152141e-01 3.15017700669199152141e-01 0
2.87184436839275878347e-07 3.15073905801182274633e-01 3.15073905801182274633e-01 3.15073905801182274633e-01 3.15073905801182274633e-01 0
3.14742146043810265030e-07 3.15172532844565256305e-01 3.15172532844565256305e-01 3.15172532844565256305e-01 3.15172532844565256305e-01 0
3.44944244146851379225e-07 3.15134498770244186883e-01 3.15134498770244186883e-01 3.15134498770244186883e-01 3.15134498770244186883e-01 0
3.78044482016972603028e-07 3.15110296746363982567e-01 3.15110296746363982567e-01 3.15110296746363982567e-01 3.15110296746363982567e-01 0
4.14320960006039459306e-07 3.14969685267229793091e-01 3.14969685267229793091e-01 3.14969685267229793091e-01 3.14969685267229793091e-01 0
4.54078464482439566561e-07 3.14904922447284407738e-01 3.14904922447284407738e-01 3.14904922447284407738e-01 3.14904922447284407738e-01 0
4.97651028573897362528e-07 3.14798800603945772014e-01 3.14798800603945772014e-01 3.14798800603945772014e-01 3.14798800603945772014e-01 0
5.45404738634627717892e-07 3.14826657040872981419e-01 3.14826657040872981419e-01 3.14826657040872981419e-01 3.14826657040872981419e-01 0
5.97740810016099586050e-07 3.14842618960769149439e-01 3.14842618960769149439e-01 3.14842618960769149439e-01 3.14842618960769149439e-01 0
6.55098957983307430796e-07 3.14971537218170394290e-01 3.14971537218170394290e-01 3.14971537218170394290e-01 3.14971537218170394290e-01 0
7.17961092098189695866e-07 3.15027058030924012044e-01 3.15027058030924012044e-01 3.15027058030924012044e-01 3.15027058030924012044e-01 0
7.86855365109525609635e-07 3.15118845259375557344e-01 3.15118845259375557344e-01 3.15118845259375557344e-01 3.15118845259375557344e-01 0
8.62360610367128368652e-07 3.15080162657221884981e-01 3.15080162657221884981e-01 3.15080162657221884981e-01 3.15080162657221884981e-01 0
9.45111205042431322281e-07 3.15047726462498567379e-01 3.15047726462498567379e-01 3.15047726462498567379e-01 3.15047726462498567379e-01 0
1.03580240001509891296e-06 3.14906406143503847517e-01 3.14906406143503847517e-01 3.14906406143503847517e-01 3.14906406143503847517e-01 0
1.13519616120609888993e-06 3.14831696428719498559e-01 3.14831696428719498559e-01 3.14831696428719498559e-01 3.14831696428719498559e-01 0
1.24412757143474287692e-06 3.14724667252310741361e-01 3.14724667252310741361e-01 3.14724667252310741361e-01 3.14724667252310741361e-01 0
1.36351184658656897709e-06 3.14740547126331704497e-01 3.14740547126331704497e-01 3.14740547126331704497e-01 3.14740547126331704497e-01 0
1.49435202504024885925e-06 3.14755160356969987401e-01 3.14755160356969987401e-01 3.14755160356969987401e-01 3.14755160356969987401e-01 0
1.63774739495826889463e-06 3.14869771809843768118e-01 3.14869771809843768118e-01 3.14869771809843768118e-01 3.14869771809843768118e-01 0
1.79490273024547492788e-06 3.14923669931885918949e-01 3.14923669931885918949e-01 3.14923669931885918949e-01 3.14923669931885918949e-01 0
1.96713841277381391821e-06 3.14998471073005714693e-01 3.14998471073005714693e-01 3.14998471073005714693e-01 3.14998471073005714693e-01 0
2.15590152591782108045e-06 3.14958284017124667820e-01 3.14958284017124667820e-01 3.14958284017124667820e-01 3.14958284017124667820e-01 0
2.36277801260607909979e-06 3.14905421231755411338e-01 3.14905421231755411338e-01 3.14905421231755411338e-01 3.14905421231755411338e-01 0
2.58950600003774601186e-06 3.14762489994583505304e-01 3.14762489994583505304e-01 3.14762489994583505304e-01 3.14762489994583505304e-01 0
2.83799040301524807187e-06 3.14663155476802680610e-01 3.14663155476802680610e-01 3.14663155476802680610e-01 3.14663155476802680610e-01 0
3.11031892858685803934e-06 3.14554088125857556069e-01 3.14554088125857556069e-01 3.14554088125857556069e-01 3.14554088125857556069e-01 0
3.40877961646642297212e-06 3.14540371419658737473e-01 3.14540371419658737473e-01 3.14540371419658737473e-01 3.14540371419658737473e-01 0
3.73588006260062214812e-06 3.14551957646911073407e-01 3.14551957646911073407e-01 3.14551957646911073407e-01 3.14551957646911073407e-01 0
4.09436848739567181305e-06 3.14631291956864622694e-01 3.14631291956864622694e-01 3.14631291956864622694e-01 3.14631291956864622694e-01 0
4.48725682561368615503e-06 3.14681665742774174799e-01 3.14681665742774174799e-01 3.14681665742774174799e-01 3.14681665742774174799e-01 0
4.91784603193453437201e-06 3.14714685684412853739e-01 3.14714685684412853739e-01 3.14714685684412853739e-01 3.14714685684412853739e-01 0
5.38975381479455248936e-06 3.14671465341283762562e-01 3.14671465341283762562e-01 3.14671465341283762562e-01 3.14671465341283762562e-01 0
5.90694503151519647894e-06 3.14568527176058876371e-01 3.14568527176058876371e-01 3.14568527176058876371e-01 3.14568527176058876371e-01 0
6.47376500009436693547e-06 3.14422587950692777881e-01 3.14422587950692777881e-01 3.14422587950692777881e-01 3.14422587950692777881e-01 0
7.09497600753811890912e-06 3.14263201583392770555e-01 3.14263201583392770555e-01 3.14263201583392770555e-01 3.14263201583392770555e-01 0
7.77579732146714636891e-06 3.14150468552718886706e-01 3.14150468552718886706e-01 3.14150468552718886706e-01 3.14150468552718886706e-01 0
8.52194904116605827734e-06 3.14064877141729925647e-01 3.14064877141729925647e-01 3.14064877141729925647e-01 3.14064877141729925647e-01 0
9.33970015650155600557e-06 3.14070987142969770822e-01 3.14070987142969770822e-01 3.14070987142969770822e-01 3.14070987142969770822e-01 0
1.02359212184891812267e-05 3.14065107435572143935e-01 3.14065107435572143935e-01 3.14065107435572143935e-01 3.14065107435572143935e-01 0
1.12181420640342204698e-05 3.14109849996648038406e-01 3.14109849996648038406e-01 3.14109849996648038406e-01 3.14109849996648038406e-01 0
1.22946150798363418592e-05 3.14042589003211580767e-01 3.14042589003211580767e-01 3.14042589003211580767e-01 3.14042589003211580767e-01 0
1.34743845369863799529e-05 3.13996112004949090579e-01 3.13996112004949090579e-01 3.13996112004949090579e-01 3.13996112004949090579e-01 0
1.47673625787879903503e-05 3.13774036618251650488e-01 3.13774036618251650488e-01 3.13774036618251650488e-01 3.13774036618251650488e-01 0
1.61844125002359203033e-05 3.13626578913314080221e-01 3.13626578913314080221e-01 3.13626578913314080221e-01 3.13626578913314080221e-01 0
1.77374400188453006609e-05 3.13326145820100210315e-01 3.13326145820100210315e-01 3.13326145820100210315e-01 3.13326145820100210315e-01 0
1.94394933036678710045e-05 3.13212560313360255382e-01 3.13212560313360255382e-01 3.13212560313360255382e-01 3.13212560313360255382e-01 0
2.13048726029151414582e-05 3.12959912323267641643e-01 3.12959912323267641643e-01 3.12959912323267641643e-01 3.12959912323267641643e-01 0
2.33492503912538900139e-05 3.12964227289822816136e-01 3.12964227289822816136e-01 3.12964227289822816136e-01 3.12964227289822816136e-01 0
2.55898030462229522197e-05 3.12762893171058375952e-01 3.12762893171058375952e-01 3.12762893171058375952e-01 3.12762893171058375952e-01 0
2.80453551600855418571e-05 3.12810717868151955123e-01 3.12810717868151955123e-01 3.12810717868151955123e-01 3.12810717868151955123e-01 0
3.07365376995908377075e-05 3.12517392825986728422e-01 3.12517392825986728422e-01 3.12517392825986728422e-01 3.12517392825986728422e-01 0
3.36859613424659532703e-05 3.12485248721806663230e-01 3.12485248721806663230e-01 3.12485248721806663230e-01 3.12485248721806663230e-01 0
3.69184064469699809580e-05 3.12000675303503727243e-01 3.12000675303503727243e-01 3.12000675303503727243e-01 3.12000675303503727243e-01 0
4.04610312505897939820e-05 3.11878903798400330949e-01 3.11878903798400330949e-01 3.11878903798400330949e-01 3.11878903798400330949e-01 0
4.43436000471132397939e-05 3.11277662923383269256e-01 3.11277662923383269256e-01 3.11277662923383269256e-01 3.11277662923383269256e-01 0
4.85987332591696622646e-05 3.11200448218335090633e-01 3.11200448218335090633e-01 3.11200448218335090633e-01 3.11200448218335090633e-01 0
5.32621815072878638099e-05 3.10602212528654220147e-01 3.10602212528654220147e-01 3.10602212528654220147e-01 3.10602212528654220147e-01 0
5.83731259781347216467e-05 3.10650288391865925242e-01 3.10650288391865925242e-01 3.10650288391865925242e-01 3.10650288391865925242e-01 0
6.39745076155573839374e-05 3.10058660372885541712e-01 3.10058660372885541712e-01 3.10058660372885541712e-01 3.10058660372885541712e-01 0
7.01133879002138461723e-05 3.10177181770305510078e-01 3.10177181770305510078e-01 3.10177181770305510078e-01 3.10177181770305510078e-01 0
7.68413442489771078212e-05 3.09446031595852821816e-01 3.09446031595852821816e-01 3.09446031595852821816e-01 3.09446031595852821816e-01 0
8.42149033561649001164e-05 3.09509561818398282185e-01 3.09509561818398282185e-01 3.09509561818398282185e-01 3.09509561818398282185e-01 0
9.22960161174249523949e-05 3.08515769299545106197e-01 3.08515769299545106197e-01 3.08515769299545106197e-01 3.08515769299545106197e-01 0
1.01152578126474505284e-04 3.08471594727390274748e-01 3.08471594727390274748e-01 3.08471594727390274748e-01 3.08471594727390274748e-01 0
1.10859000117783106261e-04 3.07230766475891481360e-01 3.07230766475891481360e-01 3.07230766475891481360e-01 3.07230766475891481360e-01 0
1.21496833147924203095e-04 3.07112186071109183327e-01 3.07112186071109183327e-01 3.07112186071109183327e-01 3.07112186071109183327e-01 0
1.33155453768219595150e-04 3.05614902682275313417e-01 3.05614902682275313417e-01 3.05614902682275313417e-01 3.05614902682275313417e-01 0
1.45932814945336810893e-04 3.05352049590398300083e-01 3.05352049590398300083e-01 3.05352049590398300083e-01 3.05352049590398300083e-01 0
1.59936269038893493725e-04 3.03438405061702165533e-01 3.03438405061702165533e-01 3.03438405061702165533e-01 3.03438405061702165533e-01 0
1.75283469750534622207e-04 3.02736372641745632439e-01 3.02736372641745632439e-01 3.02736372641745632439e-01 3.02736372641745632439e-01 0
1.92103360622442823763e-04 3.00168390839864462905e-01 3.00168390839864462905e-01 3.00168390839864462905e-01 3.00168390839864462905e-01 0
2.10537258390412209633e-04 2.98833795590067397008e-01 2.98833795590067397008e-01 2.98833795590067397008e-01 2.98833795590067397008e-01 0
2.30740040293562408092e-04 2.95511471683802984245e-01 2.95511471683802984245e-01 2.95511471683802984245e-01 2.95511471683802984245e-01 0
2.52881445316186208999e-04 2.93493619972714614441e-01 2.93493619972714614441e-01 2.93493619972714614441e-01 2.93493619972714614441e-01 0
2.77147500294457819862e-04 2.89582743803367181901e-01 2.89582743803367181901e-01 2.89582743803367181901e-01 2.89582743803367181901e-01 0
3.03742082869810372213e-04 2.87227421115100356452e-01 2.87227421115100356452e-01 2.87227421115100356452e-01 2.87227421115100356452e-01 0
3.32888634420549069191e-04 2.82846724815915273599e-01 2.82846724815915273599e-01 2.82846724815915273599e-01 2.82846724815915273599e-01 0
3.64832037363341959470e-04 2.80549585894367958794e-01 2.80549585894367958794e-01 2.80549585894367958794e-01 2.80549585894367958794e-01 0
3.99840672597233707207e-04 2.76032049449748018155e-01 2.76032049449748018155e-01 2.76032049449748018155e-01 2.76032049449748018155e-01 0
4.38208674376336609728e-04 2.74137714052273828713e-01 2.74137714052273828713e-01 2.74137714052273828713e-01 2.74137714052273828713e-01 0
4.80258401556107005197e-04 2.69759889960903165296e-01 2.69759889960903165296e-01 2.69759889960903165296e-01 2.69759889960903165296e-01 0
5.26343145976030496978e-04 2.68323987308116018724e-01 2.68323987308116018724e-01 2.68323987308116018724e-01 2.68323987308116018724e-01 0
5.76850100733905979573e-04 2.64221164632851945875e-01 2.64221164632851945875e-01 2.64221164632851945875e-01 2.64221164632851945875e-01 0
6.32203613290465522498e-04 2.63461835838391444931e-01 2.63461835838391444931e-01 2.63461835838391444931e-01 2.63461835838391444931e-01 0
6.92868750736144387026e-04 2.60116448817640399938e-01 2.60116448817640399938e-01 2.60116448817640399938e-01 2.60116448817640399938e-01 0
7.59355207174526093163e-04 2.60473293532279437379e-01 2.60473293532279437379e-01 2.60473293532279437379e-01 2.60473293532279437379e-01 0
8.32221586051372971132e-04 2.57964852340495154337e-01 2.57964852340495154337e-01 2.57964852340495154337e-01 2.57964852340495154337e-01 0
9.12080093408355169725e-04 2.59730285437018593164e-01 2.59730285437018593164e-01 2.59730285437018593164e-01 2.59730285437018593164e-01 0
9.99601681493084105387e-04 2.58322319383825771411e-01 2.58322319383825771411e-01 2.58322319383825771411e-01 2.58322319383825771411e-01 0
1.09552168594084092801e-03 2.61865315475109827759e-01 2.61865315475109827759e-01 2.61865315475109827759e-01 2.61865315475109827759e-01 0
1.20064600389026797378e-03 2.61842220756337451526e-01 2.61842220756337451526e-01 2.61842220756337451526e-01 2.61842220756337451526e-01 0
1.31585786494007607982e-03 2.66966130661431155779e-01 2.66966130661431155779e-01 2.66966130661431155779e-01 2.66966130661431155779e-01 0
1.44212525183476511156e-03 2.68035194751463534679e-01 2.68035194751463534679e-01 2.68035194751463534679e-01 2.68035194751463534679e-01 0
1.58050903322616391466e-03 2.74340711652876378945e-01 2.74340711652876378945e-01 2.74340711652876378945e-01 2.74340711652876378945e-01 0
1.73217187684036096756e-03 2.76073338951730584689e-01 2.76073338951730584689e-01 2.76073338951730584689e-01 2.76073338951730584689e-01 0
1.89838801793631517870e-03 2.82985703080855022229e-01 2.82985703080855022229e-01 2.82985703080855022229e-01 2.82985703080855022229e-01 0
2.08055396512843221099e-03 2.84856188964657364160e-01 2.84856188964657364160e-01 2.84856188964657364160e-01 2.84856188964657364160e-01 0
2.28020023352088797852e-03 2.91581657608656397151e-01 2.91581657608656397151e-01 2.91581657608656397151e-01 2.91581657608656397151e-01 0
2.49900420373270993821e-03 2.92779355628428217262e-01 2.92779355628428217262e-01 2.92779355628428217262e-01 2.92779355628428217262e-01 0
2.73880421485210318738e-03 2.98114438358836053578e-01 2.98114438358836053578e-01 2.98114438358836053578e-01 2.98114438358836053578e-01 0
3.00161500972566906709e-03 2.98238832792141583816e-01 2.98238832792141583816e-01 2.98238832792141583816e-01 2.98238832792141583816e-01 0
3.28964466235019117532e-03 3.01913725906094054796e-01 3.01913725906094054796e-01 3.01913725906094054796e-01 3.01913725906094054796e-01 0
3.60531312958691212839e-03 3.00448139714408923862e-01 3.00448139714408923862e-01 3.00448139714408923862e-01 3.00448139714408923862e-01 0
3.95127258306540891930e-03 3.02153852122930777213e-01 3.02153852122930777213e-01 3.02153852122930777213e-01 3.02153852122930777213e-01 0
4.33042969210090198523e-03 2.98678205701808641148e-01 2.98678205701808641148e-01 2.98678205701808641148e-01 2.98678205701808641148e-01 0
4.74597004484078686254e-03 2.98563875422777624813e-01 2.98563875422777624813e-01 2.98563875422777624813e-01 2.98563875422777624813e-01 0
5.20138491282107900959e-03 2.93630836137339590319e-01 2.93630836137339590319e-01 2.93630836137339590319e-01 2.93630836137339590319e-01 0
5.70050058380221821158e-03 2.92272705488429596077e-01 2.92272705488429596077e-01 2.92272705488429596077e-01 2.92272705488429596077e-01 0
6.24751050933177506236e-03 2.84949244557657632715e-01 2.84949244557657632715e-01 2.84949244557657632715e-01 2.84949244557657632715e-01 0
6.84701053713025840214e-03 2.83170308805031301080e-01 2.83170308805031301080e-01 2.83170308805031301080e-01 2.83170308805031301080e-01 0
7.50403752431417180035e-03 2.75020630944866895096e-01 2.75020630944866895096e-01 2.75020630944866895096e-01 2.75020630944866895096e-01 0
8.22411165587547642042e-03 2.72664288079210781479e-01 2.72664288079210781479e-01 2.72664288079210781479e-01 2.72664288079210781479e-01 0
9.01328282396728075465e-03 2.64256177671223890790e-01 2.64256177671223890790e-01 2.64256177671223890790e-01 2.64256177671223890790e-01 0
9.87818145766352143089e-03 2.61227072740559673747e-01 2.61227072740559673747e-01 2.61227072740559673747e-01 2.61227072740559673747e-01 0
1.08260742302522597336e-02 2.52583101434304846400e-01 2.52583101434304846400e-01 2.52583101434304846400e-01 2.52583101434304846400e-01 0
1.18649251121019701921e-02 2.48802992222811270029e-01 2.48802992222811270029e-01 2.48802992222811270029e-01 2.48802992222811270029e-01 0
1.30034622820527009934e-02 2.39881937702385611422e-01 2.39881937702385611422e-01 2.39881937702385611422e-01 2.39881937702385611422e-01 0
1.42512514595055511668e-02 2.35518642007447098763e-01 2.35518642007447098763e-01 2.35518642007447098763e-01 2.35518642007447098763e-01 0
1.56187762733294398243e-02 2.26396719077750774307e-01 2.26396719077750774307e-01 2.26396719077750774307e-01 2.26396719077750774307e-01 0
1.71175263428256507758e-02 2.22081953415534438800e-01 2.22081953415534438800e-01 2.22081953415534438800e-01 2.22081953415534438800e-01 0
1.87600938107854303682e-02 2.12381605449779492512e-01 2.12381605449779492512e-01 2.12381605449779492512e-01 2.12381605449779492512e-01 0
2.05602791396886919184e-02 2.08001953622402757649e-01 2.08001953622402757649e-01 2.08001953622402757649e-01 2.08001953622402757649e-01 0
2.25332070599182018866e-02 1.94389677131737742544e-01 1.94389677131737742544e-01 1.94389677131737742544e-01 1.94389677131737742544e-01 0
2.46954536441588087814e-02 1.91398654066930407058e-01 1.91398654066930407058e-01 1.91398654066930407058e-01 1.91398654066930407058e-01 0
2.70651855756306389256e-02 1.79035369075686123796e-01 1.79035369075686123796e-01 1.79035369075686123796e-01 1.79035369075686123796e-01 0
2.96623127802549194088e-02 1.77024400100322137908e-01 1.77024400100322137908e-01 1.77024400100322137908e-01 1.77024400100322137908e-01 0
3.25086557051317490141e-02 1.66711113239390834595e-01 1.66711113239390834595e-01 1.66711113239390834595e-01 1.66711113239390834595e-01 0
3.56281286487638709781e-02 1.65073507005748021381e-01 1.65073507005748021381e-01 1.65073507005748021381e-01 1.65073507005748021381e-01 0
3.90469406833235874177e-02 1.56247335697623557227e-01 1.56247335697623557227e-01 1.56247335697623557227e-01 1.56247335697623557227e-01 0
4.27938158570641130618e-02 1.54756703947387469489e-01 1.54756703947387469489e-01 1.54756703947387469489e-01 1.54756703947387469489e-01 0
4.69002345269635689817e-02 1.47524705908500752827e-01 1.47524705908500752827e-01 1.47524705908500752827e-01 1.47524705908500752827e-01 0
5.14006978492217297960e-02 1.45606966012756883222e-01 1.45606966012756883222e-01 1.45606966012756883222e-01 1.45606966012756883222e-01 0
5.63330176497955012471e-02 1.40440888044264411416e-01 1.40440888044264411416e-01 1.40440888044264411416e-01 1.40440888044264411416e-01 0
6.17386341103970184840e-02 1.38161840793446927256e-01 1.38161840793446927256e-01 1.38161840793446927256e-01 1.38161840793446927256e-01 0
6.76629639390766007834e-02 1.35955756825678952815e-01 1.35955756825678952815e-01 1.35955756825678952815e-01 1.35955756825678952815e-01 0
7.41557819506373228080e-02 1.33601453723171226251e-01 1.33601453723171226251e-01 1.33601453723171226251e-01 1.33601453723171226251e-01 0
8.12716392628293760048e-02 1.36202568447828020748e-01 1.36202568447828020748e-01 1.36202568447828020748e-01 1.36202568447828020748e-01 0
8.90703216219096705064e-02 1.34031409123790024029e-01 1.34031409123790024029e-01 1.34031409123790024029e-01 1.34031409123790024029e-01 0
9.76173517083089858914e-02 1.43210423274125947524e-01 1.43210423274125947524e-01 1.43210423274125947524e-01 1.43210423274125947524e-01 0
1.06984539642660303471e-01 1.45392603327280267589e-01 1.45392603327280267589e-01 1.45392603327280267589e-01 1.45392603327280267589e-01 0
1.17250586317408908577e-01 1.58120436244336193266e-01 1.58120436244336193266e-01 1.58120436244336193266e-01 1.58120436244336193266e-01 0
1.28501744623054303673e-01 1.71064615943919889895e-01 1.71064615943919889895e-01 1.71064615943919889895e-01 1.71064615943919889895e-01 0
1.40832544124488812098e-01 1.80264799148218912705e-01 1.80264799148218912705e-01 1.80264799148218912705e-01 1.80264799148218912705e-01 0
1.54346585275992514985e-01 1.85937514635822198628e-01 1.85937514635822198628e-01 1.85937514635822198628e-01 1.85937514635822198628e-01 0
1.69157409847691508897e-01 1.88646304308653839366e-01 1.88646304308653839366e-01 1.88646304308653839366e-01 1.88646304308653839366e-01 0
1.85389454876593307020e-01 1.83970524461305601216e-01 1.83970524461305601216e-01 1.83970524461305601216e-01 1.83970524461305601216e-01 0
2.03179098157073412256e-01 1.74380976454874103698e-01 1.74380976454874103698e-01 1.74380976454874103698e-01 1.74380976454874103698e-01 0
2.22675804054774217899e-01 1.61784819327444345793e-01 1.61784819327444345793e-01 1.61784819327444345793e-01 1.61784819327444345793e-01 0
2.44043379270772520240e-01 1.44993310136966202517e-01 1.44993310136966202517e-01 1.44993310136966202517e-01 1.44993310136966202517e-01 0
2.67461349106650703167e-01 1.24242795596607932818e-01 1.24242795596607932818e-01 1.24242795596607932818e-01 1.24242795596607932818e-01 0
2.93126465793522417158e-01 1.05155701157026951198e-01 1.05155701157026951198e-01 1.05155701157026951198e-01 1.05155701157026951198e-01 0
3.21254361557635814695e-01 8.64125869479812069862e-02 8.64125869479812069862e-02 8.64125869479812069862e-02 8.64125869479812069862e-02 0
3.52081360311221891468e-01 6.95854940582029818374e-02 6.95854940582029818374e-02 6.95854940582029818374e-02 6.95854940582029818374e-02 0
3.85866463189981301340e-01 5.52700213582906774157e-02 5.52700213582906774157e-02 5.52700213582906774157e-02 5.52700213582906774157e-02 0
4.22893524619228744488e-01 4.53405491160045956422e-02 4.53405491160045956422e-02 4.53405491160045956422e-02 4.53405491160045956422e-02 0
4.63473637191483156528e-01 3.51655178485927658039e-02 3.51655178485927658039e-02 3.51655178485927658039e-02 3.51655178485927658039e-02 0
5.07947745392683502885e-01 2.80117778443015122414e-02 2.80117778443015122414e-02 2.80117778443015122414e-02 2.80117778443015122414e-02 0
5.56689510136935350459e-01 2.11394133163603815950e-02 2.11394133163603815950e-02 2.11394133163603815950e-02 2.11394133163603815950e-02 0
6.10108448176931106310e-01 1.58312379441891797061e-02 1.58312379441891797061e-02 1.58312379441891797061e-02 1.58312379441891797061e-02 0
6.68653372766626730161e-01 1.25334321854744940028e-02 1.25334321854744940028e-02 1.25334321854744940028e-02 1.25334321854744940028e-02 0
7.32816164483805709828e-01 9.44760756946587745841e-03 9.44760756946587745841e-03 9.44760756946587745841e-03 9.44760756946587745841e-03 0
8.03135903894089508981e-01 7.17029355952466650875e-03 7.17029355952466650875e-03 7.17029355952466650875e-03 7.17029355952466650875e-03 0
8.80203400778054700915e-01 5.46815852207085430214e-03 5.46815852207085430214e-03 5.46815852207085430214e-03 5.46815852207085430214e-03 0
9.64666157974953475396e-01 4.10739256164448750253e-03 4.10739256164448750253e-03 4.10739256164448750253e-03 4.10739256164448750253e-03 0
1.05723381154807194449e+00 2.52169894853953137706e-03 2.52169894853953137706e-03 2.52169894853953137706e-03 2.52169894853953137706e-03 0
1.15868409297870789132e+00 1.73699497872165206820e-03 1.73699497872165206820e-03 1.73699497872165206820e-03 1.73699497872165206820e-03 0
1.26986936348170909028e+00 9.58195302882461851478e-04 9.58195302882461851478e-04 9.58195302882461851478e-04 9.58195302882461851478e-04 0
1.39172377534233904228e+00 5.33285017254744495539e-04 5.33285017254744495539e-04 5.33285017254744495539e-04 5.33285017254744495539e-04 0
1.52527112044232815435e+00 1.82143127982476024304e-04 1.82143127982476024304e-04 1.82143127982476024304e-04 1.82143127982476024304e-04 0
1.67163343191656688091e+00 2.64968096846701964796e-04 2.64968096846701964796e-04 2.64968096846701964796e-04 2.64968096846701964796e-04 0
1.83204041120951499622e+00 1.43978275012891917747e-04 1.43978275012891917747e-04 1.43978275012891917747e-04 1.43978275012891917747e-04 0
2.00783975973522421654e+00 1.66771272049269199747e-04 1.66771272049269199747e-04 1.66771272049269199747e-04 1.66771272049269199747e-04 0
2.20050850194513714086e+00 1.32756308021290318853e-04 1.32756308021290318853e-04 1.32756308021290318853e-04 1.32756308021290318853e-04 0
