-3.174673408704273e+00  1.760544246580671e-09  1.760544246580671e-09  1.760544246580671e-09  1.760544246580671e-09  0
-2.896710232446770e+00  8.496931489338063e-10  8.496931489338063e-10  8.496931489338063e-10  8.496931489338063e-10  0
-2.643084528870180e+00  4.005544989621995e-10  4.005544989621995e-10  4.005544989621995e-10  4.005544989621995e-10  0
-2.411665394937384e+00  1.793922033096733e-10  1.793922033096733e-10  1.793922033096733e-10  1.793922033096733e-10  0
-2.200508501945137e+00  7.511825897547951e-11  7.511825897547951e-11  7.511825897547951e-11  7.511825897547951e-11  0
-2.007839759735224e+00  2.229237566994958e-07  2.229237566994958e-07  2.229237566994958e-07  2.229237566994958e-07  0
-1.832040411209515e+00  1.000460743321807e-07  1.000460743321807e-07  1.000460743321807e-07  1.000460743321807e-07  0
-1.671633431916567e+00  4.150453841320148e-08  4.150453841320148e-08  4.150453841320148e-08  4.150453841320148e-08  0
-1.525271120442328e+00  1.586823369537453e-08  1.586823369537453e-08  1.586823369537453e-08  1.586823369537453e-08  0
-1.391723775342338e+00  5.574606774021697e-09  5.574606774021697e-09  5.574606774021697e-09  5.574606774021697e-09  0
-1.269869363481709e+00  4.582513643892333e-06  4.582513643892333e-06  4.582513643892333e-06  4.582513643892333e-06  0
-1.158684092978708e+00  2.748966807289758e-06  2.748966807289758e-06  2.748966807289758e-06  2.748966807289758e-06  0
-1.057233811548072e+00  1.581153379733381e-06  1.581153379733381e-06  1.581153379733381e-06  1.581153379733381e-06  0
-9.646661579749535e-01  8.575113139869937e-07  8.575113139869937e-07  8.575113139869937e-07  8.575113139869937e-07  0
-8.802034007780546e-01  4.338034167610081e-07  4.338034167610081e-07  4.338034167610081e-07  4.338034167610081e-07  0
-8.031359038940895e-01  6.694194855539152e-05  6.694194855539152e-05  6.694194855539152e-05  6.694194855539152e-05  0
-7.328161644838058e-01  4.084376620858126e-05  4.084376620858126e-05  4.084376620858126e-05  4.084376620858126e-05  0
-6.686533727666267e-01  2.488221348911046e-05  2.488221348911046e-05  2.488221348911046e-05  2.488221348911046e-05  0
-6.101084481769312e-01  1.512310372580842e-05  1.512310372580842e-05  1.512310372580842e-05  1.512310372580842e-05  0
-5.566895101369354e-01  9.127709478956203e-06  9.127709478956203e-06  9.127709478956203e-06  9.127709478956203e-06  0
-5.079477453926835e-01  7.160700988645765e-04  7.160700988645765e-04  7.160700988645765e-04  7.160700988645765e-04  0
-4.634736371914831e-01  4.532097613849401e-04  4.532097613849401e-04  4.532097613849401e-04  4.532097613849401e-04  0
-4.228935246192287e-01  2.868698714263117e-04  2.868698714263117e-04  2.868698714263117e-04  2.868698714263117e-04  0
-3.858664631899814e-01  1.798226137647817e-04  1.798226137647817e-04  1.798226137647817e-04  1.798226137647817e-04  0
-3.520813603112218e-01  1.100943479020275e-04  1.100943479020275e-04  1.100943479020275e-04  1.100943479020275e-04  0
-3.212543615576358e-01  5.606369036265674e-03  5.606369036265674e-03  5.606369036265674e-03  5.606369036265674e-03  0
-2.931264657935223e-01  3.941796728449866e-03  3.941796728449866e-03  3.941796728449866e-03  3.941796728449866e-03  0
-2.674613491066506e-01  2.683330954504573e-03  2.683330954504573e-03  2.683330954504573e-03  2.683330954504573e-03  0
-2.440433792707724e-01  1.778584202402390e-03  1.778584202402390e-03  1.778584202402390e-03  1.778584202402390e-03  0
-2.226758040547741e-01  1.156550371214861e-03  1.156550371214861e-03  1.156550371214861e-03  1.156550371214861e-03  0
-2.031790981570734e-01  1.914387031807267e-02  1.914387031807267e-02  1.914387031807267e-02  1.914387031807267e-02  0
-1.853894548765933e-01  1.577796253117020e-02  1.577796253117020e-02  1.577796253117020e-02  1.577796253117020e-02  0
-1.691574098476915e-01  1.271384670284762e-02  1.271384670284762e-02  1.271384670284762e-02  1.271384670284762e-02  0
-1.543465852759926e-01  9.951845862510703e-03  9.951845862510703e-03  9.951845862510703e-03  9.951845862510703e-03  0
-1.408325441244888e-01  7.513681694079563e-03  7.513681694079563e-03  7.513681694079563e-03  7.513681694079563e-03  0
-1.285017446230544e-01  3.541671253372723e-02  3.541671253372723e-02  3.541671253372723e-02  3.541671253372723e-02  0
-1.172505863174090e-01  3.195217140467479e-02  3.195217140467479e-02  3.195217140467479e-02  3.195217140467479e-02  0
-1.069845396426603e-01  2.862129225593000e-02  2.862129225593000e-02  2.862129225593000e-02  2.862129225593000e-02  0
-9.761735170830904e-02  2.522177420474233e-02  2.522177420474233e-02  2.522177420474233e-02  2.522177420474233e-02  0
-8.907032162190970e-02  2.174525512360912e-02  2.174525512360912e-02  2.174525512360912e-02  2.174525512360912e-02  0
-8.127163926282940e-02  6.627349184942601e-02  6.627349184942601e-02  6.627349184942601e-02  6.627349184942601e-02  0
-7.415578195063734e-02  5.474055675505229e-02  5.474055675505229e-02  5.474055675505229e-02  5.474055675505229e-02  0
-6.766296393907663e-02  4.600371299331948e-02  4.600371299331948e-02  4.600371299331948e-02  4.600371299331948e-02  0
-6.173863411039705e-02  3.949005774132994e-02  3.949005774132994e-02  3.949005774132994e-02  3.949005774132994e-02  0
-5.633301764979552e-02  3.441883562960121e-02  3.441883562960121e-02  3.441883562960121e-02  3.441883562960121e-02  0
-5.140069784922175e-02  1.525919294181204e-01  1.525919294181204e-01  1.525919294181204e-01  1.525919294181204e-01  0
-4.690023452696359e-02  1.254006954185746e-01  1.254006954185746e-01  1.254006954185746e-01  1.254006954185746e-01  0
-4.279381585706413e-02  1.038277021883852e-01  1.038277021883852e-01  1.038277021883852e-01  1.038277021883852e-01  0
-3.904694068332362e-02  8.578697086045560e-02  8.578697086045560e-02  8.578697086045560e-02  8.578697086045560e-02  0
-3.562812864876388e-02  6.979169429521467e-02  6.979169429521467e-02  6.979169429521467e-02  6.979169429521467e-02  0
-3.250865570513176e-02  4.327049610745853e-01  4.327049610745853e-01  4.327049610745853e-01  4.327049610745853e-01  0
-2.966231278025493e-02  3.390210726849378e-01  3.390210726849378e-01  3.390210726849378e-01  3.390210726849378e-01  0
-2.706518557563065e-02  2.649179296810630e-01  2.649179296810630e-01  2.649179296810630e-01  2.649179296810630e-01  0
-2.469545364415882e-02  2.068290226466308e-01  2.068290226466308e-01  2.068290226466308e-01  2.068290226466308e-01  0
-2.253320705991821e-02  1.615752526933996e-01  1.615752526933996e-01  1.615752526933996e-01  1.615752526933996e-01  0
-2.056027913968870e-02  1.143797198991585e+00  1.143797198991585e+00  1.143797198991585e+00  1.143797198991585e+00  0
-1.876009381078543e-02  9.340458312375133e-01  9.340458312375133e-01  9.340458312375133e-01  9.340458312375133e-01  0
-1.711752634282565e-02  7.596466375673351e-01  7.596466375673351e-01  7.596466375673351e-01  7.596466375673351e-01  0
-1.561877627332944e-02  6.150219565205662e-01  6.150219565205662e-01  6.150219565205662e-01  6.150219565205662e-01  0
-1.425125145950555e-02  4.945003787085984e-01  4.945003787085984e-01  4.945003787085984e-01  4.945003787085984e-01  0
-1.300346228205270e-02  3.379381860030997e+00  3.379381860030997e+00  3.379381860030997e+00  3.379381860030997e+00  0
-1.186492511210197e-02  2.753256894800579e+00  2.753256894800579e+00  2.753256894800579e+00  2.753256894800579e+00  0
-1.082607423025226e-02  2.215614559161888e+00  2.215614559161888e+00  2.215614559161888e+00  2.215614559161888e+00  0
-9.878181457663527e-03  1.764351659146499e+00  1.764351659146499e+00  1.764351659146499e+00  1.764351659146499e+00  0
-9.013282823967282e-03  1.391300903427749e+00  1.391300903427749e+00  1.391300903427749e+00  1.391300903427749e+00  0
-8.224111655875480e-03  7.749404641694193e+00  7.749404641694193e+00  7.749404641694193e+00  7.749404641694193e+00  0
-7.504037524314174e-03  6.641978005963044e+00  6.641978005963044e+00  6.641978005963044e+00  6.641978005963044e+00  0
-6.847010537130260e-03  5.636684702125042e+00  5.636684702125042e+00  5.636684702125042e+00  5.636684702125042e+00  0
-6.247510509331778e-03  4.724742300448781e+00  4.724742300448781e+00  4.724742300448781e+00  4.724742300448781e+00  0
-5.700500583802221e-03  3.903818411111167e+00  3.903818411111167e+00  3.903818411111167e+00  3.903818411111167e+00  0
-5.201384912821082e-03  1.498716012008917e+01  1.498716012008917e+01  1.498716012008917e+01  1.498716012008917e+01  0
-4.745970044840789e-03  1.317598674182773e+01  1.317598674182773e+01  1.317598674182773e+01  1.317598674182773e+01  0
-4.330429692100905e-03  1.152612730136453e+01  1.152612730136453e+01  1.152612730136453e+01  1.152612730136453e+01  0
-3.951272583065412e-03  1.003207239168074e+01  1.003207239168074e+01  1.003207239168074e+01  1.003207239168074e+01  0
-3.605313129586914e-03  8.674008174645358e+00  8.674008174645358e+00  8.674008174645358e+00  8.674008174645358e+00  0
-3.289644662350192e-03  2.625645158062461e+01  2.625645158062461e+01  2.625645158062461e+01  2.625645158062461e+01  0
-3.001615009725670e-03  2.355060901345891e+01  2.355060901345891e+01  2.355060901345891e+01  2.355060901345891e+01  0
-2.738804214852104e-03  2.100087253627087e+01  2.100087253627087e+01  2.100087253627087e+01  2.100087253627087e+01  0
-2.499004203732711e-03  1.861371506272674e+01  1.861371506272674e+01  1.861371506272674e+01  1.861371506272674e+01  0
-2.280200233520888e-03  1.636061676915093e+01  1.636061676915093e+01  1.636061676915093e+01  1.636061676915093e+01  0
-2.080553965128433e-03  3.855747394874713e+01  3.855747394874713e+01  3.855747394874713e+01  3.855747394874713e+01  0
-1.898388017936316e-03  3.655059859040172e+01  3.655059859040172e+01  3.655059859040172e+01  3.655059859040172e+01  0
-1.732171876840361e-03  3.419852051136561e+01  3.419852051136561e+01  3.419852051136561e+01  3.419852051136561e+01  0
-1.580509033226164e-03  3.152960604472700e+01  3.152960604472700e+01  3.152960604472700e+01  3.152960604472700e+01  0
-1.442125251834765e-03  2.864609162411805e+01  2.864609162411805e+01  2.864609162411805e+01  2.864609162411805e+01  0
-1.315857864940077e-03  4.322624370848928e+01  4.322624370848928e+01  4.322624370848928e+01  4.322624370848928e+01  0
-1.200646003890268e-03  4.297603191391768e+01  4.297603191391768e+01  4.297603191391768e+01  4.297603191391768e+01  0
-1.095521685940842e-03  4.219036143983425e+01  4.219036143983425e+01  4.219036143983425e+01  4.219036143983425e+01  0
-9.996016814930845e-04  4.098783296370669e+01  4.098783296370669e+01  4.098783296370669e+01  4.098783296370669e+01  0
-9.120800934083554e-04  3.942497491505978e+01  3.942497491505978e+01  3.942497491505978e+01  3.942497491505978e+01  0
-8.322215860513730e-04  4.034342079816862e+01  4.034342079816862e+01  4.034342079816862e+01  4.034342079816862e+01  0
-7.593552071745262e-04  4.082148239662746e+01  4.082148239662746e+01  4.082148239662746e+01  4.082148239662746e+01  0
-6.928687507361445e-04  4.152881806984818e+01  4.152881806984818e+01  4.152881806984818e+01  4.152881806984818e+01  0
-6.322036132904656e-04  4.221613943590564e+01  4.221613943590564e+01  4.221613943590564e+01  4.221613943590564e+01  0
-5.768501007339061e-04  4.253797180106659e+01  4.253797180106659e+01  4.253797180106659e+01  4.253797180106659e+01  0
-5.263431459760307e-04  3.646723828422429e+01  3.646723828422429e+01  3.646723828422429e+01  3.646723828422429e+01  0
-4.802584015561072e-04  3.786337825373176e+01  3.786337825373176e+01  3.786337825373176e+01  3.786337825373176e+01  0
-4.382086743763367e-04  3.875087494729610e+01  3.875087494729610e+01  3.875087494729610e+01  3.875087494729610e+01  0
-3.998406725972338e-04  3.911548447400568e+01  3.911548447400568e+01  3.911548447400568e+01  3.911548447400568e+01  0
-3.648320373633421e-04  3.915854248414720e+01  3.915854248414720e+01  3.915854248414720e+01  3.915854248414720e+01  0
-3.328886344205492e-04  3.163443663381379e+01  3.163443663381379e+01  3.163443663381379e+01  3.163443663381379e+01  0
-3.037420828698105e-04  3.175169143548210e+01  3.175169143548210e+01  3.175169143548210e+01  3.175169143548210e+01  0
-2.771475002944578e-04  3.231187313288930e+01  3.231187313288930e+01  3.231187313288930e+01  3.231187313288930e+01  0
-2.528814453161863e-04  3.333865668367860e+01  3.333865668367860e+01  3.333865668367860e+01  3.333865668367860e+01  0
-2.307400402935625e-04  3.456865827054860e+01  3.456865827054860e+01  3.456865827054860e+01  3.456865827054860e+01  0
-2.105372583904123e-04  2.850143090685308e+01  2.850143090685308e+01  2.850143090685308e+01  2.850143090685308e+01  0
-1.921033606224429e-04  3.009658906198237e+01  3.009658906198237e+01  3.009658906198237e+01  3.009658906198237e+01  0
-1.752834697505346e-04  3.127772959711344e+01  3.127772959711344e+01  3.127772959711344e+01  3.127772959711344e+01  0
-1.599362690388935e-04  3.183934197193236e+01  3.183934197193236e+01  3.183934197193236e+01  3.183934197193236e+01  0
-1.459328149453368e-04  3.185450488076246e+01  3.185450488076246e+01  3.185450488076246e+01  3.185450488076246e+01  0
-1.331554537682197e-04  2.642059154236803e+01  2.642059154236803e+01  2.642059154236803e+01  2.642059154236803e+01  0
-1.214968331479242e-04  2.569167185812253e+01  2.569167185812253e+01  2.569167185812253e+01  2.569167185812253e+01  0
-1.108590001177831e-04  2.544381135671577e+01  2.544381135671577e+01  2.544381135671577e+01  2.544381135671577e+01  0
-1.011525781264745e-04  2.588889486588624e+01  2.588889486588624e+01  2.588889486588624e+01  2.588889486588624e+01  0
-9.229601611742499e-05  2.698005041962362e+01  2.698005041962362e+01  2.698005041962362e+01  2.698005041962362e+01  0
-8.421490335616491e-05  2.624547083783650e+01  2.624547083783650e+01  2.624547083783650e+01  2.624547083783650e+01  0
-7.684134424897715e-05  2.717225589959406e+01  2.717225589959406e+01  2.717225589959406e+01  2.717225589959406e+01  0
-7.011338790021387e-05  2.775143565737399e+01  2.775143565737399e+01  2.775143565737399e+01  2.775143565737399e+01  0
-6.397450761555741e-05  2.775588743851285e+01  2.775588743851285e+01  2.775588743851285e+01  2.775588743851285e+01  0
-5.837312597813474e-05  2.719865287353712e+01  2.719865287353712e+01  2.719865287353712e+01  2.719865287353712e+01  0
-5.326218150728787e-05  2.650445739327335e+01  2.650445739327335e+01  2.650445739327335e+01  2.650445739327335e+01  0
-4.859873325916968e-05  2.557124703220240e+01  2.557124703220240e+01  2.557124703220240e+01  2.557124703220240e+01  0
-4.434360004711325e-05  2.497263483703579e+01  2.497263483703579e+01  2.497263483703579e+01  2.497263483703579e+01  0
-4.046103125058980e-05  2.492597652905908e+01  2.492597652905908e+01  2.492597652905908e+01  2.492597652905908e+01  0
-3.691840644696999e-05  2.543280919654098e+01  2.543280919654098e+01  2.543280919654098e+01  2.543280919654098e+01  0
-3.368596134246597e-05  2.636371241761980e+01  2.636371241761980e+01  2.636371241761980e+01  2.636371241761980e+01  0
-3.073653769959086e-05  2.727839132200484e+01  2.727839132200484e+01  2.727839132200484e+01  2.727839132200484e+01  0
-2.804535516008555e-05  2.786035487715022e+01  2.786035487715022e+01  2.786035487715022e+01  2.786035487715022e+01  0
-2.558980304622297e-05  2.788076586775561e+01  2.788076586775561e+01  2.788076586775561e+01  2.788076586775561e+01  0
-2.334925039125390e-05  2.732932307082568e+01  2.732932307082568e+01  2.732932307082568e+01  2.732932307082568e+01  0
-2.130487260291515e-05  2.656663630830794e+01  2.656663630830794e+01  2.656663630830794e+01  2.656663630830794e+01  0
-1.943949330366787e-05  2.566117047745291e+01  2.566117047745291e+01  2.566117047745291e+01  2.566117047745291e+01  0
-1.773744001884530e-05  2.508698378746837e+01  2.508698378746837e+01  2.508698378746837e+01  2.508698378746837e+01  0
-1.618441250023592e-05  2.505470627113672e+01  2.505470627113672e+01  2.505470627113672e+01  2.505470627113672e+01  0
-1.476736257878800e-05  2.556637240974008e+01  2.556637240974008e+01  2.556637240974008e+01  2.556637240974008e+01  0
-1.347438453698639e-05  2.639536593722585e+01  2.639536593722585e+01  2.639536593722585e+01  2.639536593722585e+01  0
-1.229461507983634e-05  2.730181334979399e+01  2.730181334979399e+01  2.730181334979399e+01  2.730181334979399e+01  0
-1.121814206403422e-05  2.787755174055383e+01  2.787755174055383e+01  2.787755174055383e+01  2.787755174055383e+01  0
-1.023592121848918e-05  2.789994797757892e+01  2.789994797757892e+01  2.789994797757892e+01  2.789994797757892e+01  0
-9.339700156501558e-06  2.736267416003384e+01  2.736267416003384e+01  2.736267416003384e+01  2.736267416003384e+01  0
-8.521949041166062e-06  2.657142324137897e+01  2.657142324137897e+01  2.657142324137897e+01  2.657142324137897e+01  0
-7.775797321467150e-06  2.567415495366215e+01  2.567415495366215e+01  2.567415495366215e+01  2.567415495366215e+01  0
-7.094976007538121e-06  2.510945047175195e+01  2.510945047175195e+01  2.510945047175195e+01  2.510945047175195e+01  0
-6.473765000094370e-06  2.508444044957496e+01  2.508444044957496e+01  2.508444044957496e+01  2.508444044957496e+01  0
-5.906945031515200e-06  2.559846178526931e+01  2.559846178526931e+01  2.559846178526931e+01  2.559846178526931e+01  0
-5.389753814794554e-06  2.640559960745279e+01  2.640559960745279e+01  2.640559960745279e+01  2.640559960745279e+01  0
-4.917846031934537e-06  2.730774722649501e+01  2.730774722649501e+01  2.730774722649501e+01  2.730774722649501e+01  0
-4.487256825613687e-06  2.787840319102681e+01  2.787840319102681e+01  2.787840319102681e+01  2.787840319102681e+01  0
-4.094368487395674e-06  2.789744061377091e+01  2.789744061377091e+01  2.789744061377091e+01  2.789744061377091e+01  0
-3.735880062600623e-06  2.736088463190248e+01  2.736088463190248e+01  2.736088463190248e+01  2.736088463190248e+01  0
-3.408779616466424e-06  2.657063936314626e+01  2.657063936314626e+01  2.657063936314626e+01  2.657063936314626e+01  0
-3.110318928586860e-06  2.567615871964944e+01  2.567615871964944e+01  2.567615871964944e+01  2.567615871964944e+01  0
-2.837990403015248e-06  2.511520766870384e+01  2.511520766870384e+01  2.511520766870384e+01  2.511520766870384e+01  0
-2.589506000037748e-06  2.509348745796167e+01  2.509348745796167e+01  2.509348745796167e+01  2.509348745796167e+01  0
-2.362778012606080e-06  2.560894120763212e+01  2.560894120763212e+01  2.560894120763212e+01  2.560894120763212e+01  0
-2.155901525917819e-06  2.640969679285145e+01  2.640969679285145e+01  2.640969679285145e+01  2.640969679285145e+01  0
-1.967138412773812e-06  2.730999661940082e+01  2.730999661940082e+01  2.730999661940082e+01  2.730999661940082e+01  0
-1.794902730245472e-06  2.787824067332350e+01  2.787824067332350e+01  2.787824067332350e+01  2.787824067332350e+01  0
-1.637747394958267e-06  2.789529568004571e+01  2.789529568004571e+01  2.789529568004571e+01  2.789529568004571e+01  0
-1.494352025040247e-06  2.735823289422478e+01  2.735823289422478e+01  2.735823289422478e+01  2.735823289422478e+01  0
-1.363511846586567e-06  2.657027450516488e+01  2.657027450516488e+01  2.657027450516488e+01  2.657027450516488e+01  0
-1.244127571434742e-06  2.567681534815082e+01  2.567681534815082e+01  2.567681534815082e+01  2.567681534815082e+01  0
-1.135196161206098e-06  2.511734789125181e+01  2.511734789125181e+01  2.511734789125181e+01  2.511734789125181e+01  0
-1.035802400015097e-06  2.509700137932405e+01  2.509700137932405e+01  2.509700137932405e+01  2.509700137932405e+01  0
-9.451112050424303e-07  2.561311358158677e+01  2.561311358158677e+01  2.561311358158677e+01  2.561311358158677e+01  0
-8.623606103671273e-07  2.641170978067906e+01  2.641170978067906e+01  2.641170978067906e+01  2.641170978067906e+01  0
-7.868553651095247e-07  2.731126371375785e+01  2.731126371375785e+01  2.731126371375785e+01  2.731126371375785e+01  0
-7.179610920981888e-07  2.787849179631967e+01  2.787849179631967e+01  2.787849179631967e+01  2.787849179631967e+01  0
-6.550989579833068e-07  2.789465330669700e+01  2.789465330669700e+01  2.789465330669700e+01  2.789465330669700e+01  0
-5.977408100160987e-07  2.735725399358207e+01  2.735725399358207e+01  2.735725399358207e+01  2.735725399358207e+01  0
-5.454047386346270e-07  2.657049445122498e+01  2.657049445122498e+01  2.657049445122498e+01  2.657049445122498e+01  0
-4.976510285738967e-07  2.567741612481834e+01  2.567741612481834e+01  2.567741612481834e+01  2.567741612481834e+01  0
-4.540784644824390e-07  2.511853121928962e+01  2.511853121928962e+01  2.511853121928962e+01  2.511853121928962e+01  0
-4.143209600060390e-07  2.509874316164242e+01  2.509874316164242e+01  2.509874316164242e+01  2.509874316164242e+01  0
-3.780444820169721e-07  2.561514008310081e+01  2.561514008310081e+01  2.561514008310081e+01  2.561514008310081e+01  0
-3.449442441468510e-07  2.641294726794332e+01  2.641294726794332e+01  2.641294726794332e+01  2.641294726794332e+01  0
-3.147421460438099e-07  2.731221422667306e+01  2.731221422667306e+01  2.731221422667306e+01  2.731221422667306e+01  0
-2.871844368392756e-07  2.787903548762932e+01  2.787903548762932e+01  2.787903548762932e+01  2.787903548762932e+01  0
-2.620395831933227e-07  2.789482347996627e+01  2.789482347996627e+01  2.789482347996627e+01  2.789482347996627e+01  0
-2.390963240064395e-07  2.735726026695387e+01  2.735726026695387e+01  2.735726026695387e+01  2.735726026695387e+01  0
-2.181618954538508e-07  2.657101627916333e+01  2.657101627916333e+01  2.657101627916333e+01  2.657101627916333e+01  0
-1.990604114295587e-07  2.567807323983435e+01  2.567807323983435e+01  2.567807323983435e+01  2.567807323983435e+01  0
-1.816313857929756e-07  2.511941169058772e+01  2.511941169058772e+01  2.511941169058772e+01  2.511941169058772e+01  0
-1.657283840024156e-07  2.509984806583018e+01  2.509984806583018e+01  2.509984806583018e+01  2.509984806583018e+01  0
-1.512177928067889e-07  2.561636938241871e+01  2.561636938241871e+01  2.561636938241871e+01  2.561636938241871e+01  0
-1.379776976587404e-07  2.641388958667204e+01  2.641388958667204e+01  2.641388958667204e+01  2.641388958667204e+01  0
-1.258968584175239e-07  2.731306371896390e+01  2.731306371896390e+01  2.731306371896390e+01  2.731306371896390e+01  0
-1.148737747357102e-07  2.787974735779474e+01  2.787974735779474e+01  2.787974735779474e+01  2.787974735779474e+01  0
-1.048158332773291e-07  2.789541972579596e+01  2.789541972579596e+01  2.789541972579596e+01  2.789541972579596e+01  0
-9.563852960257580e-08  2.735784800301742e+01  2.735784800301742e+01  2.735784800301742e+01  2.735784800301742e+01  0
-8.726475818154030e-08  2.657166775285650e+01  2.657166775285650e+01  2.657166775285650e+01  2.657166775285650e+01  0
-7.962416457182346e-08  2.567876424074702e+01  2.567876424074702e+01  2.567876424074702e+01  2.567876424074702e+01  0
-7.265255431719022e-08  2.512018331626611e+01  2.512018331626611e+01  2.512018331626611e+01  2.512018331626611e+01  0
-6.629135360096623e-08  2.510070986893002e+01  2.510070986893002e+01  2.510070986893002e+01  2.510070986893002e+01  0
-6.048711712271553e-08  2.561729013365891e+01  2.561729013365891e+01  2.561729013365891e+01  2.561729013365891e+01  0
-5.519107906349615e-08  2.641470948044138e+01  2.641470948044138e+01  2.641470948044138e+01  2.641470948044138e+01  0
-5.035874336700958e-08  2.731385736145793e+01  2.731385736145793e+01  2.731385736145793e+01  2.731385736145793e+01  0
-4.594950989428408e-08  2.788048757152457e+01  2.788048757152457e+01  2.788048757152457e+01  2.788048757152457e+01  0
-4.192633331093163e-08  2.789609888983505e+01  2.789609888983505e+01  2.789609888983505e+01  2.789609888983505e+01  0
-3.825541184103032e-08  2.735848701183551e+01  2.735848701183551e+01  2.735848701183551e+01  2.735848701183551e+01  0
-3.490590327261613e-08  2.657238105299815e+01  2.657238105299815e+01  2.657238105299815e+01  2.657238105299815e+01  0
-3.184966582872939e-08  2.567947742918038e+01  2.567947742918038e+01  2.567947742918038e+01  2.567947742918038e+01  0
-2.906102172687609e-08  2.512091835496049e+01  2.512091835496049e+01  2.512091835496049e+01  2.512091835496049e+01  0
-2.651654144038649e-08  2.510147944217551e+01  2.510147944217551e+01  2.510147944217551e+01  2.510147944217551e+01  0
-2.419484684908621e-08  2.561809049185675e+01  2.561809049185675e+01  2.561809049185675e+01  2.561809049185675e+01  0
-2.207643162539846e-08  2.641549281589660e+01  2.641549281589660e+01  2.641549281589660e+01  2.641549281589660e+01  0
-2.014349734680383e-08  2.731464407410137e+01  2.731464407410137e+01  2.731464407410137e+01  2.731464407410137e+01  0
-1.837980395771363e-08  2.788126145004030e+01  2.788126145004030e+01  2.788126145004030e+01  2.788126145004030e+01  0
-1.677053332437265e-08  2.789684812929806e+01  2.789684812929806e+01  2.789684812929806e+01  2.789684812929806e+01  0
-1.530216473641213e-08  2.735921145409273e+01  2.735921145409273e+01  2.735921145409273e+01  2.735921145409273e+01  0
-1.396236130904645e-08  2.657312946361763e+01  2.657312946361763e+01  2.657312946361763e+01  2.657312946361763e+01  0
-1.273986633149176e-08  2.568020968482929e+01  2.568020968482929e+01  2.568020968482929e+01  2.568020968482929e+01  0
-1.162440869075044e-08  2.512164884644913e+01  2.512164884644913e+01  2.512164884644913e+01  2.512164884644913e+01  0
-1.060661657615460e-08  2.510222196772924e+01  2.510222196772924e+01  2.510222196772924e+01  2.510222196772924e+01  0
-9.677938739634486e-09  2.561885195972387e+01  2.561885195972387e+01  2.561885195972387e+01  2.561885195972387e+01  0
-8.830572650159383e-09  2.641627964776266e+01  2.641627964776266e+01  2.641627964776266e+01  2.641627964776266e+01  0
-8.057398938721533e-09  2.731544430249999e+01  2.731544430249999e+01  2.731544430249999e+01  2.731544430249999e+01  0
-7.351921583085453e-09  2.788206381231497e+01  2.788206381231497e+01  2.788206381231497e+01  2.788206381231497e+01  0
-6.708213329749061e-09  2.789764019755553e+01  2.789764019755553e+01  2.789764019755553e+01  2.789764019755553e+01  0
-6.120865894564850e-09  2.735998624002941e+01  2.735998624002941e+01  2.735998624002941e+01  2.735998624002941e+01  0
-5.584944523618580e-09  2.657391834470065e+01  2.657391834470065e+01  2.657391834470065e+01  2.657391834470065e+01  0
-5.095946532596702e-09  2.568097432871471e+01  2.568097432871471e+01  2.568097432871471e+01  2.568097432871471e+01  0
-4.649763476300175e-09  2.512240042362151e+01  2.512240042362151e+01  2.512240042362151e+01  2.512240042362151e+01  0
-4.242646630461839e-09  2.510297392672235e+01  2.510297392672235e+01  2.510297392672235e+01  2.510297392672235e+01  0
-3.871175495853794e-09  2.561961412581410e+01  2.561961412581410e+01  2.561961412581410e+01  2.561961412581410e+01  0
-3.532229060063754e-09  2.641711376926741e+01  2.641711376926741e+01  2.641711376926741e+01  2.641711376926741e+01  0
-3.222959575488613e-09  2.731629121222048e+01  2.731629121222048e+01  2.731629121222048e+01  2.731629121222048e+01  0
-2.940768633234181e-09  2.788291600228446e+01  2.788291600228446e+01  2.788291600228446e+01  2.788291600228446e+01  0
-2.683285331899625e-09  2.789848831471872e+01  2.789848831471872e+01  2.789848831471872e+01  2.789848831471872e+01  0
-2.448346357825941e-09  2.736082573391649e+01  2.736082573391649e+01  2.736082573391649e+01  2.736082573391649e+01  0
-2.233977809447432e-09  2.657478950465575e+01  2.657478950465575e+01  2.657478950465575e+01  2.657478950465575e+01  0
-2.038378613038681e-09  2.568181276325408e+01  2.568181276325408e+01  2.568181276325408e+01  2.568181276325408e+01  0
-1.859905390520070e-09  2.512321481471600e+01  2.512321481471600e+01  2.512321481471600e+01  2.512321481471600e+01  0
-1.697058652184735e-09  2.510377421935901e+01  2.510377421935901e+01  2.510377421935901e+01  2.510377421935901e+01  0
-1.548470198341518e-09  2.562040548558540e+01  2.562040548558540e+01  2.562040548558540e+01  2.562040548558540e+01  0
-1.412891624025501e-09  2.641808381563900e+01  2.641808381563900e+01  2.641808381563900e+01  2.641808381563900e+01  0
-1.289183830195445e-09  2.731726555160525e+01  2.731726555160525e+01  2.731726555160525e+01  2.731726555160525e+01  0
-1.176307453293673e-09  2.788389552553277e+01  2.788389552553277e+01  2.788389552553277e+01  2.788389552553277e+01  0
-1.073314132759850e-09  2.789947816900408e+01  2.789947816900408e+01  2.789947816900408e+01  2.789947816900408e+01  0
-9.793385431303761e-10  2.736184429284320e+01  2.736184429284320e+01  2.736184429284320e+01  2.736184429284320e+01  0
-8.935911237789728e-10  2.657585332167220e+01  2.657585332167220e+01  2.657585332167220e+01  2.657585332167220e+01  0
-8.153514452154724e-10  2.568281963114824e+01  2.568281963114824e+01  2.568281963114824e+01  2.568281963114824e+01  0
-7.439621562080280e-10  2.512415899098358e+01  2.512415899098358e+01  2.512415899098358e+01  2.512415899098358e+01  0
-6.788234608738942e-10  2.510463540332331e+01  2.510463540332331e+01  2.510463540332331e+01  2.510463540332331e+01  0
-6.193880793366070e-10  2.562113651480423e+01  2.562113651480423e+01  2.562113651480423e+01  2.562113651480423e+01  0
-5.651566496102005e-10  2.641942033919993e+01  2.641942033919993e+01  2.641942033919993e+01  2.641942033919993e+01  0
-5.156735320781780e-10  2.731860601774024e+01  2.731860601774024e+01  2.731860601774024e+01  2.731860601774024e+01  0
-4.705229813174689e-10  2.788529279947535e+01  2.788529279947535e+01  2.788529279947535e+01  2.788529279947535e+01  0
-4.293256531039398e-10  2.790103754553219e+01  2.790103754553219e+01  2.790103754553219e+01  2.790103754553219e+01  0
-3.917354172521504e-10  2.736375527710447e+01  2.736375527710447e+01  2.736375527710447e+01  2.736375527710447e+01  0
3.917354172521504e-10  2.736256277754874e+01  2.736256277754874e+01  2.736256277754874e+01  2.736256277754874e+01  0
4.293256531039398e-10  2.789972517132752e+01  2.789972517132752e+01  2.789972517132752e+01  2.789972517132752e+01  0
4.705229813174689e-10  2.788381929824482e+01  2.788381929824482e+01  2.788381929824482e+01  2.788381929824482e+01  0
5.156735320781780e-10  2.731693468196531e+01  2.731693468196531e+01  2.731693468196531e+01  2.731693468196531e+01  0
5.651566496102005e-10  2.641753079556659e+01  2.641753079556659e+01  2.641753079556659e+01  2.641753079556659e+01  0
6.193880793366070e-10  2.562029788206689e+01  2.562029788206689e+01  2.562029788206689e+01  2.562029788206689e+01  0
6.788234608738942e-10  2.510371949947209e+01  2.510371949947209e+01  2.510371949947209e+01  2.510371949947209e+01  0
7.439621562080280e-10  2.512317752190892e+01  2.512317752190892e+01  2.512317752190892e+01  2.512317752190892e+01  0
8.153514452154724e-10  2.568177956575938e+01  2.568177956575938e+01  2.568177956575938e+01  2.568177956575938e+01  0
8.935911237789728e-10  2.657474907508707e+01  2.657474907508707e+01  2.657474907508707e+01  2.657474907508707e+01  0
9.793385431303761e-10  2.736136737422636e+01  2.736136737422636e+01  2.736136737422636e+01  2.736136737422636e+01  0
1.073314132759850e-09  2.789895344716562e+01  2.789895344716562e+01  2.789895344716562e+01  2.789895344716562e+01  0
1.176307453293673e-09  2.788330657652668e+01  2.788330657652668e+01  2.788330657652668e+01  2.788330657652668e+01  0
1.289183830195445e-09  2.731659773938518e+01  2.731659773938518e+01  2.731659773938518e+01  2.731659773938518e+01  0
1.412891624025501e-09  2.641732899212858e+01  2.641732899212858e+01  2.641732899212858e+01  2.641732899212858e+01  0
1.548470198341518e-09  2.562007084093593e+01  2.562007084093593e+01  2.562007084093593e+01  2.562007084093593e+01  0
1.697058652184735e-09  2.510340853302792e+01  2.510340853302792e+01  2.510340853302792e+01  2.510340853302792e+01  0
1.859905390520070e-09  2.512282282584789e+01  2.512282282584789e+01  2.512282282584789e+01  2.512282282584789e+01  0
2.038378613038681e-09  2.568139732220835e+01  2.568139732220835e+01  2.568139732220835e+01  2.568139732220835e+01  0
2.233977809447432e-09  2.657434842233260e+01  2.657434842233260e+01  2.657434842233260e+01  2.657434842233260e+01  0
2.448346357825941e-09  2.736063597005865e+01  2.736063597005865e+01  2.736063597005865e+01  2.736063597005865e+01  0
2.683285331899625e-09  2.789827946701381e+01  2.789827946701381e+01  2.789827946701381e+01  2.789827946701381e+01  0
2.940768633234181e-09  2.788268136745892e+01  2.788268136745892e+01  2.788268136745892e+01  2.788268136745892e+01  0
3.222959575488613e-09  2.731602482027516e+01  2.731602482027516e+01  2.731602482027516e+01  2.731602482027516e+01  0
3.532229060063754e-09  2.641681229810171e+01  2.641681229810171e+01  2.641681229810171e+01  2.641681229810171e+01  0
3.871175495853794e-09  2.561948000608721e+01  2.561948000608721e+01  2.561948000608721e+01  2.561948000608721e+01  0
4.242646630461839e-09  2.510282754689017e+01  2.510282754689017e+01  2.510282754689017e+01  2.510282754689017e+01  0
4.649763476300175e-09  2.512224369679950e+01  2.512224369679950e+01  2.512224369679950e+01  2.512224369679950e+01  0
5.095946532596702e-09  2.568080839614931e+01  2.568080839614931e+01  2.568080839614931e+01  2.568080839614931e+01  0
5.584944523618580e-09  2.657374231280984e+01  2.657374231280984e+01  2.657374231280984e+01  2.657374231280984e+01  0
6.120865894564850e-09  2.735991001303686e+01  2.735991001303686e+01  2.735991001303686e+01  2.735991001303686e+01  0
6.708213329749061e-09  2.789755631563369e+01  2.789755631563369e+01  2.789755631563369e+01  2.789755631563369e+01  0
7.351921583085453e-09  2.788196966911705e+01  2.788196966911705e+01  2.788196966911705e+01  2.788196966911705e+01  0
8.057398938721533e-09  2.731533758346515e+01  2.731533758346515e+01  2.731533758346515e+01  2.731533758346515e+01  0
8.830572650159383e-09  2.641615908039850e+01  2.641615908039850e+01  2.641615908039850e+01  2.641615908039850e+01  0
9.677938739634486e-09  2.561879862699336e+01  2.561879862699336e+01  2.561879862699336e+01  2.561879862699336e+01  0
1.060661657615460e-08  2.510216367889161e+01  2.510216367889161e+01  2.510216367889161e+01  2.510216367889161e+01  0
1.162440869075044e-08  2.512158635565919e+01  2.512158635565919e+01  2.512158635565919e+01  2.512158635565919e+01  0
1.273986633149176e-08  2.568014344420632e+01  2.568014344420632e+01  2.568014344420632e+01  2.568014344420632e+01  0
1.396236130904645e-08  2.657305911895091e+01  2.657305911895091e+01  2.657305911895091e+01  2.657305911895091e+01  0
1.530216473641213e-08  2.735918116458500e+01  2.735918116458500e+01  2.735918116458500e+01  2.735918116458500e+01  0
1.677053332437265e-08  2.789681480927063e+01  2.789681480927063e+01  2.789681480927063e+01  2.789681480927063e+01  0
1.837980395771363e-08  2.788122401954872e+01  2.788122401954872e+01  2.788122401954872e+01  2.788122401954872e+01  0
2.014349734680383e-08  2.731460157052397e+01  2.731460157052397e+01  2.731460157052397e+01  2.731460157052397e+01  0
2.207643162539846e-08  2.641544470259226e+01  2.641544470259226e+01  2.641544470259226e+01  2.641544470259226e+01  0
2.419484684908621e-08  2.561806897459191e+01  2.561806897459191e+01  2.561806897459191e+01  2.561806897459191e+01  0
2.651654144038649e-08  2.510145596727163e+01  2.510145596727163e+01  2.510145596727163e+01  2.510145596727163e+01  0
2.906102172687609e-08  2.512089323496312e+01  2.512089323496312e+01  2.512089323496312e+01  2.512089323496312e+01  0
3.184966582872939e-08  2.567945085218465e+01  2.567945085218465e+01  2.567945085218465e+01  2.567945085218465e+01  0
3.490590327261613e-08  2.657235287971262e+01  2.657235287971262e+01  2.657235287971262e+01  2.657235287971262e+01  0
3.825541184103032e-08  2.735847482641978e+01  2.735847482641978e+01  2.735847482641978e+01  2.735847482641978e+01  0
4.192633331093163e-08  2.789608546566231e+01  2.789608546566231e+01  2.789608546566231e+01  2.789608546566231e+01  0
4.594950989428408e-08  2.788047249582451e+01  2.788047249582451e+01  2.788047249582451e+01  2.788047249582451e+01  0
5.035874336700958e-08  2.731384026891066e+01  2.731384026891066e+01  2.731384026891066e+01  2.731384026891066e+01  0
5.519107906349615e-08  2.641469017191012e+01  2.641469017191012e+01  2.641469017191012e+01  2.641469017191012e+01  0
6.048711712271553e-08  2.561728166942374e+01  2.561728166942374e+01  2.561728166942374e+01  2.561728166942374e+01  0
6.629135360096623e-08  2.510070062092801e+01  2.510070062092801e+01  2.510070062092801e+01  2.510070062092801e+01  0
7.265255431719022e-08  2.512017340028709e+01  2.512017340028709e+01  2.512017340028709e+01  2.512017340028709e+01  0
7.962416457182346e-08  2.567875372426181e+01  2.567875372426181e+01  2.567875372426181e+01  2.567875372426181e+01  0
8.726475818154030e-08  2.657165657542409e+01  2.657165657542409e+01  2.657165657542409e+01  2.657165657542409e+01  0
9.563852960257580e-08  2.735784314043494e+01  2.735784314043494e+01  2.735784314043494e+01  2.735784314043494e+01  0
1.048158332773291e-07  2.789541438349437e+01  2.789541438349437e+01  2.789541438349437e+01  2.789541438349437e+01  0
1.148737747357102e-07  2.787974136505617e+01  2.787974136505617e+01  2.787974136505617e+01  2.787974136505617e+01  0
1.258968584175239e-07  2.731305692341238e+01  2.731305692341238e+01  2.731305692341238e+01  2.731305692341238e+01  0
1.379776976587404e-07  2.641388190319439e+01  2.641388190319439e+01  2.641388190319439e+01  2.641388190319439e+01  0
1.512177928067889e-07  2.561636592631731e+01  2.561636592631731e+01  2.561636592631731e+01  2.561636592631731e+01  0
1.657283840024156e-07  2.509984429364580e+01  2.509984429364580e+01  2.509984429364580e+01  2.509984429364580e+01  0
1.816313857929756e-07  2.511940765405758e+01  2.511940765405758e+01  2.511940765405758e+01  2.511940765405758e+01  0
1.990604114295587e-07  2.567806897090812e+01  2.567806897090812e+01  2.567806897090812e+01  2.567806897090812e+01  0
2.181618954538508e-07  2.657101175734371e+01  2.657101175734371e+01  2.657101175734371e+01  2.657101175734371e+01  0
2.390963240064395e-07  2.735725833234183e+01  2.735725833234183e+01  2.735725833234183e+01  2.735725833234183e+01  0
2.620395831933227e-07  2.789482134496811e+01  2.789482134496811e+01  2.789482134496811e+01  2.789482134496811e+01  0
2.871844368392756e-07  2.787903308657959e+01  2.787903308657959e+01  2.787903308657959e+01  2.787903308657959e+01  0
3.147421460438099e-07  2.731221150161780e+01  2.731221150161780e+01  2.731221150161780e+01  2.731221150161780e+01  0
3.449442441468510e-07  2.641294418739691e+01  2.641294418739691e+01  2.641294418739691e+01  2.641294418739691e+01  0
3.780444820169721e-07  2.561513874154630e+01  2.561513874154630e+01  2.561513874154630e+01  2.561513874154630e+01  0
4.143209600060390e-07  2.509874169680745e+01  2.509874169680745e+01  2.509874169680745e+01  2.509874169680745e+01  0
4.540784644824390e-07  2.511852964770971e+01  2.511852964770971e+01  2.511852964770971e+01  2.511852964770971e+01  0
4.976510285738967e-07  2.567741445540861e+01  2.567741445540861e+01  2.567741445540861e+01  2.567741445540861e+01  0
5.454047386346270e-07  2.657049267306590e+01  2.657049267306590e+01  2.657049267306590e+01  2.657049267306590e+01  0
5.977408100160987e-07  2.735725320538563e+01  2.735725320538563e+01  2.735725320538563e+01  2.735725320538563e+01  0
6.550989579833068e-07  2.789465244330221e+01  2.789465244330221e+01  2.789465244330221e+01  2.789465244330221e+01  0
7.179610920981888e-07  2.787849083067593e+01  2.787849083067593e+01  2.787849083067593e+01  2.787849083067593e+01  0
7.868553651095247e-07  2.731126262174864e+01  2.731126262174864e+01  2.731126262174864e+01  2.731126262174864e+01  0
8.623606103671273e-07  2.641170854877715e+01  2.641170854877715e+01  2.641170854877715e+01  2.641170854877715e+01  0
9.451112050424303e-07  2.561311300864858e+01  2.561311300864858e+01  2.561311300864858e+01  2.561311300864858e+01  0
1.035802400015097e-06  2.509700075755050e+01  2.509700075755050e+01  2.509700075755050e+01  2.509700075755050e+01  0
1.135196161206098e-06  2.511734722879470e+01  2.511734722879470e+01  2.511734722879470e+01  2.511734722879470e+01  0
1.244127571434742e-06  2.567681464981198e+01  2.567681464981198e+01  2.567681464981198e+01  2.567681464981198e+01  0
1.363511846586567e-06  2.657027376745989e+01  2.657027376745989e+01  2.657027376745989e+01  2.657027376745989e+01  0
1.494352025040247e-06  2.735823257462383e+01  2.735823257462383e+01  2.735823257462383e+01  2.735823257462383e+01  0
1.637747394958267e-06  2.789529532442888e+01  2.789529532442888e+01  2.789529532442888e+01  2.789529532442888e+01  0
1.794902730245472e-06  2.787824027328316e+01  2.787824027328316e+01  2.787824027328316e+01  2.787824027328316e+01  0
1.967138412773812e-06  2.730999616790313e+01  2.730999616790313e+01  2.730999616790313e+01  2.730999616790313e+01  0
2.155901525917819e-06  2.640969628659935e+01  2.640969628659935e+01  2.640969628659935e+01  2.640969628659935e+01  0
2.362778012606080e-06  2.560894100031221e+01  2.560894100031221e+01  2.560894100031221e+01  2.560894100031221e+01  0
2.589506000037748e-06  2.509348723010407e+01  2.509348723010407e+01  2.509348723010407e+01  2.509348723010407e+01  0
2.837990403015248e-06  2.511520742066978e+01  2.511520742066978e+01  2.511520742066978e+01  2.511520742066978e+01  0
3.110318928586860e-06  2.567615845087114e+01  2.567615845087114e+01  2.567615845087114e+01  2.567615845087114e+01  0
3.408779616466424e-06  2.657063907089125e+01  2.657063907089125e+01  2.657063907089125e+01  2.657063907089125e+01  0
3.735880062600623e-06  2.736088450337364e+01  2.736088450337364e+01  2.736088450337364e+01  2.736088450337364e+01  0
4.094368487395674e-06  2.789744047191816e+01  2.789744047191816e+01  2.789744047191816e+01  2.789744047191816e+01  0
4.487256825613687e-06  2.787840303253910e+01  2.787840303253910e+01  2.787840303253910e+01  2.787840303253910e+01  0
4.917846031934537e-06  2.730774704853473e+01  2.730774704853473e+01  2.730774704853473e+01  2.730774704853473e+01  0
5.389753814794554e-06  2.640559940867711e+01  2.640559940867711e+01  2.640559940867711e+01  2.640559940867711e+01  0
5.906945031515200e-06  2.559846169997739e+01  2.559846169997739e+01  2.559846169997739e+01  2.559846169997739e+01  0
6.473765000094370e-06  2.508444035604507e+01  2.508444035604507e+01  2.508444035604507e+01  2.508444035604507e+01  0
7.094976007538121e-06  2.510945037108319e+01  2.510945037108319e+01  2.510945037108319e+01  2.510945037108319e+01  0
7.775797321467150e-06  2.567415484653095e+01  2.567415484653095e+01  2.567415484653095e+01  2.567415484653095e+01  0
8.521949041166062e-06  2.657142312727492e+01  2.657142312727492e+01  2.657142312727492e+01  2.657142312727492e+01  0
9.339700156501558e-06  2.736267411283790e+01  2.736267411283790e+01  2.736267411283790e+01  2.736267411283790e+01  0
1.023592121848918e-05  2.789994792592673e+01  2.789994792592673e+01  2.789994792592673e+01  2.789994792592673e+01  0
1.121814206403422e-05  2.787755168286718e+01  2.787755168286718e+01  2.787755168286718e+01  2.787755168286718e+01  0
1.229461507983634e-05  2.730181328461560e+01  2.730181328461560e+01  2.730181328461560e+01  2.730181328461560e+01  0
1.347438453698639e-05  2.639536586366111e+01  2.639536586366111e+01  2.639536586366111e+01  2.639536586366111e+01  0
1.476736257878800e-05  2.556637237576035e+01  2.556637237576035e+01  2.556637237576035e+01  2.556637237576035e+01  0
1.618441250023592e-05  2.505470623399764e+01  2.505470623399764e+01  2.505470623399764e+01  2.505470623399764e+01  0
1.773744001884530e-05  2.508698374770534e+01  2.508698374770534e+01  2.508698374770534e+01  2.508698374770534e+01  0
1.943949330366787e-05  2.566117043542161e+01  2.566117043542161e+01  2.566117043542161e+01  2.566117043542161e+01  0
2.130487260291515e-05  2.656663626383402e+01  2.656663626383402e+01  2.656663626383402e+01  2.656663626383402e+01  0
2.334925039125390e-05  2.732932305157485e+01  2.732932305157485e+01  2.732932305157485e+01  2.732932305157485e+01  0
2.558980304622297e-05  2.788076584661093e+01  2.788076584661093e+01  2.788076584661093e+01  2.788076584661093e+01  0
2.804535516008555e-05  2.786035485341841e+01  2.786035485341841e+01  2.786035485341841e+01  2.786035485341841e+01  0
3.073653769959086e-05  2.727839129504782e+01  2.727839129504782e+01  2.727839129504782e+01  2.727839129504782e+01  0
3.368596134246597e-05  2.636371238706711e+01  2.636371238706711e+01  2.636371238706711e+01  2.636371238706711e+01  0
3.691840644696999e-05  2.543280918310178e+01  2.543280918310178e+01  2.543280918310178e+01  2.543280918310178e+01  0
4.046103125058980e-05  2.492597651431081e+01  2.492597651431081e+01  2.492597651431081e+01  2.492597651431081e+01  0
4.434360004711325e-05  2.497263482118238e+01  2.497263482118238e+01  2.497263482118238e+01  2.497263482118238e+01  0
4.859873325916968e-05  2.557124701539139e+01  2.557124701539139e+01  2.557124701539139e+01  2.557124701539139e+01  0
5.326218150728787e-05  2.650445737545467e+01  2.650445737545467e+01  2.650445737545467e+01  2.650445737545467e+01  0
5.837312597813474e-05  2.719865286601722e+01  2.719865286601722e+01  2.719865286601722e+01  2.719865286601722e+01  0
6.397450761555741e-05  2.775588743021585e+01  2.775588743021585e+01  2.775588743021585e+01  2.775588743021585e+01  0
7.011338790021387e-05  2.775143564804327e+01  2.775143564804327e+01  2.775143564804327e+01  2.775143564804327e+01  0
7.684134424897715e-05  2.717225588898095e+01  2.717225588898095e+01  2.717225588898095e+01  2.717225588898095e+01  0
8.421490335616491e-05  2.624547082578345e+01  2.624547082578345e+01  2.624547082578345e+01  2.624547082578345e+01  0
9.229601611742499e-05  2.698005041474407e+01  2.698005041474407e+01  2.698005041474407e+01  2.698005041474407e+01  0
1.011525781264745e-04  2.588889486043631e+01  2.588889486043631e+01  2.588889486043631e+01  2.588889486043631e+01  0
1.108590001177831e-04  2.544381135075302e+01  2.544381135075302e+01  2.544381135075302e+01  2.544381135075302e+01  0
1.214968331479242e-04  2.569167185169610e+01  2.569167185169610e+01  2.569167185169610e+01  2.569167185169610e+01  0
1.331554537682197e-04  2.642059153546657e+01  2.642059153546657e+01  2.642059153546657e+01  2.642059153546657e+01  0
1.459328149453368e-04  3.185450487815373e+01  3.185450487815373e+01  3.185450487815373e+01  3.185450487815373e+01  0
1.599362690388935e-04  3.183934196905125e+01  3.183934196905125e+01  3.183934196905125e+01  3.183934196905125e+01  0
1.752834697505346e-04  3.127772959385361e+01  3.127772959385361e+01  3.127772959385361e+01  3.127772959385361e+01  0
1.921033606224429e-04  3.009658905823394e+01  3.009658905823394e+01  3.009658905823394e+01  3.009658905823394e+01  0
2.105372583904123e-04  2.850143090253257e+01  2.850143090253257e+01  2.850143090253257e+01  2.850143090253257e+01  0
2.307400402935625e-04  3.456865826874156e+01  3.456865826874156e+01  3.456865826874156e+01  3.456865826874156e+01  0
2.528814453161863e-04  3.333865668170298e+01  3.333865668170298e+01  3.333865668170298e+01  3.333865668170298e+01  0
2.771475002944578e-04  3.231187313076136e+01  3.231187313076136e+01  3.231187313076136e+01  3.231187313076136e+01  0
3.037420828698105e-04  3.175169143320921e+01  3.175169143320921e+01  3.175169143320921e+01  3.175169143320921e+01  0
3.328886344205492e-04  3.163443663137785e+01  3.163443663137785e+01  3.163443663137785e+01  3.163443663137785e+01  0
3.648320373633421e-04  3.915854248301806e+01  3.915854248301806e+01  3.915854248301806e+01  3.915854248301806e+01  0
3.998406725972338e-04  3.911548447278443e+01  3.911548447278443e+01  3.911548447278443e+01  3.911548447278443e+01  0
4.382086743763367e-04  3.875087494595186e+01  3.875087494595186e+01  3.875087494595186e+01  3.875087494595186e+01  0
4.802584015561072e-04  3.786337825223085e+01  3.786337825223085e+01  3.786337825223085e+01  3.786337825223085e+01  0
5.263431459760307e-04  3.646723828254059e+01  3.646723828254059e+01  3.646723828254059e+01  3.646723828254059e+01  0
5.768501007339061e-04  4.253797180026062e+01  4.253797180026062e+01  4.253797180026062e+01  4.253797180026062e+01  0
6.322036132904656e-04  4.221613943502389e+01  4.221613943502389e+01  4.221613943502389e+01  4.221613943502389e+01  0
6.928687507361445e-04  4.152881806890154e+01  4.152881806890154e+01  4.152881806890154e+01  4.152881806890154e+01  0
7.593552071745262e-04  4.082148239562638e+01  4.082148239562638e+01  4.082148239562638e+01  4.082148239562638e+01  0
8.322215860513730e-04  4.034342079711717e+01  4.034342079711717e+01  4.034342079711717e+01  4.034342079711717e+01  0
9.120800934083554e-04  3.942497491460015e+01  3.942497491460015e+01  3.942497491460015e+01  3.942497491460015e+01  0
9.996016814930845e-04  4.098783296319213e+01  4.098783296319213e+01  4.098783296319213e+01  4.098783296319213e+01  0
1.095521685940842e-03  4.219036143925666e+01  4.219036143925666e+01  4.219036143925666e+01  4.219036143925666e+01  0
1.200646003890268e-03  4.297603191326789e+01  4.297603191326789e+01  4.297603191326789e+01  4.297603191326789e+01  0
1.315857864940077e-03  4.322624370775953e+01  4.322624370775953e+01  4.322624370775953e+01  4.322624370775953e+01  0
1.442125251834765e-03  2.864609162388762e+01  2.864609162388762e+01  2.864609162388762e+01  2.864609162388762e+01  0
1.580509033226164e-03  3.152960604445061e+01  3.152960604445061e+01  3.152960604445061e+01  3.152960604445061e+01  0
1.732171876840361e-03  3.419852051104248e+01  3.419852051104248e+01  3.419852051104248e+01  3.419852051104248e+01  0
1.898388017936316e-03  3.655059859003273e+01  3.655059859003273e+01  3.655059859003273e+01  3.655059859003273e+01  0
2.080553965128433e-03  3.855747394833307e+01  3.855747394833307e+01  3.855747394833307e+01  3.855747394833307e+01  0
2.280200233520888e-03  1.636061676907407e+01  1.636061676907407e+01  1.636061676907407e+01  1.636061676907407e+01  0
2.499004203732711e-03  1.861371506263073e+01  1.861371506263073e+01  1.861371506263073e+01  1.861371506263073e+01  0
2.738804214852104e-03  2.100087253615072e+01  2.100087253615072e+01  2.100087253615072e+01  2.100087253615072e+01  0
3.001615009725670e-03  2.355060901330848e+01  2.355060901330848e+01  2.355060901330848e+01  2.355060901330848e+01  0
3.289644662350192e-03  2.625645158043743e+01  2.625645158043743e+01  2.625645158043743e+01  2.625645158043743e+01  0
3.605313129586914e-03  8.674008174623198e+00  8.674008174623198e+00  8.674008174623198e+00  8.674008174623198e+00  0
3.951272583065412e-03  1.003207239165090e+01  1.003207239165090e+01  1.003207239165090e+01  1.003207239165090e+01  0
4.330429692100905e-03  1.152612730132533e+01  1.152612730132533e+01  1.152612730132533e+01  1.152612730132533e+01  0
4.745970044840789e-03  1.317598674177746e+01  1.317598674177746e+01  1.317598674177746e+01  1.317598674177746e+01  0
5.201384912821082e-03  1.498716012002608e+01  1.498716012002608e+01  1.498716012002608e+01  1.498716012002608e+01  0
5.700500583802221e-03  3.903818411106271e+00  3.903818411106271e+00  3.903818411106271e+00  3.903818411106271e+00  0
6.247510509331778e-03  4.724742300442374e+00  4.724742300442374e+00  4.724742300442374e+00  4.724742300442374e+00  0
6.847010537130260e-03  5.636684702116514e+00  5.636684702116514e+00  5.636684702116514e+00  5.636684702116514e+00  0
7.504037524314174e-03  6.641978005951477e+00  6.641978005951477e+00  6.641978005951477e+00  6.641978005951477e+00  0
8.224111655875480e-03  7.749404641678299e+00  7.749404641678299e+00  7.749404641678299e+00  7.749404641678299e+00  0
9.013282823967282e-03  1.391300903426837e+00  1.391300903426837e+00  1.391300903426837e+00  1.391300903426837e+00  0
9.878181457663527e-03  1.764351659145076e+00  1.764351659145076e+00  1.764351659145076e+00  1.764351659145076e+00  0
1.082607423025226e-02  2.215614559159807e+00  2.215614559159807e+00  2.215614559159807e+00  2.215614559159807e+00  0
1.186492511210197e-02  2.753256894797696e+00  2.753256894797696e+00  2.753256894797696e+00  2.753256894797696e+00  0
1.300346228205270e-02  3.379381860027164e+00  3.379381860027164e+00  3.379381860027164e+00  3.379381860027164e+00  0
1.425125145950555e-02  4.945003787086388e-01  4.945003787086388e-01  4.945003787086388e-01  4.945003787086388e-01  0
1.561877627332944e-02  6.150219565205861e-01  6.150219565205861e-01  6.150219565205861e-01  6.150219565205861e-01  0
1.711752634282565e-02  7.596466375673023e-01  7.596466375673023e-01  7.596466375673023e-01  7.596466375673023e-01  0
1.876009381078543e-02  9.340458312373739e-01  9.340458312373739e-01  9.340458312373739e-01  9.340458312373739e-01  0
2.056027913968870e-02  1.143797198991255e+00  1.143797198991255e+00  1.143797198991255e+00  1.143797198991255e+00  0
2.253320705991821e-02  1.615752526934401e-01  1.615752526934401e-01  1.615752526934401e-01  1.615752526934401e-01  0
2.469545364415882e-02  2.068290226466714e-01  2.068290226466714e-01  2.068290226466714e-01  2.068290226466714e-01  0
2.706518557563065e-02  2.649179296810996e-01  2.649179296810996e-01  2.649179296810996e-01  2.649179296810996e-01  0
2.966231278025493e-02  3.390210726849668e-01  3.390210726849668e-01  3.390210726849668e-01  3.390210726849668e-01  0
3.250865570513176e-02  4.327049610746025e-01  4.327049610746025e-01  4.327049610746025e-01  4.327049610746025e-01  0
3.562812864876388e-02  6.979169429524522e-02  6.979169429524522e-02  6.979169429524522e-02  6.979169429524522e-02  0
3.904694068332362e-02  8.578697086049174e-02  8.578697086049174e-02  8.578697086049174e-02  8.578697086049174e-02  0
4.279381585706413e-02  1.038277021884268e-01  1.038277021884268e-01  1.038277021884268e-01  1.038277021884268e-01  0
4.690023452696359e-02  1.254006954186213e-01  1.254006954186213e-01  1.254006954186213e-01  1.254006954186213e-01  0
5.140069784922175e-02  1.525919294181711e-01  1.525919294181711e-01  1.525919294181711e-01  1.525919294181711e-01  0
5.633301764979552e-02  3.441883562961612e-02  3.441883562961612e-02  3.441883562961612e-02  3.441883562961612e-02  0
6.173863411039705e-02  3.949005774134768e-02  3.949005774134768e-02  3.949005774134768e-02  3.949005774134768e-02  0
6.766296393907663e-02  4.600371299334016e-02  4.600371299334016e-02  4.600371299334016e-02  4.600371299334016e-02  0
7.415578195063734e-02  5.474055675507618e-02  5.474055675507618e-02  5.474055675507618e-02  5.474055675507618e-02  0
8.127163926282940e-02  6.627349184945350e-02  6.627349184945350e-02  6.627349184945350e-02  6.627349184945350e-02  0
8.907032162190970e-02  2.174525512361553e-02  2.174525512361553e-02  2.174525512361553e-02  2.174525512361553e-02  0
9.761735170830904e-02  2.522177420475027e-02  2.522177420475027e-02  2.522177420475027e-02  2.522177420475027e-02  0
1.069845396426603e-01  2.862129225593964e-02  2.862129225593964e-02  2.862129225593964e-02  2.862129225593964e-02  0
1.172505863174090e-01  3.195217140468624e-02  3.195217140468624e-02  3.195217140468624e-02  3.195217140468624e-02  0
1.285017446230544e-01  3.541671253374051e-02  3.541671253374051e-02  3.541671253374051e-02  3.541671253374051e-02  0
1.408325441244888e-01  7.513681694081024e-03  7.513681694081024e-03  7.513681694081024e-03  7.513681694081024e-03  0
1.543465852759926e-01  9.951845862512699e-03  9.951845862512699e-03  9.951845862512699e-03  9.951845862512699e-03  0
1.691574098476915e-01  1.271384670285024e-02  1.271384670285024e-02  1.271384670285024e-02  1.271384670285024e-02  0
1.853894548765933e-01  1.577796253117352e-02  1.577796253117352e-02  1.577796253117352e-02  1.577796253117352e-02  0
2.031790981570734e-01  1.914387031807669e-02  1.914387031807669e-02  1.914387031807669e-02  1.914387031807669e-02  0
2.226758040547741e-01  1.156550371215401e-03  1.156550371215401e-03  1.156550371215401e-03  1.156550371215401e-03  0
2.440433792707724e-01  1.778584202402960e-03  1.778584202402960e-03  1.778584202402960e-03  1.778584202402960e-03  0
2.674613491066506e-01  2.683330954505144e-03  2.683330954505144e-03  2.683330954505144e-03  2.683330954505144e-03  0
2.931264657935223e-01  3.941796728450392e-03  3.941796728450392e-03  3.941796728450392e-03  3.941796728450392e-03  0
3.212543615576358e-01  5.606369036266100e-03  5.606369036266100e-03  5.606369036266100e-03  5.606369036266100e-03  0
3.520813603112218e-01  1.100943479021816e-04  1.100943479021816e-04  1.100943479021816e-04  1.100943479021816e-04  0
3.858664631899814e-01  1.798226137649882e-04  1.798226137649882e-04  1.798226137649882e-04  1.798226137649882e-04  0
4.228935246192287e-01  2.868698714265764e-04  2.868698714265764e-04  2.868698714265764e-04  2.868698714265764e-04  0
4.634736371914831e-01  4.532097613852651e-04  4.532097613852651e-04  4.532097613852651e-04  4.532097613852651e-04  0
5.079477453926835e-01  7.160700988649623e-04  7.160700988649623e-04  7.160700988649623e-04  7.160700988649623e-04  0
5.566895101369354e-01  9.127709479035852e-06  9.127709479035852e-06  9.127709479035852e-06  9.127709479035852e-06  0
6.101084481769312e-01  1.512310372589914e-05  1.512310372589914e-05  1.512310372589914e-05  1.512310372589914e-05  0
6.686533727666267e-01  2.488221348919759e-05  2.488221348919759e-05  2.488221348919759e-05  2.488221348919759e-05  0
7.328161644838058e-01  4.084376620864233e-05  4.084376620864233e-05  4.084376620864233e-05  4.084376620864233e-05  0
8.031359038940895e-01  6.694194855539908e-05  6.694194855539908e-05  6.694194855539908e-05  6.694194855539908e-05  0
8.802034007780546e-01  4.338034167585412e-07  4.338034167585412e-07  4.338034167585412e-07  4.338034167585412e-07  0
9.646661579749535e-01  8.575113139877446e-07  8.575113139877446e-07  8.575113139877446e-07  8.575113139877446e-07  0
1.057233811548072e+00  1.581153379742072e-06  1.581153379742072e-06  1.581153379742072e-06  1.581153379742072e-06  0
1.158684092978708e+00  2.748966807313311e-06  2.748966807313311e-06  2.748966807313311e-06  2.748966807313311e-06  0
1.269869363481709e+00  4.582513643939456e-06  4.582513643939456e-06  4.582513643939456e-06  4.582513643939456e-06  0
1.391723775342338e+00  5.574606770344897e-09  5.574606770344897e-09  5.574606770344897e-09  5.574606770344897e-09  0
1.525271120442328e+00  1.586823368895283e-08  1.586823368895283e-08  1.586823368895283e-08  1.586823368895283e-08  0
1.671633431916567e+00  4.150453840205585e-08  4.150453840205585e-08  4.150453840205585e-08  4.150453840205585e-08  0
1.832040411209515e+00  1.000460743127743e-07  1.000460743127743e-07  1.000460743127743e-07  1.000460743127743e-07  0
2.007839759735224e+00  2.229237566656144e-07  2.229237566656144e-07  2.229237566656144e-07  2.229237566656144e-07  0
2.200508501945137e+00  7.511825897921399e-11  7.511825897921399e-11  7.511825897921399e-11  7.511825897921399e-11  0
2.411665394937384e+00  1.793922033152500e-10  1.793922033152500e-10  1.793922033152500e-10  1.793922033152500e-10  0
2.643084528870180e+00  4.005544989674809e-10  4.005544989674809e-10  4.005544989674809e-10  4.005544989674809e-10  0
2.896710232446770e+00  8.496931489299970e-10  8.496931489299970e-10  8.496931489299970e-10  8.496931489299970e-10  0
3.174673408704273e+00  1.760544246543792e-09  1.760544246543792e-09  1.760544246543792e-09  1.760544246543792e-09  0
