-2.643084528870179e+00  1.109887661496359e-08  1.109887661496359e-08  1.109887661496359e-08  1.109887661496359e-08  0
-2.411665394937383e+00  4.862890597794729e-09  4.862890597794729e-09  4.862890597794729e-09  4.862890597794729e-09  0
-2.200508501945136e+00  2.238676464230084e-09  2.238676464230084e-09  2.238676464230084e-09  2.238676464230084e-09  0
-2.007839759735224e+00  1.042773022175454e-09  1.042773022175454e-09  1.042773022175454e-09  1.042773022175454e-09  0
-1.832040411209514e+00  4.745258703662509e-10  4.745258703662509e-10  4.745258703662509e-10  4.745258703662509e-10  0
-1.671633431916567e+00  1.273187260762358e-06  1.273187260762358e-06  1.273187260762358e-06  1.273187260762358e-06  0
-1.525271120442328e+00  5.802084775319448e-07  5.802084775319448e-07  5.802084775319448e-07  5.802084775319448e-07  0
-1.391723775342339e+00  2.555654921368922e-07  2.555654921368922e-07  2.555654921368922e-07  2.555654921368922e-07  0
-1.269869363481709e+00  1.080627384810383e-07  1.080627384810383e-07  1.080627384810383e-07  1.080627384810383e-07  0
-1.158684092978708e+00  4.377160492121798e-08  4.377160492121798e-08  4.377160492121798e-08  4.377160492121798e-08  0
-1.057233811548072e+00  8.229960443222581e-05  8.229960443222581e-05  8.229960443222581e-05  8.229960443222581e-05  0
-9.646661579749534e-01  2.742153052351673e-05  2.742153052351673e-05  2.742153052351673e-05  2.742153052351673e-05  0
-8.802034007780546e-01  9.615890534065610e-06  9.615890534065610e-06  9.615890534065610e-06  9.615890534065610e-06  0
-8.031359038940895e-01  3.696473343654017e-06  3.696473343654017e-06  3.696473343654017e-06  3.696473343654017e-06  0
-7.328161644838057e-01  1.551864861401584e-06  1.551864861401584e-06  1.551864861401584e-06  1.551864861401584e-06  0
-6.686533727666270e-01  1.359156038837964e-02  1.359156038837964e-02  1.359156038837964e-02  1.359156038837964e-02  0
-6.101084481769313e-01  5.360377226410982e-03  5.360377226410982e-03  5.360377226410982e-03  5.360377226410982e-03  0
-5.566895101369356e-01  1.959950848661600e-03  1.959950848661600e-03  1.959950848661600e-03  1.959950848661600e-03  0
-5.079477453926837e-01  6.592979650376093e-04  6.592979650376093e-04  6.592979650376093e-04  6.592979650376093e-04  0
-4.634736371914833e-01  2.007904945754910e-04  2.007904945754910e-04  2.007904945754910e-04  2.007904945754910e-04  0
-4.228935246192289e-01  4.784842874603935e-01  4.784842874603935e-01  4.784842874603935e-01  4.784842874603935e-01  0
-3.858664631899815e-01  2.721806032581245e-01  2.721806032581245e-01  2.721806032581245e-01  2.721806032581245e-01  0
-3.520813603112219e-01  1.437474561031944e-01  1.437474561031944e-01  1.437474561031944e-01  1.437474561031944e-01  0
-3.212543615576359e-01  7.056955004183527e-02  7.056955004183527e-02  7.056955004183527e-02  7.056955004183527e-02  0
-2.931264657935224e-01  3.225796165574294e-02  3.225796165574294e-02  3.225796165574294e-02  3.225796165574294e-02  0
-2.674613491066508e-01  2.579686910033209e+00  2.579686910033209e+00  2.579686910033209e+00  2.579686910033209e+00  0
-2.440433792707725e-01  2.147539511118880e+00  2.147539511118880e+00  2.147539511118880e+00  2.147539511118880e+00  0
-2.226758040547742e-01  1.655328156150944e+00  1.655328156150944e+00  1.655328156150944e+00  1.655328156150944e+00  0
-2.031790981570735e-01  1.181696411911051e+00  1.181696411911051e+00  1.181696411911051e+00  1.181696411911051e+00  0
-1.853894548765933e-01  7.815615048499561e-01  7.815615048499561e-01  7.815615048499561e-01  7.815615048499561e-01  0
-1.691574098476915e-01  2.018422422106799e+00  2.018422422106799e+00  2.018422422106799e+00  2.018422422106799e+00  0
-1.543465852759926e-01  2.468014406549436e+00  2.468014406549436e+00  2.468014406549436e+00  2.468014406549436e+00  0
-1.408325441244888e-01  2.795879038361081e+00  2.795879038361081e+00  2.795879038361081e+00  2.795879038361081e+00  0
-1.285017446230543e-01  2.932715881756560e+00  2.932715881756560e+00  2.932715881756560e+00  2.932715881756560e+00  0
-1.172505863174089e-01  2.847608946471751e+00  2.847608946471751e+00  2.847608946471751e+00  2.847608946471751e+00  0
-1.069845396426603e-01  3.940230418415915e-02  3.940230418415915e-02  3.940230418415915e-02  3.940230418415915e-02  0
-9.761735170830900e-02  4.437966693363442e-02  4.437966693363442e-02  4.437966693363442e-02  4.437966693363442e-02  0
-8.907032162190968e-02  4.785898191928657e-02  4.785898191928657e-02  4.785898191928657e-02  4.785898191928657e-02  0
-8.127163926282939e-02  4.914495643409032e-02  4.914495643409032e-02  4.914495643409032e-02  4.914495643409032e-02  0
-7.415578195063731e-02  4.796616475705937e-02  4.796616475705937e-02  4.796616475705937e-02  4.796616475705937e-02  0
-6.766296393907660e-02  1.918918016273599e-02  1.918918016273599e-02  1.918918016273599e-02  1.918918016273599e-02  0
-6.173863411039702e-02  1.996765048293700e-02  1.996765048293700e-02  1.996765048293700e-02  1.996765048293700e-02  0
-5.633301764979550e-02  2.156034775811560e-02  2.156034775811560e-02  2.156034775811560e-02  2.156034775811560e-02  0
-5.140069784922174e-02  2.394083019751356e-02  2.394083019751356e-02  2.394083019751356e-02  2.394083019751356e-02  0
-4.690023452696358e-02  2.671357190774541e-02  2.671357190774541e-02  2.671357190774541e-02  2.671357190774541e-02  0
-4.279381585706412e-02  1.660767743853881e-02  1.660767743853881e-02  1.660767743853881e-02  1.660767743853881e-02  0
-3.904694068332360e-02  1.707531290133891e-02  1.707531290133891e-02  1.707531290133891e-02  1.707531290133891e-02  0
-3.562812864876387e-02  1.733138123854953e-02  1.733138123854953e-02  1.733138123854953e-02  1.733138123854953e-02  0
-3.250865570513176e-02  1.705099745922989e-02  1.705099745922989e-02  1.705099745922989e-02  1.705099745922989e-02  0
-2.966231278025492e-02  1.605034146472382e-02  1.605034146472382e-02  1.605034146472382e-02  1.605034146472382e-02  0
-2.706518557563065e-02  1.726155172805259e-02  1.726155172805259e-02  1.726155172805259e-02  1.726155172805259e-02  0
-2.469545364415881e-02  1.628814630210654e-02  1.628814630210654e-02  1.628814630210654e-02  1.628814630210654e-02  0
-2.253320705991821e-02  1.528693451517038e-02  1.528693451517038e-02  1.528693451517038e-02  1.528693451517038e-02  0
-2.056027913968870e-02  1.440489721834416e-02  1.440489721834416e-02  1.440489721834416e-02  1.440489721834416e-02  0
-1.876009381078543e-02  1.370294226284690e-02  1.370294226284690e-02  1.370294226284690e-02  1.370294226284690e-02  0
-1.711752634282565e-02  1.797374012305295e-02  1.797374012305295e-02  1.797374012305295e-02  1.797374012305295e-02  0
-1.561877627332944e-02  1.770121781657242e-02  1.770121781657242e-02  1.770121781657242e-02  1.770121781657242e-02  0
-1.425125145950555e-02  1.774660340516636e-02  1.774660340516636e-02  1.774660340516636e-02  1.774660340516636e-02  0
-1.300346228205270e-02  1.767578394260321e-02  1.767578394260321e-02  1.767578394260321e-02  1.767578394260321e-02  0
-1.186492511210197e-02  1.713612970847073e-02  1.713612970847073e-02  1.713612970847073e-02  1.713612970847073e-02  0
-1.082607423025226e-02  2.802286235427772e-02  2.802286235427772e-02  2.802286235427772e-02  2.802286235427772e-02  0
-9.878181457663525e-03  2.518702398069552e-02  2.518702398069552e-02  2.518702398069552e-02  2.518702398069552e-02  0
-9.013282823967282e-03  2.240529191195349e-02  2.240529191195349e-02  2.240529191195349e-02  2.240529191195349e-02  0
-8.224111655875478e-03  1.984391920514069e-02  1.984391920514069e-02  1.984391920514069e-02  1.984391920514069e-02  0
-7.504037524314174e-03  1.769986404153482e-02  1.769986404153482e-02  1.769986404153482e-02  1.769986404153482e-02  0
-6.847010537130258e-03  4.863827441279577e-02  4.863827441279577e-02  4.863827441279577e-02  4.863827441279577e-02  0
-6.247510509331775e-03  4.213992255130346e-02  4.213992255130346e-02  4.213992255130346e-02  4.213992255130346e-02  0
-5.700500583802218e-03  3.738478583456838e-02  3.738478583456838e-02  3.738478583456838e-02  3.738478583456838e-02  0
-5.201384912821080e-03  3.383068341833079e-02  3.383068341833079e-02  3.383068341833079e-02  3.383068341833079e-02  0
-4.745970044840788e-03  3.073708094383403e-02  3.073708094383403e-02  3.073708094383403e-02  3.073708094383403e-02  0
-4.330429692100904e-03  9.372350181258787e-02  9.372350181258787e-02  9.372350181258787e-02  9.372350181258787e-02  0
-3.951272583065411e-03  8.566170806065712e-02  8.566170806065712e-02  8.566170806065712e-02  8.566170806065712e-02  0
-3.605313129586913e-03  7.687025698269231e-02  7.687025698269231e-02  7.687025698269231e-02  7.687025698269231e-02  0
-3.289644662350192e-03  6.740210924346147e-02  6.740210924346147e-02  6.740210924346147e-02  6.740210924346147e-02  0
-3.001615009725670e-03  5.789172099306480e-02  5.789172099306480e-02  5.789172099306480e-02  5.789172099306480e-02  0
-2.738804214852102e-03  1.301430797693059e-01  1.301430797693059e-01  1.301430797693059e-01  1.301430797693059e-01  0
-2.499004203732709e-03  1.215045446783074e-01  1.215045446783074e-01  1.215045446783074e-01  1.215045446783074e-01  0
-2.280200233520886e-03  1.138142719599035e-01  1.138142719599035e-01  1.138142719599035e-01  1.138142719599035e-01  0
-2.080553965128431e-03  1.070486041955964e-01  1.070486041955964e-01  1.070486041955964e-01  1.070486041955964e-01  0
-1.898388017936314e-03  1.006093065420488e-01  1.006093065420488e-01  1.006093065420488e-01  1.006093065420488e-01  0
-1.732171876840360e-03  1.693960874862430e-01  1.693960874862430e-01  1.693960874862430e-01  1.693960874862430e-01  0
-1.580509033226163e-03  1.624911586789788e-01  1.624911586789788e-01  1.624911586789788e-01  1.624911586789788e-01  0
-1.442125251834764e-03  1.563001779518858e-01  1.563001779518858e-01  1.563001779518858e-01  1.563001779518858e-01  0
-1.315857864940076e-03  1.494540357988014e-01  1.494540357988014e-01  1.494540357988014e-01  1.494540357988014e-01  0
-1.200646003890267e-03  1.411103263553272e-01  1.411103263553272e-01  1.411103263553272e-01  1.411103263553272e-01  0
-1.095521685940841e-03  1.988156113327940e-01  1.988156113327940e-01  1.988156113327940e-01  1.988156113327940e-01  0
-9.996016814930835e-04  1.934775765615613e-01  1.934775765615613e-01  1.934775765615613e-01  1.934775765615613e-01  0
-9.120800934083544e-04  1.873003095849677e-01  1.873003095849677e-01  1.873003095849677e-01  1.873003095849677e-01  0
-8.322215860513723e-04  1.806320056982907e-01  1.806320056982907e-01  1.806320056982907e-01  1.806320056982907e-01  0
-7.593552071745256e-04  1.739878131486389e-01  1.739878131486389e-01  1.739878131486389e-01  1.739878131486389e-01  0
-6.928687507361440e-04  2.332903481406211e-01  2.332903481406211e-01  2.332903481406211e-01  2.332903481406211e-01  0
-6.322036132904651e-04  2.209534271229981e-01  2.209534271229981e-01  2.209534271229981e-01  2.209534271229981e-01  0
-5.768501007339055e-04  2.133170330443863e-01  2.133170330443863e-01  2.133170330443863e-01  2.133170330443863e-01  0
-5.263431459760303e-04  2.087738054652037e-01  2.087738054652037e-01  2.087738054652037e-01  2.087738054652037e-01  0
-4.802584015561067e-04  2.045792888479345e-01  2.045792888479345e-01  2.045792888479345e-01  2.045792888479345e-01  0
-4.382086743763362e-04  2.685759343510846e-01  2.685759343510846e-01  2.685759343510846e-01  2.685759343510846e-01  0
-3.998406725972333e-04  2.682784298182767e-01  2.682784298182767e-01  2.682784298182767e-01  2.682784298182767e-01  0
-3.648320373633417e-04  2.639451035102171e-01  2.639451035102171e-01  2.639451035102171e-01  2.639451035102171e-01  0
-3.328886344205489e-04  2.549627437961346e-01  2.549627437961346e-01  2.549627437961346e-01  2.549627437961346e-01  0
-3.037420828698102e-04  2.428354826787509e-01  2.428354826787509e-01  2.428354826787509e-01  2.428354826787509e-01  0
-2.771475002944575e-04  3.093285982002084e-01  3.093285982002084e-01  3.093285982002084e-01  3.093285982002084e-01  0
-2.528814453161860e-04  2.865669034259353e-01  2.865669034259353e-01  2.865669034259353e-01  2.865669034259353e-01  0
-2.307400402935622e-04  2.730317815626745e-01  2.730317815626745e-01  2.730317815626745e-01  2.730317815626745e-01  0
-2.105372583904121e-04  2.686031417185894e-01  2.686031417185894e-01  2.686031417185894e-01  2.686031417185894e-01  0
-1.921033606224427e-04  2.695938633998810e-01  2.695938633998810e-01  2.695938633998810e-01  2.695938633998810e-01  0
-1.752834697505345e-04  3.484140778776120e-01  3.484140778776120e-01  3.484140778776120e-01  3.484140778776120e-01  0
-1.599362690388933e-04  3.569723987818789e-01  3.569723987818789e-01  3.569723987818789e-01  3.569723987818789e-01  0
-1.459328149453367e-04  3.575658700969985e-01  3.575658700969985e-01  3.575658700969985e-01  3.575658700969985e-01  0
-1.331554537682195e-04  3.472144990075698e-01  3.472144990075698e-01  3.472144990075698e-01  3.472144990075698e-01  0
-1.214968331479241e-04  3.276118728105617e-01  3.276118728105617e-01  3.276118728105617e-01  3.276118728105617e-01  0
-1.108590001177830e-04  3.956817361400170e-01  3.956817361400170e-01  3.956817361400170e-01  3.956817361400170e-01  0
-1.011525781264744e-04  3.608469822948604e-01  3.608469822948604e-01  3.608469822948604e-01  3.608469822948604e-01  0
-9.229601611742488e-05  3.390542460509273e-01  3.390542460509273e-01  3.390542460509273e-01  3.390542460509273e-01  0
-8.421490335616483e-05  3.333088219742351e-01  3.333088219742351e-01  3.333088219742351e-01  3.333088219742351e-01  0
-7.684134424897707e-05  3.400419514150448e-01  3.400419514150448e-01  3.400419514150448e-01  3.400419514150448e-01  0
-7.011338790021381e-05  4.235351813553549e-01  4.235351813553549e-01  4.235351813553549e-01  4.235351813553549e-01  0
-6.397450761555734e-05  4.454043376058461e-01  4.454043376058461e-01  4.454043376058461e-01  4.454043376058461e-01  0
-5.837312597813469e-05  4.558897406281869e-01  4.558897406281869e-01  4.558897406281869e-01  4.558897406281869e-01  0
-5.326218150728783e-05  4.483489419273222e-01  4.483489419273222e-01  4.483489419273222e-01  4.483489419273222e-01  0
-4.859873325916964e-05  4.236195171383225e-01  4.236195171383225e-01  4.236195171383225e-01  4.236195171383225e-01  0
-4.434360004711321e-05  4.733418152068056e-01  4.733418152068056e-01  4.733418152068056e-01  4.733418152068056e-01  0
-4.046103125058977e-05  4.284314748193309e-01  4.284314748193309e-01  4.284314748193309e-01  4.284314748193309e-01  0
-3.691840644696995e-05  3.981353202287123e-01  3.981353202287123e-01  3.981353202287123e-01  3.981353202287123e-01  0
-3.368596134246593e-05  3.900479646222496e-01  3.900479646222496e-01  3.900479646222496e-01  3.900479646222496e-01  0
-3.073653769959083e-05  4.024343636396773e-01  4.024343636396773e-01  4.024343636396773e-01  4.024343636396773e-01  0
-2.804535516008552e-05  4.718557997931463e-01  4.718557997931463e-01  4.718557997931463e-01  4.718557997931463e-01  0
-2.558980304622294e-05  5.083023824617040e-01  5.083023824617040e-01  5.083023824617040e-01  5.083023824617040e-01  0
-2.334925039125387e-05  5.321712318881165e-01  5.321712318881165e-01  5.321712318881165e-01  5.321712318881165e-01  0
-2.130487260291513e-05  5.324545984788448e-01  5.324545984788448e-01  5.324545984788448e-01  5.324545984788448e-01  0
-1.943949330366785e-05  5.077816104971297e-01  5.077816104971297e-01  5.077816104971297e-01  5.077816104971297e-01  0
-1.773744001884528e-05  5.237780911344566e-01  5.237780911344566e-01  5.237780911344566e-01  5.237780911344566e-01  0
-1.618441250023591e-05  4.728603878714505e-01  4.728603878714505e-01  4.728603878714505e-01  4.728603878714505e-01  0
-1.476736257878798e-05  4.355062645557068e-01  4.355062645557068e-01  4.355062645557068e-01  4.355062645557068e-01  0
-1.347438453698637e-05  4.239641371348704e-01  4.239641371348704e-01  4.239641371348704e-01  4.239641371348704e-01  0
-1.229461507983633e-05  4.396859629847171e-01  4.396859629847171e-01  4.396859629847171e-01  4.396859629847171e-01  0
-1.121814206403421e-05  4.894377994366754e-01  4.894377994366754e-01  4.894377994366754e-01  4.894377994366754e-01  0
-1.023592121848917e-05  5.365005626994092e-01  5.365005626994092e-01  5.365005626994092e-01  5.365005626994092e-01  0
-9.339700156501548e-06  5.720804356910802e-01  5.720804356910802e-01  5.720804356910802e-01  5.720804356910802e-01  0
-8.521949041166052e-06  5.814981712438299e-01  5.814981712438299e-01  5.814981712438299e-01  5.814981712438299e-01  0
-7.775797321467140e-06  5.606646256504070e-01  5.606646256504070e-01  5.606646256504070e-01  5.606646256504070e-01  0
-7.094976007538114e-06  5.469779399601051e-01  5.469779399601051e-01  5.469779399601051e-01  5.469779399601051e-01  0
-6.473765000094363e-06  4.935108811586494e-01  4.935108811586494e-01  4.935108811586494e-01  4.935108811586494e-01  0
-5.906945031515193e-06  4.513301385163629e-01  4.513301385163629e-01  4.513301385163629e-01  4.513301385163629e-01  0
-5.389753814794549e-06  4.359223040848098e-01  4.359223040848098e-01  4.359223040848098e-01  4.359223040848098e-01  0
-4.917846031934533e-06  4.517958808712041e-01  4.517958808712041e-01  4.517958808712041e-01  4.517958808712041e-01  0
-4.487256825613684e-06  4.903503257929507e-01  4.903503257929507e-01  4.903503257929507e-01  4.903503257929507e-01  0
-4.094368487395670e-06  5.425941830514703e-01  5.425941830514703e-01  5.425941830514703e-01  5.425941830514703e-01  0
-3.735880062600620e-06  5.851435001003682e-01  5.851435001003682e-01  5.851435001003682e-01  5.851435001003682e-01  0
-3.408779616466421e-06  6.011173017902384e-01  6.011173017902384e-01  6.011173017902384e-01  6.011173017902384e-01  0
-3.110318928586857e-06  5.842990383795338e-01  5.842990383795338e-01  5.842990383795338e-01  5.842990383795338e-01  0
-2.837990403015245e-06  5.545977806868470e-01  5.545977806868470e-01  5.545977806868470e-01  5.545977806868470e-01  0
-2.589506000037745e-06  5.003876249676158e-01  5.003876249676158e-01  5.003876249676158e-01  5.003876249676158e-01  0
-2.362778012606077e-06  4.555005781090121e-01  4.555005781090121e-01  4.555005781090121e-01  4.555005781090121e-01  0
-2.155901525917819e-06  4.370666241016551e-01  4.370666241016551e-01  4.370666241016551e-01  4.370666241016551e-01  0
-1.967138412773813e-06  4.515619127211149e-01  4.515619127211149e-01  4.515619127211149e-01  4.515619127211149e-01  0
-1.794902730245473e-06  4.871445627368930e-01  4.871445627368930e-01  4.871445627368930e-01  4.871445627368930e-01  0
-1.637747394958268e-06  5.411539394746614e-01  5.411539394746614e-01  5.411539394746614e-01  5.411539394746614e-01  0
-1.494352025040248e-06  5.868056698829754e-01  5.868056698829754e-01  5.868056698829754e-01  5.868056698829754e-01  0
-1.363511846586568e-06  6.062112080128468e-01  6.062112080128468e-01  6.062112080128468e-01  6.062112080128468e-01  0
-1.244127571434742e-06  5.919392410061748e-01  5.919392410061748e-01  5.919392410061748e-01  5.919392410061748e-01  0
-1.135196161206098e-06  5.563484004179866e-01  5.563484004179866e-01  5.563484004179866e-01  5.563484004179866e-01  0
-1.035802400015098e-06  5.019316745171133e-01  5.019316745171133e-01  5.019316745171133e-01  5.019316745171133e-01  0
-9.451112050424309e-07  4.557022178042179e-01  4.557022178042179e-01  4.557022178042179e-01  4.557022178042179e-01  0
-8.623606103671279e-07  4.354622084198354e-01  4.354622084198354e-01  4.354622084198354e-01  4.354622084198354e-01  0
-7.868553651095252e-07  4.486536560441786e-01  4.486536560441786e-01  4.486536560441786e-01  4.486536560441786e-01  0
-7.179610920981894e-07  4.845691218697353e-01  4.845691218697353e-01  4.845691218697353e-01  4.845691218697353e-01  0
-6.550989579833072e-07  5.390204090651904e-01  5.390204090651904e-01  5.390204090651904e-01  5.390204090651904e-01  0
-5.977408100160992e-07  5.858208911683139e-01  5.858208911683139e-01  5.858208911683139e-01  5.858208911683139e-01  0
-5.454047386346274e-07  6.066933469244977e-01  6.066933469244977e-01  6.066933469244977e-01  6.066933469244977e-01  0
-4.976510285738970e-07  5.936467449100584e-01  5.936467449100584e-01  5.936467449100584e-01  5.936467449100584e-01  0
-4.540784644824392e-07  5.566539060984980e-01  5.566539060984980e-01  5.566539060984980e-01  5.566539060984980e-01  0
-4.143209600060391e-07  5.021014515468496e-01  5.021014515468496e-01  5.021014515468496e-01  5.021014515468496e-01  0
-3.780444820169723e-07  4.552239709968262e-01  4.552239709968262e-01  4.552239709968262e-01  4.552239709968262e-01  0
-3.449442441468511e-07  4.340696748570464e-01  4.340696748570464e-01  4.340696748570464e-01  4.340696748570464e-01  0
-3.147421460438101e-07  4.464796970219137e-01  4.464796970219137e-01  4.464796970219137e-01  4.464796970219137e-01  0
-2.871844368392758e-07  4.832453772185898e-01  4.832453772185898e-01  4.832453772185898e-01  4.832453772185898e-01  0
-2.620395831933229e-07  5.378005829619849e-01  5.378005829619849e-01  5.378005829619849e-01  5.378005829619849e-01  0
-2.390963240064397e-07  5.850035878548759e-01  5.850035878548759e-01  5.850035878548759e-01  5.850035878548759e-01  0
-2.181618954538510e-07  6.064314632538547e-01  6.064314632538547e-01  6.064314632538547e-01  6.064314632538547e-01  0
-1.990604114295588e-07  5.938622830375648e-01  5.938622830375648e-01  5.938622830375648e-01  5.938622830375648e-01  0
-1.816313857929757e-07  5.567279132664946e-01  5.567279132664946e-01  5.567279132664946e-01  5.567279132664946e-01  0
-1.657283840024157e-07  5.020826589807338e-01  5.020826589807338e-01  5.020826589807338e-01  5.020826589807338e-01  0
-1.512177928067889e-07  4.549094770727390e-01  4.549094770727390e-01  4.549094770727390e-01  4.549094770727390e-01  0
-1.379776976587405e-07  4.333462646349464e-01  4.333462646349464e-01  4.333462646349464e-01  4.333462646349464e-01  0
-1.258968584175240e-07  4.453872482875539e-01  4.453872482875539e-01  4.453872482875539e-01  4.453872482875539e-01  0
-1.148737747357103e-07  4.827036253080296e-01  4.827036253080296e-01  4.827036253080296e-01  4.827036253080296e-01  0
-1.048158332773291e-07  5.373074166879860e-01  5.373074166879860e-01  5.373074166879860e-01  5.373074166879860e-01  0
-9.563852960257586e-08  5.846948109125558e-01  5.846948109125558e-01  5.846948109125558e-01  5.846948109125558e-01  0
-8.726475818154038e-08  6.064083758593442e-01  6.064083758593442e-01  6.064083758593442e-01  6.064083758593442e-01  0
-7.962416457182352e-08  5.941713081444041e-01  5.941713081444041e-01  5.941713081444041e-01  5.941713081444041e-01  0
-7.265255431719029e-08  5.567626603916132e-01  5.567626603916132e-01  5.567626603916132e-01  5.567626603916132e-01  0
-6.629135360096627e-08  5.020685974760627e-01  5.020685974760627e-01  5.020685974760627e-01  5.020685974760627e-01  0
-6.048711712271557e-08  4.547697212500619e-01  4.547697212500619e-01  4.547697212500619e-01  4.547697212500619e-01  0
-5.519107906349619e-08  4.330387133705440e-01  4.330387133705440e-01  4.330387133705440e-01  4.330387133705440e-01  0
-5.035874336700961e-08  4.449285414016985e-01  4.449285414016985e-01  4.449285414016985e-01  4.449285414016985e-01  0
-4.594950989428412e-08  4.824990240048831e-01  4.824990240048831e-01  4.824990240048831e-01  4.824990240048831e-01  0
-4.192633331093166e-08  5.371279783391782e-01  5.371279783391782e-01  5.371279783391782e-01  5.371279783391782e-01  0
-3.825541184103035e-08  5.846000678490230e-01  5.846000678490230e-01  5.846000678490230e-01  5.846000678490230e-01  0
-3.490590327261615e-08  6.064513327161770e-01  6.064513327161770e-01  6.064513327161770e-01  6.064513327161770e-01  0
-3.184966582872941e-08  5.943953930715425e-01  5.943953930715425e-01  5.943953930715425e-01  5.943953930715425e-01  0
-2.906102172687611e-08  5.567783673548117e-01  5.567783673548117e-01  5.567783673548117e-01  5.567783673548117e-01  0
-2.651654144038651e-08  5.020630369016265e-01  5.020630369016265e-01  5.020630369016265e-01  5.020630369016265e-01  0
-2.419484684908623e-08  4.547135916823885e-01  4.547135916823885e-01  4.547135916823885e-01  4.547135916823885e-01  0
-2.207643162539847e-08  4.329165992839131e-01  4.329165992839131e-01  4.329165992839131e-01  4.329165992839131e-01  0
-2.014349734680384e-08  4.447479952400223e-01  4.447479952400223e-01  4.447479952400223e-01  4.447479952400223e-01  0
-1.837980395771364e-08  4.824190508404681e-01  4.824190508404681e-01  4.824190508404681e-01  4.824190508404681e-01  0
-1.677053332437266e-08  5.370538496068886e-01  5.370538496068886e-01  5.370538496068886e-01  5.370538496068886e-01  0
-1.530216473641213e-08  5.845497402569609e-01  5.845497402569609e-01  5.845497402569609e-01  5.845497402569609e-01  0
-1.396236130904646e-08  6.064338221009743e-01  6.064338221009743e-01  6.064338221009743e-01  6.064338221009743e-01  0
-1.273986633149176e-08  5.944053942021017e-01  5.944053942021017e-01  5.944053942021017e-01  5.944053942021017e-01  0
-1.162440869075045e-08  5.567958209130537e-01  5.567958209130537e-01  5.567958209130537e-01  5.567958209130537e-01  0
-1.060661657615460e-08  5.020699255670880e-01  5.020699255670880e-01  5.020699255670880e-01  5.020699255670880e-01  0
-9.677938739634492e-09  4.546982664804771e-01  4.546982664804771e-01  4.546982664804771e-01  4.546982664804771e-01  0
-8.830572650159389e-09  4.328733088067644e-01  4.328733088067644e-01  4.328733088067644e-01  4.328733088067644e-01  0
-8.057398938721539e-09  4.446803131391917e-01  4.446803131391917e-01  4.446803131391917e-01  4.446803131391917e-01  0
-7.351921583085459e-09  4.823975154078234e-01  4.823975154078234e-01  4.823975154078234e-01  4.823975154078234e-01  0
-6.708213329749065e-09  5.370360132830001e-01  5.370360132830001e-01  5.370360132830001e-01  5.370360132830001e-01  0
-6.120865894564855e-09  5.845425131011467e-01  5.845425131011467e-01  5.845425131011467e-01  5.845425131011467e-01  0
-5.584944523618584e-09  6.064401420566682e-01  6.064401420566682e-01  6.064401420566682e-01  6.064401420566682e-01  0
-5.095946532596706e-09  5.944222862941475e-01  5.944222862941475e-01  5.944222862941475e-01  5.944222862941475e-01  0
-4.649763476300179e-09  5.568130067580397e-01  5.568130067580397e-01  5.568130067580397e-01  5.568130067580397e-01  0
-4.242646630461842e-09  5.020819880444558e-01  5.020819880444558e-01  5.020819880444558e-01  5.020819880444558e-01  0
-3.871175495853797e-09  4.547007904974412e-01  4.547007904974412e-01  4.547007904974412e-01  4.547007904974412e-01  0
-3.532229060063756e-09  4.328645712239912e-01  4.328645712239912e-01  4.328645712239912e-01  4.328645712239912e-01  0
-3.222959575488616e-09  4.446624409625189e-01  4.446624409625189e-01  4.446624409625189e-01  4.446624409625189e-01  0
-2.940768633234184e-09  4.823976898298490e-01  4.823976898298490e-01  4.823976898298490e-01  4.823976898298490e-01  0
-2.683285331899626e-09  5.370387188344689e-01  5.370387188344689e-01  5.370387188344689e-01  5.370387188344689e-01  0
-2.448346357825942e-09  5.845504186377225e-01  5.845504186377225e-01  5.845504186377225e-01  5.845504186377225e-01  0
-2.233977809447434e-09  6.064540426942548e-01  6.064540426942548e-01  6.064540426942548e-01  6.064540426942548e-01  0
-2.038378613038682e-09  5.944405460678088e-01  5.944405460678088e-01  5.944405460678088e-01  5.944405460678088e-01  0
-1.859905390520071e-09  5.568297715081875e-01  5.568297715081875e-01  5.568297715081875e-01  5.568297715081875e-01  0
-1.697058652184737e-09  5.020957387693339e-01  5.020957387693339e-01  5.020957387693339e-01  5.020957387693339e-01  0
-1.548470198341519e-09  4.547099043688301e-01  4.547099043688301e-01  4.547099043688301e-01  4.547099043688301e-01  0
-1.412891624025502e-09  4.328688250456287e-01  4.328688250456287e-01  4.328688250456287e-01  4.328688250456287e-01  0
-1.289183830195446e-09  4.446632919137966e-01  4.446632919137966e-01  4.446632919137966e-01  4.446632919137966e-01  0
-1.176307453293673e-09  4.824064816653787e-01  4.824064816653787e-01  4.824064816653787e-01  4.824064816653787e-01  0
-1.073314132759850e-09  5.370497349862711e-01  5.370497349862711e-01  5.370497349862711e-01  5.370497349862711e-01  0
-9.793385431303769e-10  5.845649312652667e-01  5.845649312652667e-01  5.845649312652667e-01  5.845649312652667e-01  0
-8.935911237789734e-10  6.064726041844881e-01  6.064726041844881e-01  6.064726041844881e-01  6.064726041844881e-01  0
-8.153514452154729e-10  5.944631932703031e-01  5.944631932703031e-01  5.944631932703031e-01  5.944631932703031e-01  0
-7.439621562080285e-10  5.568462790625688e-01  5.568462790625688e-01  5.568462790625688e-01  5.568462790625688e-01  0
-6.788234608738945e-10  5.021100693181532e-01  5.021100693181532e-01  5.021100693181532e-01  5.021100693181532e-01  0
-6.193880793366075e-10  4.547215346524109e-01  4.547215346524109e-01  4.547215346524109e-01  4.547215346524109e-01  0
-5.651566496102009e-10  4.328781107944640e-01  4.328781107944640e-01  4.328781107944640e-01  4.328781107944640e-01  0
-5.156735320781784e-10  4.446714033328621e-01  4.446714033328621e-01  4.446714033328621e-01  4.446714033328621e-01  0
-4.705229813174694e-10  4.824199880142085e-01  4.824199880142085e-01  4.824199880142085e-01  4.824199880142085e-01  0
-4.293256531039402e-10  5.370676457317762e-01  5.370676457317762e-01  5.370676457317762e-01  5.370676457317762e-01  0
-3.917354172521507e-10  5.845911996721131e-01  5.845911996721131e-01  5.845911996721131e-01  5.845911996721131e-01  0
-3.574364495115894e-10  6.065144062976797e-01  6.065144062976797e-01  6.065144062976797e-01  6.065144062976797e-01  0
-3.261405780861892e-10  5.945338253611238e-01  5.945338253611238e-01  5.945338253611238e-01  5.945338253611238e-01  0
3.261405780861892e-10  5.398448144098056e-01  5.398448144098056e-01  5.398448144098056e-01  5.398448144098056e-01  0
3.574364495115894e-10  5.859763881749129e-01  5.859763881749129e-01  5.859763881749129e-01  5.859763881749129e-01  0
3.917354172521507e-10  6.060448271998372e-01  6.060448271998372e-01  6.060448271998372e-01  6.060448271998372e-01  0
4.293256531039402e-10  5.917910693709504e-01  5.917910693709504e-01  5.917910693709504e-01  5.917910693709504e-01  0
4.705229813174694e-10  5.481333408701908e-01  5.481333408701908e-01  5.481333408701908e-01  5.481333408701908e-01  0
5.156735320781784e-10  4.986017700153126e-01  4.986017700153126e-01  4.986017700153126e-01  4.986017700153126e-01  0
5.651566496102009e-10  4.531149978527626e-01  4.531149978527626e-01  4.531149978527626e-01  4.531149978527626e-01  0
6.193880793366075e-10  4.333218632287339e-01  4.333218632287339e-01  4.333218632287339e-01  4.333218632287339e-01  0
6.788234608738945e-10  4.475172187974254e-01  4.475172187974254e-01  4.475172187974254e-01  4.475172187974254e-01  0
7.439621562080285e-10  4.909224348542794e-01  4.909224348542794e-01  4.909224348542794e-01  4.909224348542794e-01  0
8.153514452154729e-10  5.398133546367927e-01  5.398133546367927e-01  5.398133546367927e-01  5.398133546367927e-01  0
8.935911237789734e-10  5.859494296403858e-01  5.859494296403858e-01  5.859494296403858e-01  5.859494296403858e-01  0
9.793385431303769e-10  6.060210884667776e-01  6.060210884667776e-01  6.060210884667776e-01  6.060210884667776e-01  0
1.073314132759850e-09  5.917703084473446e-01  5.917703084473446e-01  5.917703084473446e-01  5.917703084473446e-01  0
1.176307453293673e-09  5.481155707989396e-01  5.481155707989396e-01  5.481155707989396e-01  5.481155707989396e-01  0
1.289183830195446e-09  4.985866280388020e-01  4.985866280388020e-01  4.985866280388020e-01  4.985866280388020e-01  0
1.412891624025502e-09  4.531017733751280e-01  4.531017733751280e-01  4.531017733751280e-01  4.531017733751280e-01  0
1.548470198341519e-09  4.333088061106797e-01  4.333088061106797e-01  4.333088061106797e-01  4.333088061106797e-01  0
1.697058652184737e-09  4.475027500176617e-01  4.475027500176617e-01  4.475027500176617e-01  4.475027500176617e-01  0
1.859905390520071e-09  4.909056494263385e-01  4.909056494263385e-01  4.909056494263385e-01  4.909056494263385e-01  0
2.038378613038682e-09  5.397894676972839e-01  5.397894676972839e-01  5.397894676972839e-01  5.397894676972839e-01  0
2.233977809447434e-09  5.859243023168682e-01  5.859243023168682e-01  5.859243023168682e-01  5.859243023168682e-01  0
2.448346357825942e-09  6.059968454313044e-01  6.059968454313044e-01  6.059968454313044e-01  6.059968454313044e-01  0
2.683285331899626e-09  5.917487540138751e-01  5.917487540138751e-01  5.917487540138751e-01  5.917487540138751e-01  0
2.940768633234184e-09  5.480975583247574e-01  5.480975583247574e-01  5.480975583247574e-01  5.480975583247574e-01  0
3.222959575488616e-09  4.985709854255836e-01  4.985709854255836e-01  4.985709854255836e-01  4.985709854255836e-01  0
3.532229060063756e-09  4.530888971468388e-01  4.530888971468388e-01  4.530888971468388e-01  4.530888971468388e-01  0
3.871175495853797e-09  4.332954399110821e-01  4.332954399110821e-01  4.332954399110821e-01  4.332954399110821e-01  0
4.242646630461842e-09  4.474864325642372e-01  4.474864325642372e-01  4.474864325642372e-01  4.474864325642372e-01  0
4.649763476300179e-09  4.908853982465172e-01  4.908853982465172e-01  4.908853982465172e-01  4.908853982465172e-01  0
5.095946532596706e-09  5.397550354838165e-01  5.397550354838165e-01  5.397550354838165e-01  5.397550354838165e-01  0
5.584944523618584e-09  5.858882212348899e-01  5.858882212348899e-01  5.858882212348899e-01  5.858882212348899e-01  0
6.120865894564855e-09  6.059635327344861e-01  6.059635327344861e-01  6.059635327344861e-01  6.059635327344861e-01  0
6.708213329749065e-09  5.917213548152351e-01  5.917213548152351e-01  5.917213548152351e-01  5.917213548152351e-01  0
7.351921583085459e-09  5.480769857719141e-01  5.480769857719141e-01  5.480769857719141e-01  5.480769857719141e-01  0
8.057398938721539e-09  4.985537717882815e-01  4.985537717882815e-01  4.985537717882815e-01  4.985537717882815e-01  0
8.830572650159389e-09  4.530766687358107e-01  4.530766687358107e-01  4.530766687358107e-01  4.530766687358107e-01  0
9.677938739634492e-09  4.332811987784781e-01  4.332811987784781e-01  4.332811987784781e-01  4.332811987784781e-01  0
1.060661657615460e-08  4.474655214254656e-01  4.474655214254656e-01  4.474655214254656e-01  4.474655214254656e-01  0
1.162440869075045e-08  4.908566340053818e-01  4.908566340053818e-01  4.908566340053818e-01  4.908566340053818e-01  0
1.273986633149176e-08  5.396895836948022e-01  5.396895836948022e-01  5.396895836948022e-01  5.396895836948022e-01  0
1.396236130904646e-08  5.858221476292571e-01  5.858221476292571e-01  5.858221476292571e-01  5.858221476292571e-01  0
1.530216473641213e-08  6.059060615344501e-01  6.059060615344501e-01  6.059060615344501e-01  6.059060615344501e-01  0
1.677053332437266e-08  5.916784349899896e-01  5.916784349899896e-01  5.916784349899896e-01  5.916784349899896e-01  0
1.837980395771364e-08  5.480493968283865e-01  5.480493968283865e-01  5.480493968283865e-01  5.480493968283865e-01  0
2.014349734680384e-08  4.985311742088155e-01  4.985311742088155e-01  4.985311742088155e-01  4.985311742088155e-01  0
2.207643162539847e-08  4.530649794409597e-01  4.530649794409597e-01  4.530649794409597e-01  4.530649794409597e-01  0
2.419484684908623e-08  4.332640726541869e-01  4.332640726541869e-01  4.332640726541869e-01  4.332640726541869e-01  0
2.651654144038651e-08  4.474327450381907e-01  4.474327450381907e-01  4.474327450381907e-01  4.474327450381907e-01  0
2.906102172687611e-08  4.908064076664524e-01  4.908064076664524e-01  4.908064076664524e-01  4.908064076664524e-01  0
3.184966582872941e-08  5.395545030005067e-01  5.395545030005067e-01  5.395545030005067e-01  5.395545030005067e-01  0
3.490590327261615e-08  5.856841491535582e-01  5.856841491535582e-01  5.856841491535582e-01  5.856841491535582e-01  0
3.825541184103035e-08  6.057885100414174e-01  6.057885100414174e-01  6.057885100414174e-01  6.057885100414174e-01  0
4.192633331093166e-08  5.915956833098861e-01  5.915956833098861e-01  5.915956833098861e-01  5.915956833098861e-01  0
4.594950989428412e-08  5.480027469451698e-01  5.480027469451698e-01  5.480027469451698e-01  5.480027469451698e-01  0
5.035874336700961e-08  4.984909702420790e-01  4.984909702420790e-01  4.984909702420790e-01  4.984909702420790e-01  0
5.519107906349619e-08  4.530518516787226e-01  4.530518516787226e-01  4.530518516787226e-01  4.530518516787226e-01  0
6.048711712271557e-08  4.332383816329910e-01  4.332383816329910e-01  4.332383816329910e-01  4.332383816329910e-01  0
6.629135360096627e-08  4.473701236528654e-01  4.473701236528654e-01  4.473701236528654e-01  4.473701236528654e-01  0
7.265255431719029e-08  4.907029926820351e-01  4.907029926820351e-01  4.907029926820351e-01  4.907029926820351e-01  0
7.962416457182352e-08  5.392381280735602e-01  5.392381280735602e-01  5.392381280735602e-01  5.392381280735602e-01  0
8.726475818154038e-08  5.853598783556393e-01  5.853598783556393e-01  5.853598783556393e-01  5.853598783556393e-01  0
9.563852960257586e-08  6.055143361876590e-01  6.055143361876590e-01  6.055143361876590e-01  6.055143361876590e-01  0
1.048158332773291e-07  5.914068473218729e-01  5.914068473218729e-01  5.914068473218729e-01  5.914068473218729e-01  0
1.148737747357103e-07  5.479021365550318e-01  5.479021365550318e-01  5.479021365550318e-01  5.479021365550318e-01  0
1.258968584175240e-07  4.984140070888448e-01  4.984140070888448e-01  4.984140070888448e-01  4.984140070888448e-01  0
1.379776976587405e-07  4.530440967559384e-01  4.530440967559384e-01  4.530440967559384e-01  4.530440967559384e-01  0
1.512177928067889e-07  4.332023001776166e-01  4.332023001776166e-01  4.332023001776166e-01  4.332023001776166e-01  0
1.657283840024157e-07  4.472450411489299e-01  4.472450411489299e-01  4.472450411489299e-01  4.472450411489299e-01  0
1.816313857929757e-07  4.904777869093342e-01  4.904777869093342e-01  4.904777869093342e-01  4.904777869093342e-01  0
1.990604114295588e-07  5.384719914240009e-01  5.384719914240009e-01  5.384719914240009e-01  5.384719914240009e-01  0
2.181618954538510e-07  5.845765320609719e-01  5.845765320609719e-01  5.845765320609719e-01  5.845765320609719e-01  0
2.390963240064397e-07  6.048549020811743e-01  6.048549020811743e-01  6.048549020811743e-01  6.048549020811743e-01  0
2.620395831933229e-07  5.909571544621900e-01  5.909571544621900e-01  5.909571544621900e-01  5.909571544621900e-01  0
2.871844368392758e-07  5.476689895829999e-01  5.476689895829999e-01  5.476689895829999e-01  5.476689895829999e-01  0
3.147421460438101e-07  4.981863554337239e-01  4.981863554337239e-01  4.981863554337239e-01  4.981863554337239e-01  0
3.449442441468511e-07  4.530240306402989e-01  4.530240306402989e-01  4.530240306402989e-01  4.530240306402989e-01  0
3.780444820169723e-07  4.331469319121665e-01  4.331469319121665e-01  4.331469319121665e-01  4.331469319121665e-01  0
4.143209600060391e-07  4.469936186010192e-01  4.469936186010192e-01  4.469936186010192e-01  4.469936186010192e-01  0
4.540784644824392e-07  4.899857697342752e-01  4.899857697342752e-01  4.899857697342752e-01  4.899857697342752e-01  0
4.976510285738970e-07  5.364725086371789e-01  5.364725086371789e-01  5.364725086371789e-01  5.364725086371789e-01  0
5.454047386346274e-07  5.825383586890508e-01  5.825383586890508e-01  5.825383586890508e-01  5.825383586890508e-01  0
5.977408100160992e-07  6.031201428960634e-01  6.031201428960634e-01  6.031201428960634e-01  6.031201428960634e-01  0
6.550989579833072e-07  5.897432530685967e-01  5.897432530685967e-01  5.897432530685967e-01  5.897432530685967e-01  0
7.179610920981894e-07  5.470054587355169e-01  5.470054587355169e-01  5.470054587355169e-01  5.470054587355169e-01  0
7.868553651095252e-07  4.972939570661206e-01  4.972939570661206e-01  4.972939570661206e-01  4.972939570661206e-01  0
8.623606103671279e-07  4.527412297681433e-01  4.527412297681433e-01  4.527412297681433e-01  4.527412297681433e-01  0
9.451112050424309e-07  4.328752836935875e-01  4.328752836935875e-01  4.328752836935875e-01  4.328752836935875e-01  0
1.035802400015098e-06  4.463020667329995e-01  4.463020667329995e-01  4.463020667329995e-01  4.463020667329995e-01  0
1.135196161206098e-06  4.887078533623807e-01  4.887078533623807e-01  4.887078533623807e-01  4.887078533623807e-01  0
1.244127571434742e-06  5.311343263799212e-01  5.311343263799212e-01  5.311343263799212e-01  5.311343263799212e-01  0
1.363511846586568e-06  5.771205197974538e-01  5.771205197974538e-01  5.771205197974538e-01  5.771205197974538e-01  0
1.494352025040248e-06  5.984184659668671e-01  5.984184659668671e-01  5.984184659668671e-01  5.984184659668671e-01  0
1.637747394958268e-06  5.863093011474777e-01  5.863093011474777e-01  5.863093011474777e-01  5.863093011474777e-01  0
1.794902730245473e-06  5.449687051269436e-01  5.449687051269436e-01  5.449687051269436e-01  5.449687051269436e-01  0
1.967138412773813e-06  4.939550902221227e-01  4.939550902221227e-01  4.939550902221227e-01  4.939550902221227e-01  0
2.155901525917819e-06  4.509630672610452e-01  4.509630672610452e-01  4.509630672610452e-01  4.509630672610452e-01  0
2.362778012606077e-06  4.313062820136511e-01  4.313062820136511e-01  4.313062820136511e-01  4.313062820136511e-01  0
2.589506000037745e-06  4.438946203087423e-01  4.438946203087423e-01  4.438946203087423e-01  4.438946203087423e-01  0
2.837990403015245e-06  4.849755081804057e-01  4.849755081804057e-01  4.849755081804057e-01  4.849755081804057e-01  0
3.110318928586857e-06  5.181403895616811e-01  5.181403895616811e-01  5.181403895616811e-01  5.181403895616811e-01  0
3.408779616466421e-06  5.638115268179829e-01  5.638115268179829e-01  5.638115268179829e-01  5.638115268179829e-01  0
3.735880062600620e-06  5.865312808537330e-01  5.865312808537330e-01  5.865312808537330e-01  5.865312808537330e-01  0
4.094368487395670e-06  5.771693824192752e-01  5.771693824192752e-01  5.771693824192752e-01  5.771693824192752e-01  0
4.487256825613684e-06  5.390241326345747e-01  5.390241326345747e-01  5.390241326345747e-01  5.390241326345747e-01  0
4.917846031934533e-06  4.836614395162755e-01  4.836614395162755e-01  4.836614395162755e-01  4.836614395162755e-01  0
5.389753814794549e-06  4.440928868062499e-01  4.440928868062499e-01  4.440928868062499e-01  4.440928868062499e-01  0
5.906945031515193e-06  4.251955357527530e-01  4.251955357527530e-01  4.251955357527530e-01  4.251955357527530e-01  0
6.473765000094363e-06  4.363421347861876e-01  4.363421347861876e-01  4.363421347861876e-01  4.363421347861876e-01  0
7.094976007538114e-06  4.748647349684173e-01  4.748647349684173e-01  4.748647349684173e-01  4.748647349684173e-01  0
7.775797321467140e-06  4.902011733190085e-01  4.902011733190085e-01  4.902011733190085e-01  4.902011733190085e-01  0
8.521949041166052e-06  5.348279956022014e-01  5.348279956022014e-01  5.348279956022014e-01  5.348279956022014e-01  0
9.339700156501548e-06  5.597572722773146e-01  5.597572722773146e-01  5.597572722773146e-01  5.597572722773146e-01  0
1.023592121848917e-05  5.553783352483831e-01  5.553783352483831e-01  5.553783352483831e-01  5.553783352483831e-01  0
1.121814206403421e-05  5.234597351463450e-01  5.234597351463450e-01  5.234597351463450e-01  5.234597351463450e-01  0
1.229461507983633e-05  4.582435048747732e-01  4.582435048747732e-01  4.582435048747732e-01  4.582435048747732e-01  0
1.347438453698637e-05  4.249687187914780e-01  4.249687187914780e-01  4.249687187914780e-01  4.249687187914780e-01  0
1.476736257878798e-05  4.079984617342521e-01  4.079984617342521e-01  4.079984617342521e-01  4.079984617342521e-01  0
1.618441250023591e-05  4.171640576892502e-01  4.171640576892502e-01  4.171640576892502e-01  4.171640576892502e-01  0
1.773744001884528e-05  4.515647403411294e-01  4.515647403411294e-01  4.515647403411294e-01  4.515647403411294e-01  0
1.943949330366785e-05  4.397921231600515e-01  4.397921231600515e-01  4.397921231600515e-01  4.397921231600515e-01  0
2.130487260291513e-05  4.814778925266762e-01  4.814778925266762e-01  4.814778925266762e-01  4.814778925266762e-01  0
2.334925039125387e-05  5.084962475905399e-01  5.084962475905399e-01  5.084962475905399e-01  5.084962475905399e-01  0
2.558980304622294e-05  5.111105319792560e-01  5.111105319792560e-01  5.111105319792560e-01  5.111105319792560e-01  0
2.804535516008552e-05  4.890366184201309e-01  4.890366184201309e-01  4.890366184201309e-01  4.890366184201309e-01  0
3.073653769959083e-05  4.102568039358505e-01  4.102568039358505e-01  4.102568039358505e-01  4.102568039358505e-01  0
3.368596134246593e-05  3.859915248188392e-01  3.859915248188392e-01  3.859915248188392e-01  3.859915248188392e-01  0
3.691840644696995e-05  3.723835159617949e-01  3.723835159617949e-01  3.723835159617949e-01  3.723835159617949e-01  0
4.046103125058977e-05  3.792417289377499e-01  3.792417289377499e-01  3.792417289377499e-01  3.792417289377499e-01  0
4.434360004711321e-05  4.078469001671167e-01  4.078469001671167e-01  4.078469001671167e-01  4.078469001671167e-01  0
4.859873325916964e-05  3.681249296522835e-01  3.681249296522835e-01  3.681249296522835e-01  3.681249296522835e-01  0
5.326218150728783e-05  4.035074337417409e-01  4.035074337417409e-01  4.035074337417409e-01  4.035074337417409e-01  0
5.837312597813469e-05  4.303271867173054e-01  4.303271867173054e-01  4.303271867173054e-01  4.303271867173054e-01  0
6.397450761555734e-05  4.396402361185850e-01  4.396402361185850e-01  4.396402361185850e-01  4.396402361185850e-01  0
7.011338790021381e-05  4.292413397823697e-01  4.292413397823697e-01  4.292413397823697e-01  4.292413397823697e-01  0
7.684134424897707e-05  3.439013951889420e-01  3.439013951889420e-01  3.439013951889420e-01  3.439013951889420e-01  0
8.421490335616483e-05  3.292281858296773e-01  3.292281858296773e-01  3.292281858296773e-01  3.292281858296773e-01  0
9.229601611742488e-05  3.194822299429604e-01  3.194822299429604e-01  3.194822299429604e-01  3.194822299429604e-01  0
1.011525781264744e-04  3.235672588240234e-01  3.235672588240234e-01  3.235672588240234e-01  3.235672588240234e-01  0
1.108590001177830e-04  3.446711787137828e-01  3.446711787137828e-01  3.446711787137828e-01  3.446711787137828e-01  0
1.214968331479241e-04  2.903572892143508e-01  2.903572892143508e-01  2.903572892143508e-01  2.903572892143508e-01  0
1.331554537682195e-04  3.162832471125657e-01  3.162832471125657e-01  3.162832471125657e-01  3.162832471125657e-01  0
1.459328149453367e-04  3.393025420132915e-01  3.393025420132915e-01  3.393025420132915e-01  3.393025420132915e-01  0
1.599362690388933e-04  3.522105030384966e-01  3.522105030384966e-01  3.522105030384966e-01  3.522105030384966e-01  0
1.752834697505345e-04  3.516659387349543e-01  3.516659387349543e-01  3.516659387349543e-01  3.516659387349543e-01  0
1.921033606224427e-04  2.751220216803535e-01  2.751220216803535e-01  2.751220216803535e-01  2.751220216803535e-01  0
2.105372583904121e-04  2.687924831062449e-01  2.687924831062449e-01  2.687924831062449e-01  2.687924831062449e-01  0
2.307400402935622e-04  2.625142590481444e-01  2.625142590481444e-01  2.625142590481444e-01  2.625142590481444e-01  0
2.528814453161860e-04  2.635413783735793e-01  2.635413783735793e-01  2.635413783735793e-01  2.635413783735793e-01  0
2.771475002944575e-04  2.761765125001244e-01  2.761765125001244e-01  2.761765125001244e-01  2.761765125001244e-01  0
3.037420828698102e-04  2.237898768777485e-01  2.237898768777485e-01  2.237898768777485e-01  2.237898768777485e-01  0
3.328886344205489e-04  2.394339815654430e-01  2.394339815654430e-01  2.394339815654430e-01  2.394339815654430e-01  0
3.648320373633417e-04  2.563225097040572e-01  2.563225097040572e-01  2.563225097040572e-01  2.563225097040572e-01  0
3.998406725972333e-04  2.694133160952069e-01  2.694133160952069e-01  2.694133160952069e-01  2.694133160952069e-01  0
4.382086743763362e-04  2.750412295723577e-01  2.750412295723577e-01  2.750412295723577e-01  2.750412295723577e-01  0
4.802584015561067e-04  2.144319191063184e-01  2.144319191063184e-01  2.144319191063184e-01  2.144319191063184e-01  0
5.263431459760303e-04  2.157106664965273e-01  2.157106664965273e-01  2.157106664965273e-01  2.157106664965273e-01  0
5.768501007339055e-04  2.134085944265533e-01  2.134085944265533e-01  2.134085944265533e-01  2.134085944265533e-01  0
6.322036132904651e-04  2.126319426393554e-01  2.126319426393554e-01  2.126319426393554e-01  2.126319426393554e-01  0
6.928687507361440e-04  2.178837372917404e-01  2.178837372917404e-01  2.178837372917404e-01  2.178837372917404e-01  0
7.593552071745256e-04  1.715400250995208e-01  1.715400250995208e-01  1.715400250995208e-01  1.715400250995208e-01  0
8.322215860513723e-04  1.793460224306414e-01  1.793460224306414e-01  1.793460224306414e-01  1.793460224306414e-01  0
9.120800934083544e-04  1.901386982169455e-01  1.901386982169455e-01  1.901386982169455e-01  1.901386982169455e-01  0
9.996016814930835e-04  2.014843020054793e-01  2.014843020054793e-01  2.014843020054793e-01  2.014843020054793e-01  0
1.095521685940841e-03  2.103366962119099e-01  2.103366962119099e-01  2.103366962119099e-01  2.103366962119099e-01  0
1.200646003890267e-03  1.542751866698964e-01  1.542751866698964e-01  1.542751866698964e-01  1.542751866698964e-01  0
1.315857864940076e-03  1.618965969848543e-01  1.618965969848543e-01  1.618965969848543e-01  1.618965969848543e-01  0
1.442125251834764e-03  1.656223552063802e-01  1.656223552063802e-01  1.656223552063802e-01  1.656223552063802e-01  0
1.580509033226163e-03  1.672772480780730e-01  1.672772480780730e-01  1.672772480780730e-01  1.672772480780730e-01  0
1.732171876840360e-03  1.698634864009539e-01  1.698634864009539e-01  1.698634864009539e-01  1.698634864009539e-01  0
1.898388017936314e-03  1.029767077725575e-01  1.029767077725575e-01  1.029767077725575e-01  1.029767077725575e-01  0
2.080553965128431e-03  1.105133875662845e-01  1.105133875662845e-01  1.105133875662845e-01  1.105133875662845e-01  0
2.280200233520886e-03  1.197851019886549e-01  1.197851019886549e-01  1.197851019886549e-01  1.197851019886549e-01  0
2.499004203732709e-03  1.307918218276767e-01  1.307918218276767e-01  1.307918218276767e-01  1.307918218276767e-01  0
2.738804214852102e-03  1.423400073228304e-01  1.423400073228304e-01  1.423400073228304e-01  1.423400073228304e-01  0
3.001615009725670e-03  6.049042537255552e-02  6.049042537255552e-02  6.049042537255552e-02  6.049042537255552e-02  0
3.289644662350192e-03  7.094823284238273e-02  7.094823284238273e-02  7.094823284238273e-02  7.094823284238273e-02  0
3.605313129586913e-03  8.059564432207163e-02  8.059564432207163e-02  8.059564432207163e-02  8.059564432207163e-02  0
3.951272583065411e-03  8.894352013754067e-02  8.894352013754067e-02  8.894352013754067e-02  8.894352013754067e-02  0
4.330429692100904e-03  9.641622380905791e-02  9.641622380905791e-02  9.641622380905791e-02  9.641622380905791e-02  0
4.745970044840788e-03  2.674571138547828e-02  2.674571138547828e-02  2.674571138547828e-02  2.674571138547828e-02  0
5.201384912821080e-03  3.035836181768686e-02  3.035836181768686e-02  3.035836181768686e-02  3.035836181768686e-02  0
5.700500583802218e-03  3.504972976731550e-02  3.504972976731550e-02  3.504972976731550e-02  3.504972976731550e-02  0
6.247510509331775e-03  4.141913762518495e-02  4.141913762518495e-02  4.141913762518495e-02  4.141913762518495e-02  0
6.847010537130258e-03  4.967539510673713e-02  4.967539510673713e-02  4.967539510673713e-02  4.967539510673713e-02  0
7.504037524314174e-03  1.431121124333723e-02  1.431121124333723e-02  1.431121124333723e-02  1.431121124333723e-02  0
8.224111655875478e-03  1.642618291736454e-02  1.642618291736454e-02  1.642618291736454e-02  1.642618291736454e-02  0
9.013282823967282e-03  1.879383626945802e-02  1.879383626945802e-02  1.879383626945802e-02  1.879383626945802e-02  0
9.878181457663525e-03  2.129445556061935e-02  2.129445556061935e-02  2.129445556061935e-02  2.129445556061935e-02  0
1.082607423025226e-02  2.391989448432824e-02  2.391989448432824e-02  2.391989448432824e-02  2.391989448432824e-02  0
1.186492511210197e-02  1.243752257528121e-02  1.243752257528121e-02  1.243752257528121e-02  1.243752257528121e-02  0
1.300346228205270e-02  1.285407382727702e-02  1.285407382727702e-02  1.285407382727702e-02  1.285407382727702e-02  0
1.425125145950555e-02  1.304943742128219e-02  1.304943742128219e-02  1.304943742128219e-02  1.304943742128219e-02  0
1.561877627332944e-02  1.329347031084957e-02  1.329347031084957e-02  1.329347031084957e-02  1.329347031084957e-02  0
1.711752634282565e-02  1.388540233242622e-02  1.388540233242622e-02  1.388540233242622e-02  1.388540233242622e-02  0
1.876009381078543e-02  1.000253604515400e-02  1.000253604515400e-02  1.000253604515400e-02  1.000253604515400e-02  0
2.056027913968870e-02  1.059001140121046e-02  1.059001140121046e-02  1.059001140121046e-02  1.059001140121046e-02  0
2.253320705991821e-02  1.125262782101248e-02  1.125262782101248e-02  1.125262782101248e-02  1.125262782101248e-02  0
2.469545364415881e-02  1.195748598459215e-02  1.195748598459215e-02  1.195748598459215e-02  1.195748598459215e-02  0
2.706518557563065e-02  1.262759864772166e-02  1.262759864772166e-02  1.262759864772166e-02  1.262759864772166e-02  0
2.966231278025492e-02  1.085155687036946e-02  1.085155687036946e-02  1.085155687036946e-02  1.085155687036946e-02  0
3.250865570513176e-02  1.163695856370725e-02  1.163695856370725e-02  1.163695856370725e-02  1.163695856370725e-02  0
3.562812864876387e-02  1.196396327693354e-02  1.196396327693354e-02  1.196396327693354e-02  1.196396327693354e-02  0
3.904694068332360e-02  1.194208620274191e-02  1.194208620274191e-02  1.194208620274191e-02  1.194208620274191e-02  0
4.279381585706412e-02  1.177179021350703e-02  1.177179021350703e-02  1.177179021350703e-02  1.177179021350703e-02  0
4.690023452696358e-02  1.384171790764699e-02  1.384171790764699e-02  1.384171790764699e-02  1.384171790764699e-02  0
5.140069784922174e-02  1.291344276338770e-02  1.291344276338770e-02  1.291344276338770e-02  1.291344276338770e-02  0
5.633301764979550e-02  1.220925916318928e-02  1.220925916318928e-02  1.220925916318928e-02  1.220925916318928e-02  0
6.173863411039702e-02  1.190279260575241e-02  1.190279260575241e-02  1.190279260575241e-02  1.190279260575241e-02  0
6.766296393907660e-02  1.197869100999441e-02  1.197869100999441e-02  1.197869100999441e-02  1.197869100999441e-02  0
7.415578195063731e-02  1.736573076198464e-02  1.736573076198464e-02  1.736573076198464e-02  1.736573076198464e-02  0
8.127163926282939e-02  1.894459132150032e-02  1.894459132150032e-02  1.894459132150032e-02  1.894459132150032e-02  0
8.907032162190968e-02  1.952052361464946e-02  1.952052361464946e-02  1.952052361464946e-02  1.952052361464946e-02  0
9.761735170830900e-02  1.906859137042876e-02  1.906859137042876e-02  1.906859137042876e-02  1.906859137042876e-02  0
1.069845396426603e-01  1.781215879119335e-02  1.781215879119335e-02  1.781215879119335e-02  1.781215879119335e-02  0
1.172505863174089e-01  1.537072991911315e+00  1.537072991911315e+00  1.537072991911315e+00  1.537072991911315e+00  0
1.285017446230543e-01  1.335890172634954e+00  1.335890172634954e+00  1.335890172634954e+00  1.335890172634954e+00  0
1.408325441244888e-01  1.076827746137411e+00  1.076827746137411e+00  1.076827746137411e+00  1.076827746137411e+00  0
1.543465852759926e-01  8.062819368860177e-01  8.062819368860177e-01  8.062819368860177e-01  8.062819368860177e-01  0
1.691574098476915e-01  5.622920587336054e-01  5.622920587336054e-01  5.622920587336054e-01  5.622920587336054e-01  0
1.853894548765933e-01  1.013128612090189e+00  1.013128612090189e+00  1.013128612090189e+00  1.013128612090189e+00  0
2.031790981570735e-01  1.292228974785948e+00  1.292228974785948e+00  1.292228974785948e+00  1.292228974785948e+00  0
2.226758040547742e-01  1.525235182513261e+00  1.525235182513261e+00  1.525235182513261e+00  1.525235182513261e+00  0
2.440433792707725e-01  1.666279926151924e+00  1.666279926151924e+00  1.666279926151924e+00  1.666279926151924e+00  0
2.674613491066508e-01  1.685404274675319e+00  1.685404274675319e+00  1.685404274675319e+00  1.685404274675319e+00  0
2.931264657935224e-01  9.309018674941480e-02  9.309018674941480e-02  9.309018674941480e-02  9.309018674941480e-02  0
3.212543615576359e-01  1.751875370951597e-01  1.751875370951597e-01  1.751875370951597e-01  1.751875370951597e-01  0
3.520813603112219e-01  3.050974717710785e-01  3.050974717710785e-01  3.050974717710785e-01  3.050974717710785e-01  0
3.858664631899815e-01  4.916510929009803e-01  4.916510929009803e-01  4.916510929009803e-01  4.916510929009803e-01  0
4.228935246192289e-01  7.330570276400791e-01  7.330570276400791e-01  7.330570276400791e-01  7.330570276400791e-01  0
4.634736371914833e-01  1.151688365050920e-03  1.151688365050920e-03  1.151688365050920e-03  1.151688365050920e-03  0
5.079477453926837e-01  3.308819200809103e-03  3.308819200809103e-03  3.308819200809103e-03  3.308819200809103e-03  0
5.566895101369356e-01  8.638361498516664e-03  8.638361498516664e-03  8.638361498516664e-03  8.638361498516664e-03  0
6.101084481769313e-01  2.068660381694384e-02  2.068660381694384e-02  2.068660381694384e-02  2.068660381694384e-02  0
6.686533727666270e-01  4.564793509604254e-02  4.564793509604254e-02  4.564793509604254e-02  4.564793509604254e-02  0
7.328161644838057e-01  -3.535679883737545e-06  -3.535679883737545e-06  -3.535679883737545e-06  -3.535679883737545e-06  0
8.031359038940895e-01  -3.320729578841193e-07  -3.320729578841193e-07  -3.320729578841193e-07  -3.320729578841193e-07  0
8.802034007780546e-01  2.072768294527958e-05  2.072768294527958e-05  2.072768294527958e-05  2.072768294527958e-05  0
9.646661579749534e-01  1.040037015570240e-04  1.040037015570240e-04  1.040037015570240e-04  1.040037015570240e-04  0
1.057233811548072e+00  3.778459557003435e-04  3.778459557003435e-04  3.778459557003435e-04  3.778459557003435e-04  0
1.158684092978708e+00  3.550083470494948e-08  3.550083470494948e-08  3.550083470494948e-08  3.550083470494948e-08  0
1.269869363481709e+00  9.057738640976061e-08  9.057738640976061e-08  9.057738640976061e-08  9.057738640976061e-08  0
1.391723775342339e+00  2.308379739440646e-07  2.308379739440646e-07  2.308379739440646e-07  2.308379739440646e-07  0
1.525271120442328e+00  5.952545626261832e-07  5.952545626261832e-07  5.952545626261832e-07  5.952545626261832e-07  0
1.671633431916567e+00  1.591893045445552e-06  1.591893045445552e-06  1.591893045445552e-06  1.591893045445552e-06  0
1.832040411209514e+00  3.994357420090164e-10  3.994357420090164e-10  3.994357420090164e-10  3.994357420090164e-10  0
2.007839759735224e+00  8.361716128257005e-10  8.361716128257005e-10  8.361716128257005e-10  8.361716128257005e-10  0
2.200508501945136e+00  1.680882921603425e-09  1.680882921603425e-09  1.680882921603425e-09  1.680882921603425e-09  0
2.411665394937383e+00  3.426177671057750e-09  3.426177671057750e-09  3.426177671057750e-09  3.426177671057750e-09  0
2.643084528870179e+00  7.691312257394287e-09  7.691312257394287e-09  7.691312257394287e-09  7.691312257394287e-09  0
