-1.525271120442328e+00  -1.614680164624131e-18  -1.614680164624131e-18  -1.614680164624131e-18  -1.614680164624131e-18  0
-1.391723775342339e+00  -1.148992386229237e-18  -1.148992386229237e-18  -1.148992386229237e-18  -1.148992386229237e-18  0
-1.269869363481709e+00  -7.369430490397081e-19  -7.369430490397081e-19  -7.369430490397081e-19  -7.369430490397081e-19  0
-1.158684092978708e+00  -4.215908483841589e-19  -4.215908483841589e-19  -4.215908483841589e-19  -4.215908483841589e-19  0
-1.057233811548072e+00  -2.101818066162209e-19  -2.101818066162209e-19  -2.101818066162209e-19  -2.101818066162209e-19  0
-9.646661579749536e-01  3.536280754158815e-17  3.536280754158815e-17  3.536280754158815e-17  3.536280754158815e-17  0
-8.802034007780548e-01  2.551922325850299e-17  2.551922325850299e-17  2.551922325850299e-17  2.551922325850299e-17  0
-8.031359038940896e-01  1.714363392881386e-17  1.714363392881386e-17  1.714363392881386e-17  1.714363392881386e-17  0
-7.328161644838059e-01  1.079840508280043e-17  1.079840508280043e-17  1.079840508280043e-17  1.079840508280043e-17  0
-6.686533727666268e-01  6.440204887537076e-18  6.440204887537076e-18  6.440204887537076e-18  6.440204887537076e-18  0
-6.101084481769313e-01  -2.089850730190552e-17  -2.089850730190552e-17  -2.089850730190552e-17  -2.089850730190552e-17  0
-5.566895101369356e-01  -7.540414662438337e-18  -7.540414662438337e-18  -7.540414662438337e-18  -7.540414662438337e-18  0
-5.079477453926836e-01  -1.740450170637011e-18  -1.740450170637011e-18  -1.740450170637011e-18  -1.740450170637011e-18  0
-4.634736371914833e-01  1.506860330652525e-19  1.506860330652525e-19  1.506860330652525e-19  1.506860330652525e-19  0
-4.228935246192288e-01  3.608776366742218e-19  3.608776366742218e-19  3.608776366742218e-19  3.608776366742218e-19  0
-3.858664631899814e-01  3.659843997301400e-16  3.659843997301400e-16  3.659843997301400e-16  3.659843997301400e-16  0
-3.520813603112219e-01  2.160916811833798e-16  2.160916811833798e-16  2.160916811833798e-16  2.160916811833798e-16  0
-3.212543615576358e-01  1.238101993758703e-16  1.238101993758703e-16  1.238101993758703e-16  1.238101993758703e-16  0
-2.931264657935224e-01  6.931166853510065e-17  6.931166853510065e-17  6.931166853510065e-17  6.931166853510065e-17  0
-2.674613491066507e-01  3.802753395741678e-17  3.802753395741678e-17  3.802753395741678e-17  3.802753395741678e-17  0
-2.440433792707725e-01  1.287956647674306e-16  1.287956647674306e-16  1.287956647674306e-16  1.287956647674306e-16  0
-2.226758040547742e-01  9.830037339841482e-17  9.830037339841482e-17  9.830037339841482e-17  9.830037339841482e-17  0
-2.031790981570734e-01  6.604509719134057e-17  6.604509719134057e-17  6.604509719134057e-17  6.604509719134057e-17  0
-1.853894548765933e-01  3.959338546728223e-17  3.959338546728223e-17  3.959338546728223e-17  3.959338546728223e-17  0
-1.691574098476915e-01  2.115532312297185e-17  2.115532312297185e-17  2.115532312297185e-17  2.115532312297185e-17  0
-1.543465852759926e-01  -1.136730611308363e-15  -1.136730611308363e-15  -1.136730611308363e-15  -1.136730611308363e-15  0
-1.408325441244888e-01  -7.010191960871219e-16  -7.010191960871219e-16  -7.010191960871219e-16  -7.010191960871219e-16  0
-1.285017446230543e-01  -4.403695011984891e-16  -4.403695011984891e-16  -4.403695011984891e-16  -4.403695011984891e-16  0
-1.172505863174090e-01  -2.880950811277296e-16  -2.880950811277296e-16  -2.880950811277296e-16  -2.880950811277296e-16  0
-1.069845396426603e-01  -1.964427691350611e-16  -1.964427691350611e-16  -1.964427691350611e-16  -1.964427691350611e-16  0
-9.761735170830896e-02  -9.199036929617145e-16  -9.199036929617145e-16  -9.199036929617145e-16  -9.199036929617145e-16  0
-8.907032162190963e-02  -3.016219034169470e-16  -3.016219034169470e-16  -3.016219034169470e-16  -3.016219034169470e-16  0
-8.127163926282933e-02  2.826683956334961e-17  2.826683956334961e-17  2.826683956334961e-17  2.826683956334961e-17  0
-7.415578195063728e-02  1.673668105630933e-16  1.673668105630933e-16  1.673668105630933e-16  1.673668105630933e-16  0
-6.766296393907657e-02  1.948877224290690e-16  1.948877224290690e-16  1.948877224290690e-16  1.948877224290690e-16  0
-6.173863411039700e-02  2.152575587462305e-15  2.152575587462305e-15  2.152575587462305e-15  2.152575587462305e-15  0
-5.633301764979549e-02  1.572126421589333e-15  1.572126421589333e-15  1.572126421589333e-15  1.572126421589333e-15  0
-5.140069784922172e-02  1.185277619802292e-15  1.185277619802292e-15  1.185277619802292e-15  1.185277619802292e-15  0
-4.690023452696356e-02  9.196798297226320e-16  9.196798297226320e-16  9.196798297226320e-16  9.196798297226320e-16  0
-4.279381585706410e-02  7.190224478731860e-16  7.190224478731860e-16  7.190224478731860e-16  7.190224478731860e-16  0
-3.904694068332359e-02  3.769366261250556e-16  3.769366261250556e-16  3.769366261250556e-16  3.769366261250556e-16  0
-3.562812864876386e-02  8.794812563143059e-16  8.794812563143059e-16  8.794812563143059e-16  8.794812563143059e-16  0
-3.250865570513174e-02  8.762103403250514e-16  8.762103403250514e-16  8.762103403250514e-16  8.762103403250514e-16  0
-2.966231278025492e-02  6.624451076291861e-16  6.624451076291861e-16  6.624451076291861e-16  6.624451076291861e-16  0
-2.706518557563063e-02  4.181028864682190e-16  4.181028864682190e-16  4.181028864682190e-16  4.181028864682190e-16  0
-2.469545364415880e-02  -3.736368496604614e-14  -3.736368496604614e-14  -3.736368496604614e-14  -3.736368496604614e-14  0
-2.253320705991819e-02  -2.003465568902067e-14  -2.003465568902067e-14  -2.003465568902067e-14  -2.003465568902067e-14  0
-2.056027913968868e-02  -1.004320292127826e-14  -1.004320292127826e-14  -1.004320292127826e-14  -1.004320292127826e-14  0
-1.876009381078543e-02  -4.706562726027111e-15  -4.706562726027111e-15  -4.706562726027111e-15  -4.706562726027111e-15  0
-1.711752634282564e-02  -2.051670679924452e-15  -2.051670679924452e-15  -2.051670679924452e-15  -2.051670679924452e-15  0
-1.561877627332943e-02  -1.455024783911814e-14  -1.455024783911814e-14  -1.455024783911814e-14  -1.455024783911814e-14  0
-1.425125145950554e-02  -2.651824563211792e-15  -2.651824563211792e-15  -2.651824563211792e-15  -2.651824563211792e-15  0
-1.300346228205270e-02  3.419306038411066e-15  3.419306038411066e-15  3.419306038411066e-15  3.419306038411066e-15  0
-1.186492511210197e-02  5.468398161931814e-15  5.468398161931814e-15  5.468398161931814e-15  5.468398161931814e-15  0
-1.082607423025225e-02  5.235466456907101e-15  5.235466456907101e-15  5.235466456907101e-15  5.235466456907101e-15  0
-9.878181457663520e-03  -3.390703204716513e-13  -3.390703204716513e-13  -3.390703204716513e-13  -3.390703204716513e-13  0
-9.013282823967277e-03  -1.887517347333952e-13  -1.887517347333952e-13  -1.887517347333952e-13  -1.887517347333952e-13  0
-8.224111655875473e-03  -9.301406708492043e-14  -9.301406708492043e-14  -9.301406708492043e-14  -9.301406708492043e-14  0
-7.504037524314169e-03  -3.858336941194551e-14  -3.858336941194551e-14  -3.858336941194551e-14  -3.858336941194551e-14  0
-6.847010537130255e-03  -1.109967174795644e-14  -1.109967174795644e-14  -1.109967174795644e-14  -1.109967174795644e-14  0
-6.247510509331773e-03  -2.545989616699487e-13  -2.545989616699487e-13  -2.545989616699487e-13  -2.545989616699487e-13  0
-5.700500583802216e-03  -1.366098242338162e-13  -1.366098242338162e-13  -1.366098242338162e-13  -1.366098242338162e-13  0
-5.201384912821078e-03  -5.723762317831494e-14  -5.723762317831494e-14  -5.723762317831494e-14  -5.723762317831494e-14  0
-4.745970044840786e-03  -1.145533632934535e-14  -1.145533632934535e-14  -1.145533632934535e-14  -1.145533632934535e-14  0
-4.330429692100900e-03  9.619218629541261e-15  9.619218629541261e-15  9.619218629541261e-15  9.619218629541261e-15  0
-3.951272583065408e-03  -1.261836584231354e-12  -1.261836584231354e-12  -1.261836584231354e-12  -1.261836584231354e-12  0
-3.605313129586911e-03  -1.009919619298780e-12  -1.009919619298780e-12  -1.009919619298780e-12  -1.009919619298780e-12  0
-3.289644662350189e-03  -7.019057069460507e-13  -7.019057069460507e-13  -7.019057069460507e-13  -7.019057069460507e-13  0
-3.001615009725668e-03  -4.292957279577301e-13  -4.292957279577301e-13  -4.292957279577301e-13  -4.292957279577301e-13  0
-2.738804214852102e-03  -2.284734423964342e-13  -2.284734423964342e-13  -2.284734423964342e-13  -2.284734423964342e-13  0
-2.499004203732710e-03  -3.444990399453495e-13  -3.444990399453495e-13  -3.444990399453495e-13  -3.444990399453495e-13  0
-2.280200233520887e-03  -3.478647594221840e-13  -3.478647594221840e-13  -3.478647594221840e-13  -3.478647594221840e-13  0
-2.080553965128431e-03  -2.818162059339038e-13  -2.818162059339038e-13  -2.818162059339038e-13  -2.818162059339038e-13  0
-1.898388017936315e-03  -1.916233804699274e-13  -1.916233804699274e-13  -1.916233804699274e-13  -1.916233804699274e-13  0
-1.732171876840360e-03  -1.080469506188948e-13  -1.080469506188948e-13  -1.080469506188948e-13  -1.080469506188948e-13  0
-1.580509033226163e-03  1.006216467395262e-13  1.006216467395262e-13  1.006216467395262e-13  1.006216467395262e-13  0
-1.442125251834764e-03  -4.260223158414022e-13  -4.260223158414022e-13  -4.260223158414022e-13  -4.260223158414022e-13  0
-1.315857864940076e-03  -6.324100200614402e-13  -6.324100200614402e-13  -6.324100200614402e-13  -6.324100200614402e-13  0
-1.200646003890267e-03  -6.353273311534098e-13  -6.353273311534098e-13  -6.353273311534098e-13  -6.353273311534098e-13  0
-1.095521685940841e-03  -5.295698957555226e-13  -5.295698957555226e-13  -5.295698957555226e-13  -5.295698957555226e-13  0
-9.996016814930839e-04  5.548475473634239e-14  5.548475473634239e-14  5.548475473634239e-14  5.548475473634239e-14  0
-9.120800934083548e-04  -4.612118090822347e-14  -4.612118090822347e-14  -4.612118090822347e-14  -4.612118090822347e-14  0
-8.322215860513725e-04  -9.502706184954149e-14  -9.502706184954149e-14  -9.502706184954149e-14  -9.502706184954149e-14  0
-7.593552071745259e-04  -1.050036709879203e-13  -1.050036709879203e-13  -1.050036709879203e-13  -1.050036709879203e-13  0
-6.928687507361442e-04  -9.284820150167370e-14  -9.284820150167370e-14  -9.284820150167370e-14  -9.284820150167370e-14  0
-6.322036132904654e-04  1.028246649123068e-12  1.028246649123068e-12  1.028246649123068e-12  1.028246649123068e-12  0
-5.768501007339059e-04  2.635331410794509e-13  2.635331410794509e-13  2.635331410794509e-13  2.635331410794509e-13  0
-5.263431459760304e-04  -1.579603044657361e-13  -1.579603044657361e-13  -1.579603044657361e-13  -1.579603044657361e-13  0
-4.802584015561070e-04  -3.471108092425194e-13  -3.471108092425194e-13  -3.471108092425194e-13  -3.471108092425194e-13  0
-4.382086743763364e-04  -3.897379240247822e-13  -3.897379240247822e-13  -3.897379240247822e-13  -3.897379240247822e-13  0
-3.998406725972335e-04  1.734903159044358e-13  1.734903159044358e-13  1.734903159044358e-13  1.734903159044358e-13  0
-3.648320373633419e-04  2.486324930493073e-14  2.486324930493073e-14  2.486324930493073e-14  2.486324930493073e-14  0
-3.328886344205490e-04  -5.076253078468932e-14  -5.076253078468932e-14  -5.076253078468932e-14  -5.076253078468932e-14  0
-3.037420828698103e-04  -7.247769103667145e-14  -7.247769103667145e-14  -7.247769103667145e-14  -7.247769103667145e-14  0
-2.771475002944577e-04  -6.472322536892107e-14  -6.472322536892107e-14  -6.472322536892107e-14  -6.472322536892107e-14  0
-2.528814453161862e-04  1.118660220659302e-13  1.118660220659302e-13  1.118660220659302e-13  1.118660220659302e-13  0
-2.307400402935623e-04  -2.483958574363208e-13  -2.483958574363208e-13  -2.483958574363208e-13  -2.483958574363208e-13  0
-2.105372583904122e-04  -4.533179185983587e-13  -4.533179185983587e-13  -4.533179185983587e-13  -4.533179185983587e-13  0
-1.921033606224428e-04  -5.348387628665934e-13  -5.348387628665934e-13  -5.348387628665934e-13  -5.348387628665934e-13  0
-1.752834697505346e-04  -5.243375408899313e-13  -5.243375408899313e-13  -5.243375408899313e-13  -5.243375408899313e-13  0
-1.599362690388934e-04  1.205598261372599e-13  1.205598261372599e-13  1.205598261372599e-13  1.205598261372599e-13  0
-1.459328149453367e-04  4.244783868406109e-14  4.244783868406109e-14  4.244783868406109e-14  4.244783868406109e-14  0
-1.331554537682196e-04  9.117171341233499e-15  9.117171341233499e-15  9.117171341233499e-15  9.117171341233499e-15  0
-1.214968331479241e-04  1.330312755019708e-15  1.330312755019708e-15  1.330312755019708e-15  1.330312755019708e-15  0
-1.108590001177830e-04  3.330237492129153e-15  3.330237492129153e-15  3.330237492129153e-15  3.330237492129153e-15  0
-1.011525781264745e-04  1.609232895429226e-12  1.609232895429226e-12  1.609232895429226e-12  1.609232895429226e-12  0
-9.229601611742493e-05  7.470746968850817e-13  7.470746968850817e-13  7.470746968850817e-13  7.470746968850817e-13  0
-8.421490335616486e-05  2.605648182567976e-13  2.605648182567976e-13  2.605648182567976e-13  2.605648182567976e-13  0
-7.684134424897711e-05  1.556635407597131e-14  1.556635407597131e-14  1.556635407597131e-14  1.556635407597131e-14  0
-7.011338790021382e-05  -8.672974475981174e-14  -8.672974475981174e-14  -8.672974475981174e-14  -8.672974475981174e-14  0
-6.397450761555736e-05  -1.593172191361475e-12  -1.593172191361475e-12  -1.593172191361475e-12  -1.593172191361475e-12  0
-5.837312597813469e-05  -1.015472165502111e-12  -1.015472165502111e-12  -1.015472165502111e-12  -1.015472165502111e-12  0
-5.326218150728784e-05  -6.879488737699740e-13  -6.879488737699740e-13  -6.879488737699740e-13  -6.879488737699740e-13  0
-4.859873325916965e-05  -4.892594121623178e-13  -4.892594121623178e-13  -4.892594121623178e-13  -4.892594121623178e-13  0
-4.434360004711322e-05  -3.522203588122979e-13  -3.522203588122979e-13  -3.522203588122979e-13  -3.522203588122979e-13  0
-4.046103125058979e-05  1.890665690108755e-13  1.890665690108755e-13  1.890665690108755e-13  1.890665690108755e-13  0
-3.691840644696997e-05  -5.384338577095072e-14  -5.384338577095072e-14  -5.384338577095072e-14  -5.384338577095072e-14  0
-3.368596134246595e-05  -1.987975359893659e-13  -1.987975359893659e-13  -1.987975359893659e-13  -1.987975359893659e-13  0
-3.073653769959084e-05  -2.814276671325508e-13  -2.814276671325508e-13  -2.814276671325508e-13  -2.814276671325508e-13  0
-2.804535516008553e-05  -3.141228630635451e-13  -3.141228630635451e-13  -3.141228630635451e-13  -3.141228630635451e-13  0
-2.558980304622295e-05  -8.883776078959062e-14  -8.883776078959062e-14  -8.883776078959062e-14  -8.883776078959062e-14  0
-2.334925039125388e-05  9.847966989154267e-14  9.847966989154267e-14  9.847966989154267e-14  9.847966989154267e-14  0
-2.130487260291513e-05  2.417201401452869e-13  2.417201401452869e-13  2.417201401452869e-13  2.417201401452869e-13  0
-1.943949330366786e-05  3.351483710996167e-13  3.351483710996167e-13  3.351483710996167e-13  3.351483710996167e-13  0
-1.773744001884529e-05  3.722302223792246e-13  3.722302223792246e-13  3.722302223792246e-13  3.722302223792246e-13  0
-1.618441250023591e-05  7.913646789710854e-12  7.913646789710854e-12  7.913646789710854e-12  7.913646789710854e-12  0
-1.476736257878799e-05  3.895850040945368e-12  3.895850040945368e-12  3.895850040945368e-12  3.895850040945368e-12  0
-1.347438453698638e-05  1.672512995232591e-12  1.672512995232591e-12  1.672512995232591e-12  1.672512995232591e-12  0
-1.229461507983634e-05  5.538484628864714e-13  5.538484628864714e-13  5.538484628864714e-13  5.538484628864714e-13  0
-1.121814206403421e-05  5.416090017570102e-14  5.416090017570102e-14  5.416090017570102e-14  5.416090017570102e-14  0
-1.023592121848918e-05  -3.743169034028891e-12  -3.743169034028891e-12  -3.743169034028891e-12  -3.743169034028891e-12  0
-9.339700156501553e-06  -2.583696027995621e-12  -2.583696027995621e-12  -2.583696027995621e-12  -2.583696027995621e-12  0
-8.521949041166055e-06  -1.911635693751025e-12  -1.911635693751025e-12  -1.911635693751025e-12  -1.911635693751025e-12  0
-7.775797321467145e-06  -1.435617697399790e-12  -1.435617697399790e-12  -1.435617697399790e-12  -1.435617697399790e-12  0
-7.094976007538116e-06  -1.038548230571703e-12  -1.038548230571703e-12  -1.038548230571703e-12  -1.038548230571703e-12  0
-6.473765000094365e-06  1.598871642653884e-12  1.598871642653884e-12  1.598871642653884e-12  1.598871642653884e-12  0
-5.906945031515196e-06  -5.176675908488187e-14  -5.176675908488187e-14  -5.176675908488187e-14  -5.176675908488187e-14  0
-5.389753814794551e-06  -1.039378026456071e-12  -1.039378026456071e-12  -1.039378026456071e-12  -1.039378026456071e-12  0
-4.917846031934535e-06  -1.571659419443657e-12  -1.571659419443657e-12  -1.571659419443657e-12  -1.571659419443657e-12  0
-4.487256825613684e-06  -1.756248574601195e-12  -1.756248574601195e-12  -1.756248574601195e-12  -1.756248574601195e-12  0
-4.094368487395672e-06  -7.277166211512580e-11  -7.277166211512580e-11  -7.277166211512580e-11  -7.277166211512580e-11  0
-3.735880062600621e-06  -3.938912560994314e-11  -3.938912560994314e-11  -3.938912560994314e-11  -3.938912560994314e-11  0
-3.408779616466422e-06  -2.031556756827074e-11  -2.031556756827074e-11  -2.031556756827074e-11  -2.031556756827074e-11  0
-3.110318928586858e-06  -1.003669853395804e-11  -1.003669853395804e-11  -1.003669853395804e-11  -1.003669853395804e-11  0
-2.837990403015247e-06  -4.727799622547850e-12  -4.727799622547850e-12  -4.727799622547850e-12  -4.727799622547850e-12  0
-2.589506000037746e-06  -7.647276116534167e-11  -7.647276116534167e-11  -7.647276116534167e-11  -7.647276116534167e-11  0
-2.362778012606078e-06  -3.810340594951158e-11  -3.810340594951158e-11  -3.810340594951158e-11  -3.810340594951158e-11  0
-2.155901525917820e-06  -1.637102081870350e-11  -1.637102081870350e-11  -1.637102081870350e-11  -1.637102081870350e-11  0
-1.967138412773814e-06  -5.466429513014877e-12  -5.466429513014877e-12  -5.466429513014877e-12  -5.466429513014877e-12  0
-1.794902730245474e-06  -8.046579495899159e-13  -8.046579495899159e-13  -8.046579495899159e-13  -8.046579495899159e-13  0
-1.637747394958271e-06  -1.906993419577378e-11  -1.906993419577378e-11  -1.906993419577378e-11  -1.906993419577378e-11  0
-1.494352025040251e-06  9.286772787342427e-12  9.286772787342427e-12  9.286772787342427e-12  9.286772787342427e-12  0
-1.363511846586571e-06  2.504717181238888e-11  2.504717181238888e-11  2.504717181238888e-11  2.504717181238888e-11  0
-1.244127571434745e-06  3.113318598973196e-11  3.113318598973196e-11  3.113318598973196e-11  3.113318598973196e-11  0
-1.135196161206100e-06  3.058218182480678e-11  3.058218182480678e-11  3.058218182480678e-11  3.058218182480678e-11  0
-1.035802400015100e-06  -2.881265767161260e-10  -2.881265767161260e-10  -2.881265767161260e-10  -2.881265767161260e-10  0
-9.451112050424327e-07  -1.426971597996802e-10  -1.426971597996802e-10  -1.426971597996802e-10  -1.426971597996802e-10  0
-8.623606103671294e-07  -6.005526833502615e-11  -6.005526833502615e-11  -6.005526833502615e-11  -6.005526833502615e-11  0
-7.868553651095268e-07  -1.737494000332232e-11  -1.737494000332232e-11  -1.737494000332232e-11  -1.737494000332232e-11  0
-7.179610920981906e-07  2.068287812505305e-12  2.068287812505305e-12  2.068287812505305e-12  2.068287812505305e-12  0
-6.550989579833085e-07  -2.590229362114208e-10  -2.590229362114208e-10  -2.590229362114208e-10  -2.590229362114208e-10  0
-5.977408100161003e-07  -1.154543893614890e-10  -1.154543893614890e-10  -1.154543893614890e-10  -1.154543893614890e-10  0
-5.454047386346284e-07  -3.333167674826111e-11  -3.333167674826111e-11  -3.333167674826111e-11  -3.333167674826111e-11  0
-4.976510285738981e-07  6.987219078228929e-12  6.987219078228929e-12  6.987219078228929e-12  6.987219078228929e-12  0
-4.540784644824401e-07  2.201016661779159e-11  2.201016661779159e-11  2.201016661779159e-11  2.201016661779159e-11  0
-4.143209600060400e-07  1.122619333551730e-09  1.122619333551730e-09  1.122619333551730e-09  1.122619333551730e-09  0
-3.780444820169731e-07  6.798264480309111e-10  6.798264480309111e-10  6.798264480309111e-10  6.798264480309111e-10  0
-3.449442441468518e-07  4.293547193382148e-10  4.293547193382148e-10  4.293547193382148e-10  4.293547193382148e-10  0
-3.147421460438107e-07  2.894042301065477e-10  2.894042301065477e-10  2.894042301065477e-10  2.894042301065477e-10  0
-2.871844368392763e-07  2.056073809483473e-10  2.056073809483473e-10  2.056073809483473e-10  2.056073809483473e-10  0
-2.620395831933234e-07  1.726137228597727e-10  1.726137228597727e-10  1.726137228597727e-10  1.726137228597727e-10  0
-2.390963240064401e-07  3.837412835060091e-11  3.837412835060091e-11  3.837412835060091e-11  3.837412835060091e-11  0
-2.181618954538513e-07  -3.504034221554685e-11  -3.504034221554685e-11  -3.504034221554685e-11  -3.504034221554685e-11  0
-1.990604114295592e-07  -6.030113875291205e-11  -6.030113875291205e-11  -6.030113875291205e-11  -6.030113875291205e-11  0
-1.816313857929761e-07  -5.621963450647815e-11  -5.621963450647815e-11  -5.621963450647815e-11  -5.621963450647815e-11  0
-1.657283840024160e-07  2.220838212889253e-09  2.220838212889253e-09  2.220838212889253e-09  2.220838212889253e-09  0
-1.512177928067893e-07  1.058077439018137e-09  1.058077439018137e-09  1.058077439018137e-09  1.058077439018137e-09  0
-1.379776976587407e-07  3.894409277519868e-10  3.894409277519868e-10  3.894409277519868e-10  3.894409277519868e-10  0
-1.258968584175243e-07  4.113486499436802e-11  4.113486499436802e-11  4.113486499436802e-11  4.113486499436802e-11  0
-1.148737747357105e-07  -1.143155056488081e-10  -1.143155056488081e-10  -1.143155056488081e-10  -1.143155056488081e-10  0
-1.048158332773293e-07  6.397906603054168e-10  6.397906603054168e-10  6.397906603054168e-10  6.397906603054168e-10  0
-9.563852960257603e-08  2.426357378888744e-10  2.426357378888744e-10  2.426357378888744e-10  2.426357378888744e-10  0
-8.726475818154052e-08  1.035177762594562e-11  1.035177762594562e-11  1.035177762594562e-11  1.035177762594562e-11  0
-7.962416457182368e-08  -9.405723736875383e-11  -9.405723736875383e-11  -9.405723736875383e-11  -9.405723736875383e-11  0
-7.265255431719042e-08  -1.176588437306006e-10  -1.176588437306006e-10  -1.176588437306006e-10  -1.176588437306006e-10  0
-6.629135360096640e-08  6.553777016508414e-09  6.553777016508414e-09  6.553777016508414e-09  6.553777016508414e-09  0
-6.048711712271569e-08  3.282241167894479e-09  3.282241167894479e-09  3.282241167894479e-09  3.282241167894479e-09  0
-5.519107906349629e-08  1.402807470393772e-09  1.402807470393772e-09  1.402807470393772e-09  1.402807470393772e-09  0
-5.035874336700971e-08  4.093779813438538e-10  4.093779813438538e-10  4.093779813438538e-10  4.093779813438538e-10  0
-4.594950989428420e-08  -6.031014906004773e-11  -6.031014906004773e-11  -6.031014906004773e-11  -6.031014906004773e-11  0
-4.192633331093174e-08  3.933284173324444e-09  3.933284173324444e-09  3.933284173324444e-09  3.933284173324444e-09  0
-3.825541184103042e-08  1.701000842465522e-09  1.701000842465522e-09  1.701000842465522e-09  1.701000842465522e-09  0
-3.490590327261621e-08  4.193725776468832e-10  4.193725776468832e-10  4.193725776468832e-10  4.193725776468832e-10  0
-3.184966582872947e-08  -1.913132735905508e-10  -1.913132735905508e-10  -1.913132735905508e-10  -1.913132735905508e-10  0
-2.906102172687617e-08  -3.932204193954217e-10  -3.932204193954217e-10  -3.932204193954217e-10  -3.932204193954217e-10  0
-2.651654144038656e-08  8.575873040187810e-09  8.575873040187810e-09  8.575873040187810e-09  8.575873040187810e-09  0
-2.419484684908628e-08  3.458750123304258e-09  3.458750123304258e-09  3.458750123304258e-09  3.458750123304258e-09  0
-2.207643162539852e-08  4.731670424725440e-10  4.731670424725440e-10  4.731670424725440e-10  4.731670424725440e-10  0
-2.014349734680389e-08  -1.044800523369530e-09  -1.044800523369530e-09  -1.044800523369530e-09  -1.044800523369530e-09  0
-1.837980395771368e-08  -1.623191087896343e-09  -1.623191087896343e-09  -1.623191087896343e-09  -1.623191087896343e-09  0
-1.677053332437270e-08  1.426393177517536e-08  1.426393177517536e-08  1.426393177517536e-08  1.426393177517536e-08  0
-1.530216473641217e-08  6.884211887496672e-09  6.884211887496672e-09  6.884211887496672e-09  6.884211887496672e-09  0
-1.396236130904649e-08  2.680038441041502e-09  2.680038441041502e-09  2.680038441041502e-09  2.680038441041502e-09  0
-1.273986633149179e-08  5.477862532760392e-10  5.477862532760392e-10  5.477862532760392e-10  5.477862532760392e-10  0
-1.162440869075047e-08  -3.665101647098893e-10  -3.665101647098893e-10  -3.665101647098893e-10  -3.665101647098893e-10  0
-1.060661657615463e-08  2.761699668870677e-08  2.761699668870677e-08  2.761699668870677e-08  2.761699668870677e-08  0
-9.677938739634512e-09  1.263171418317235e-08  1.263171418317235e-08  1.263171418317235e-08  1.263171418317235e-08  0
-8.830572650159406e-09  4.118590288769928e-09  4.118590288769928e-09  4.118590288769928e-09  4.118590288769928e-09  0
-8.057398938721554e-09  -1.152885880659091e-10  -1.152885880659091e-10  -1.152885880659091e-10  -1.152885880659091e-10  0
-7.351921583085473e-09  -1.798519217124981e-09  -1.798519217124981e-09  -1.798519217124981e-09  -1.798519217124981e-09  0
-6.708213329749079e-09  5.977468733905063e-08  5.977468733905063e-08  5.977468733905063e-08  5.977468733905063e-08  0
-6.120865894564868e-09  2.908927647470724e-08  2.908927647470724e-08  2.908927647470724e-08  2.908927647470724e-08  0
-5.584944523618594e-09  1.152605314692004e-08  1.152605314692004e-08  1.152605314692004e-08  1.152605314692004e-08  0
-5.095946532596716e-09  2.514604772056976e-09  2.514604772056976e-09  2.514604772056976e-09  2.514604772056976e-09  0
-4.649763476300187e-09  -1.434526158908079e-09  -1.434526158908079e-09  -1.434526158908079e-09  -1.434526158908079e-09  0
-4.242646630461849e-09  -3.009070235420960e-08  -3.009070235420960e-08  -3.009070235420960e-08  -3.009070235420960e-08  0
-3.871175495853804e-09  -2.517817339680169e-08  -2.517817339680169e-08  -2.517817339680169e-08  -2.517817339680169e-08  0
-3.532229060063762e-09  -2.243211326722041e-08  -2.243211326722041e-08  -2.243211326722041e-08  -2.243211326722041e-08  0
-3.222959575488621e-09  -1.986980329453440e-08  -1.986980329453440e-08  -1.986980329453440e-08  -1.986980329453440e-08  0
-2.940768633234189e-09  -1.677656959817410e-08  -1.677656959817410e-08  -1.677656959817410e-08  -1.677656959817410e-08  0
-2.683285331899631e-09  1.216237382883091e-08  1.216237382883091e-08  1.216237382883091e-08  1.216237382883091e-08  0
-2.448346357825947e-09  -9.980023276305293e-10  -9.980023276305293e-10  -9.980023276305293e-10  -9.980023276305293e-10  0
-2.233977809447438e-09  -8.513420860796892e-09  -8.513420860796892e-09  -8.513420860796892e-09  -8.513420860796892e-09  0
-2.038378613038686e-09  -1.214229753987258e-08  -1.214229753987258e-08  -1.214229753987258e-08  -1.214229753987258e-08  0
-1.859905390520075e-09  -1.304255818439298e-08  -1.304255818439298e-08  -1.304255818439298e-08  -1.304255818439298e-08  0
-1.697058652184740e-09  1.414517862698215e-07  1.414517862698215e-07  1.414517862698215e-07  1.414517862698215e-07  0
-1.548470198341522e-09  8.080418752839877e-08  8.080418752839877e-08  8.080418752839877e-08  8.080418752839877e-08  0
-1.412891624025505e-09  4.650953790574754e-08  4.650953790574754e-08  4.650953790574754e-08  4.650953790574754e-08  0
-1.289183830195449e-09  2.824670841754012e-08  2.824670841754012e-08  2.824670841754012e-08  2.824670841754012e-08  0
-1.176307453293676e-09  1.852949210778159e-08  1.852949210778159e-08  1.852949210778159e-08  1.852949210778159e-08  0
-1.073314132759852e-09  4.505102782413934e-08  4.505102782413934e-08  4.505102782413934e-08  4.505102782413934e-08  0
-9.793385431303785e-10  7.528531475878591e-09  7.528531475878591e-09  7.528531475878591e-09  7.528531475878591e-09  0
-8.935911237789750e-10  -1.395028318552510e-08  -1.395028318552510e-08  -1.395028318552510e-08  -1.395028318552510e-08  0
-8.153514452154745e-10  -2.316520686907481e-08  -2.316520686907481e-08  -2.316520686907481e-08  -2.316520686907481e-08  0
-7.439621562080298e-10  -2.426802872591190e-08  -2.426802872591190e-08  -2.426802872591190e-08  -2.426802872591190e-08  0
-6.788234608738959e-10  2.630871141360483e-08  2.630871141360483e-08  2.630871141360483e-08  2.630871141360483e-08  0
-6.193880793366086e-10  -3.379737185744393e-09  -3.379737185744393e-09  -3.379737185744393e-09  -3.379737185744393e-09  0
-5.651566496102019e-10  -2.080079137579213e-08  -2.080079137579213e-08  -2.080079137579213e-08  -2.080079137579213e-08  0
-5.156735320781795e-10  -2.875282354706770e-08  -2.875282354706770e-08  -2.875282354706770e-08  -2.875282354706770e-08  0
-4.705229813174702e-10  -2.993269209927502e-08  -2.993269209927502e-08  -2.993269209927502e-08  -2.993269209927502e-08  0
-4.293256531039410e-10  1.833677289470645e-07  1.833677289470645e-07  1.833677289470645e-07  1.833677289470645e-07  0
-3.917354172521515e-10  9.331350945479681e-08  9.331350945479681e-08  9.331350945479681e-08  9.331350945479681e-08  0
-3.574364495115900e-10  4.221211240039239e-08  4.221211240039239e-08  4.221211240039239e-08  4.221211240039239e-08  0
-3.261405780861898e-10  1.601734589209760e-08  1.601734589209760e-08  1.601734589209760e-08  1.601734589209760e-08  0
-2.975848624832120e-10  4.039251549333739e-09  4.039251549333739e-09  4.039251549333739e-09  4.039251549333739e-09  0
-2.715293843495584e-10  1.077384601450371e-10  1.077384601450371e-10  1.077384601450371e-10  1.077384601450371e-10  0
-2.477552317346435e-10  8.968861982072146e-11  8.968861982072146e-11  8.968861982072146e-11  8.968861982072146e-11  0
-2.260626598440808e-10  7.477450515181058e-11  7.477450515181058e-11  7.477450515181058e-11  7.477450515181058e-11  0
-2.062694128312718e-10  6.233502501104893e-11  6.233502501104893e-11  6.233502501104893e-11  6.233502501104893e-11  0
-1.882091925269881e-10  5.183861988767655e-11  5.183861988767655e-11  5.183861988767655e-11  5.183861988767655e-11  0
1.882091925269881e-10  3.018235065066653e-11  3.018235065066653e-11  3.018235065066653e-11  3.018235065066653e-11  0
2.062694128312718e-10  3.393122832323401e-11  3.393122832323401e-11  3.393122832323401e-11  3.393122832323401e-11  0
2.260626598440808e-10  3.677283865452060e-11  3.677283865452060e-11  3.677283865452060e-11  3.677283865452060e-11  0
2.477552317346435e-10  3.998392574296145e-11  3.998392574296145e-11  3.998392574296145e-11  3.998392574296145e-11  0
2.715293843495584e-10  4.591941256248872e-11  4.591941256248872e-11  4.591941256248872e-11  4.591941256248872e-11  0
2.975848624832120e-10  2.951667228728022e-08  2.951667228728022e-08  2.951667228728022e-08  2.951667228728022e-08  0
3.261405780861898e-10  2.626747573562004e-08  2.626747573562004e-08  2.626747573562004e-08  2.626747573562004e-08  0
3.574364495115900e-10  9.426519672283828e-09  9.426519672283828e-09  9.426519672283828e-09  9.426519672283828e-09  0
3.917354172521515e-10  -2.965444705944496e-08  -2.965444705944496e-08  -2.965444705944496e-08  -2.965444705944496e-08  0
4.293256531039410e-10  -1.001903569708034e-07  -1.001903569708034e-07  -1.001903569708034e-07  -1.001903569708034e-07  0
4.705229813174702e-10  2.359810736256505e-08  2.359810736256505e-08  2.359810736256505e-08  2.359810736256505e-08  0
5.156735320781795e-10  1.590680336810303e-08  1.590680336810303e-08  1.590680336810303e-08  1.590680336810303e-08  0
5.651566496102019e-10  -4.908739550467009e-09  -4.908739550467009e-09  -4.908739550467009e-09  -4.908739550467009e-09  0
6.193880793366086e-10  -4.640301198022493e-08  -4.640301198022493e-08  -4.640301198022493e-08  -4.640301198022493e-08  0
6.788234608738959e-10  -1.181097225950697e-07  -1.181097225950697e-07  -1.181097225950697e-07  -1.181097225950697e-07  0
7.439621562080298e-10  1.870622162310479e-08  1.870622162310479e-08  1.870622162310479e-08  1.870622162310479e-08  0
8.153514452154745e-10  1.512951631665535e-08  1.512951631665535e-08  1.512951631665535e-08  1.512951631665535e-08  0
8.935911237789750e-10  1.609256743064800e-09  1.609256743064800e-09  1.609256743064800e-09  1.609256743064800e-09  0
9.793385431303785e-10  -2.763149523835027e-08  -2.763149523835027e-08  -2.763149523835027e-08  -2.763149523835027e-08  0
1.073314132759852e-09  -7.870651615903048e-08  -7.870651615903048e-08  -7.870651615903048e-08  -7.870651615903048e-08  0
1.176307453293676e-09  -2.084615364929315e-08  -2.084615364929315e-08  -2.084615364929315e-08  -2.084615364929315e-08  0
1.289183830195449e-09  -3.125121427690004e-08  -3.125121427690004e-08  -3.125121427690004e-08  -3.125121427690004e-08  0
1.412891624025505e-09  -5.044591654487347e-08  -5.044591654487347e-08  -5.044591654487347e-08  -5.044591654487347e-08  0
1.548470198341522e-09  -8.623595305031760e-08  -8.623595305031760e-08  -8.623595305031760e-08  -8.623595305031760e-08  0
1.697058652184740e-09  -1.495079573007390e-07  -1.495079573007390e-07  -1.495079573007390e-07  -1.495079573007390e-07  0
1.859905390520075e-09  1.259952222191569e-08  1.259952222191569e-08  1.259952222191569e-08  1.259952222191569e-08  0
2.038378613038686e-09  1.226296346088715e-08  1.226296346088715e-08  1.226296346088715e-08  1.226296346088715e-08  0
2.233977809447438e-09  9.858769803849161e-09  9.858769803849161e-09  9.858769803849161e-09  9.858769803849161e-09  0
2.448346357825947e-09  4.639392510581102e-09  4.639392510581102e-09  4.639392510581102e-09  4.639392510581102e-09  0
2.683285331899631e-09  -4.594171272834257e-09  -4.594171272834257e-09  -4.594171272834257e-09  -4.594171272834257e-09  0
2.940768633234189e-09  1.594727555423891e-08  1.594727555423891e-08  1.594727555423891e-08  1.594727555423891e-08  0
3.222959575488621e-09  1.898701781502334e-08  1.898701781502334e-08  1.898701781502334e-08  1.898701781502334e-08  0
3.532229060063762e-09  2.167790764450979e-08  2.167790764450979e-08  2.167790764450979e-08  2.167790764450979e-08  0
3.871175495853804e-09  2.482888306432056e-08  2.482888306432056e-08  2.482888306432056e-08  2.482888306432056e-08  0
4.242646630461849e-09  3.049817300806875e-08  3.049817300806875e-08  3.049817300806875e-08  3.049817300806875e-08  0
4.649763476300187e-09  2.069326165580671e-09  2.069326165580671e-09  2.069326165580671e-09  2.069326165580671e-09  0
5.095946532596716e-09  -1.553160772727345e-09  -1.553160772727345e-09  -1.553160772727345e-09  -1.553160772727345e-09  0
5.584944523618594e-09  -9.990990235418797e-09  -9.990990235418797e-09  -9.990990235418797e-09  -9.990990235418797e-09  0
6.120865894564868e-09  -2.653541947679799e-08  -2.653541947679799e-08  -2.653541947679799e-08  -2.653541947679799e-08  0
6.708213329749079e-09  -5.548230242582974e-08  -5.548230242582974e-08  -5.548230242582974e-08  -5.548230242582974e-08  0
7.351921583085473e-09  2.317983461679260e-09  2.317983461679260e-09  2.317983461679260e-09  2.317983461679260e-09  0
8.057398938721554e-09  8.137739005812906e-10  8.137739005812906e-10  8.137739005812906e-10  8.137739005812906e-10  0
8.830572650159406e-09  -3.197840376249199e-09  -3.197840376249199e-09  -3.197840376249199e-09  -3.197840376249199e-09  0
9.677938739634512e-09  -1.141253066902070e-08  -1.141253066902070e-08  -1.141253066902070e-08  -1.141253066902070e-08  0
1.060661657615463e-08  -2.595980791007335e-08  -2.595980791007335e-08  -2.595980791007335e-08  -2.595980791007335e-08  0
1.162440869075047e-08  4.774353392244522e-10  4.774353392244522e-10  4.774353392244522e-10  4.774353392244522e-10  0
1.273986633149179e-08  -4.499913780358057e-10  -4.499913780358057e-10  -4.499913780358057e-10  -4.499913780358057e-10  0
1.396236130904649e-08  -2.623605513688694e-09  -2.623605513688694e-09  -2.623605513688694e-09  -2.623605513688694e-09  0
1.530216473641217e-08  -6.907169796546369e-09  -6.907169796546369e-09  -6.907169796546369e-09  -6.907169796546369e-09  0
1.677053332437270e-08  -1.441550927679981e-08  -1.441550927679981e-08  -1.441550927679981e-08  -1.441550927679981e-08  0
1.837980395771368e-08  1.914725352260180e-09  1.914725352260180e-09  1.914725352260180e-09  1.914725352260180e-09  0
2.014349734680389e-08  1.344188840716514e-09  1.344188840716514e-09  1.344188840716514e-09  1.344188840716514e-09  0
2.207643162539852e-08  -2.184889756382697e-10  -2.184889756382697e-10  -2.184889756382697e-10  -2.184889756382697e-10  0
2.419484684908628e-08  -3.322197561097168e-09  -3.322197561097168e-09  -3.322197561097168e-09  -3.322197561097168e-09  0
2.651654144038656e-08  -8.650015581469877e-09  -8.650015581469877e-09  -8.650015581469877e-09  -8.650015581469877e-09  0
2.906102172687617e-08  4.597978600744833e-10  4.597978600744833e-10  4.597978600744833e-10  4.597978600744833e-10  0
3.184966582872947e-08  2.483785619756617e-10  2.483785619756617e-10  2.483785619756617e-10  2.483785619756617e-10  0
3.490590327261621e-08  -4.166997946051777e-10  -4.166997946051777e-10  -4.166997946051777e-10  -4.166997946051777e-10  0
3.825541184103042e-08  -1.830903077580964e-09  -1.830903077580964e-09  -1.830903077580964e-09  -1.830903077580964e-09  0
4.192633331093174e-08  -4.311832318678545e-09  -4.311832318678545e-09  -4.311832318678545e-09  -4.311832318678545e-09  0
4.594950989428420e-08  1.562508226166464e-10  1.562508226166464e-10  1.562508226166464e-10  1.562508226166464e-10  0
5.035874336700971e-08  -3.603132225737041e-10  -3.603132225737041e-10  -3.603132225737041e-10  -3.603132225737041e-10  0
5.519107906349629e-08  -1.461940099559556e-09  -1.461940099559556e-09  -1.461940099559556e-09  -1.461940099559556e-09  0
6.048711712271569e-08  -3.543750265876719e-09  -3.543750265876719e-09  -3.543750265876719e-09  -3.543750265876719e-09  0
6.629135360096640e-08  -7.156143027763659e-09  -7.156143027763659e-09  -7.156143027763659e-09  -7.156143027763659e-09  0
7.265255431719042e-08  2.152536458649826e-10  2.152536458649826e-10  2.152536458649826e-10  2.152536458649826e-10  0
7.962416457182368e-08  2.008568663998790e-10  2.008568663998790e-10  2.008568663998790e-10  2.008568663998790e-10  0
8.726475818154052e-08  8.295464513794615e-11  8.295464513794615e-11  8.295464513794615e-11  8.295464513794615e-11  0
9.563852960257603e-08  -1.991698455279947e-10  -1.991698455279947e-10  -1.991698455279947e-10  -1.991698455279947e-10  0
1.048158332773293e-07  -6.945429296200628e-10  -6.945429296200628e-10  -6.945429296200628e-10  -6.945429296200628e-10  0
1.148737747357105e-07  3.384842653651793e-11  3.384842653651793e-11  3.384842653651793e-11  3.384842653651793e-11  0
1.258968584175243e-07  -1.722964702285522e-10  -1.722964702285522e-10  -1.722964702285522e-10  -1.722964702285522e-10  0
1.379776976587407e-07  -6.066386032878626e-10  -6.066386032878626e-10  -6.066386032878626e-10  -6.066386032878626e-10  0
1.512177928067893e-07  -1.423280561888202e-09  -1.423280561888202e-09  -1.423280561888202e-09  -1.423280561888202e-09  0
1.657283840024160e-07  -2.834741569915264e-09  -2.834741569915264e-09  -2.834741569915264e-09  -2.834741569915264e-09  0
1.816313857929761e-07  6.449357513293502e-11  6.449357513293502e-11  6.449357513293502e-11  6.449357513293502e-11  0
1.990604114295592e-07  6.819232181668889e-11  6.819232181668889e-11  6.819232181668889e-11  6.819232181668889e-11  0
2.181618954538513e-07  4.038480199731665e-11  4.038480199731665e-11  4.038480199731665e-11  4.038480199731665e-11  0
2.390963240064401e-07  -3.848424917493719e-11  -3.848424917493719e-11  -3.848424917493719e-11  -3.848424917493719e-11  0
2.620395831933234e-07  -1.815759147351471e-10  -1.815759147351471e-10  -1.815759147351471e-10  -1.815759147351471e-10  0
2.871844368392763e-07  -2.214272027327567e-10  -2.214272027327567e-10  -2.214272027327567e-10  -2.214272027327567e-10  0
3.147421460438107e-07  -3.087909681194201e-10  -3.087909681194201e-10  -3.087909681194201e-10  -3.087909681194201e-10  0
3.449442441468518e-07  -4.541520570586129e-10  -4.541520570586129e-10  -4.541520570586129e-10  -4.541520570586129e-10  0
3.780444820169731e-07  -7.141703790469700e-10  -7.141703790469700e-10  -7.141703790469700e-10  -7.141703790469700e-10  0
4.143209600060400e-07  -1.173728656239735e-09  -1.173728656239735e-09  -1.173728656239735e-09  -1.173728656239735e-09  0
4.540784644824401e-07  -3.658977413283233e-11  -3.658977413283233e-11  -3.658977413283233e-11  -3.658977413283233e-11  0
4.976510285738981e-07  -2.641501940479847e-11  -2.641501940479847e-11  -2.641501940479847e-11  -2.641501940479847e-11  0
5.454047386346284e-07  8.005933347147445e-12  8.005933347147445e-12  8.005933347147445e-12  8.005933347147445e-12  0
5.977408100161003e-07  8.204776920124073e-11  8.204776920124073e-11  8.204776920124073e-11  8.204776920124073e-11  0
6.550989579833085e-07  2.130747075050147e-10  2.130747075050147e-10  2.130747075050147e-10  2.130747075050147e-10  0
7.179610920981906e-07  7.204722166941098e-12  7.204722166941098e-12  7.204722166941098e-12  7.204722166941098e-12  0
7.868553651095268e-07  2.995087178845182e-11  2.995087178845182e-11  2.995087178845182e-11  2.995087178845182e-11  0
8.623606103671294e-07  7.766408025638866e-11  7.766408025638866e-11  7.766408025638866e-11  7.766408025638866e-11  0
9.451112050424327e-07  1.686779516777110e-10  1.686779516777110e-10  1.686779516777110e-10  1.686779516777110e-10  0
1.035802400015100e-06  3.282185373260164e-10  3.282185373260164e-10  3.282185373260164e-10  3.282185373260164e-10  0
1.135196161206100e-06  -2.590526129020054e-11  -2.590526129020054e-11  -2.590526129020054e-11  -2.590526129020054e-11  0
1.244127571434745e-06  -2.537152560401099e-11  -2.537152560401099e-11  -2.537152560401099e-11  -2.537152560401099e-11  0
1.363511846586571e-06  -1.817416424373133e-11  -1.817416424373133e-11  -1.817416424373133e-11  -1.817416424373133e-11  0
1.494352025040251e-06  -1.017821617482868e-12  -1.017821617482868e-12  -1.017821617482868e-12  -1.017821617482868e-12  0
1.637747394958271e-06  2.960770042578622e-11  2.960770042578622e-11  2.960770042578622e-11  2.960770042578622e-11  0
1.794902730245474e-06  -2.126226025548495e-12  -2.126226025548495e-12  -2.126226025548495e-12  -2.126226025548495e-12  0
1.967138412773814e-06  1.164075814736293e-12  1.164075814736293e-12  1.164075814736293e-12  1.164075814736293e-12  0
2.155901525917820e-06  9.854584643380452e-12  9.854584643380452e-12  9.854584643380452e-12  9.854584643380452e-12  0
2.362778012606078e-06  2.787644178424276e-11  2.787644178424276e-11  2.787644178424276e-11  2.787644178424276e-11  0
2.589506000037746e-06  6.010821328988651e-11  6.010821328988651e-11  6.010821328988651e-11  6.010821328988651e-11  0
2.837990403015247e-06  4.487142524689006e-12  4.487142524689006e-12  4.487142524689006e-12  4.487142524689006e-12  0
3.110318928586858e-06  9.375066173590967e-12  9.375066173590967e-12  9.375066173590967e-12  9.375066173590967e-12  0
3.408779616466422e-06  1.885890754407143e-11  1.885890754407143e-11  1.885890754407143e-11  1.885890754407143e-11  0
3.735880062600621e-06  3.647485329032847e-11  3.647485329032847e-11  3.647485329032847e-11  3.647485329032847e-11  0
4.094368487395672e-06  6.729012865917773e-11  6.729012865917773e-11  6.729012865917773e-11  6.729012865917773e-11  0
4.487256825613684e-06  2.221167197112004e-12  2.221167197112004e-12  2.221167197112004e-12  2.221167197112004e-12  0
4.917846031934535e-06  2.290216955885286e-12  2.290216955885286e-12  2.290216955885286e-12  2.290216955885286e-12  0
5.389753814794551e-06  2.151943212835484e-12  2.151943212835484e-12  2.151943212835484e-12  2.151943212835484e-12  0
5.906945031515196e-06  1.797817206794527e-12  1.797817206794527e-12  1.797817206794527e-12  1.797817206794527e-12  0
6.473765000094365e-06  1.174443428594271e-12  1.174443428594271e-12  1.174443428594271e-12  1.174443428594271e-12  0
7.094976007538116e-06  4.306773721769709e-13  4.306773721769709e-13  4.306773721769709e-13  4.306773721769709e-13  0
7.775797321467145e-06  6.735056484161563e-13  6.735056484161563e-13  6.735056484161563e-13  6.735056484161563e-13  0
8.521949041166055e-06  9.610231800938332e-13  9.610231800938332e-13  9.610231800938332e-13  9.610231800938332e-13  0
9.339700156501553e-06  1.358838259085318e-12  1.358838259085318e-12  1.358838259085318e-12  1.358838259085318e-12  0
1.023592121848918e-05  2.068200120313003e-12  2.068200120313003e-12  2.068200120313003e-12  2.068200120313003e-12  0
1.121814206403421e-05  -1.993449557265003e-13  -1.993449557265003e-13  -1.993449557265003e-13  -1.993449557265003e-13  0
1.229461507983634e-05  -6.804393690901470e-13  -6.804393690901470e-13  -6.804393690901470e-13  -6.804393690901470e-13  0
1.347438453698638e-05  -1.692773966708305e-12  -1.692773966708305e-12  -1.692773966708305e-12  -1.692773966708305e-12  0
1.476736257878799e-05  -3.653003227417021e-12  -3.653003227417021e-12  -3.653003227417021e-12  -3.653003227417021e-12  0
1.618441250023591e-05  -7.165340950107223e-12  -7.165340950107223e-12  -7.165340950107223e-12  -7.165340950107223e-12  0
1.773744001884529e-05  8.418252227055590e-14  8.418252227055590e-14  8.418252227055590e-14  8.418252227055590e-14  0
1.943949330366786e-05  2.647965027020772e-13  2.647965027020772e-13  2.647965027020772e-13  2.647965027020772e-13  0
2.130487260291513e-05  5.549445576023204e-13  5.549445576023204e-13  5.549445576023204e-13  5.549445576023204e-13  0
2.334925039125388e-05  1.001743260907183e-12  1.001743260907183e-12  1.001743260907183e-12  1.001743260907183e-12  0
2.558980304622295e-05  1.684134128938207e-12  1.684134128938207e-12  1.684134128938207e-12  1.684134128938207e-12  0
2.804535516008553e-05  5.564284426502575e-13  5.564284426502575e-13  5.564284426502575e-13  5.564284426502575e-13  0
3.073653769959084e-05  5.771552032801019e-13  5.771552032801019e-13  5.771552032801019e-13  5.771552032801019e-13  0
3.368596134246595e-05  5.422007607423511e-13  5.422007607423511e-13  5.422007607423511e-13  5.422007607423511e-13  0
3.691840644696997e-05  4.424199676150701e-13  4.424199676150701e-13  4.424199676150701e-13  4.424199676150701e-13  0
4.046103125058979e-05  2.557797146438770e-13  2.557797146438770e-13  2.557797146438770e-13  2.557797146438770e-13  0
4.434360004711322e-05  3.872754896903341e-13  3.872754896903341e-13  3.872754896903341e-13  3.872754896903341e-13  0
4.859873325916965e-05  4.850770184707249e-13  4.850770184707249e-13  4.850770184707249e-13  4.850770184707249e-13  0
5.326218150728784e-05  5.942862074390053e-13  5.942862074390053e-13  5.942862074390053e-13  5.942862074390053e-13  0
5.837312597813469e-05  7.504772518569655e-13  7.504772518569655e-13  7.504772518569655e-13  7.504772518569655e-13  0
6.397450761555736e-05  1.033188519958024e-12  1.033188519958024e-12  1.033188519958024e-12  1.033188519958024e-12  0
7.011338790021382e-05  2.806386359699616e-14  2.806386359699616e-14  2.806386359699616e-14  2.806386359699616e-14  0
7.684134424897711e-05  -8.781320951321626e-14  -8.781320951321626e-14  -8.781320951321626e-14  -8.781320951321626e-14  0
8.421490335616486e-05  -3.603338242833315e-13  -3.603338242833315e-13  -3.603338242833315e-13  -3.603338242833315e-13  0
9.229601611742493e-05  -9.048186138540553e-13  -9.048186138540553e-13  -9.048186138540553e-13  -9.048186138540553e-13  0
1.011525781264745e-04  -1.877230661752019e-12  -1.877230661752019e-12  -1.877230661752019e-12  -1.877230661752019e-12  0
1.108590001177830e-04  -7.053163507508780e-14  -7.053163507508780e-14  -7.053163507508780e-14  -7.053163507508780e-14  0
1.214968331479241e-04  -9.443816433097837e-14  -9.443816433097837e-14  -9.443816433097837e-14  -9.443816433097837e-14  0
1.331554537682196e-04  -1.341516762190027e-13  -1.341516762190027e-13  -1.341516762190027e-13  -1.341516762190027e-13  0
1.459328149453367e-04  -2.105403187708878e-13  -2.105403187708878e-13  -2.105403187708878e-13  -2.105403187708878e-13  0
1.599362690388934e-04  -3.541821049726915e-13  -3.541821049726915e-13  -3.541821049726915e-13  -3.541821049726915e-13  0
1.752834697505346e-04  5.786652532583602e-13  5.786652532583602e-13  5.786652532583602e-13  5.786652532583602e-13  0
1.921033606224428e-04  6.122032558072587e-13  6.122032558072587e-13  6.122032558072587e-13  6.122032558072587e-13  0
2.105372583904122e-04  5.659686533548255e-13  5.659686533548255e-13  5.659686533548255e-13  5.659686533548255e-13  0
2.307400402935623e-04  4.190876191483523e-13  4.190876191483523e-13  4.190876191483523e-13  4.190876191483523e-13  0
2.528814453161862e-04  1.558465266647012e-13  1.558465266647012e-13  1.558465266647012e-13  1.558465266647012e-13  0
2.771475002944577e-04  7.137854007382263e-14  7.137854007382263e-14  7.137854007382263e-14  7.137854007382263e-14  0
3.037420828698103e-04  7.822023040138177e-14  7.822023040138177e-14  7.822023040138177e-14  7.822023040138177e-14  0
3.328886344205490e-04  5.301701325519588e-14  5.301701325519588e-14  5.301701325519588e-14  5.301701325519588e-14  0
3.648320373633419e-04  -3.000162959866011e-14  -3.000162959866011e-14  -3.000162959866011e-14  -3.000162959866011e-14  0
3.998406725972335e-04  -1.914995364604942e-13  -1.914995364604942e-13  -1.914995364604942e-13  -1.914995364604942e-13  0
4.382086743763364e-04  3.918491187330906e-13  3.918491187330906e-13  3.918491187330906e-13  3.918491187330906e-13  0
4.802584015561070e-04  3.491686652433381e-13  3.491686652433381e-13  3.491686652433381e-13  3.491686652433381e-13  0
5.263431459760304e-04  1.579327926438481e-13  1.579327926438481e-13  1.579327926438481e-13  1.579327926438481e-13  0
5.768501007339059e-04  -2.698861555468453e-13  -2.698861555468453e-13  -2.698861555468453e-13  -2.698861555468453e-13  0
6.322036132904654e-04  -1.048216802705658e-12  -1.048216802705658e-12  -1.048216802705658e-12  -1.048216802705658e-12  0
6.928687507361442e-04  9.430527606041383e-14  9.430527606041383e-14  9.430527606041383e-14  9.430527606041383e-14  0
7.593552071745259e-04  1.052597816123787e-13  1.052597816123787e-13  1.052597816123787e-13  1.052597816123787e-13  0
8.322215860513725e-04  9.223233456147199e-14  9.223233456147199e-14  9.223233456147199e-14  9.223233456147199e-14  0
9.120800934083548e-04  3.706971780971684e-14  3.706971780971684e-14  3.706971780971684e-14  3.706971780971684e-14  0
9.996016814930839e-04  -7.602025496494452e-14  -7.602025496494452e-14  -7.602025496494452e-14  -7.602025496494452e-14  0
1.095521685940841e-03  5.366313068306769e-13  5.366313068306769e-13  5.366313068306769e-13  5.366313068306769e-13  0
1.200646003890267e-03  6.437514969156151e-13  6.437514969156151e-13  6.437514969156151e-13  6.437514969156151e-13  0
1.315857864940076e-03  6.417679417437601e-13  6.417679417437601e-13  6.417679417437601e-13  6.417679417437601e-13  0
1.442125251834764e-03  4.356702958858225e-13  4.356702958858225e-13  4.356702958858225e-13  4.356702958858225e-13  0
1.580509033226163e-03  -9.145780045474846e-14  -9.145780045474846e-14  -9.145780045474846e-14  -9.145780045474846e-14  0
1.732171876840360e-03  1.164041350200573e-13  1.164041350200573e-13  1.164041350200573e-13  1.164041350200573e-13  0
1.898388017936315e-03  2.018818402358409e-13  2.018818402358409e-13  2.018818402358409e-13  2.018818402358409e-13  0
2.080553965128431e-03  2.929007080775141e-13  2.929007080775141e-13  2.929007080775141e-13  2.929007080775141e-13  0
2.280200233520887e-03  3.577405212636576e-13  3.577405212636576e-13  3.577405212636576e-13  3.577405212636576e-13  0
2.499004203732710e-03  3.500939399134311e-13  3.500939399134311e-13  3.500939399134311e-13  3.500939399134311e-13  0
2.738804214852102e-03  2.252492332663154e-13  2.252492332663154e-13  2.252492332663154e-13  2.252492332663154e-13  0
3.001615009725668e-03  4.247403778147181e-13  4.247403778147181e-13  4.247403778147181e-13  4.247403778147181e-13  0
3.289644662350189e-03  6.951778819936817e-13  6.951778819936817e-13  6.951778819936817e-13  6.951778819936817e-13  0
3.605313129586911e-03  9.995151077597773e-13  9.995151077597773e-13  9.995151077597773e-13  9.995151077597773e-13  0
3.951272583065408e-03  1.245282310858012e-12  1.245282310858012e-12  1.245282310858012e-12  1.245282310858012e-12  0
4.330429692100900e-03  -1.099887786000551e-14  -1.099887786000551e-14  -1.099887786000551e-14  -1.099887786000551e-14  0
4.745970044840786e-03  9.423168026529828e-15  9.423168026529828e-15  9.423168026529828e-15  9.423168026529828e-15  0
5.201384912821078e-03  5.430600358651616e-14  5.430600358651616e-14  5.430600358651616e-14  5.430600358651616e-14  0
5.700500583802216e-03  1.324099035902933e-13  1.324099035902933e-13  1.324099035902933e-13  1.324099035902933e-13  0
6.247510509331773e-03  2.485142216154818e-13  2.485142216154818e-13  2.485142216154818e-13  2.485142216154818e-13  0
6.847010537130255e-03  1.175748280299771e-14  1.175748280299771e-14  1.175748280299771e-14  1.175748280299771e-14  0
7.504037524314169e-03  3.992840294345402e-14  3.992840294345402e-14  3.992840294345402e-14  3.992840294345402e-14  0
8.224111655875473e-03  9.554060270560983e-14  9.554060270560983e-14  9.554060270560983e-14  9.554060270560983e-14  0
9.013282823967277e-03  1.931883737935230e-13  1.931883737935230e-13  1.931883737935230e-13  1.931883737935230e-13  0
9.878181457663520e-03  3.463986318475382e-13  3.463986318475382e-13  3.463986318475382e-13  3.463986318475382e-13  0
1.082607423025225e-02  -5.304883325028018e-15  -5.304883325028018e-15  -5.304883325028018e-15  -5.304883325028018e-15  0
1.186492511210197e-02  -5.556607595117976e-15  -5.556607595117976e-15  -5.556607595117976e-15  -5.556607595117976e-15  0
1.300346228205270e-02  -3.551144899866007e-15  -3.551144899866007e-15  -3.551144899866007e-15  -3.551144899866007e-15  0
1.425125145950554e-02  2.415743728060989e-15  2.415743728060989e-15  2.415743728060989e-15  2.415743728060989e-15  0
1.561877627332943e-02  1.410003827655512e-14  1.410003827655512e-14  1.410003827655512e-14  1.410003827655512e-14  0
1.711752634282564e-02  1.976723108298829e-15  1.976723108298829e-15  1.976723108298829e-15  1.976723108298829e-15  0
1.876009381078543e-02  4.771595143265859e-15  4.771595143265859e-15  4.771595143265859e-15  4.771595143265859e-15  0
2.056027913968868e-02  1.039614703309557e-14  1.039614703309557e-14  1.039614703309557e-14  1.039614703309557e-14  0
2.253320705991819e-02  2.089509922448562e-14  2.089509922448562e-14  2.089509922448562e-14  2.089509922448562e-14  0
2.469545364415880e-02  3.903021507834786e-14  3.903021507834786e-14  3.903021507834786e-14  3.903021507834786e-14  0
2.706518557563063e-02  -7.472616904700559e-16  -7.472616904700559e-16  -7.472616904700559e-16  -7.472616904700559e-16  0
2.966231278025492e-02  -1.108283596166369e-15  -1.108283596166369e-15  -1.108283596166369e-15  -1.108283596166369e-15  0
3.250865570513174e-02  -1.442742979215121e-15  -1.442742979215121e-15  -1.442742979215121e-15  -1.442742979215121e-15  0
3.562812864876386e-02  -1.556347840344607e-15  -1.556347840344607e-15  -1.556347840344607e-15  -1.556347840344607e-15  0
3.904694068332359e-02  -1.140272380963104e-15  -1.140272380963104e-15  -1.140272380963104e-15  -1.140272380963104e-15  0
4.279381585706410e-02  -6.344555212290695e-16  -6.344555212290695e-16  -6.344555212290695e-16  -6.344555212290695e-16  0
4.690023452696356e-02  -7.652985243180964e-16  -7.652985243180964e-16  -7.652985243180964e-16  -7.652985243180964e-16  0
5.140069784922172e-02  -9.041152980977302e-16  -9.041152980977302e-16  -9.041152980977302e-16  -9.041152980977302e-16  0
5.633301764979549e-02  -1.065857130343009e-15  -1.065857130343009e-15  -1.065857130343009e-15  -1.065857130343009e-15  0
6.173863411039700e-02  -1.263734318052666e-15  -1.263734318052666e-15  -1.263734318052666e-15  -1.263734318052666e-15  0
6.766296393907657e-02  -2.640640710533842e-16  -2.640640710533842e-16  -2.640640710533842e-16  -2.640640710533842e-16  0
7.415578195063728e-02  -2.743370320182895e-16  -2.743370320182895e-16  -2.743370320182895e-16  -2.743370320182895e-16  0
8.127163926282933e-02  -1.805611162664664e-16  -1.805611162664664e-16  -1.805611162664664e-16  -1.805611162664664e-16  0
8.907032162190963e-02  1.036617383838929e-16  1.036617383838929e-16  1.036617383838929e-16  1.036617383838929e-16  0
9.761735170830896e-02  6.885048843059416e-16  6.885048843059416e-16  6.885048843059416e-16  6.885048843059416e-16  0
1.069845396426603e-01  1.755827844282639e-16  1.755827844282639e-16  1.755827844282639e-16  1.755827844282639e-16  0
1.172505863174090e-01  2.697503429895512e-16  2.697503429895512e-16  2.697503429895512e-16  2.697503429895512e-16  0
1.285017446230543e-01  4.282200591417383e-16  4.282200591417383e-16  4.282200591417383e-16  4.282200591417383e-16  0
1.408325441244888e-01  6.993861405626519e-16  6.993861405626519e-16  6.993861405626519e-16  6.993861405626519e-16  0
1.543465852759926e-01  1.151560185904333e-15  1.151560185904333e-15  1.151560185904333e-15  1.151560185904333e-15  0
1.691574098476915e-01  -3.675359156807096e-17  -3.675359156807096e-17  -3.675359156807096e-17  -3.675359156807096e-17  0
1.853894548765933e-01  -5.506765631271067e-17  -5.506765631271067e-17  -5.506765631271067e-17  -5.506765631271067e-17  0
2.031790981570734e-01  -7.508693982538651e-17  -7.508693982538651e-17  -7.508693982538651e-17  -7.508693982538651e-17  0
2.226758040547742e-01  -9.045139373115539e-17  -9.045139373115539e-17  -9.045139373115539e-17  -9.045139373115539e-17  0
2.440433792707725e-01  -8.901410744745439e-17  -8.901410744745439e-17  -8.901410744745439e-17  -8.901410744745439e-17  0
2.674613491066507e-01  -2.742037725431917e-17  -2.742037725431917e-17  -2.742037725431917e-17  -2.742037725431917e-17  0
2.931264657935224e-01  -5.102126208020580e-17  -5.102126208020580e-17  -5.102126208020580e-17  -5.102126208020580e-17  0
3.212543615576358e-01  -9.189082649100070e-17  -9.189082649100070e-17  -9.189082649100070e-17  -9.189082649100070e-17  0
3.520813603112219e-01  -1.600543993356324e-16  -1.600543993356324e-16  -1.600543993356324e-16  -1.600543993356324e-16  0
3.858664631899814e-01  -2.687089364635284e-16  -2.687089364635284e-16  -2.687089364635284e-16  -2.687089364635284e-16  0
4.228935246192288e-01  -2.136731544191743e-18  -2.136731544191743e-18  -2.136731544191743e-18  -2.136731544191743e-18  0
4.634736371914833e-01  -1.532012466583298e-18  -1.532012466583298e-18  -1.532012466583298e-18  -1.532012466583298e-18  0
5.079477453926836e-01  1.493863194050373e-18  1.493863194050373e-18  1.493863194050373e-18  1.493863194050373e-18  0
5.566895101369356e-01  9.622394528067244e-18  9.622394528067244e-18  9.622394528067244e-18  9.622394528067244e-18  0
6.101084481769313e-01  2.720248980690164e-17  2.720248980690164e-17  2.720248980690164e-17  2.720248980690164e-17  0
6.686533727666268e-01  -4.152436851777322e-18  -4.152436851777322e-18  -4.152436851777322e-18  -4.152436851777322e-18  0
7.328161644838059e-01  -6.943808840367348e-18  -6.943808840367348e-18  -6.943808840367348e-18  -6.943808840367348e-18  0
8.031359038940896e-01  -1.059397943599373e-17  -1.059397943599373e-17  -1.059397943599373e-17  -1.059397943599373e-17  0
8.802034007780548e-01  -1.468072245141047e-17  -1.468072245141047e-17  -1.468072245141047e-17  -1.468072245141047e-17  0
9.646661579749536e-01  -1.832908560664240e-17  -1.832908560664240e-17  -1.832908560664240e-17  -1.832908560664240e-17  0
1.057233811548072e+00  8.129999015014190e-19  8.129999015014190e-19  8.129999015014190e-19  8.129999015014190e-19  0
1.158684092978708e+00  1.450304811850738e-18  1.450304811850738e-18  1.450304811850738e-18  1.450304811850738e-18  0
1.269869363481709e+00  2.462115978301866e-18  2.462115978301866e-18  2.462115978301866e-18  2.462115978301866e-18  0
1.391723775342339e+00  3.991621850472984e-18  3.991621850472984e-18  3.991621850472984e-18  3.991621850472984e-18  0
1.525271120442328e+00  6.197910909487919e-18  6.197910909487919e-18  6.197910909487919e-18  6.197910909487919e-18  0
