-1.832040411209515e+00  -1.080059699724430e-07  -1.080059699724430e-07  -1.080059699724430e-07  -1.080059699724430e-07  0
-1.671633431916567e+00  -1.625790277483003e-07  -1.625790277483003e-07  -1.625790277483003e-07  -1.625790277483003e-07  0
-1.525271120442328e+00  -1.071473292454224e-07  -1.071473292454224e-07  -1.071473292454224e-07  -1.071473292454224e-07  0
-1.391723775342339e+00  -5.424440008053153e-08  -5.424440008053153e-08  -5.424440008053153e-08  -5.424440008053153e-08  0
-1.269869363481709e+00  -2.314668709104011e-08  -2.314668709104011e-08  -2.314668709104011e-08  -2.314668709104011e-08  0
-1.158684092978708e+00  7.502009759195560e-05  7.502009759195560e-05  7.502009759195560e-05  7.502009759195560e-05  0
-1.057233811548072e+00  2.420611148217082e-05  2.420611148217082e-05  2.420611148217082e-05  2.420611148217082e-05  0
-9.646661579749534e-01  7.833258921417467e-06  7.833258921417467e-06  7.833258921417467e-06  7.833258921417467e-06  0
-8.802034007780547e-01  2.554921481193290e-06  2.554921481193290e-06  2.554921481193290e-06  2.554921481193290e-06  0
-8.031359038940895e-01  8.338942246841294e-07  8.338942246841294e-07  8.338942246841294e-07  8.338942246841294e-07  0
-7.328161644838057e-01  1.274200554538693e-02  1.274200554538693e-02  1.274200554538693e-02  1.274200554538693e-02  0
-6.686533727666266e-01  5.105157912197482e-03  5.105157912197482e-03  5.105157912197482e-03  5.105157912197482e-03  0
-6.101084481769311e-01  1.906100086248525e-03  1.906100086248525e-03  1.906100086248525e-03  1.906100086248525e-03  0
-5.566895101369354e-01  6.647795405696343e-04  6.647795405696343e-04  6.647795405696343e-04  6.647795405696343e-04  0
-5.079477453926834e-01  2.173939948685548e-04  2.173939948685548e-04  2.173939948685548e-04  2.173939948685548e-04  0
-4.634736371914831e-01  4.107061790154565e-01  4.107061790154565e-01  4.107061790154565e-01  4.107061790154565e-01  0
-4.228935246192287e-01  2.384009122925972e-01  2.384009122925972e-01  2.384009122925972e-01  2.384009122925972e-01  0
-3.858664631899813e-01  1.281810440772813e-01  1.281810440772813e-01  1.281810440772813e-01  1.281810440772813e-01  0
-3.520813603112218e-01  6.386658999154728e-02  6.386658999154728e-02  6.386658999154728e-02  6.386658999154728e-02  0
-3.212543615576358e-01  2.950729394221846e-02  2.950729394221846e-02  2.950729394221846e-02  2.950729394221846e-02  0
-2.931264657935223e-01  1.961255411746096e+00  1.961255411746096e+00  1.961255411746096e+00  1.961255411746096e+00  0
-2.674613491066506e-01  1.674111545595194e+00  1.674111545595194e+00  1.674111545595194e+00  1.674111545595194e+00  0
-2.440433792707724e-01  1.322903699637955e+00  1.322903699637955e+00  1.322903699637955e+00  1.322903699637955e+00  0
-2.226758040547742e-01  9.676807320334734e-01  9.676807320334734e-01  9.676807320334734e-01  9.676807320334734e-01  0
-2.031790981570734e-01  6.552510006498460e-01  6.552510006498460e-01  6.552510006498460e-01  6.552510006498460e-01  0
-1.853894548765933e-01  1.339390246392812e+00  1.339390246392812e+00  1.339390246392812e+00  1.339390246392812e+00  0
-1.691574098476915e-01  1.669416885986704e+00  1.669416885986704e+00  1.669416885986704e+00  1.669416885986704e+00  0
-1.543465852759925e-01  1.932888370197440e+00  1.932888370197440e+00  1.932888370197440e+00  1.932888370197440e+00  0
-1.408325441244888e-01  2.076396056901067e+00  2.076396056901067e+00  2.076396056901067e+00  2.076396056901067e+00  0
-1.285017446230543e-01  2.067790347217918e+00  2.067790347217918e+00  2.067790347217918e+00  2.067790347217918e+00  0
-1.172505863174089e-01  5.931779182392775e-02  5.931779182392775e-02  5.931779182392775e-02  5.931779182392775e-02  0
-1.069845396426603e-01  7.610463221538523e-02  7.610463221538523e-02  7.610463221538523e-02  7.610463221538523e-02  0
-9.761735170830897e-02  9.607444497628818e-02  9.607444497628818e-02  9.607444497628818e-02  9.607444497628818e-02  0
-8.907032162190966e-02  1.163163584052088e-01  1.163163584052088e-01  1.163163584052088e-01  1.163163584052088e-01  0
-8.127163926282936e-02  1.328663375064184e-01  1.328663375064184e-01  1.328663375064184e-01  1.328663375064184e-01  0
-7.415578195063730e-02  2.426747512343170e-02  2.426747512343170e-02  2.426747512343170e-02  2.426747512343170e-02  0
-6.766296393907659e-02  2.542468309941020e-02  2.542468309941020e-02  2.542468309941020e-02  2.542468309941020e-02  0
-6.173863411039701e-02  2.514764219829683e-02  2.514764219829683e-02  2.514764219829683e-02  2.514764219829683e-02  0
-5.633301764979549e-02  2.326178600358012e-02  2.326178600358012e-02  2.326178600358012e-02  2.326178600358012e-02  0
-5.140069784922172e-02  2.004338912815511e-02  2.004338912815511e-02  2.004338912815511e-02  2.004338912815511e-02  0
-4.690023452696357e-02  1.974624735525241e-02  1.974624735525241e-02  1.974624735525241e-02  1.974624735525241e-02  0
-4.279381585706411e-02  1.873727842008728e-02  1.873727842008728e-02  1.873727842008728e-02  1.873727842008728e-02  0
-3.904694068332359e-02  1.874772802501639e-02  1.874772802501639e-02  1.874772802501639e-02  1.874772802501639e-02  0
-3.562812864876386e-02  1.982007079474350e-02  1.982007079474350e-02  1.982007079474350e-02  1.982007079474350e-02  0
-3.250865570513174e-02  2.154300271038137e-02  2.154300271038137e-02  2.154300271038137e-02  2.154300271038137e-02  0
-2.966231278025492e-02  2.369519620768778e-02  2.369519620768778e-02  2.369519620768778e-02  2.369519620768778e-02  0
-2.706518557563063e-02  2.419892821172892e-02  2.419892821172892e-02  2.419892821172892e-02  2.419892821172892e-02  0
-2.469545364415880e-02  2.390961605470056e-02  2.390961605470056e-02  2.390961605470056e-02  2.390961605470056e-02  0
-2.253320705991820e-02  2.240895051653156e-02  2.240895051653156e-02  2.240895051653156e-02  2.240895051653156e-02  0
-2.056027913968869e-02  1.971205445044840e-02  1.971205445044840e-02  1.971205445044840e-02  1.971205445044840e-02  0
-1.876009381078543e-02  2.648935770849857e-02  2.648935770849857e-02  2.648935770849857e-02  2.648935770849857e-02  0
-1.711752634282564e-02  2.394574150747790e-02  2.394574150747790e-02  2.394574150747790e-02  2.394574150747790e-02  0
-1.561877627332944e-02  2.231630519434133e-02  2.231630519434133e-02  2.231630519434133e-02  2.231630519434133e-02  0
-1.425125145950554e-02  2.171354808483997e-02  2.171354808483997e-02  2.171354808483997e-02  2.171354808483997e-02  0
-1.300346228205270e-02  2.195513392589650e-02  2.195513392589650e-02  2.195513392589650e-02  2.195513392589650e-02  0
-1.186492511210197e-02  4.799010416220850e-02  4.799010416220850e-02  4.799010416220850e-02  4.799010416220850e-02  0
-1.082607423025225e-02  4.140566903276639e-02  4.140566903276639e-02  4.140566903276639e-02  4.140566903276639e-02  0
-9.878181457663521e-03  3.676087956806161e-02  3.676087956806161e-02  3.676087956806161e-02  3.676087956806161e-02  0
-9.013282823967279e-03  3.280550372204957e-02  3.280550372204957e-02  3.280550372204957e-02  3.280550372204957e-02  0
-8.224111655875475e-03  2.878004623611924e-02  2.878004623611924e-02  2.878004623611924e-02  2.878004623611924e-02  0
-7.504037524314171e-03  2.367863853191038e-01  2.367863853191038e-01  2.367863853191038e-01  2.367863853191038e-01  0
-6.847010537130257e-03  1.467978826132012e-01  1.467978826132012e-01  1.467978826132012e-01  1.467978826132012e-01  0
-6.247510509331774e-03  9.618663894752066e-02  9.618663894752066e-02  9.618663894752066e-02  9.618663894752066e-02  0
-5.700500583802218e-03  6.837163613469793e-02  6.837163613469793e-02  6.837163613469793e-02  6.837163613469793e-02  0
-5.201384912821079e-03  5.296064619094520e-02  5.296064619094520e-02  5.296064619094520e-02  5.296064619094520e-02  0
-4.745970044840788e-03  2.194845240578768e+00  2.194845240578768e+00  2.194845240578768e+00  2.194845240578768e+00  0
-4.330429692100902e-03  1.524501817333030e+00  1.524501817333030e+00  1.524501817333030e+00  1.524501817333030e+00  0
-3.951272583065410e-03  9.986262145211978e-01  9.986262145211978e-01  9.986262145211978e-01  9.986262145211978e-01  0
-3.605313129586913e-03  6.222692320326125e-01  6.222692320326125e-01  6.222692320326125e-01  6.222692320326125e-01  0
-3.289644662350191e-03  3.743915048060541e-01  3.743915048060541e-01  3.743915048060541e-01  3.743915048060541e-01  0
-3.001615009725671e-03  5.286473105179615e+00  5.286473105179615e+00  5.286473105179615e+00  5.286473105179615e+00  0
-2.738804214852105e-03  5.048510304509835e+00  5.048510304509835e+00  5.048510304509835e+00  5.048510304509835e+00  0
-2.499004203732712e-03  4.518008883686171e+00  4.518008883686171e+00  4.518008883686171e+00  4.518008883686171e+00  0
-2.280200233520889e-03  3.786390444911211e+00  3.786390444911211e+00  3.786390444911211e+00  3.786390444911211e+00  0
-2.080553965128434e-03  2.971221672076759e+00  2.971221672076759e+00  2.971221672076759e+00  2.971221672076759e+00  0
-1.898388017936316e-03  2.701843691502204e+00  2.701843691502204e+00  2.701843691502204e+00  2.701843691502204e+00  0
-1.732171876840362e-03  3.450123147663649e+00  3.450123147663649e+00  3.450123147663649e+00  3.450123147663649e+00  0
-1.580509033226165e-03  4.183655265153511e+00  4.183655265153511e+00  4.183655265153511e+00  4.183655265153511e+00  0
-1.442125251834766e-03  4.796329603358980e+00  4.796329603358980e+00  4.796329603358980e+00  4.796329603358980e+00  0
-1.315857864940077e-03  5.184375041508076e+00  5.184375041508076e+00  5.184375041508076e+00  5.184375041508076e+00  0
-1.200646003890268e-03  7.173590771703631e-01  7.173590771703631e-01  7.173590771703631e-01  7.173590771703631e-01  0
-1.095521685940842e-03  8.552959804100674e-01  8.552959804100674e-01  8.552959804100674e-01  8.552959804100674e-01  0
-9.996016814930845e-04  1.102372829721255e+00  1.102372829721255e+00  1.102372829721255e+00  1.102372829721255e+00  0
-9.120800934083555e-04  1.488970711366089e+00  1.488970711366089e+00  1.488970711366089e+00  1.488970711366089e+00  0
-8.322215860513732e-04  2.024655174999990e+00  2.024655174999990e+00  2.024655174999990e+00  2.024655174999990e+00  0
-7.593552071745265e-04  4.729784817796423e-01  4.729784817796423e-01  4.729784817796423e-01  4.729784817796423e-01  0
-6.928687507361448e-04  5.300009500043054e-01  5.300009500043054e-01  5.300009500043054e-01  5.300009500043054e-01  0
-6.322036132904660e-04  5.749180117728435e-01  5.749180117728435e-01  5.749180117728435e-01  5.749180117728435e-01  0
-5.768501007339063e-04  6.034329466791324e-01  6.034329466791324e-01  6.034329466791324e-01  6.034329466791324e-01  0
-5.263431459760308e-04  6.236573275659969e-01  6.236573275659969e-01  6.236573275659969e-01  6.236573275659969e-01  0
-4.802584015561073e-04  4.121062814971590e-01  4.121062814971590e-01  4.121062814971590e-01  4.121062814971590e-01  0
-4.382086743763368e-04  3.814942271591201e-01  3.814942271591201e-01  3.814942271591201e-01  3.814942271591201e-01  0
-3.998406725972339e-04  3.687304504956923e-01  3.687304504956923e-01  3.687304504956923e-01  3.687304504956923e-01  0
-3.648320373633422e-04  3.821592456702952e-01  3.821592456702952e-01  3.821592456702952e-01  3.821592456702952e-01  0
-3.328886344205493e-04  4.201213751230199e-01  4.201213751230199e-01  4.201213751230199e-01  4.201213751230199e-01  0
-3.037420828698106e-04  3.952615651619414e-01  3.952615651619414e-01  3.952615651619414e-01  3.952615651619414e-01  0
-2.771475002944579e-04  4.361583593088588e-01  4.361583593088588e-01  4.361583593088588e-01  4.361583593088588e-01  0
-2.528814453161864e-04  4.620361321759914e-01  4.620361321759914e-01  4.620361321759914e-01  4.620361321759914e-01  0
-2.307400402935626e-04  4.640943963959607e-01  4.640943963959607e-01  4.640943963959607e-01  4.640943963959607e-01  0
-2.105372583904124e-04  4.431997536569721e-01  4.431997536569721e-01  4.431997536569721e-01  4.431997536569721e-01  0
-1.921033606224429e-04  3.904403553243930e-01  3.904403553243930e-01  3.904403553243930e-01  3.904403553243930e-01  0
-1.752834697505347e-04  3.530029445134700e-01  3.530029445134700e-01  3.530029445134700e-01  3.530029445134700e-01  0
-1.599362690388935e-04  3.308195640142439e-01  3.308195640142439e-01  3.308195640142439e-01  3.308195640142439e-01  0
-1.459328149453369e-04  3.327457013880780e-01  3.327457013880780e-01  3.327457013880780e-01  3.327457013880780e-01  0
-1.331554537682197e-04  3.582728527152840e-01  3.582728527152840e-01  3.582728527152840e-01  3.582728527152840e-01  0
-1.214968331479242e-04  3.827752526657434e-01  3.827752526657434e-01  3.827752526657434e-01  3.827752526657434e-01  0
-1.108590001177832e-04  4.221484105648921e-01  4.221484105648921e-01  4.221484105648921e-01  4.221484105648921e-01  0
-1.011525781264745e-04  4.467704528683890e-01  4.467704528683890e-01  4.467704528683890e-01  4.467704528683890e-01  0
-9.229601611742502e-05  4.474633713402692e-01  4.474633713402692e-01  4.474633713402692e-01  4.474633713402692e-01  0
-8.421490335616494e-05  4.244605509105467e-01  4.244605509105467e-01  4.244605509105467e-01  4.244605509105467e-01  0
-7.684134424897716e-05  3.871975082899446e-01  3.871975082899446e-01  3.871975082899446e-01  3.871975082899446e-01  0
-7.011338790021387e-05  3.484051741327298e-01  3.484051741327298e-01  3.484051741327298e-01  3.484051741327298e-01  0
-6.397450761555741e-05  3.243969558636187e-01  3.243969558636187e-01  3.243969558636187e-01  3.243969558636187e-01  0
-5.837312597813476e-05  3.242277314972440e-01  3.242277314972440e-01  3.242277314972440e-01  3.242277314972440e-01  0
-5.326218150728788e-05  3.476892439911705e-01  3.476892439911705e-01  3.476892439911705e-01  3.476892439911705e-01  0
-4.859873325916970e-05  3.804917507669129e-01  3.804917507669129e-01  3.804917507669129e-01  3.804917507669129e-01  0
-4.434360004711327e-05  4.197363260063948e-01  4.197363260063948e-01  4.197363260063948e-01  4.197363260063948e-01  0
-4.046103125058982e-05  4.443163481544993e-01  4.443163481544993e-01  4.443163481544993e-01  4.443163481544993e-01  0
-3.691840644697001e-05  4.449295445228781e-01  4.449295445228781e-01  4.449295445228781e-01  4.449295445228781e-01  0
-3.368596134246598e-05  4.216421031801970e-01  4.216421031801970e-01  4.216421031801970e-01  4.216421031801970e-01  0
-3.073653769959087e-05  3.867884176212203e-01  3.867884176212203e-01  3.867884176212203e-01  3.867884176212203e-01  0
-2.804535516008556e-05  3.476804267270565e-01  3.476804267270565e-01  3.476804267270565e-01  3.476804267270565e-01  0
-2.558980304622297e-05  3.232485060202031e-01  3.232485060202031e-01  3.232485060202031e-01  3.232485060202031e-01  0
-2.334925039125391e-05  3.226226120183877e-01  3.226226120183877e-01  3.226226120183877e-01  3.226226120183877e-01  0
-2.130487260291516e-05  3.456896379952240e-01  3.456896379952240e-01  3.456896379952240e-01  3.456896379952240e-01  0
-1.943949330366788e-05  3.800562705470785e-01  3.800562705470785e-01  3.800562705470785e-01  3.800562705470785e-01  0
-1.773744001884531e-05  4.193330521182851e-01  4.193330521182851e-01  4.193330521182851e-01  4.193330521182851e-01  0
-1.618441250023593e-05  4.439821826219039e-01  4.439821826219039e-01  4.439821826219039e-01  4.439821826219039e-01  0
-1.476736257878800e-05  4.446572264394223e-01  4.446572264394223e-01  4.446572264394223e-01  4.446572264394223e-01  0
-1.347438453698639e-05  4.213727523035553e-01  4.213727523035553e-01  4.213727523035553e-01  4.213727523035553e-01  0
-1.229461507983635e-05  3.867767960417265e-01  3.867767960417265e-01  3.867767960417265e-01  3.867767960417265e-01  0
-1.121814206403422e-05  3.475850428626317e-01  3.475850428626317e-01  3.475850428626317e-01  3.475850428626317e-01  0
-1.023592121848919e-05  3.230395726915209e-01  3.230395726915209e-01  3.230395726915209e-01  3.230395726915209e-01  0
-9.339700156501563e-06  3.222992694302036e-01  3.222992694302036e-01  3.222992694302036e-01  3.222992694302036e-01  0
-8.521949041166063e-06  3.452849985466624e-01  3.452849985466624e-01  3.452849985466624e-01  3.452849985466624e-01  0
-7.775797321467151e-06  3.799654581111256e-01  3.799654581111256e-01  3.799654581111256e-01  3.799654581111256e-01  0
-7.094976007538122e-06  4.192678400967678e-01  4.192678400967678e-01  4.192678400967678e-01  4.192678400967678e-01  0
-6.473765000094370e-06  4.439562173717382e-01  4.439562173717382e-01  4.439562173717382e-01  4.439562173717382e-01  0
-5.906945031515201e-06  4.446656972236692e-01  4.446656972236692e-01  4.446656972236692e-01  4.446656972236692e-01  0
-5.389753814794556e-06  4.213901819191875e-01  4.213901819191875e-01  4.213901819191875e-01  4.213901819191875e-01  0
-4.917846031934539e-06  3.868027609302429e-01  3.868027609302429e-01  3.868027609302429e-01  3.868027609302429e-01  0
-4.487256825613690e-06  3.475841329448138e-01  3.475841329448138e-01  3.475841329448138e-01  3.475841329448138e-01  0
-4.094368487395675e-06  3.230021503509565e-01  3.230021503509565e-01  3.230021503509565e-01  3.230021503509565e-01  0
-3.735880062600625e-06  3.222272721866281e-01  3.222272721866281e-01  3.222272721866281e-01  3.222272721866281e-01  0
-3.408779616466425e-06  3.451933741775166e-01  3.451933741775166e-01  3.451933741775166e-01  3.451933741775166e-01  0
-3.110318928586861e-06  3.799481307722293e-01  3.799481307722293e-01  3.799481307722293e-01  3.799481307722293e-01  0
-2.837990403015249e-06  4.192635162539796e-01  4.192635162539796e-01  4.192635162539796e-01  4.192635162539796e-01  0
-2.589506000037748e-06  4.439701812884266e-01  4.439701812884266e-01  4.439701812884266e-01  4.439701812884266e-01  0
-2.362778012606080e-06  4.446957952159218e-01  4.446957952159218e-01  4.446957952159218e-01  4.446957952159218e-01  0
-2.155901525917822e-06  4.214263112909388e-01  4.214263112909388e-01  4.214263112909388e-01  4.214263112909388e-01  0
-1.967138412773816e-06  3.868235425080331e-01  3.868235425080331e-01  3.868235425080331e-01  3.868235425080331e-01  0
-1.794902730245476e-06  3.475946972563903e-01  3.475946972563903e-01  3.475946972563903e-01  3.475946972563903e-01  0
-1.637747394958270e-06  3.229991979889824e-01  3.229991979889824e-01  3.229991979889824e-01  3.229991979889824e-01  0
-1.494352025040250e-06  3.222122685580789e-01  3.222122685580789e-01  3.222122685580789e-01  3.222122685580789e-01  0
-1.363511846586570e-06  3.451728987921978e-01  3.451728987921978e-01  3.451728987921978e-01  3.451728987921978e-01  0
-1.244127571434744e-06  3.799495802317785e-01  3.799495802317785e-01  3.799495802317785e-01  3.799495802317785e-01  0
-1.135196161206100e-06  4.192711558950566e-01  4.192711558950566e-01  4.192711558950566e-01  4.192711558950566e-01  0
-1.035802400015099e-06  4.439858858393346e-01  4.439858858393346e-01  4.439858858393346e-01  4.439858858393346e-01  0
-9.451112050424321e-07  4.447183194328395e-01  4.447183194328395e-01  4.447183194328395e-01  4.447183194328395e-01  0
-8.623606103671289e-07  4.214512767715131e-01  4.214512767715131e-01  4.214512767715131e-01  4.214512767715131e-01  0
-7.868553651095264e-07  3.868389680198355e-01  3.868389680198355e-01  3.868389680198355e-01  3.868389680198355e-01  0
-7.179610920981903e-07  3.476055705481743e-01  3.476055705481743e-01  3.476055705481743e-01  3.476055705481743e-01  0
-6.550989579833081e-07  3.230044935933021e-01  3.230044935933021e-01  3.230044935933021e-01  3.230044935933021e-01  0
-5.977408100161000e-07  3.222130183612774e-01  3.222130183612774e-01  3.222130183612774e-01  3.222130183612774e-01  0
-5.454047386346280e-07  3.451721659180936e-01  3.451721659180936e-01  3.451721659180936e-01  3.451721659180936e-01  0
-4.976510285738977e-07  3.799568494482811e-01  3.799568494482811e-01  3.799568494482811e-01  3.799568494482811e-01  0
-4.540784644824398e-07  4.192816137512996e-01  4.192816137512996e-01  4.192816137512996e-01  4.192816137512996e-01  0
-4.143209600060397e-07  4.440000390270434e-01  4.440000390270434e-01  4.440000390270434e-01  4.440000390270434e-01  0
-3.780444820169729e-07  4.447352718850636e-01  4.447352718850636e-01  4.447352718850636e-01  4.447352718850636e-01  0
-3.449442441468515e-07  4.214688868216118e-01  4.214688868216118e-01  4.214688868216118e-01  4.214688868216118e-01  0
-3.147421460438105e-07  3.868517216559962e-01  3.868517216559962e-01  3.868517216559962e-01  3.868517216559962e-01  0
-2.871844368392761e-07  3.476158766591511e-01  3.476158766591511e-01  3.476158766591511e-01  3.476158766591511e-01  0
-2.620395831933232e-07  3.230121949866844e-01  3.230121949866844e-01  3.230121949866844e-01  3.230121949866844e-01  0
-2.390963240064400e-07  3.222189342546413e-01  3.222189342546413e-01  3.222189342546413e-01  3.222189342546413e-01  0
-2.181618954538512e-07  3.451779249542953e-01  3.451779249542953e-01  3.451779249542953e-01  3.451779249542953e-01  0
-1.990604114295591e-07  3.799661755365550e-01  3.799661755365550e-01  3.799661755365550e-01  3.799661755365550e-01  0
-1.816313857929760e-07  4.192928828618370e-01  4.192928828618370e-01  4.192928828618370e-01  4.192928828618370e-01  0
-1.657283840024159e-07  4.440132093489011e-01  4.440132093489011e-01  4.440132093489011e-01  4.440132093489011e-01  0
-1.512177928067892e-07  4.447495837352112e-01  4.447495837352112e-01  4.447495837352112e-01  4.447495837352112e-01  0
-1.379776976587407e-07  4.214830832272627e-01  4.214830832272627e-01  4.214830832272627e-01  4.214830832272627e-01  0
-1.258968584175242e-07  3.868633218208293e-01  3.868633218208293e-01  3.868633218208293e-01  3.868633218208293e-01  0
-1.148737747357105e-07  3.476258452366200e-01  3.476258452366200e-01  3.476258452366200e-01  3.476258452366200e-01  0
-1.048158332773293e-07  3.230207155263156e-01  3.230207155263156e-01  3.230207155263156e-01  3.230207155263156e-01  0
-9.563852960257600e-08  3.222267346324761e-01  3.222267346324761e-01  3.222267346324761e-01  3.222267346324761e-01  0
-8.726475818154049e-08  3.451860555232221e-01  3.451860555232221e-01  3.451860555232221e-01  3.451860555232221e-01  0
-7.962416457182364e-08  3.799762813258642e-01  3.799762813258642e-01  3.799762813258642e-01  3.799762813258642e-01  0
-7.265255431719039e-08  4.193044262501753e-01  4.193044262501753e-01  4.193044262501753e-01  4.193044262501753e-01  0
-6.629135360096636e-08  4.440259289031116e-01  4.440259289031116e-01  4.440259289031116e-01  4.440259289031116e-01  0
-6.048711712271566e-08  4.447627737865147e-01  4.447627737865147e-01  4.447627737865147e-01  4.447627737865147e-01  0
-5.519107906349626e-08  4.214958390728003e-01  4.214958390728003e-01  4.214958390728003e-01  4.214958390728003e-01  0
-5.035874336700968e-08  3.868744471983343e-01  3.868744471983343e-01  3.868744471983343e-01  3.868744471983343e-01  0
-4.594950989428418e-08  3.476356612530790e-01  3.476356612530790e-01  3.476356612530790e-01  3.476356612530790e-01  0
-4.192633331093172e-08  3.230295409957097e-01  3.230295409957097e-01  3.230295409957097e-01  3.230295409957097e-01  0
-3.825541184103040e-08  3.222352599084478e-01  3.222352599084478e-01  3.222352599084478e-01  3.222352599084478e-01  0
-3.490590327261619e-08  3.451950989335715e-01  3.451950989335715e-01  3.451950989335715e-01  3.451950989335715e-01  0
-3.184966582872946e-08  3.799866922734521e-01  3.799866922734521e-01  3.799866922734521e-01  3.799866922734521e-01  0
-2.906102172687616e-08  4.193160715081638e-01  4.193160715081638e-01  4.193160715081638e-01  4.193160715081638e-01  0
-2.651654144038655e-08  4.440384591648532e-01  4.440384591648532e-01  4.440384591648532e-01  4.440384591648532e-01  0
-2.419484684908627e-08  4.447755049260604e-01  4.447755049260604e-01  4.447755049260604e-01  4.447755049260604e-01  0
-2.207643162539851e-08  4.215080070858991e-01  4.215080070858991e-01  4.215080070858991e-01  4.215080070858991e-01  0
-2.014349734680388e-08  3.868853806629158e-01  3.868853806629158e-01  3.868853806629158e-01  3.868853806629158e-01  0
-1.837980395771367e-08  3.476454135649094e-01  3.476454135649094e-01  3.476454135649094e-01  3.476454135649094e-01  0
-1.677053332437269e-08  3.230384849247015e-01  3.230384849247015e-01  3.230384849247015e-01  3.230384849247015e-01  0
-1.530216473641216e-08  3.222440706611104e-01  3.222440706611104e-01  3.222440706611104e-01  3.222440706611104e-01  0
-1.396236130904648e-08  3.452045019313359e-01  3.452045019313359e-01  3.452045019313359e-01  3.452045019313359e-01  0
-1.273986633149178e-08  3.799972244548287e-01  3.799972244548287e-01  3.799972244548287e-01  3.799972244548287e-01  0
-1.162440869075046e-08  4.193277565939242e-01  4.193277565939242e-01  4.193277565939242e-01  4.193277565939242e-01  0
-1.060661657615462e-08  4.440509127796509e-01  4.440509127796509e-01  4.440509127796509e-01  4.440509127796509e-01  0
-9.677938739634506e-09  4.447880517200247e-01  4.447880517200247e-01  4.447880517200247e-01  4.447880517200247e-01  0
-8.830572650159401e-09  4.215199396057748e-01  4.215199396057748e-01  4.215199396057748e-01  4.215199396057748e-01  0
-8.057398938721549e-09  3.868962371581457e-01  3.868962371581457e-01  3.868962371581457e-01  3.868962371581457e-01  0
-7.351921583085468e-09  3.476551400720982e-01  3.476551400720982e-01  3.476551400720982e-01  3.476551400720982e-01  0
-6.708213329749074e-09  3.230474757945928e-01  3.230474757945928e-01  3.230474757945928e-01  3.230474757945928e-01  0
-6.120865894564863e-09  3.222529950479319e-01  3.222529950479319e-01  3.222529950479319e-01  3.222529950479319e-01  0
-5.584944523618591e-09  3.452140481035425e-01  3.452140481035425e-01  3.452140481035425e-01  3.452140481035425e-01  0
-5.095946532596712e-09  3.800078054415014e-01  3.800078054415014e-01  3.800078054415014e-01  3.800078054415014e-01  0
-4.649763476300184e-09  4.193394583684635e-01  4.193394583684635e-01  4.193394583684635e-01  4.193394583684635e-01  0
-4.242646630461847e-09  4.440633375281251e-01  4.440633375281251e-01  4.440633375281251e-01  4.440633375281251e-01  0
-3.871175495853802e-09  4.448005287464521e-01  4.448005287464521e-01  4.448005287464521e-01  4.448005287464521e-01  0
-3.532229060063760e-09  4.215317860827015e-01  4.215317860827015e-01  4.215317860827015e-01  4.215317860827015e-01  0
-3.222959575488619e-09  3.869070629211844e-01  3.869070629211844e-01  3.869070629211844e-01  3.869070629211844e-01  0
-2.940768633234187e-09  3.476648562105472e-01  3.476648562105472e-01  3.476648562105472e-01  3.476648562105472e-01  0
-2.683285331899630e-09  3.230564853190940e-01  3.230564853190940e-01  3.230564853190940e-01  3.230564853190940e-01  0
-2.448346357825945e-09  3.222619647374028e-01  3.222619647374028e-01  3.222619647374028e-01  3.222619647374028e-01  0
-2.233977809447436e-09  3.452236514135112e-01  3.452236514135112e-01  3.452236514135112e-01  3.452236514135112e-01  0
-2.038378613038685e-09  3.800184081657735e-01  3.800184081657735e-01  3.800184081657735e-01  3.800184081657735e-01  0
-1.859905390520073e-09  4.193511722462879e-01  4.193511722462879e-01  4.193511722462879e-01  4.193511722462879e-01  0
-1.697058652184739e-09  4.440757635253436e-01  4.440757635253436e-01  4.440757635253436e-01  4.440757635253436e-01  0
-1.548470198341521e-09  4.448130061186037e-01  4.448130061186037e-01  4.448130061186037e-01  4.448130061186037e-01  0
-1.412891624025504e-09  4.215436560427785e-01  4.215436560427785e-01  4.215436560427785e-01  4.215436560427785e-01  0
-1.289183830195448e-09  3.869178763156772e-01  3.869178763156772e-01  3.869178763156772e-01  3.869178763156772e-01  0
-1.176307453293675e-09  3.476745675983451e-01  3.476745675983451e-01  3.476745675983451e-01  3.476745675983451e-01  0
-1.073314132759852e-09  3.230655011316294e-01  3.230655011316294e-01  3.230655011316294e-01  3.230655011316294e-01  0
-9.793385431303781e-10  3.222709508166126e-01  3.222709508166126e-01  3.222709508166126e-01  3.222709508166126e-01  0
-8.935911237789746e-10  3.452332753531095e-01  3.452332753531095e-01  3.452332753531095e-01  3.452332753531095e-01  0
-8.153514452154740e-10  3.800290425784889e-01  3.800290425784889e-01  3.800290425784889e-01  3.800290425784889e-01  0
-7.439621562080295e-10  4.193629510867424e-01  4.193629510867424e-01  4.193629510867424e-01  4.193629510867424e-01  0
-6.788234608738956e-10  4.440883352454431e-01  4.440883352454431e-01  4.440883352454431e-01  4.440883352454431e-01  0
-6.193880793366084e-10  4.448258074060085e-01  4.448258074060085e-01  4.448258074060085e-01  4.448258074060085e-01  0
-5.651566496102017e-10  4.215562015638077e-01  4.215562015638077e-01  4.215562015638077e-01  4.215562015638077e-01  0
-5.156735320781790e-10  3.869286822742176e-01  3.869286822742176e-01  3.869286822742176e-01  3.869286822742176e-01  0
-4.705229813174699e-10  3.476842700758520e-01  3.476842700758520e-01  3.476842700758520e-01  3.476842700758520e-01  0
-4.293256531039407e-10  3.230745066609730e-01  3.230745066609730e-01  3.230745066609730e-01  3.230745066609730e-01  0
-3.917354172521512e-10  3.222799238699870e-01  3.222799238699870e-01  3.222799238699870e-01  3.222799238699870e-01  0
-3.574364495115897e-10  3.452428807614268e-01  3.452428807614268e-01  3.452428807614268e-01  3.452428807614268e-01  0
-3.261405780861896e-10  3.800406617496027e-01  3.800406617496027e-01  3.800406617496027e-01  3.800406617496027e-01  0
-2.975848624832118e-10  4.193771658549367e-01  4.193771658549367e-01  4.193771658549367e-01  4.193771658549367e-01  0
-2.715293843495581e-10  4.441066293635554e-01  4.441066293635554e-01  4.441066293635554e-01  4.441066293635554e-01  0
-2.477552317346433e-10  4.448511976728372e-01  4.448511976728372e-01  4.448511976728372e-01  4.448511976728372e-01  0
-2.260626598440806e-10  4.215944831149898e-01  4.215944831149898e-01  4.215944831149898e-01  4.215944831149898e-01  0
2.260626598440806e-10  4.215944652654785e-01  4.215944652654785e-01  4.215944652654785e-01  4.215944652654785e-01  0
2.477552317346433e-10  4.448511853841255e-01  4.448511853841255e-01  4.448511853841255e-01  4.448511853841255e-01  0
2.715293843495581e-10  4.441066208732904e-01  4.441066208732904e-01  4.441066208732904e-01  4.441066208732904e-01  0
2.975848624832118e-10  4.193771599883714e-01  4.193771599883714e-01  4.193771599883714e-01  4.193771599883714e-01  0
3.261405780861896e-10  3.800406576830357e-01  3.800406576830357e-01  3.800406576830357e-01  3.800406576830357e-01  0
3.574364495115897e-10  3.452428705456360e-01  3.452428705456360e-01  3.452428705456360e-01  3.452428705456360e-01  0
3.917354172521512e-10  3.222799199663132e-01  3.222799199663132e-01  3.222799199663132e-01  3.222799199663132e-01  0
4.293256531039407e-10  3.230745070937693e-01  3.230745070937693e-01  3.230745070937693e-01  3.230745070937693e-01  0
4.705229813174699e-10  3.476842727579417e-01  3.476842727579417e-01  3.476842727579417e-01  3.476842727579417e-01  0
5.156735320781790e-10  3.869286856422468e-01  3.869286856422468e-01  3.869286856422468e-01  3.869286856422468e-01  0
5.651566496102017e-10  4.215561912193050e-01  4.215561912193050e-01  4.215561912193050e-01  4.215561912193050e-01  0
6.193880793366084e-10  4.448258007363000e-01  4.448258007363000e-01  4.448258007363000e-01  4.448258007363000e-01  0
6.788234608738956e-10  4.440883311754392e-01  4.440883311754392e-01  4.440883311754392e-01  4.440883311754392e-01  0
7.439621562080295e-10  4.193629486768234e-01  4.193629486768234e-01  4.193629486768234e-01  4.193629486768234e-01  0
8.153514452154740e-10  3.800290409607404e-01  3.800290409607404e-01  3.800290409607404e-01  3.800290409607404e-01  0
8.935911237789746e-10  3.452332705697702e-01  3.452332705697702e-01  3.452332705697702e-01  3.452332705697702e-01  0
9.793385431303781e-10  3.222709485875505e-01  3.222709485875505e-01  3.222709485875505e-01  3.222709485875505e-01  0
1.073314132759852e-09  3.230655005225855e-01  3.230655005225855e-01  3.230655005225855e-01  3.230655005225855e-01  0
1.176307453293675e-09  3.476745677582364e-01  3.476745677582364e-01  3.476745677582364e-01  3.476745677582364e-01  0
1.289183830195448e-09  3.869178767325779e-01  3.869178767325779e-01  3.869178767325779e-01  3.869178767325779e-01  0
1.412891624025504e-09  4.215436512085619e-01  4.215436512085619e-01  4.215436512085619e-01  4.215436512085619e-01  0
1.548470198341521e-09  4.448130031519080e-01  4.448130031519080e-01  4.448130031519080e-01  4.448130031519080e-01  0
1.697058652184739e-09  4.440757620338732e-01  4.440757620338732e-01  4.440757620338732e-01  4.440757620338732e-01  0
1.859905390520073e-09  4.193511717505164e-01  4.193511717505164e-01  4.193511717505164e-01  4.193511717505164e-01  0
2.038378613038685e-09  3.800184081004158e-01  3.800184081004158e-01  3.800184081004158e-01  3.800184081004158e-01  0
2.233977809447436e-09  3.452236498853959e-01  3.452236498853959e-01  3.452236498853959e-01  3.452236498853959e-01  0
2.448346357825945e-09  3.222619639559549e-01  3.222619639559549e-01  3.222619639559549e-01  3.222619639559549e-01  0
2.683285331899630e-09  3.230564848327066e-01  3.230564848327066e-01  3.230564848327066e-01  3.230564848327066e-01  0
2.940768633234187e-09  3.476648557476473e-01  3.476648557476473e-01  3.476648557476473e-01  3.476648557476473e-01  0
3.222959575488619e-09  3.869070624680229e-01  3.869070624680229e-01  3.869070624680229e-01  3.869070624680229e-01  0
3.532229060063760e-09  4.215317836567926e-01  4.215317836567926e-01  4.215317836567926e-01  4.215317836567926e-01  0
3.871175495853802e-09  4.448005273868975e-01  4.448005273868975e-01  4.448005273868975e-01  4.448005273868975e-01  0
4.242646630461847e-09  4.440633371459355e-01  4.440633371459355e-01  4.440633371459355e-01  4.440633371459355e-01  0
4.649763476300184e-09  4.193394586893113e-01  4.193394586893113e-01  4.193394586893113e-01  4.193394586893113e-01  0
5.095946532596712e-09  3.800078060340936e-01  3.800078060340936e-01  3.800078060340936e-01  3.800078060340936e-01  0
5.584944523618591e-09  3.452140479839073e-01  3.452140479839073e-01  3.452140479839073e-01  3.452140479839073e-01  0
6.120865894564863e-09  3.222529949227901e-01  3.222529949227901e-01  3.222529949227901e-01  3.222529949227901e-01  0
6.708213329749074e-09  3.230474754116879e-01  3.230474754116879e-01  3.230474754116879e-01  3.230474754116879e-01  0
7.351921583085468e-09  3.476551393999223e-01  3.476551393999223e-01  3.476551393999223e-01  3.476551393999223e-01  0
8.057398938721549e-09  3.868962363899821e-01  3.868962363899821e-01  3.868962363899821e-01  3.868962363899821e-01  0
8.830572650159401e-09  4.215199381488274e-01  4.215199381488274e-01  4.215199381488274e-01  4.215199381488274e-01  0
9.677938739634506e-09  4.447880510017387e-01  4.447880510017387e-01  4.447880510017387e-01  4.447880510017387e-01  0
1.060661657615462e-08  4.440509128349628e-01  4.440509128349628e-01  4.440509128349628e-01  4.440509128349628e-01  0
1.162440869075046e-08  4.193277572326927e-01  4.193277572326927e-01  4.193277572326927e-01  4.193277572326927e-01  0
1.273986633149178e-08  3.799972253008497e-01  3.799972253008497e-01  3.799972253008497e-01  3.799972253008497e-01  0
1.396236130904648e-08  3.452045023844401e-01  3.452045023844401e-01  3.452045023844401e-01  3.452045023844401e-01  0
1.530216473641216e-08  3.222440708044317e-01  3.222440708044317e-01  3.222440708044317e-01  3.222440708044317e-01  0
1.677053332437269e-08  3.230384845855868e-01  3.230384845855868e-01  3.230384845855868e-01  3.230384845855868e-01  0
1.837980395771367e-08  3.476454128081350e-01  3.476454128081350e-01  3.476454128081350e-01  3.476454128081350e-01  0
2.014349734680388e-08  3.868853797651088e-01  3.868853797651088e-01  3.868853797651088e-01  3.868853797651088e-01  0
2.207643162539851e-08  4.215080060106596e-01  4.215080060106596e-01  4.215080060106596e-01  4.215080060106596e-01  0
2.419484684908627e-08  4.447755044597843e-01  4.447755044597843e-01  4.447755044597843e-01  4.447755044597843e-01  0
2.651654144038655e-08  4.440384593920713e-01  4.440384593920713e-01  4.440384593920713e-01  4.440384593920713e-01  0
2.906102172687616e-08  4.193160722722988e-01  4.193160722722988e-01  4.193160722722988e-01  4.193160722722988e-01  0
3.184966582872946e-08  3.799866932200537e-01  3.799866932200537e-01  3.799866932200537e-01  3.799866932200537e-01  0
3.490590327261619e-08  3.451950996021320e-01  3.451950996021320e-01  3.451950996021320e-01  3.451950996021320e-01  0
3.825541184103040e-08  3.222352601458877e-01  3.222352601458877e-01  3.222352601458877e-01  3.222352601458877e-01  0
4.192633331093172e-08  3.230295406620353e-01  3.230295406620353e-01  3.230295406620353e-01  3.230295406620353e-01  0
4.594950989428418e-08  3.476356604519298e-01  3.476356604519298e-01  3.476356604519298e-01  3.476356604519298e-01  0
5.035874336700968e-08  3.868744462397420e-01  3.868744462397420e-01  3.868744462397420e-01  3.868744462397420e-01  0
5.519107906349626e-08  4.214958381544958e-01  4.214958381544958e-01  4.214958381544958e-01  4.214958381544958e-01  0
6.048711712271566e-08  4.447627734191634e-01  4.447627734191634e-01  4.447627734191634e-01  4.447627734191634e-01  0
6.629135360096636e-08  4.440259291917763e-01  4.440259291917763e-01  4.440259291917763e-01  4.440259291917763e-01  0
7.265255431719039e-08  4.193044270530765e-01  4.193044270530765e-01  4.193044270530765e-01  4.193044270530765e-01  0
7.962416457182364e-08  3.799762822991262e-01  3.799762822991262e-01  3.799762822991262e-01  3.799762822991262e-01  0
8.726475818154049e-08  3.451860563087052e-01  3.451860563087052e-01  3.451860563087052e-01  3.451860563087052e-01  0
9.563852960257600e-08  3.222267349343751e-01  3.222267349343751e-01  3.222267349343751e-01  3.222267349343751e-01  0
1.048158332773293e-07  3.230207152166081e-01  3.230207152166081e-01  3.230207152166081e-01  3.230207152166081e-01  0
1.148737747357105e-07  3.476258444339576e-01  3.476258444339576e-01  3.476258444339576e-01  3.476258444339576e-01  0
1.258968584175242e-07  3.868633208483181e-01  3.868633208483181e-01  3.868633208483181e-01  3.868633208483181e-01  0
1.379776976587407e-07  4.214830823847813e-01  4.214830823847813e-01  4.214830823847813e-01  4.214830823847813e-01  0
1.512177928067892e-07  4.447495834292101e-01  4.447495834292101e-01  4.447495834292101e-01  4.447495834292101e-01  0
1.657283840024159e-07  4.440132096907712e-01  4.440132096907712e-01  4.440132096907712e-01  4.440132096907712e-01  0
1.816313857929760e-07  4.192928837128430e-01  4.192928837128430e-01  4.192928837128430e-01  4.192928837128430e-01  0
1.990604114295591e-07  3.799661765538017e-01  3.799661765538017e-01  3.799661765538017e-01  3.799661765538017e-01  0
2.181618954538512e-07  3.451779257618597e-01  3.451779257618597e-01  3.451779257618597e-01  3.451779257618597e-01  0
2.390963240064400e-07  3.222189345623964e-01  3.222189345623964e-01  3.222189345623964e-01  3.222189345623964e-01  0
2.620395831933232e-07  3.230121946729769e-01  3.230121946729769e-01  3.230121946729769e-01  3.230121946729769e-01  0
2.871844368392761e-07  3.476158758499414e-01  3.476158758499414e-01  3.476158758499414e-01  3.476158758499414e-01  0
3.147421460438105e-07  3.868517206805667e-01  3.868517206805667e-01  3.868517206805667e-01  3.868517206805667e-01  0
3.449442441468515e-07  4.214688859901099e-01  4.214688859901099e-01  4.214688859901099e-01  4.214688859901099e-01  0
3.780444820169729e-07  4.447352715796297e-01  4.447352715796297e-01  4.447352715796297e-01  4.447352715796297e-01  0
4.143209600060397e-07  4.440000393626367e-01  4.440000393626367e-01  4.440000393626367e-01  4.440000393626367e-01  0
4.540784644824398e-07  4.192816145921280e-01  4.192816145921280e-01  4.192816145921280e-01  4.192816145921280e-01  0
4.976510285738977e-07  3.799568504539075e-01  3.799568504539075e-01  3.799568504539075e-01  3.799568504539075e-01  0
5.454047386346280e-07  3.451721667320973e-01  3.451721667320973e-01  3.451721667320973e-01  3.451721667320973e-01  0
5.977408100161000e-07  3.222130186680999e-01  3.222130186680999e-01  3.222130186680999e-01  3.222130186680999e-01  0
6.550989579833081e-07  3.230044932732420e-01  3.230044932732420e-01  3.230044932732420e-01  3.230044932732420e-01  0
7.179610920981903e-07  3.476055697293961e-01  3.476055697293961e-01  3.476055697293961e-01  3.476055697293961e-01  0
7.868553651095264e-07  3.868389670333208e-01  3.868389670333208e-01  3.868389670333208e-01  3.868389670333208e-01  0
8.623606103671289e-07  4.214512759349565e-01  4.214512759349565e-01  4.214512759349565e-01  4.214512759349565e-01  0
9.451112050424321e-07  4.447183191209268e-01  4.447183191209268e-01  4.447183191209268e-01  4.447183191209268e-01  0
1.035802400015099e-06  4.439858861678345e-01  4.439858861678345e-01  4.439858861678345e-01  4.439858861678345e-01  0
1.135196161206100e-06  4.192711567285779e-01  4.192711567285779e-01  4.192711567285779e-01  4.192711567285779e-01  0
1.244127571434744e-06  3.799495812301518e-01  3.799495812301518e-01  3.799495812301518e-01  3.799495812301518e-01  0
1.363511846586570e-06  3.451728995902593e-01  3.451728995902593e-01  3.451728995902593e-01  3.451728995902593e-01  0
1.494352025040250e-06  3.222122688456281e-01  3.222122688456281e-01  3.222122688456281e-01  3.222122688456281e-01  0
1.637747394958270e-06  3.229991976485403e-01  3.229991976485403e-01  3.229991976485403e-01  3.229991976485403e-01  0
1.794902730245476e-06  3.475946964181966e-01  3.475946964181966e-01  3.475946964181966e-01  3.475946964181966e-01  0
1.967138412773816e-06  3.868235415044105e-01  3.868235415044105e-01  3.868235415044105e-01  3.868235415044105e-01  0
2.155901525917822e-06  4.214263104475101e-01  4.214263104475101e-01  4.214263104475101e-01  4.214263104475101e-01  0
2.362778012606080e-06  4.446957948964244e-01  4.446957948964244e-01  4.446957948964244e-01  4.446957948964244e-01  0
2.589506000037748e-06  4.439701816074985e-01  4.439701816074985e-01  4.439701816074985e-01  4.439701816074985e-01  0
2.837990403015249e-06  4.192635170749459e-01  4.192635170749459e-01  4.192635170749459e-01  4.192635170749459e-01  0
3.110318928586861e-06  3.799481317543364e-01  3.799481317543364e-01  3.799481317543364e-01  3.799481317543364e-01  0
3.408779616466425e-06  3.451933749763298e-01  3.451933749763298e-01  3.451933749763298e-01  3.451933749763298e-01  0
3.735880062600625e-06  3.222272724657106e-01  3.222272724657106e-01  3.222272724657106e-01  3.222272724657106e-01  0
4.094368487395675e-06  3.230021499961230e-01  3.230021499961230e-01  3.230021499961230e-01  3.230021499961230e-01  0
4.487256825613690e-06  3.475841320903034e-01  3.475841320903034e-01  3.475841320903034e-01  3.475841320903034e-01  0
4.917846031934539e-06  3.868027599113869e-01  3.868027599113869e-01  3.868027599113869e-01  3.868027599113869e-01  0
5.389753814794556e-06  4.213901810816532e-01  4.213901810816532e-01  4.213901810816532e-01  4.213901810816532e-01  0
5.906945031515201e-06  4.446656969187791e-01  4.446656969187791e-01  4.446656969187791e-01  4.446656969187791e-01  0
6.473765000094370e-06  4.439562177097988e-01  4.439562177097988e-01  4.439562177097988e-01  4.439562177097988e-01  0
7.094976007538122e-06  4.192678409343020e-01  4.192678409343020e-01  4.192678409343020e-01  4.192678409343020e-01  0
7.775797321467151e-06  3.799654591012970e-01  3.799654591012970e-01  3.799654591012970e-01  3.799654591012970e-01  0
8.521949041166063e-06  3.452849993536171e-01  3.452849993536171e-01  3.452849993536171e-01  3.452849993536171e-01  0
9.339700156501563e-06  3.222992696990785e-01  3.222992696990785e-01  3.222992696990785e-01  3.222992696990785e-01  0
1.023592121848919e-05  3.230395723181339e-01  3.230395723181339e-01  3.230395723181339e-01  3.230395723181339e-01  0
1.121814206403422e-05  3.475850419935474e-01  3.475850419935474e-01  3.475850419935474e-01  3.475850419935474e-01  0
1.229461507983635e-05  3.867767950219965e-01  3.867767950219965e-01  3.867767950219965e-01  3.867767950219965e-01  0
1.347438453698639e-05  4.213727514548881e-01  4.213727514548881e-01  4.213727514548881e-01  4.213727514548881e-01  0
1.476736257878800e-05  4.446572261565208e-01  4.446572261565208e-01  4.446572261565208e-01  4.446572261565208e-01  0
1.618441250023593e-05  4.439821830007781e-01  4.439821830007781e-01  4.439821830007781e-01  4.439821830007781e-01  0
1.773744001884531e-05  4.193330529957415e-01  4.193330529957415e-01  4.193330529957415e-01  4.193330529957415e-01  0
1.943949330366788e-05  3.800562715591235e-01  3.800562715591235e-01  3.800562715591235e-01  3.800562715591235e-01  0
2.130487260291516e-05  3.456896388192962e-01  3.456896388192962e-01  3.456896388192962e-01  3.456896388192962e-01  0
2.334925039125391e-05  3.226226122565969e-01  3.226226122565969e-01  3.226226122565969e-01  3.226226122565969e-01  0
2.558980304622297e-05  3.232485055914334e-01  3.232485055914334e-01  3.232485055914334e-01  3.232485055914334e-01  0
2.804535516008556e-05  3.476804258078896e-01  3.476804258078896e-01  3.476804258078896e-01  3.476804258078896e-01  0
3.073653769959087e-05  3.867884165816036e-01  3.867884165816036e-01  3.867884165816036e-01  3.867884165816036e-01  0
3.368596134246598e-05  4.216421023468649e-01  4.216421023468649e-01  4.216421023468649e-01  4.216421023468649e-01  0
3.691840644697001e-05  4.449295443272744e-01  4.449295443272744e-01  4.449295443272744e-01  4.449295443272744e-01  0
4.046103125058982e-05  4.443163486636540e-01  4.443163486636540e-01  4.443163486636540e-01  4.443163486636540e-01  0
4.434360004711327e-05  4.197363270112064e-01  4.197363270112064e-01  4.197363270112064e-01  4.197363270112064e-01  0
4.859873325916970e-05  3.804917518608313e-01  3.804917518608313e-01  3.804917518608313e-01  3.804917518608313e-01  0
5.326218150728788e-05  3.476892450314419e-01  3.476892450314419e-01  3.476892450314419e-01  3.476892450314419e-01  0
5.837312597813476e-05  3.242277318018998e-01  3.242277318018998e-01  3.242277318018998e-01  3.242277318018998e-01  0
6.397450761555741e-05  3.243969554015339e-01  3.243969554015339e-01  3.243969554015339e-01  3.243969554015339e-01  0
7.011338790021387e-05  3.484051731517979e-01  3.484051731517979e-01  3.484051731517979e-01  3.484051731517979e-01  0
7.684134424897716e-05  3.871975072240614e-01  3.871975072240614e-01  3.871975072240614e-01  3.871975072240614e-01  0
8.421490335616494e-05  4.244605504709758e-01  4.244605504709758e-01  4.244605504709758e-01  4.244605504709758e-01  0
9.229601611742502e-05  4.474633716364756e-01  4.474633716364756e-01  4.474633716364756e-01  4.474633716364756e-01  0
1.011525781264745e-04  4.467704539245783e-01  4.467704539245783e-01  4.467704539245783e-01  4.467704539245783e-01  0
1.108590001177832e-04  4.221484120814013e-01  4.221484120814013e-01  4.221484120814013e-01  4.221484120814013e-01  0
1.214968331479242e-04  3.827752541442813e-01  3.827752541442813e-01  3.827752541442813e-01  3.827752541442813e-01  0
1.331554537682197e-04  3.582728554332572e-01  3.582728554332572e-01  3.582728554332572e-01  3.582728554332572e-01  0
1.459328149453369e-04  3.327457028639350e-01  3.327457028639350e-01  3.327457028639350e-01  3.327457028639350e-01  0
1.599362690388935e-04  3.308195643298559e-01  3.308195643298559e-01  3.308195643298559e-01  3.308195643298559e-01  0
1.752834697505347e-04  3.530029440817578e-01  3.530029440817578e-01  3.530029440817578e-01  3.530029440817578e-01  0
1.921033606224429e-04  3.904403547322936e-01  3.904403547322936e-01  3.904403547322936e-01  3.904403547322936e-01  0
2.105372583904124e-04  4.431997566569483e-01  4.431997566569483e-01  4.431997566569483e-01  4.431997566569483e-01  0
2.307400402935626e-04  4.640943999295800e-01  4.640943999295800e-01  4.640943999295800e-01  4.640943999295800e-01  0
2.528814453161864e-04  4.620361362746490e-01  4.620361362746490e-01  4.620361362746490e-01  4.620361362746490e-01  0
2.771475002944579e-04  4.361583635355964e-01  4.361583635355964e-01  4.361583635355964e-01  4.361583635355964e-01  0
3.037420828698106e-04  3.952615688510403e-01  3.952615688510403e-01  3.952615688510403e-01  3.952615688510403e-01  0
3.328886344205493e-04  4.201213888185981e-01  4.201213888185981e-01  4.201213888185981e-01  4.201213888185981e-01  0
3.648320373633422e-04  3.821592557756637e-01  3.821592557756637e-01  3.821592557756637e-01  3.821592557756637e-01  0
3.998406725972339e-04  3.687304574945562e-01  3.687304574945562e-01  3.687304574945562e-01  3.687304574945562e-01  0
4.382086743763368e-04  3.814942320246918e-01  3.814942320246918e-01  3.814942320246918e-01  3.814942320246918e-01  0
4.802584015561073e-04  4.121062853347737e-01  4.121062853347737e-01  4.121062853347737e-01  4.121062853347737e-01  0
5.263431459760308e-04  6.236573775758409e-01  6.236573775758409e-01  6.236573775758409e-01  6.236573775758409e-01  0
5.768501007339063e-04  6.034329836271124e-01  6.034329836271124e-01  6.034329836271124e-01  6.034329836271124e-01  0
6.322036132904660e-04  5.749180407782453e-01  5.749180407782453e-01  5.749180407782453e-01  5.749180407782453e-01  0
6.928687507361448e-04  5.300009735076308e-01  5.300009735076308e-01  5.300009735076308e-01  5.300009735076308e-01  0
7.593552071745265e-04  4.729785005138304e-01  4.729785005138304e-01  4.729785005138304e-01  4.729785005138304e-01  0
8.322215860513732e-04  2.024655606991999e+00  2.024655606991999e+00  2.024655606991999e+00  2.024655606991999e+00  0
9.120800934083555e-04  1.488971033875353e+00  1.488971033875353e+00  1.488971033875353e+00  1.488971033875353e+00  0
9.996016814930845e-04  1.102373054832922e+00  1.102373054832922e+00  1.102373054832922e+00  1.102373054832922e+00  0
1.095521685940842e-03  8.552961298594677e-01  8.552961298594677e-01  8.552961298594677e-01  8.552961298594677e-01  0
1.200646003890268e-03  7.173591740599262e-01  7.173591740599262e-01  7.173591740599262e-01  7.173591740599262e-01  0
1.315857864940077e-03  5.184375419330673e+00  5.184375419330673e+00  5.184375419330673e+00  5.184375419330673e+00  0
1.442125251834766e-03  4.796330131236741e+00  4.796330131236741e+00  4.796330131236741e+00  4.796330131236741e+00  0
1.580509033226165e-03  4.183655867910216e+00  4.183655867910216e+00  4.183655867910216e+00  4.183655867910216e+00  0
1.732171876840362e-03  3.450123747590495e+00  3.450123747590495e+00  3.450123747590495e+00  3.450123747590495e+00  0
1.898388017936316e-03  2.701844226858240e+00  2.701844226858240e+00  2.701844226858240e+00  2.701844226858240e+00  0
2.080553965128434e-03  2.971221281579510e+00  2.971221281579510e+00  2.971221281579510e+00  2.971221281579510e+00  0
2.280200233520889e-03  3.786390100896490e+00  3.786390100896490e+00  3.786390100896490e+00  3.786390100896490e+00  0
2.499004203732712e-03  4.518008662002718e+00  4.518008662002718e+00  4.518008662002718e+00  4.518008662002718e+00  0
2.738804214852105e-03  5.048510270118384e+00  5.048510270118384e+00  5.048510270118384e+00  5.048510270118384e+00  0
3.001615009725671e-03  5.286473290519705e+00  5.286473290519705e+00  5.286473290519705e+00  5.286473290519705e+00  0
3.289644662350191e-03  3.743914040105957e-01  3.743914040105957e-01  3.743914040105957e-01  3.743914040105957e-01  0
3.605313129586913e-03  6.222690726362057e-01  6.222690726362057e-01  6.222690726362057e-01  6.222690726362057e-01  0
3.951272583065410e-03  9.986259828388065e-01  9.986259828388065e-01  9.986259828388065e-01  9.986259828388065e-01  0
4.330429692100902e-03  1.524501511008564e+00  1.524501511008564e+00  1.524501511008564e+00  1.524501511008564e+00  0
4.745970044840788e-03  2.194844877020234e+00  2.194844877020234e+00  2.194844877020234e+00  2.194844877020234e+00  0
5.201384912821079e-03  5.296064147355142e-02  5.296064147355142e-02  5.296064147355142e-02  5.296064147355142e-02  0
5.700500583802218e-03  6.837162707058185e-02  6.837162707058185e-02  6.837162707058185e-02  6.837162707058185e-02  0
6.247510509331774e-03  9.618662158884841e-02  9.618662158884841e-02  9.618662158884841e-02  9.618662158884841e-02  0
6.847010537130257e-03  1.467978501278322e-01  1.467978501278322e-01  1.467978501278322e-01  1.467978501278322e-01  0
7.504037524314171e-03  2.367863270331975e-01  2.367863270331975e-01  2.367863270331975e-01  2.367863270331975e-01  0
8.224111655875475e-03  2.878004586282002e-02  2.878004586282002e-02  2.878004586282002e-02  2.878004586282002e-02  0
9.013282823967279e-03  3.280550317635330e-02  3.280550317635330e-02  3.280550317635330e-02  3.280550317635330e-02  0
9.878181457663521e-03  3.676087865385309e-02  3.676087865385309e-02  3.676087865385309e-02  3.676087865385309e-02  0
1.082607423025225e-02  4.140566741224005e-02  4.140566741224005e-02  4.140566741224005e-02  4.140566741224005e-02  0
1.186492511210197e-02  4.799010123687953e-02  4.799010123687953e-02  4.799010123687953e-02  4.799010123687953e-02  0
1.300346228205270e-02  2.195513385534713e-02  2.195513385534713e-02  2.195513385534713e-02  2.195513385534713e-02  0
1.425125145950554e-02  2.171354796891079e-02  2.171354796891079e-02  2.171354796891079e-02  2.171354796891079e-02  0
1.561877627332944e-02  2.231630503250799e-02  2.231630503250799e-02  2.231630503250799e-02  2.231630503250799e-02  0
1.711752634282564e-02  2.394574129792546e-02  2.394574129792546e-02  2.394574129792546e-02  2.394574129792546e-02  0
1.876009381078543e-02  2.648935742573538e-02  2.648935742573538e-02  2.648935742573538e-02  2.648935742573538e-02  0
2.056027913968869e-02  1.971205429175168e-02  1.971205429175168e-02  1.971205429175168e-02  1.971205429175168e-02  0
2.253320705991820e-02  2.240895036610192e-02  2.240895036610192e-02  2.240895036610192e-02  2.240895036610192e-02  0
2.469545364415880e-02  2.390961591390502e-02  2.390961591390502e-02  2.390961591390502e-02  2.390961591390502e-02  0
2.706518557563063e-02  2.419892806870228e-02  2.419892806870228e-02  2.419892806870228e-02  2.419892806870228e-02  0
2.966231278025492e-02  2.369519603804178e-02  2.369519603804178e-02  2.369519603804178e-02  2.369519603804178e-02  0
3.250865570513174e-02  2.154300257525504e-02  2.154300257525504e-02  2.154300257525504e-02  2.154300257525504e-02  0
3.562812864876386e-02  1.982007066168126e-02  1.982007066168126e-02  1.982007066168126e-02  1.982007066168126e-02  0
3.904694068332359e-02  1.874772788607396e-02  1.874772788607396e-02  1.874772788607396e-02  1.874772788607396e-02  0
4.279381585706411e-02  1.873727827164845e-02  1.873727827164845e-02  1.873727827164845e-02  1.873727827164845e-02  0
4.690023452696357e-02  1.974624720076458e-02  1.974624720076458e-02  1.974624720076458e-02  1.974624720076458e-02  0
5.140069784922172e-02  2.004338891508425e-02  2.004338891508425e-02  2.004338891508425e-02  2.004338891508425e-02  0
5.633301764979549e-02  2.326178577581436e-02  2.326178577581436e-02  2.326178577581436e-02  2.326178577581436e-02  0
6.173863411039701e-02  2.514764197116892e-02  2.514764197116892e-02  2.514764197116892e-02  2.514764197116892e-02  0
6.766296393907659e-02  2.542468288508305e-02  2.542468288508305e-02  2.542468288508305e-02  2.542468288508305e-02  0
7.415578195063730e-02  2.426747492627660e-02  2.426747492627660e-02  2.426747492627660e-02  2.426747492627660e-02  0
8.127163926282936e-02  1.328663357970217e-01  1.328663357970217e-01  1.328663357970217e-01  1.328663357970217e-01  0
8.907032162190966e-02  1.163163569260225e-01  1.163163569260225e-01  1.163163569260225e-01  1.163163569260225e-01  0
9.761735170830897e-02  9.607444377466531e-02  9.607444377466531e-02  9.607444377466531e-02  9.607444377466531e-02  0
1.069845396426603e-01  7.610463128524539e-02  7.610463128524539e-02  7.610463128524539e-02  7.610463128524539e-02  0
1.172505863174089e-01  5.931779112257612e-02  5.931779112257612e-02  5.931779112257612e-02  5.931779112257612e-02  0
1.285017446230543e-01  2.067790306800393e+00  2.067790306800393e+00  2.067790306800393e+00  2.067790306800393e+00  0
1.408325441244888e-01  2.076396016987050e+00  2.076396016987050e+00  2.076396016987050e+00  2.076396016987050e+00  0
1.543465852759925e-01  1.932888333683453e+00  1.932888333683453e+00  1.932888333683453e+00  1.932888333683453e+00  0
1.691574098476915e-01  1.669416855024684e+00  1.669416855024684e+00  1.669416855024684e+00  1.669416855024684e+00  0
1.853894548765933e-01  1.339390222035968e+00  1.339390222035968e+00  1.339390222035968e+00  1.339390222035968e+00  0
2.031790981570734e-01  6.552509868102228e-01  6.552509868102228e-01  6.552509868102228e-01  6.552509868102228e-01  0
2.226758040547742e-01  9.676807119093790e-01  9.676807119093790e-01  9.676807119093790e-01  9.676807119093790e-01  0
2.440433792707724e-01  1.322903672548638e+00  1.322903672548638e+00  1.322903672548638e+00  1.322903672548638e+00  0
2.674613491066506e-01  1.674111511841390e+00  1.674111511841390e+00  1.674111511841390e+00  1.674111511841390e+00  0
2.931264657935223e-01  1.961255372816536e+00  1.961255372816536e+00  1.961255372816536e+00  1.961255372816536e+00  0
3.212543615576358e-01  2.950729326871297e-02  2.950729326871297e-02  2.950729326871297e-02  2.950729326871297e-02  0
3.520813603112218e-01  6.386658855616698e-02  6.386658855616698e-02  6.386658855616698e-02  6.386658855616698e-02  0
3.858664631899813e-01  1.281810412410811e-01  1.281810412410811e-01  1.281810412410811e-01  1.281810412410811e-01  0
4.228935246192287e-01  2.384009070990998e-01  2.384009070990998e-01  2.384009070990998e-01  2.384009070990998e-01  0
4.634736371914831e-01  4.107061702055546e-01  4.107061702055546e-01  4.107061702055546e-01  4.107061702055546e-01  0
5.079477453926834e-01  2.173939897193553e-04  2.173939897193553e-04  2.173939897193553e-04  2.173939897193553e-04  0
5.566895101369354e-01  6.647795247926879e-04  6.647795247926879e-04  6.647795247926879e-04  6.647795247926879e-04  0
6.101084481769311e-01  1.906100041218841e-03  1.906100041218841e-03  1.906100041218841e-03  1.906100041218841e-03  0
6.686533727666266e-01  5.105157792694799e-03  5.105157792694799e-03  5.105157792694799e-03  5.105157792694799e-03  0
7.328161644838057e-01  1.274200525070103e-02  1.274200525070103e-02  1.274200525070103e-02  1.274200525070103e-02  0
8.031359038940895e-01  8.338941172405613e-07  8.338941172405613e-07  8.338941172405613e-07  8.338941172405613e-07  0
8.802034007780547e-01  2.554921281962182e-06  2.554921281962182e-06  2.554921281962182e-06  2.554921281962182e-06  0
9.646661579749534e-01  7.833258532833789e-06  7.833258532833789e-06  7.833258532833789e-06  7.833258532833789e-06  0
1.057233811548072e+00  2.420611063250903e-05  2.420611063250903e-05  2.420611063250903e-05  2.420611063250903e-05  0
1.158684092978708e+00  7.502009546149354e-05  7.502009546149354e-05  7.502009546149354e-05  7.502009546149354e-05  0
1.269869363481709e+00  -2.314668565306597e-08  -2.314668565306597e-08  -2.314668565306597e-08  -2.314668565306597e-08  0
1.391723775342339e+00  -5.424439634095584e-08  -5.424439634095584e-08  -5.424439634095584e-08  -5.424439634095584e-08  0
1.525271120442328e+00  -1.071473209598518e-07  -1.071473209598518e-07  -1.071473209598518e-07  -1.071473209598518e-07  0
1.671633431916567e+00  -1.625790120356363e-07  -1.625790120356363e-07  -1.625790120356363e-07  -1.625790120356363e-07  0
1.832040411209515e+00  -1.080059454817347e-07  -1.080059454817347e-07  -1.080059454817347e-07  -1.080059454817347e-07  0
