-2.20050850194513714086e+00 4.31541393433007818958e-04 4.31541393433007818958e-04 4.31541393433007818958e-04 4.31541393433007818958e-04 0
-2.00783975973522421654e+00 4.84375963179381626399e-04 4.84375963179381626399e-04 4.84375963179381626399e-04 4.84375963179381626399e-04 0
-1.83204041120951499622e+00 4.43815014580378048008e-04 4.43815014580378048008e-04 4.43815014580378048008e-04 4.43815014580378048008e-04 0
-1.67163343191656688091e+00 6.57689047704927286404e-04 6.57689047704927286404e-04 6.57689047704927286404e-04 6.57689047704927286404e-04 0
-1.52527112044232815435e+00 4.90105401524662596772e-04 4.90105401524662596772e-04 4.90105401524662596772e-04 4.90105401524662596772e-04 0
-1.39172377534233904228e+00 1.12015100546799866929e-03 1.12015100546799866929e-03 1.12015100546799866929e-03 1.12015100546799866929e-03 0
-1.26986936348170909028e+00 1.99181244629832113896e-03 1.99181244629832113896e-03 1.99181244629832113896e-03 1.99181244629832113896e-03 0
-1.15868409297870789132e+00 3.66704240800335779307e-03 3.66704240800335779307e-03 3.66704240800335779307e-03 3.66704240800335779307e-03 0
-1.05723381154807194449e+00 5.70566479738492549761e-03 5.70566479738492549761e-03 5.70566479738492549761e-03 5.70566479738492549761e-03 0
-9.64666157974953475396e-01 9.40091231426444864927e-03 9.40091231426444864927e-03 9.40091231426444864927e-03 9.40091231426444864927e-03 0
-8.80203400778054700915e-01 1.32007661871865640546e-02 1.32007661871865640546e-02 1.32007661871865640546e-02 1.32007661871865640546e-02 0
-8.03135903894089508981e-01 1.94705269253259913298e-02 1.94705269253259913298e-02 1.94705269253259913298e-02 1.94705269253259913298e-02 0
-7.32816164483805709828e-01 2.64624711743406335063e-02 2.64624711743406335063e-02 2.64624711743406335063e-02 2.64624711743406335063e-02 0
-6.68653372766626730161e-01 4.10860196869226659833e-02 4.10860196869226659833e-02 4.10860196869226659833e-02 4.10860196869226659833e-02 0
-6.10108448176931106310e-01 5.38241913847389702452e-02 5.38241913847389702452e-02 5.38241913847389702452e-02 5.38241913847389702452e-02 0
-5.56689510136935350459e-01 8.08777054119868693549e-02 8.08777054119868693549e-02 8.08777054119868693549e-02 8.08777054119868693549e-02 0
-5.07947745392683502885e-01 1.17077362054332792529e-01 1.17077362054332792529e-01 1.17077362054332792529e-01 1.17077362054332792529e-01 0
-4.63473637191483156528e-01 1.64461713081869381758e-01 1.64461713081869381758e-01 1.64461713081869381758e-01 1.64461713081869381758e-01 0
-4.22893524619228744488e-01 2.31699002029438994033e-01 2.31699002029438994033e-01 2.31699002029438994033e-01 2.31699002029438994033e-01 0
-3.85866463189981301340e-01 3.10743374715060416413e-01 3.10743374715060416413e-01 3.10743374715060416413e-01 3.10743374715060416413e-01 0
-3.52081360311221891468e-01 3.96102820576894221194e-01 3.96102820576894221194e-01 3.96102820576894221194e-01 3.96102820576894221194e-01 0
-3.21254361557635814695e-01 4.98317339301764250514e-01 4.98317339301764250514e-01 4.98317339301764250514e-01 4.98317339301764250514e-01 0
-2.93126465793522417158e-01 6.16335296038113877870e-01 6.16335296038113877870e-01 6.16335296038113877870e-01 6.16335296038113877870e-01 0
-2.67461349106650703167e-01 7.50913140987018778993e-01 7.50913140987018778993e-01 7.50913140987018778993e-01 7.50913140987018778993e-01 0
-2.44043379270772520240e-01 8.71379813500629984979e-01 8.71379813500629984979e-01 8.71379813500629984979e-01 8.71379813500629984979e-01 0
-2.22675804054774217899e-01 9.72493047942011856755e-01 9.72493047942011856755e-01 9.72493047942011856755e-01 9.72493047942011856755e-01 0
-2.03179098157073412256e-01 1.03656096873318204210e+00 1.03656096873318204210e+00 1.03656096873318204210e+00 1.03656096873318204210e+00 0
-1.85389454876593307020e-01 1.08602026577532351226e+00 1.08602026577532351226e+00 1.08602026577532351226e+00 1.08602026577532351226e+00 0
-1.69157409847691508897e-01 1.10448206630525769256e+00 1.10448206630525769256e+00 1.10448206630525769256e+00 1.10448206630525769256e+00 0
-1.54346585275992514985e-01 1.05959007965831197851e+00 1.05959007965831197851e+00 1.05959007965831197851e+00 1.05959007965831197851e+00 0
-1.40832544124488812098e-01 1.00164569451170448744e+00 1.00164569451170448744e+00 1.00164569451170448744e+00 1.00164569451170448744e+00 0
-1.28501744623054303673e-01 9.17002604338065574474e-01 9.17002604338065574474e-01 9.17002604338065574474e-01 9.17002604338065574474e-01 0
-1.17250586317408908577e-01 7.88766125357743375091e-01 7.88766125357743375091e-01 7.88766125357743375091e-01 7.88766125357743375091e-01 0
-1.06984539642660303471e-01 6.55641741655359933105e-01 6.55641741655359933105e-01 6.55641741655359933105e-01 6.55641741655359933105e-01 0
-9.76173517083089858914e-02 6.49009553237417158300e-01 6.49009553237417158300e-01 6.49009553237417158300e-01 6.49009553237417158300e-01 0
-8.90703216219096705064e-02 5.45251518926606060234e-01 5.45251518926606060234e-01 5.45251518926606060234e-01 5.45251518926606060234e-01 0
-8.12716392628293760048e-02 5.50230059876151367249e-01 5.50230059876151367249e-01 5.50230059876151367249e-01 5.50230059876151367249e-01 0
-7.41557819506373228080e-02 4.78980928883498080495e-01 4.78980928883498080495e-01 4.78980928883498080495e-01 4.78980928883498080495e-01 0
-6.76629639390766007834e-02 4.85496610474031142779e-01 4.85496610474031142779e-01 4.85496610474031142779e-01 4.85496610474031142779e-01 0
-6.17386341103970184840e-02 4.45500230793269280660e-01 4.45500230793269280660e-01 4.45500230793269280660e-01 4.45500230793269280660e-01 0
-5.63330176497955012471e-02 4.53697104192497036035e-01 4.53697104192497036035e-01 4.53697104192497036035e-01 4.53697104192497036035e-01 0
-5.14006978492217297960e-02 4.31791729846012994898e-01 4.31791729846012994898e-01 4.31791729846012994898e-01 4.31791729846012994898e-01 0
-4.69002345269635689817e-02 4.40729782070498121715e-01 4.40729782070498121715e-01 4.40729782070498121715e-01 4.40729782070498121715e-01 0
-4.27938158570641130618e-02 4.28722575103971714761e-01 4.28722575103971714761e-01 4.28722575103971714761e-01 4.28722575103971714761e-01 0
-3.90469406833235874177e-02 4.37605203206977211305e-01 4.37605203206977211305e-01 4.37605203206977211305e-01 4.37605203206977211305e-01 0
-3.56281286487638709781e-02 4.35114301256616820002e-01 4.35114301256616820002e-01 4.35114301256616820002e-01 4.35114301256616820002e-01 0
-3.25086557051317490141e-02 4.44585332075496275639e-01 4.44585332075496275639e-01 4.44585332075496275639e-01 4.44585332075496275639e-01 0
-2.96623127802549194088e-02 4.47898571946400814170e-01 4.47898571946400814170e-01 4.47898571946400814170e-01 4.47898571946400814170e-01 0
-2.70651855756306389256e-02 4.58208869754032410704e-01 4.58208869754032410704e-01 4.58208869754032410704e-01 4.58208869754032410704e-01 0
-2.46954536441588087814e-02 4.66263870325714258058e-01 4.66263870325714258058e-01 4.66263870325714258058e-01 4.66263870325714258058e-01 0
-2.25332070599182018866e-02 4.78243050550121062692e-01 4.78243050550121062692e-01 4.78243050550121062692e-01 4.78243050550121062692e-01 0
-2.05602791396886919184e-02 4.91795553726102230296e-01 4.91795553726102230296e-01 4.91795553726102230296e-01 4.91795553726102230296e-01 0
-1.87600938107854303682e-02 5.05267558830332697006e-01 5.05267558830332697006e-01 5.05267558830332697006e-01 5.05267558830332697006e-01 0
-1.71175263428256507758e-02 5.22389821961188771660e-01 5.22389821961188771660e-01 5.22389821961188771660e-01 5.22389821961188771660e-01 0
-1.56187762733294398243e-02 5.37746343138469473644e-01 5.37746343138469473644e-01 5.37746343138469473644e-01 5.37746343138469473644e-01 0
-1.42512514595055511668e-02 5.59242343081787440795e-01 5.59242343081787440795e-01 5.59242343081787440795e-01 5.59242343081787440795e-01 0
-1.30034622820527009934e-02 5.78708116899795288468e-01 5.78708116899795288468e-01 5.78708116899795288468e-01 5.78708116899795288468e-01 0
-1.18649251121019701921e-02 6.08172996909162710821e-01 6.08172996909162710821e-01 6.08172996909162710821e-01 6.08172996909162710821e-01 0
-1.08260742302522597336e-02 6.33588921671877525199e-01 6.33588921671877525199e-01 6.33588921671877525199e-01 6.33588921671877525199e-01 0
-9.87818145766352143089e-03 6.68835976889532446421e-01 6.68835976889532446421e-01 6.68835976889532446421e-01 6.68835976889532446421e-01 0
-9.01328282396728075465e-03 7.04723735165544651338e-01 7.04723735165544651338e-01 7.04723735165544651338e-01 7.04723735165544651338e-01 0
-8.22411165587547642042e-03 7.59694559351326681451e-01 7.59694559351326681451e-01 7.59694559351326681451e-01 7.59694559351326681451e-01 0
-7.50403752431417180035e-03 8.11297678625315987766e-01 8.11297678625315987766e-01 8.11297678625315987766e-01 8.11297678625315987766e-01 0
-6.84701053713025840214e-03 8.86600952504803752063e-01 8.86600952504803752063e-01 8.86600952504803752063e-01 8.86600952504803752063e-01 0
-6.24751050933177506236e-03 9.58864698102034784810e-01 9.58864698102034784810e-01 9.58864698102034784810e-01 9.58864698102034784810e-01 0
-5.70050058380221821158e-03 1.04502050138857849326e+00 1.04502050138857849326e+00 1.04502050138857849326e+00 1.04502050138857849326e+00 0
-5.20138491282107900959e-03 1.15263670829972886267e+00 1.15263670829972886267e+00 1.15263670829972886267e+00 1.15263670829972886267e+00 0
-4.74597004484078686254e-03 1.26920010976141250936e+00 1.26920010976141250936e+00 1.26920010976141250936e+00 1.26920010976141250936e+00 0
-4.33042969210090198523e-03 1.43285942276514988158e+00 1.43285942276514988158e+00 1.43285942276514988158e+00 1.43285942276514988158e+00 0
-3.95127258306540891930e-03 1.58061715320203655111e+00 1.58061715320203655111e+00 1.58061715320203655111e+00 1.58061715320203655111e+00 0
-3.60531312958691212839e-03 1.77125090107569849174e+00 1.77125090107569849174e+00 1.77125090107569849174e+00 1.77125090107569849174e+00 0
-3.28964466235019117532e-03 1.97221645839000681022e+00 1.97221645839000681022e+00 1.97221645839000681022e+00 1.97221645839000681022e+00 0
-3.00161500972566906709e-03 2.21198481024554416408e+00 2.21198481024554416408e+00 2.21198481024554416408e+00 2.21198481024554416408e+00 0
-2.73880421485210318738e-03 2.52126156224448561005e+00 2.52126156224448561005e+00 2.52126156224448561005e+00 2.52126156224448561005e+00 0
-2.49900420373270993821e-03 2.79981606458184462127e+00 2.79981606458184462127e+00 2.79981606458184462127e+00 2.79981606458184462127e+00 0
-2.28020023352088797852e-03 3.09600242353697696629e+00 3.09600242353697696629e+00 3.09600242353697696629e+00 3.09600242353697696629e+00 0
-2.08055396512843221099e-03 3.43744608726438949375e+00 3.43744608726438949375e+00 3.43744608726438949375e+00 3.43744608726438949375e+00 0
-1.89838801793631517870e-03 3.78881136850531774485e+00 3.78881136850531774485e+00 3.78881136850531774485e+00 3.78881136850531774485e+00 0
-1.73217187684036096756e-03 4.24666462464974081570e+00 4.24666462464974081570e+00 4.24666462464974081570e+00 4.24666462464974081570e+00 0
-1.58050903322616391466e-03 4.63935484165596356831e+00 4.63935484165596356831e+00 4.63935484165596356831e+00 4.63935484165596356831e+00 0
-1.44212525183476511156e-03 5.03507372963690080780e+00 5.03507372963690080780e+00 5.03507372963690080780e+00 5.03507372963690080780e+00 0
-1.31585786494007607982e-03 5.44521121106062366835e+00 5.44521121106062366835e+00 5.44521121106062366835e+00 5.44521121106062366835e+00 0
-1.20064600389026797378e-03 5.82288313575545846135e+00 5.82288313575545846135e+00 5.82288313575545846135e+00 5.82288313575545846135e+00 0
-1.09552168594084092801e-03 6.31954075049573660294e+00 6.31954075049573660294e+00 6.31954075049573660294e+00 6.31954075049573660294e+00 0
-9.99601681493084105387e-04 6.66686409978840543999e+00 6.66686409978840543999e+00 6.66686409978840543999e+00 6.66686409978840543999e+00 0
-9.12080093408355169725e-04 7.05541272767245697395e+00 7.05541272767245697395e+00 7.05541272767245697395e+00 7.05541272767245697395e+00 0
-8.32221586051372971132e-04 7.36321348278957810152e+00 7.36321348278957810152e+00 7.36321348278957810152e+00 7.36321348278957810152e+00 0
-7.59355207174526093163e-04 7.74262057343640641704e+00 7.74262057343640641704e+00 7.74262057343640641704e+00 7.74262057343640641704e+00 0
-6.92868750736144387026e-04 8.00332376310890758475e+00 8.00332376310890758475e+00 8.00332376310890758475e+00 8.00332376310890758475e+00 0
-6.32203613290465522498e-04 8.38227083922629923052e+00 8.38227083922629923052e+00 8.38227083922629923052e+00 8.38227083922629923052e+00 0
-5.76850100733905979573e-04 8.61482466886874398426e+00 8.61482466886874398426e+00 8.61482466886874398426e+00 8.61482466886874398426e+00 0
-5.26343145976030496978e-04 8.93398713024791213400e+00 8.93398713024791213400e+00 8.93398713024791213400e+00 8.93398713024791213400e+00 0
-4.80258401556107005197e-04 9.08402848375709837114e+00 9.08402848375709837114e+00 9.08402848375709837114e+00 9.08402848375709837114e+00 0
-4.38208674376336609728e-04 9.33801173337473144898e+00 9.33801173337473144898e+00 9.33801173337473144898e+00 9.33801173337473144898e+00 0
-3.99840672597233707207e-04 9.42148159046088373714e+00 9.42148159046088373714e+00 9.42148159046088373714e+00 9.42148159046088373714e+00 0
-3.64832037363341959470e-04 9.63308299354843811102e+00 9.63308299354843811102e+00 9.63308299354843811102e+00 9.63308299354843811102e+00 0
-3.32888634420549069191e-04 9.66977446372434457089e+00 9.66977446372434457089e+00 9.66977446372434457089e+00 9.66977446372434457089e+00 0
-3.03742082869810372213e-04 9.87153837029621961108e+00 9.87153837029621961108e+00 9.87153837029621961108e+00 9.87153837029621961108e+00 0
-2.77147500294457819862e-04 9.83517076231935405417e+00 9.83517076231935405417e+00 9.83517076231935405417e+00 9.83517076231935405417e+00 0
-2.52881445316186208999e-04 1.00400134084308749749e+01 1.00400134084308749749e+01 1.00400134084308749749e+01 1.00400134084308749749e+01 0
-2.30740040293562408092e-04 1.00787699775128896107e+01 1.00787699775128896107e+01 1.00787699775128896107e+01 1.00787699775128896107e+01 0
-2.10537258390412209633e-04 1.02660899273561376788e+01 1.02660899273561376788e+01 1.02660899273561376788e+01 1.02660899273561376788e+01 0
-1.92103360622442823763e-04 1.02663067708899973240e+01 1.02663067708899973240e+01 1.02663067708899973240e+01 1.02663067708899973240e+01 0
-1.75283469750534622207e-04 1.03631899745067510565e+01 1.03631899745067510565e+01 1.03631899745067510565e+01 1.03631899745067510565e+01 0
-1.59936269038893493725e-04 1.03051247969464387921e+01 1.03051247969464387921e+01 1.03051247969464387921e+01 1.03051247969464387921e+01 0
-1.45932814945336810893e-04 1.03650773645499842956e+01 1.03650773645499842956e+01 1.03650773645499842956e+01 1.03650773645499842956e+01 0
-1.33155453768219595150e-04 1.02570593063602615302e+01 1.02570593063602615302e+01 1.02570593063602615302e+01 1.02570593063602615302e+01 0
-1.21496833147924203095e-04 1.03762056498139152438e+01 1.03762056498139152438e+01 1.03762056498139152438e+01 1.03762056498139152438e+01 0
-1.10859000117783106261e-04 1.02544321344982769517e+01 1.02544321344982769517e+01 1.02544321344982769517e+01 1.02544321344982769517e+01 0
-1.01152578126474505284e-04 1.03977229185063784200e+01 1.03977229185063784200e+01 1.03977229185063784200e+01 1.03977229185063784200e+01 0
-9.22960161174249523949e-05 1.03501942208308399529e+01 1.03501942208308399529e+01 1.03501942208308399529e+01 1.03501942208308399529e+01 0
-8.42149033561649001164e-05 1.04838688916063667023e+01 1.04838688916063667023e+01 1.04838688916063667023e+01 1.04838688916063667023e+01 0
-7.68413442489771078212e-05 1.03916514640293655702e+01 1.03916514640293655702e+01 1.03916514640293655702e+01 1.03916514640293655702e+01 0
-7.01133879002138461723e-05 1.05767339834170659429e+01 1.05767339834170659429e+01 1.05767339834170659429e+01 1.05767339834170659429e+01 0
-6.39745076155573839374e-05 1.04825012878050234377e+01 1.04825012878050234377e+01 1.04825012878050234377e+01 1.04825012878050234377e+01 0
-5.83731259781347216467e-05 1.05377180458557493381e+01 1.05377180458557493381e+01 1.05377180458557493381e+01 1.05377180458557493381e+01 0
-5.32621815072878638099e-05 1.04203643316995613333e+01 1.04203643316995613333e+01 1.04203643316995613333e+01 1.04203643316995613333e+01 0
-4.85987332591696622646e-05 1.04801078488173828873e+01 1.04801078488173828873e+01 1.04801078488173828873e+01 1.04801078488173828873e+01 0
-4.43436000471132397939e-05 1.03811293357902147960e+01 1.03811293357902147960e+01 1.03811293357902147960e+01 1.03811293357902147960e+01 0
-4.04610312505897939820e-05 1.04799131858232694725e+01 1.04799131858232694725e+01 1.04799131858232694725e+01 1.04799131858232694725e+01 0
-3.69184064469699809580e-05 1.04401606668544442158e+01 1.04401606668544442158e+01 1.04401606668544442158e+01 1.04401606668544442158e+01 0
-3.36859613424659532703e-05 1.05423722347399575483e+01 1.05423722347399575483e+01 1.05423722347399575483e+01 1.05423722347399575483e+01 0
-3.07365376995908377075e-05 1.04570471744963633398e+01 1.04570471744963633398e+01 1.04570471744963633398e+01 1.04570471744963633398e+01 0
-2.80453551600855418571e-05 1.05842838027889136754e+01 1.05842838027889136754e+01 1.05842838027889136754e+01 1.05842838027889136754e+01 0
-2.55898030462229522197e-05 1.04461004950335265562e+01 1.04461004950335265562e+01 1.04461004950335265562e+01 1.04461004950335265562e+01 0
-2.33492503912538900139e-05 1.05182322036223609985e+01 1.05182322036223609985e+01 1.05182322036223609985e+01 1.05182322036223609985e+01 0
-2.13048726029151414582e-05 1.03410707725455104367e+01 1.03410707725455104367e+01 1.03410707725455104367e+01 1.03410707725455104367e+01 0
-1.94394933036678710045e-05 1.04321365757257069617e+01 1.04321365757257069617e+01 1.04321365757257069617e+01 1.04321365757257069617e+01 0
-1.77374400188453006609e-05 1.02819347066113717659e+01 1.02819347066113717659e+01 1.02819347066113717659e+01 1.02819347066113717659e+01 0
-1.61844125002359203033e-05 1.04399655826325279406e+01 1.04399655826325279406e+01 1.04399655826325279406e+01 1.04399655826325279406e+01 0
-1.47673625787879903503e-05 1.03572229667548381116e+01 1.03572229667548381116e+01 1.03572229667548381116e+01 1.03572229667548381116e+01 0
-1.34743845369863799529e-05 1.05523461481521341199e+01 1.05523461481521341199e+01 1.05523461481521341199e+01 1.05523461481521341199e+01 0
-1.22946150798363418592e-05 1.04749803209448764107e+01 1.04749803209448764107e+01 1.04749803209448764107e+01 1.04749803209448764107e+01 0
-1.12181420640342204698e-05 1.05837510897595556969e+01 1.05837510897595556969e+01 1.05837510897595556969e+01 1.05837510897595556969e+01 0
-1.02359212184891812267e-05 1.04352740422130647602e+01 1.04352740422130647602e+01 1.04352740422130647602e+01 1.04352740422130647602e+01 0
-9.33970015650155600557e-06 1.05210432269783797921e+01 1.05210432269783797921e+01 1.05210432269783797921e+01 1.05210432269783797921e+01 0
-8.52194904116605827734e-06 1.03407663753136525031e+01 1.03407663753136525031e+01 1.03407663753136525031e+01 1.03407663753136525031e+01 0
-7.77579732146714636891e-06 1.04307871026657590363e+01 1.04307871026657590363e+01 1.04307871026657590363e+01 1.04307871026657590363e+01 0
-7.09497600753811890912e-06 1.02898955495479587086e+01 1.02898955495479587086e+01 1.02898955495479587086e+01 1.02898955495479587086e+01 0
-6.47376500009436693547e-06 1.04385527933240691567e+01 1.04385527933240691567e+01 1.04385527933240691567e+01 1.04385527933240691567e+01 0
-5.90694503151519647894e-06 1.03620888022239974191e+01 1.03620888022239974191e+01 1.03620888022239974191e+01 1.03620888022239974191e+01 0
-5.38975381479455248936e-06 1.05518910181451186503e+01 1.05518910181451186503e+01 1.05518910181451186503e+01 1.05518910181451186503e+01 0
-4.91784603193453437201e-06 1.04812017860832984439e+01 1.04812017860832984439e+01 1.04812017860832984439e+01 1.04812017860832984439e+01 0
-4.48725682561368615503e-06 1.05857476934535323920e+01 1.05857476934535323920e+01 1.05857476934535323920e+01 1.05857476934535323920e+01 0
-4.09436848739567181305e-06 1.04396250039235365392e+01 1.04396250039235365392e+01 1.04396250039235365392e+01 1.04396250039235365392e+01 0
-3.73588006260062214812e-06 1.05181568331673620520e+01 1.05181568331673620520e+01 1.05181568331673620520e+01 1.05181568331673620520e+01 0
-3.40877961646642297212e-06 1.03377260198588878382e+01 1.03377260198588878382e+01 1.03377260198588878382e+01 1.03377260198588878382e+01 0
-3.11031892858685803934e-06 1.04211552971956624702e+01 1.04211552971956624702e+01 1.04211552971956624702e+01 1.04211552971956624702e+01 0
-2.83799040301524807187e-06 1.02838342059148430963e+01 1.02838342059148430963e+01 1.02838342059148430963e+01 1.02838342059148430963e+01 0
-2.58950600003774601186e-06 1.04297070947984895639e+01 1.04297070947984895639e+01 1.04297070947984895639e+01 1.04297070947984895639e+01 0
-2.36277801260607909979e-06 1.03569817281850919954e+01 1.03569817281850919954e+01 1.03569817281850919954e+01 1.03569817281850919954e+01 0
-2.15590152591782108045e-06 1.05464077129628357454e+01 1.05464077129628357454e+01 1.05464077129628357454e+01 1.05464077129628357454e+01 0
-1.96713841277381391821e-06 1.04795807096746429465e+01 1.04795807096746429465e+01 1.04795807096746429465e+01 1.04795807096746429465e+01 0
-1.79490273024547492788e-06 1.05818013905404733066e+01 1.05818013905404733066e+01 1.05818013905404733066e+01 1.05818013905404733066e+01 0
-1.63774739495826889463e-06 1.04361890655874809397e+01 1.04361890655874809397e+01 1.04361890655874809397e+01 1.04361890655874809397e+01 0
-1.49435202504024885925e-06 1.05108377015889402628e+01 1.05108377015889402628e+01 1.05108377015889402628e+01 1.05108377015889402628e+01 0
-1.36351184658656897709e-06 1.03292307212914433734e+01 1.03292307212914433734e+01 1.03292307212914433734e+01 1.03292307212914433734e+01 0
-1.24412757143474287692e-06 1.04092797626524404819e+01 1.04092797626524404819e+01 1.04092797626524404819e+01 1.04092797626524404819e+01 0
-1.13519616120609888993e-06 1.02727185478028602006e+01 1.02727185478028602006e+01 1.02727185478028602006e+01 1.02727185478028602006e+01 0
-1.03580240001509891296e-06 1.04181805480063580660e+01 1.04181805480063580660e+01 1.04181805480063580660e+01 1.04181805480063580660e+01 0
-9.45111205042431322281e-07 1.03481713166158435513e+01 1.03481713166158435513e+01 1.03481713166158435513e+01 1.03481713166158435513e+01 0
-8.62360610367128368652e-07 1.05391132464083892017e+01 1.05391132464083892017e+01 1.05391132464083892017e+01 1.05391132464083892017e+01 0
-7.86855365109525609635e-07 1.04749837191491490529e+01 1.04749837191491490529e+01 1.04749837191491490529e+01 1.04749837191491490529e+01 0
-7.17961092098189695866e-07 1.05759292588254005807e+01 1.05759292588254005807e+01 1.05759292588254005807e+01 1.05759292588254005807e+01 0
-6.55098957983307430796e-07 1.04296856140363214394e+01 1.04296856140363214394e+01 1.04296856140363214394e+01 1.04296856140363214394e+01 0
-5.97740810016099586050e-07 1.05015882194582879094e+01 1.05015882194582879094e+01 1.05015882194582879094e+01 1.05015882194582879094e+01 0
-5.45404738634627717892e-07 1.03179022129488711101e+01 1.03179022129488711101e+01 1.03179022129488711101e+01 1.03179022129488711101e+01 0
-4.97651028573897362528e-07 1.03956765993293966943e+01 1.03956765993293966943e+01 1.03956765993293966943e+01 1.03956765993293966943e+01 0
-4.54078464482439566561e-07 1.02589587401281434609e+01 1.02589587401281434609e+01 1.02589587401281434609e+01 1.02589587401281434609e+01 0
-4.14320960006039459306e-07 1.04050011034607834404e+01 1.04050011034607834404e+01 1.04050011034607834404e+01 1.04050011034607834404e+01 0
-3.78044482016972603028e-07 1.03372909575091718182e+01 1.03372909575091718182e+01 1.03372909575091718182e+01 1.03372909575091718182e+01 0
-3.44944244146851379225e-07 1.05305981083573136914e+01 1.05305981083573136914e+01 1.05305981083573136914e+01 1.05305981083573136914e+01 0
-3.14742146043810265030e-07 1.04687147596792673454e+01 1.04687147596792673454e+01 1.04687147596792673454e+01 1.04687147596792673454e+01 0
-2.87184436839275878347e-07 1.05688132135190233640e+01 1.05688132135190233640e+01 1.05688132135190233640e+01 1.05688132135190233640e+01 0
-2.62039583193322993494e-07 1.04213910003379748304e+01 1.04213910003379748304e+01 1.04213910003379748304e+01 1.04213910003379748304e+01 0
-2.39096324006439802656e-07 1.04908642767793285344e+01 1.04908642767793285344e+01 1.04908642767793285344e+01 1.04908642767793285344e+01 0
-2.18161895453850981278e-07 1.03046012127451600549e+01 1.03046012127451600549e+01 1.03046012127451600549e+01 1.03046012127451600549e+01 0
-1.99060411429558881484e-07 1.03804308792001869222e+01 1.03804308792001869222e+01 1.03804308792001869222e+01 1.03804308792001869222e+01 0
-1.81631385792975794861e-07 1.02432118572665196155e+01 1.02432118572665196155e+01 1.02432118572665196155e+01 1.02432118572665196155e+01 0
-1.65728384002415794310e-07 1.03902477813752618374e+01 1.03902477813752618374e+01 1.03902477813752618374e+01 1.03902477813752618374e+01 0
-1.51217792806789099445e-07 1.03247879277582388369e+01 1.03247879277582388369e+01 1.03247879277582388369e+01 1.03247879277582388369e+01 0
-1.37977697658740599335e-07 1.05208855110084620321e+01 1.05208855110084620321e+01 1.05208855110084620321e+01 1.05208855110084620321e+01 0
-1.25896858417524106012e-07 1.04611560297887251636e+01 1.04611560297887251636e+01 1.04611560297887251636e+01 1.04611560297887251636e+01 0
-1.14873774735710398984e-07 1.05605619513842210466e+01 1.05605619513842210466e+01 1.05605619513842210466e+01 1.05605619513842210466e+01 0
-1.04815833277329194751e-07 1.04116937242425073862e+01 1.04116937242425073862e+01 1.04116937242425073862e+01 1.04116937242425073862e+01 0
-9.56385296025759290035e-08 1.04786949782561649158e+01 1.04786949782561649158e+01 1.04786949782561649158e+01 1.04786949782561649158e+01 0
-8.72647581815404189808e-08 1.02895651918135797587e+01 1.02895651918135797587e+01 1.02895651918135797587e+01 1.02895651918135797587e+01 0
-7.96241645718235896512e-08 1.03634428133807396932e+01 1.03634428133807396932e+01 1.03634428133807396932e+01 1.03634428133807396932e+01 0
-7.26525543171903391202e-08 1.02256259067551216191e+01 1.02256259067551216191e+01 1.02256259067551216191e+01 1.02256259067551216191e+01 0
-6.62913536009663071362e-08 1.03737967135355670933e+01 1.03737967135355670933e+01 1.03737967135355670933e+01 1.03737967135355670933e+01 0
-6.04871171227156106611e-08 1.03107325541138514780e+01 1.03107325541138514780e+01 1.03107325541138514780e+01 1.03107325541138514780e+01 0
-5.51910790634962066470e-08 1.05098484724806322532e+01 1.05098484724806322532e+01 1.05098484724806322532e+01 1.05098484724806322532e+01 0
-5.03587433670096371108e-08 1.04523530974690661566e+01 1.04523530974690661566e+01 1.04523530974690661566e+01 1.04523530974690661566e+01 0
-4.59495098942841410648e-08 1.05511303266390115141e+01 1.05511303266390115141e+01 1.05511303266390115141e+01 1.05511303266390115141e+01 0
-4.19263333109316779003e-08 1.04007035734111248360e+01 1.04007035734111248360e+01 1.04007035734111248360e+01 1.04007035734111248360e+01 0
-3.82554118410303716014e-08 1.04649894778884888780e+01 1.04649894778884888780e+01 1.04649894778884888780e+01 1.04649894778884888780e+01 0
-3.49059032726161649453e-08 1.02728404636312209419e+01 1.02728404636312209419e+01 1.02728404636312209419e+01 1.02728404636312209419e+01 0
-3.18496658287294252726e-08 1.03445595781245263112e+01 1.03445595781245263112e+01 1.03445595781245263112e+01 1.03445595781245263112e+01 0
-2.90610217268761303541e-08 1.02062273623704324876e+01 1.02062273623704324876e+01 1.02062273623704324876e+01 1.02062273623704324876e+01 0
-2.65165414403865321189e-08 1.03554629697547362355e+01 1.03554629697547362355e+01 1.03554629697547362355e+01 1.03554629697547362355e+01 0
-2.41948468490862409557e-08 1.02950920208092320252e+01 1.02950920208092320252e+01 1.02950920208092320252e+01 1.02950920208092320252e+01 0
-2.20764316253984919232e-08 1.04972958880667732728e+01 1.04972958880667732728e+01 1.04972958880667732728e+01 1.04972958880667732728e+01 0
-2.01434973468038594765e-08 1.04422269279517365703e+01 1.04422269279517365703e+01 1.04422269279517365703e+01 1.04422269279517365703e+01 0
-1.83798039577136603964e-08 1.05404562622902293612e+01 1.05404562622902293612e+01 1.05404562622902293612e+01 1.05404562622902293612e+01 0
-1.67705333243726718219e-08 1.03916116131521842902e+01 1.03916116131521842902e+01 1.03916116131521842902e+01 1.03916116131521842902e+01 0
-1.53021647364121512875e-08 1.04574878459706841483e+01 1.04574878459706841483e+01 1.04574878459706841483e+01 1.04574878459706841483e+01 0
-1.39623613090464712721e-08 1.02727589364725755416e+01 1.02727589364725755416e+01 1.02727589364725755416e+01 1.02727589364725755416e+01 0
-1.27398663314917707708e-08 1.03627023654772525418e+01 1.03627023654772525418e+01 1.03627023654772525418e+01 1.03627023654772525418e+01 0
-1.16244086907504498255e-08 1.02623157303319469946e+01 1.02623157303319469946e+01 1.02623157303319469946e+01 1.02623157303319469946e+01 0
-1.06066165761546102006e-08 1.03351176718354125228e+01 1.03351176718354125228e+01 1.03351176718354125228e+01 1.03351176718354125228e+01 0
-9.67793873963449902926e-09 1.02812526259265144546e+01 1.02812526259265144546e+01 1.02812526259265144546e+01 1.02812526259265144546e+01 0
-8.83057265015939445318e-09 1.04914792033035677576e+01 1.04914792033035677576e+01 1.04914792033035677576e+01 1.04914792033035677576e+01 0
-8.05739893872154412149e-09 1.04535339423644106915e+01 1.04535339423644106915e+01 1.04535339423644106915e+01 1.04535339423644106915e+01 0
-7.35192158308546266964e-09 1.05764195051034359807e+01 1.05764195051034359807e+01 1.05764195051034359807e+01 1.05764195051034359807e+01 0
-6.70821332974906988680e-09 1.04763425592442622758e+01 1.04763425592442622758e+01 1.04763425592442622758e+01 1.04763425592442622758e+01 0
-6.12086589456485935696e-09 1.04814887019240234878e+01 1.04814887019240234878e+01 1.04814887019240234878e+01 1.04814887019240234878e+01 0
-5.58494452361858701991e-09 1.03375504805455076252e+01 1.03375504805455076252e+01 1.03375504805455076252e+01 1.03375504805455076252e+01 0
-5.09594653259670897005e-09 1.03501039925541125086e+01 1.03501039925541125086e+01 1.03501039925541125086e+01 1.03501039925541125086e+01 0
-4.64976347630018125370e-09 1.02632774152428307701e+01 1.02632774152428307701e+01 1.02632774152428307701e+01 1.02632774152428307701e+01 0
-4.24264663046184441111e-09 1.03536367909656998876e+01 1.03536367909656998876e+01 1.03536367909656998876e+01 1.03536367909656998876e+01 0
-3.87117549585379861909e-09 1.03438044927338061996e+01 1.03438044927338061996e+01 1.03438044927338061996e+01 1.03438044927338061996e+01 0
-3.53222906006375811214e-09 1.04754331138013565550e+01 1.04754331138013565550e+01 1.04754331138013565550e+01 1.04754331138013565550e+01 0
-3.22295957548861690413e-09 1.04413642109484996467e+01 1.04413642109484996467e+01 1.04413642109484996467e+01 1.04413642109484996467e+01 0
-2.94076863323418506785e-09 1.05655076819733526605e+01 1.05655076819733526605e+01 1.05655076819733526605e+01 1.05655076819733526605e+01 0
-2.68328533189962795472e-09 1.04682798083839081471e+01 1.04682798083839081471e+01 1.04682798083839081471e+01 1.04682798083839081471e+01 0
-2.44834635782594399094e-09 1.04659617214794984363e+01 1.04659617214794984363e+01 1.04659617214794984363e+01 1.04659617214794984363e+01 0
-2.23397780944743522155e-09 1.03227530546716899096e+01 1.03227530546716899096e+01 1.03227530546716899096e+01 1.03227530546716899096e+01 0
-2.03837861303868391889e-09 1.03282295353121789105e+01 1.03282295353121789105e+01 1.03282295353121789105e+01 1.03282295353121789105e+01 0
-1.85990539052007200517e-09 1.02448633470709857818e+01 1.02448633470709857818e+01 1.02448633470709857818e+01 1.02448633470709857818e+01 0
-1.69705865218473817803e-09 1.03307862538566102018e+01 1.03307862538566102018e+01 1.03307862538566102018e+01 1.03307862538566102018e+01 0
-1.54847019834152002666e-09 1.03283321436112238700e+01 1.03283321436112238700e+01 1.03283321436112238700e+01 1.03283321436112238700e+01 0
-1.41289162402550303806e-09 1.04580638040962163871e+01 1.04580638040962163871e+01 1.04580638040962163871e+01 1.04580638040962163871e+01 0
-1.28918383019544705117e-09 1.04286546154812178600e+01 1.04286546154812178600e+01 1.04286546154812178600e+01 1.04286546154812178600e+01 0
-1.17630745329367402714e-09 1.05546680485330313104e+01 1.05546680485330313104e+01 1.05546680485330313104e+01 1.05546680485330313104e+01 0
-1.07331413275985097509e-09 1.04599817697631767288e+01 1.04599817697631767288e+01 1.04599817697631767288e+01 1.04599817697631767288e+01 0
-9.79338543130377513658e-10 1.04489876528267107147e+01 1.04489876528267107147e+01 1.04489876528267107147e+01 1.04489876528267107147e+01 0
-8.93591123778973943865e-10 1.03076381631517275395e+01 1.03076381631517275395e+01 1.03076381631517275395e+01 1.03076381631517275395e+01 0
-8.15351445215473422800e-10 1.03069362783498608138e+01 1.03069362783498608138e+01 1.03069362783498608138e+01 1.03069362783498608138e+01 0
-7.43962156208029008864e-10 1.02309647356412192210e+01 1.02309647356412192210e+01 1.02309647356412192210e+01 1.02309647356412192210e+01 0
-6.78823460873895064418e-10 1.03040794422603187996e+01 1.03040794422603187996e+01 1.03040794422603187996e+01 1.03040794422603187996e+01 0
-6.19388079336607865908e-10 1.03072763292429918636e+01 1.03072763292429918636e+01 1.03072763292429918636e+01 1.03072763292429918636e+01 0
-5.65156649610201173866e-10 1.04384493110325315968e+01 1.04384493110325315968e+01 1.04384493110325315968e+01 1.04384493110325315968e+01 0
-5.15673532078178737748e-10 1.04135853630872556863e+01 1.04135853630872556863e+01 1.04135853630872556863e+01 1.04135853630872556863e+01 0
-4.70522981317469672895e-10 1.05419429729870923751e+01 1.05419429729870923751e+01 1.05419429729870923751e+01 1.05419429729870923751e+01 0
-4.29325653103940410716e-10 1.04501067139207570733e+01 1.04501067139207570733e+01 1.04501067139207570733e+01 1.04501067139207570733e+01 0
-3.91735417252150984784e-10 1.04267106553319059969e+01 1.04267106553319059969e+01 1.04267106553319059969e+01 1.04267106553319059969e+01 0
3.91735417252150984784e-10 1.04622951974801825514e+01 1.04622951974801825514e+01 1.04622951974801825514e+01 1.04622951974801825514e+01 0
4.29325653103940410716e-10 1.02956717364265397663e+01 1.02956717364265397663e+01 1.02956717364265397663e+01 1.02956717364265397663e+01 0
4.70522981317469672895e-10 1.03579123960555676831e+01 1.03579123960555676831e+01 1.03579123960555676831e+01 1.03579123960555676831e+01 0
5.15673532078178737748e-10 1.03436199958289041234e+01 1.03436199958289041234e+01 1.03436199958289041234e+01 1.03436199958289041234e+01 0
5.65156649610201173866e-10 1.04728877079553566176e+01 1.04728877079553566176e+01 1.04728877079553566176e+01 1.04728877079553566176e+01 0
6.19388079336607865908e-10 1.04492800478020964050e+01 1.04492800478020964050e+01 1.04492800478020964050e+01 1.04492800478020964050e+01 0
6.78823460873895064418e-10 1.06093113699463632571e+01 1.06093113699463632571e+01 1.06093113699463632571e+01 1.06093113699463632571e+01 0
7.43962156208029008864e-10 1.05444873139297428111e+01 1.05444873139297428111e+01 1.05444873139297428111e+01 1.05444873139297428111e+01 0
8.15351445215473422800e-10 1.06178382737384300327e+01 1.06178382737384300327e+01 1.06178382737384300327e+01 1.06178382737384300327e+01 0
8.93591123778973943865e-10 1.04636077941565073246e+01 1.04636077941565073246e+01 1.04636077941565073246e+01 1.04636077941565073246e+01 0
9.79338543130377513658e-10 1.04771111661969325013e+01 1.04771111661969325013e+01 1.04771111661969325013e+01 1.04771111661969325013e+01 0
1.07331413275985097509e-09 1.03138541015072853213e+01 1.03138541015072853213e+01 1.03138541015072853213e+01 1.03138541015072853213e+01 0
1.17630745329367402714e-09 1.03786236885855114309e+01 1.03786236885855114309e+01 1.03786236885855114309e+01 1.03786236885855114309e+01 0
1.28918383019544705117e-09 1.03527559401497164515e+01 1.03527559401497164515e+01 1.03527559401497164515e+01 1.03527559401497164515e+01 0
1.41289162402550303806e-09 1.04844701953366126190e+01 1.04844701953366126190e+01 1.04844701953366126190e+01 1.04844701953366126190e+01 0
1.54847019834152002666e-09 1.04585012815583393575e+01 1.04585012815583393575e+01 1.04585012815583393575e+01 1.04585012815583393575e+01 0
1.69705865218473817803e-09 1.06165672014049103922e+01 1.06165672014049103922e+01 1.06165672014049103922e+01 1.06165672014049103922e+01 0
1.85990539052007200517e-09 1.05495888627426612771e+01 1.05495888627426612771e+01 1.05495888627426612771e+01 1.05495888627426612771e+01 0
2.03837861303868391889e-09 1.06242874467843435582e+01 1.06242874467843435582e+01 1.06242874467843435582e+01 1.06242874467843435582e+01 0
2.23397780944743522155e-09 1.04722878982380471768e+01 1.04722878982380471768e+01 1.04722878982380471768e+01 1.04722878982380471768e+01 0
2.44834635782594399094e-09 1.04902992201964426755e+01 1.04902992201964426755e+01 1.04902992201964426755e+01 1.04902992201964426755e+01 0
2.68328533189962795472e-09 1.03302300862240805657e+01 1.03302300862240805657e+01 1.03302300862240805657e+01 1.03302300862240805657e+01 0
2.94076863323418506785e-09 1.03976047330093113175e+01 1.03976047330093113175e+01 1.03976047330093113175e+01 1.03976047330093113175e+01 0
3.22295957548861690413e-09 1.03640080916958581270e+01 1.03640080916958581270e+01 1.03640080916958581270e+01 1.03640080916958581270e+01 0
3.53222906006375811214e-09 1.04960767915429009633e+01 1.04960767915429009633e+01 1.04960767915429009633e+01 1.04960767915429009633e+01 0
3.87117549585379861909e-09 1.04667807503669489932e+01 1.04667807503669489932e+01 1.04667807503669489932e+01 1.04667807503669489932e+01 0
4.24264663046184441111e-09 1.06224956638117102870e+01 1.06224956638117102870e+01 1.06224956638117102870e+01 1.06224956638117102870e+01 0
4.64976347630018125370e-09 1.05536374460300397260e+01 1.05536374460300397260e+01 1.05536374460300397260e+01 1.05536374460300397260e+01 0
5.09594653259670897005e-09 1.06302688206719579966e+01 1.06302688206719579966e+01 1.06302688206719579966e+01 1.06302688206719579966e+01 0
5.58494452361858701991e-09 1.04799269574373568048e+01 1.04799269574373568048e+01 1.04799269574373568048e+01 1.04799269574373568048e+01 0
6.12086589456485935696e-09 1.05020410192195736698e+01 1.05020410192195736698e+01 1.05020410192195736698e+01 1.05020410192195736698e+01 0
6.70821332974906988680e-09 1.03443298911597842960e+01 1.03443298911597842960e+01 1.03443298911597842960e+01 1.03443298911597842960e+01 0
7.35192158308546266964e-09 1.04137109946324777354e+01 1.04137109946324777354e+01 1.04137109946324777354e+01 1.04137109946324777354e+01 0
8.05739893872154412149e-09 1.03736655180469909965e+01 1.03736655180469909965e+01 1.03736655180469909965e+01 1.03736655180469909965e+01 0
8.83057265015939445318e-09 1.05062850343134570608e+01 1.05062850343134570608e+01 1.05062850343134570608e+01 1.05062850343134570608e+01 0
9.67793873963449902926e-09 1.04731042062705217432e+01 1.04731042062705217432e+01 1.04731042062705217432e+01 1.04731042062705217432e+01 0
1.06066165761546102006e-08 1.06273504398831306617e+01 1.06273504398831306617e+01 1.06273504398831306617e+01 1.06273504398831306617e+01 0
1.16244086907504498255e-08 1.05566015762888945062e+01 1.05566015762888945062e+01 1.05566015762888945062e+01 1.05566015762888945062e+01 0
1.27398663314917707708e-08 1.06347739447533022883e+01 1.06347739447533022883e+01 1.06347739447533022883e+01 1.06347739447533022883e+01 0
1.39623613090464712721e-08 1.04848760792334054770e+01 1.04848760792334054770e+01 1.04848760792334054770e+01 1.04848760792334054770e+01 0
1.53021647364121512875e-08 1.05115966773843041437e+01 1.05115966773843041437e+01 1.05115966773843041437e+01 1.05115966773843041437e+01 0
1.67705333243726718219e-08 1.03553814615016257505e+01 1.03553814615016257505e+01 1.03553814615016257505e+01 1.03553814615016257505e+01 0
1.83798039577136603964e-08 1.04275518704824374794e+01 1.04275518704824374794e+01 1.04275518704824374794e+01 1.04275518704824374794e+01 0
2.01434973468038594765e-08 1.03091381012625831204e+01 1.03091381012625831204e+01 1.03091381012625831204e+01 1.03091381012625831204e+01 0
2.20764316253984919232e-08 1.04782994190372136245e+01 1.04782994190372136245e+01 1.04782994190372136245e+01 1.04782994190372136245e+01 0
2.41948468490862409557e-08 1.04620517123260086123e+01 1.04620517123260086123e+01 1.04620517123260086123e+01 1.04620517123260086123e+01 0
2.65165414403865321189e-08 1.06243405367478107593e+01 1.06243405367478107593e+01 1.06243405367478107593e+01 1.06243405367478107593e+01 0
2.90610217268761303541e-08 1.05548082991952885124e+01 1.05548082991952885124e+01 1.05548082991952885124e+01 1.05548082991952885124e+01 0
3.18496658287294252726e-08 1.06378176077749877493e+01 1.06378176077749877493e+01 1.06378176077749877493e+01 1.06378176077749877493e+01 0
3.49059032726161649453e-08 1.04898098439707556651e+01 1.04898098439707556651e+01 1.04898098439707556651e+01 1.04898098439707556651e+01 0
3.82554118410303716014e-08 1.05203519753352257027e+01 1.05203519753352257027e+01 1.05203519753352257027e+01 1.05203519753352257027e+01 0
4.19263333109316779003e-08 1.03663527357136153739e+01 1.03663527357136153739e+01 1.03663527357136153739e+01 1.03663527357136153739e+01 0
4.59495098942841410648e-08 1.04404941606118395470e+01 1.04404941606118395470e+01 1.04404941606118395470e+01 1.04404941606118395470e+01 0
5.03587433670096371108e-08 1.03216167003702938842e+01 1.03216167003702938842e+01 1.03216167003702938842e+01 1.03216167003702938842e+01 0
5.51910790634962066470e-08 1.04887004980817071242e+01 1.04887004980817071242e+01 1.04887004980817071242e+01 1.04887004980817071242e+01 0
6.04871171227156106611e-08 1.04685314045478072842e+01 1.04685314045478072842e+01 1.04685314045478072842e+01 1.04685314045478072842e+01 0
6.62913536009663071362e-08 1.06285104262573746325e+01 1.06285104262573746325e+01 1.06285104262573746325e+01 1.06285104262573746325e+01 0
7.26525543171903391202e-08 1.05569455753732945880e+01 1.05569455753732945880e+01 1.05569455753732945880e+01 1.05569455753732945880e+01 0
7.96241645718235896512e-08 1.06409478215604487161e+01 1.06409478215604487161e+01 1.06409478215604487161e+01 1.06409478215604487161e+01 0
8.72647581815404189808e-08 1.04943295423435021263e+01 1.04943295423435021263e+01 1.04943295423435021263e+01 1.04943295423435021263e+01 0
9.56385296025759290035e-08 1.05282559625316487484e+01 1.05282559625316487484e+01 1.05282559625316487484e+01 1.05282559625316487484e+01 0
1.04815833277329194751e-07 1.03761762724396504609e+01 1.03761762724396504609e+01 1.03761762724396504609e+01 1.03761762724396504609e+01 0
1.14873774735710398984e-07 1.04520910245466200905e+01 1.04520910245466200905e+01 1.04520910245466200905e+01 1.04520910245466200905e+01 0
1.25896858417524106012e-07 1.03330249398548410511e+01 1.03330249398548410511e+01 1.03330249398548410511e+01 1.03330249398548410511e+01 0
1.37977697658740599335e-07 1.04980946437928963633e+01 1.04980946437928963633e+01 1.04980946437928963633e+01 1.04980946437928963633e+01 0
1.51217792806789099445e-07 1.04741893462989903441e+01 1.04741893462989903441e+01 1.04741893462989903441e+01 1.04741893462989903441e+01 0
1.65728384002415794310e-07 1.06320730801122813602e+01 1.06320730801122813602e+01 1.06320730801122813602e+01 1.06320730801122813602e+01 0
1.81631385792975794861e-07 1.05585875620896310068e+01 1.05585875620896310068e+01 1.05585875620896310068e+01 1.05585875620896310068e+01 0
1.99060411429558881484e-07 1.06435728291849844851e+01 1.06435728291849844851e+01 1.06435728291849844851e+01 1.06435728291849844851e+01 0
2.18161895453850981278e-07 1.04981908315242797869e+01 1.04981908315242797869e+01 1.04981908315242797869e+01 1.04981908315242797869e+01 0
2.39096324006439802656e-07 1.05353234134183910697e+01 1.05353234134183910697e+01 1.05353234134183910697e+01 1.05353234134183910697e+01 0
2.62039583193322993494e-07 1.03849268497994930982e+01 1.03849268497994930982e+01 1.03849268497994930982e+01 1.03849268497994930982e+01 0
2.87184436839275878347e-07 1.04625530715729375686e+01 1.04625530715729375686e+01 1.04625530715729375686e+01 1.04625530715729375686e+01 0
3.14742146043810265030e-07 1.03433303421195343930e+01 1.03433303421195343930e+01 1.03433303421195343930e+01 1.03433303421195343930e+01 0
3.44944244146851379225e-07 1.05065649436220596158e+01 1.05065649436220596158e+01 1.05065649436220596158e+01 1.05065649436220596158e+01 0
3.78044482016972603028e-07 1.04790470746265338420e+01 1.04790470746265338420e+01 1.04790470746265338420e+01 1.04790470746265338420e+01 0
4.14320960006039459306e-07 1.06351222724512712858e+01 1.06351222724512712858e+01 1.06351222724512712858e+01 1.06351222724512712858e+01 0
4.54078464482439566561e-07 1.05597395897747112770e+01 1.05597395897747112770e+01 1.05597395897747112770e+01 1.05597395897747112770e+01 0
4.97651028573897362528e-07 1.06457836044926263952e+01 1.06457836044926263952e+01 1.06457836044926263952e+01 1.06457836044926263952e+01 0
5.45404738634627717892e-07 1.05014130582883407072e+01 1.05014130582883407072e+01 1.05014130582883407072e+01 1.05014130582883407072e+01 0
5.97740810016099586050e-07 1.05417120740632359599e+01 1.05417120740632359599e+01 1.05417120740632359599e+01 1.05417120740632359599e+01 0
6.55098957983307430796e-07 1.03926677252715453648e+01 1.03926677252715453648e+01 1.03926677252715453648e+01 1.03926677252715453648e+01 0
7.17961092098189695866e-07 1.04720804322600944403e+01 1.04720804322600944403e+01 1.04720804322600944403e+01 1.04720804322600944403e+01 0
7.86855365109525609635e-07 1.03524824214271049527e+01 1.03524824214271049527e+01 1.03524824214271049527e+01 1.03524824214271049527e+01 0
8.62360610367128368652e-07 1.05142105319159178123e+01 1.05142105319159178123e+01 1.05142105319159178123e+01 1.05142105319159178123e+01 0
9.45111205042431322281e-07 1.04830137415326305472e+01 1.04830137415326305472e+01 1.04830137415326305472e+01 1.04830137415326305472e+01 0
1.03580240001509891296e-06 1.06377397866796776782e+01 1.06377397866796776782e+01 1.06377397866796776782e+01 1.06377397866796776782e+01 0
1.13519616120609888993e-06 1.05602776006199903236e+01 1.05602776006199903236e+01 1.05602776006199903236e+01 1.05602776006199903236e+01 0
1.24412757143474287692e-06 1.06476459625668589126e+01 1.06476459625668589126e+01 1.06476459625668589126e+01 1.06476459625668589126e+01 0
1.36351184658656897709e-06 1.05038672370177614823e+01 1.05038672370177614823e+01 1.05038672370177614823e+01 1.05038672370177614823e+01 0
1.49435202504024885925e-06 1.05475957943268490169e+01 1.05475957943268490169e+01 1.05475957943268490169e+01 1.05475957943268490169e+01 0
1.63774739495826889463e-06 1.03993072317349124489e+01 1.03993072317349124489e+01 1.03993072317349124489e+01 1.03993072317349124489e+01 0
1.79490273024547492788e-06 1.04808969363409403286e+01 1.04808969363409403286e+01 1.04808969363409403286e+01 1.04808969363409403286e+01 0
1.96713841277381391821e-06 1.03602276382015556777e+01 1.03602276382015556777e+01 1.03602276382015556777e+01 1.03602276382015556777e+01 0
2.15590152591782108045e-06 1.05211094148789161551e+01 1.05211094148789161551e+01 1.05211094148789161551e+01 1.05211094148789161551e+01 0
2.36277801260607909979e-06 1.04857023956549859633e+01 1.04857023956549859633e+01 1.04857023956549859633e+01 1.04857023956549859633e+01 0
2.58950600003774601186e-06 1.06400039513222104404e+01 1.06400039513222104404e+01 1.06400039513222104404e+01 1.06400039513222104404e+01 0
2.83799040301524807187e-06 1.05597801646781164209e+01 1.05597801646781164209e+01 1.05597801646781164209e+01 1.05597801646781164209e+01 0
3.11031892858685803934e-06 1.06491442361391897009e+01 1.06491442361391897009e+01 1.06491442361391897009e+01 1.06491442361391897009e+01 0
3.40877961646642297212e-06 1.05050480116062914249e+01 1.05050480116062914249e+01 1.05050480116062914249e+01 1.05050480116062914249e+01 0
3.73588006260062214812e-06 1.05532434403092914010e+01 1.05532434403092914010e+01 1.05532434403092914010e+01 1.05532434403092914010e+01 0
4.09436848739567181305e-06 1.04044560807763328825e+01 1.04044560807763328825e+01 1.04044560807763328825e+01 1.04044560807763328825e+01 0
4.48725682561368615503e-06 1.04894181638132124590e+01 1.04894181638132124590e+01 1.04894181638132124590e+01 1.04894181638132124590e+01 0
4.91784603193453437201e-06 1.03657975972858373837e+01 1.03657975972858373837e+01 1.03657975972858373837e+01 1.03657975972858373837e+01 0
5.38975381479455248936e-06 1.05273968643777813270e+01 1.05273968643777813270e+01 1.05273968643777813270e+01 1.05273968643777813270e+01 0
5.90694503151519647894e-06 1.04861363674533727419e+01 1.04861363674533727419e+01 1.04861363674533727419e+01 1.04861363674533727419e+01 0
6.47376500009436693547e-06 1.06423496223471421018e+01 1.06423496223471421018e+01 1.06423496223471421018e+01 1.06423496223471421018e+01 0
7.09497600753811890912e-06 1.05574277806286911385e+01 1.05574277806286911385e+01 1.05574277806286911385e+01 1.05574277806286911385e+01 0
7.77579732146714636891e-06 1.06498515497130803453e+01 1.06498515497130803453e+01 1.06498515497130803453e+01 1.06498515497130803453e+01 0
8.52194904116605827734e-06 1.05035233494029576207e+01 1.05035233494029576207e+01 1.05035233494029576207e+01 1.05035233494029576207e+01 0
9.33970015650155600557e-06 1.05598853744282408229e+01 1.05598853744282408229e+01 1.05598853744282408229e+01 1.05598853744282408229e+01 0
1.02359212184891812267e-05 1.04076834494145433752e+01 1.04076834494145433752e+01 1.04076834494145433752e+01 1.04076834494145433752e+01 0
1.12181420640342204698e-05 1.04997381843609520757e+01 1.04997381843609520757e+01 1.04997381843609520757e+01 1.04997381843609520757e+01 0
1.22946150798363418592e-05 1.03674915358144268396e+01 1.03674915358144268396e+01 1.03674915358144268396e+01 1.03674915358144268396e+01 0
1.34743845369863799529e-05 1.05335710738018981658e+01 1.05335710738018981658e+01 1.05335710738018981658e+01 1.05335710738018981658e+01 0
1.47673625787879903503e-05 1.04824996403106496246e+01 1.04824996403106496246e+01 1.04824996403106496246e+01 1.04824996403106496246e+01 0
1.61844125002359203033e-05 1.06455903461191070392e+01 1.06455903461191070392e+01 1.06455903461191070392e+01 1.06455903461191070392e+01 0
1.77374400188453006609e-05 1.05518790394663799503e+01 1.05518790394663799503e+01 1.05518790394663799503e+01 1.05518790394663799503e+01 0
1.94394933036678710045e-05 1.06508681906449726995e+01 1.06508681906449726995e+01 1.06508681906449726995e+01 1.06508681906449726995e+01 0
2.13048726029151414582e-05 1.04981721449501979038e+01 1.04981721449501979038e+01 1.04981721449501979038e+01 1.04981721449501979038e+01 0
2.33492503912538900139e-05 1.05692780193307900305e+01 1.05692780193307900305e+01 1.05692780193307900305e+01 1.05692780193307900305e+01 0
2.55898030462229522197e-05 1.04077462024011619945e+01 1.04077462024011619945e+01 1.04077462024011619945e+01 1.04077462024011619945e+01 0
2.80453551600855418571e-05 1.05133951628558861557e+01 1.05133951628558861557e+01 1.05133951628558861557e+01 1.05133951628558861557e+01 0
3.07365376995908377075e-05 1.04286118058436318989e+01 1.04286118058436318989e+01 1.04286118058436318989e+01 1.04286118058436318989e+01 0
3.36859613424659532703e-05 1.05728692831974164790e+01 1.05728692831974164790e+01 1.05728692831974164790e+01 1.05728692831974164790e+01 0
3.69184064469699809580e-05 1.04844942251949735379e+01 1.04844942251949735379e+01 1.04844942251949735379e+01 1.04844942251949735379e+01 0
4.04610312505897939820e-05 1.06535893712625231444e+01 1.06535893712625231444e+01 1.06535893712625231444e+01 1.06535893712625231444e+01 0
4.43436000471132397939e-05 1.05369965717764362267e+01 1.05369965717764362267e+01 1.05369965717764362267e+01 1.05369965717764362267e+01 0
4.85987332591696622646e-05 1.06462191229151947880e+01 1.06462191229151947880e+01 1.06462191229151947880e+01 1.06462191229151947880e+01 0
5.32621815072878638099e-05 1.04753083397163919699e+01 1.04753083397163919699e+01 1.04753083397163919699e+01 1.04753083397163919699e+01 0
5.83731259781347216467e-05 1.05735085944326048235e+01 1.05735085944326048235e+01 1.05735085944326048235e+01 1.05735085944326048235e+01 0
6.39745076155573839374e-05 1.03839983777241933183e+01 1.03839983777241933183e+01 1.03839983777241933183e+01 1.03839983777241933183e+01 0
7.01133879002138461723e-05 1.05147051533316417959e+01 1.05147051533316417959e+01 1.05147051533316417959e+01 1.05147051533316417959e+01 0
7.68413442489771078212e-05 1.04369744521837599649e+01 1.04369744521837599649e+01 1.04369744521837599649e+01 1.04369744521837599649e+01 0
8.42149033561649001164e-05 1.05777988752545208939e+01 1.05777988752545208939e+01 1.05777988752545208939e+01 1.05777988752545208939e+01 0
9.22960161174249523949e-05 1.04245613416992650713e+01 1.04245613416992650713e+01 1.04245613416992650713e+01 1.04245613416992650713e+01 0
1.01152578126474505284e-04 1.06166524838140770015e+01 1.06166524838140770015e+01 1.06166524838140770015e+01 1.06166524838140770015e+01 0
1.10859000117783106261e-04 1.04441551875289277973e+01 1.04441551875289277973e+01 1.04441551875289277973e+01 1.04441551875289277973e+01 0
1.21496833147924203095e-04 1.05681987428541113161e+01 1.05681987428541113161e+01 1.05681987428541113161e+01 1.05681987428541113161e+01 0
1.33155453768219595150e-04 1.03515719546090245728e+01 1.03515719546090245728e+01 1.03515719546090245728e+01 1.03515719546090245728e+01 0
1.45932814945336810893e-04 1.04891104027573209834e+01 1.04891104027573209834e+01 1.04891104027573209834e+01 1.04891104027573209834e+01 0
1.59936269038893493725e-04 1.04023858460985429986e+01 1.04023858460985429986e+01 1.04023858460985429986e+01 1.04023858460985429986e+01 0
1.75283469750534622207e-04 1.04768192128184232104e+01 1.04768192128184232104e+01 1.04768192128184232104e+01 1.04768192128184232104e+01 0
1.92103360622442823763e-04 1.03375148816164337262e+01 1.03375148816164337262e+01 1.03375148816164337262e+01 1.03375148816164337262e+01 0
2.10537258390412209633e-04 1.04224279261040724265e+01 1.04224279261040724265e+01 1.04224279261040724265e+01 1.04224279261040724265e+01 0
2.30740040293562408092e-04 1.03157971008486235576e+01 1.03157971008486235576e+01 1.03157971008486235576e+01 1.03157971008486235576e+01 0
2.52881445316186208999e-04 1.03984651283850091374e+01 1.03984651283850091374e+01 1.03984651283850091374e+01 1.03984651283850091374e+01 0
2.77147500294457819862e-04 1.02523353591280006469e+01 1.02523353591280006469e+01 1.02523353591280006469e+01 1.02523353591280006469e+01 0
3.03742082869810372213e-04 1.02149624241720857754e+01 1.02149624241720857754e+01 1.02149624241720857754e+01 1.02149624241720857754e+01 0
3.32888634420549069191e-04 1.00091983718945947146e+01 1.00091983718945947146e+01 1.00091983718945947146e+01 1.00091983718945947146e+01 0
3.64832037363341959470e-04 9.98267933646797622771e+00 9.98267933646797622771e+00 9.98267933646797622771e+00 9.98267933646797622771e+00 0
3.99840672597233707207e-04 9.72074461130404721132e+00 9.72074461130404721132e+00 9.72074461130404721132e+00 9.72074461130404721132e+00 0
4.38208674376336609728e-04 9.64845568954087084990e+00 9.64845568954087084990e+00 9.64845568954087084990e+00 9.64845568954087084990e+00 0
4.80258401556107005197e-04 9.35382634501851484288e+00 9.35382634501851484288e+00 9.35382634501851484288e+00 9.35382634501851484288e+00 0
5.26343145976030496978e-04 9.24677522052305711497e+00 9.24677522052305711497e+00 9.24677522052305711497e+00 9.24677522052305711497e+00 0
5.76850100733905979573e-04 8.93376583059440498857e+00 8.93376583059440498857e+00 8.93376583059440498857e+00 8.93376583059440498857e+00 0
6.32203613290465522498e-04 8.78627192072378626619e+00 8.78627192072378626619e+00 8.78627192072378626619e+00 8.78627192072378626619e+00 0
6.92868750736144387026e-04 8.42620428817122935072e+00 8.42620428817122935072e+00 8.42620428817122935072e+00 8.42620428817122935072e+00 0
7.59355207174526093163e-04 8.17973264400902344562e+00 8.17973264400902344562e+00 8.17973264400902344562e+00 8.17973264400902344562e+00 0
8.32221586051372971132e-04 7.75150948088779578882e+00 7.75150948088779578882e+00 7.75150948088779578882e+00 7.75150948088779578882e+00 0
9.12080093408355169725e-04 7.42849206920059224046e+00 7.42849206920059224046e+00 7.42849206920059224046e+00 7.42849206920059224046e+00 0
9.99601681493084105387e-04 6.95564676689132888043e+00 6.95564676689132888043e+00 6.95564676689132888043e+00 6.95564676689132888043e+00 0
1.09552168594084092801e-03 6.56514012552828951641e+00 6.56514012552828951641e+00 6.56514012552828951641e+00 6.56514012552828951641e+00 0
1.20064600389026797378e-03 6.16567958123391157699e+00 6.16567958123391157699e+00 6.16567958123391157699e+00 6.16567958123391157699e+00 0
1.31585786494007607982e-03 5.74263752311926989336e+00 5.74263752311926989336e+00 5.74263752311926989336e+00 5.74263752311926989336e+00 0
1.44212525183476511156e-03 5.25739660752543080946e+00 5.25739660752543080946e+00 5.25739660752543080946e+00 5.25739660752543080946e+00 0
1.58050903322616391466e-03 4.83011508970586334044e+00 4.83011508970586334044e+00 4.83011508970586334044e+00 4.83011508970586334044e+00 0
1.73217187684036096756e-03 4.38127378800570177475e+00 4.38127378800570177475e+00 4.38127378800570177475e+00 4.38127378800570177475e+00 0
1.89838801793631517870e-03 4.04013954254427698487e+00 4.04013954254427698487e+00 4.04013954254427698487e+00 4.04013954254427698487e+00 0
2.08055396512843221099e-03 3.62700011277413514321e+00 3.62700011277413514321e+00 3.62700011277413514321e+00 3.62700011277413514321e+00 0
2.28020023352088797852e-03 3.23946560837080799189e+00 3.23946560837080799189e+00 3.23946560837080799189e+00 3.23946560837080799189e+00 0
2.49900420373270993821e-03 2.87683438016203130161e+00 2.87683438016203130161e+00 2.87683438016203130161e+00 2.87683438016203130161e+00 0
2.73880421485210318738e-03 2.54475171144306111515e+00 2.54475171144306111515e+00 2.54475171144306111515e+00 2.54475171144306111515e+00 0
3.00161500972566906709e-03 2.30808063494214987799e+00 2.30808063494214987799e+00 2.30808063494214987799e+00 2.30808063494214987799e+00 0
3.28964466235019117532e-03 2.04368955058357437693e+00 2.04368955058357437693e+00 2.04368955058357437693e+00 2.04368955058357437693e+00 0
3.60531312958691212839e-03 1.81364110366397213170e+00 1.81364110366397213170e+00 1.81364110366397213170e+00 1.81364110366397213170e+00 0
3.95127258306540891930e-03 1.60618671174689953141e+00 1.60618671174689953141e+00 1.60618671174689953141e+00 1.60618671174689953141e+00 0
4.33042969210090198523e-03 1.43847079720001258529e+00 1.43847079720001258529e+00 1.43847079720001258529e+00 1.43847079720001258529e+00 0
4.74597004484078686254e-03 1.30078478551878817804e+00 1.30078478551878817804e+00 1.30078478551878817804e+00 1.30078478551878817804e+00 0
5.20138491282107900959e-03 1.17030397307224043324e+00 1.17030397307224043324e+00 1.17030397307224043324e+00 1.17030397307224043324e+00 0
5.70050058380221821158e-03 1.05948563419275920694e+00 1.05948563419275920694e+00 1.05948563419275920694e+00 1.05948563419275920694e+00 0
6.24751050933177506236e-03 9.61395057810738862258e-01 9.61395057810738862258e-01 9.61395057810738862258e-01 9.61395057810738862258e-01 0
6.84701053713025840214e-03 8.86380244796887595271e-01 8.86380244796887595271e-01 8.86380244796887595271e-01 8.86380244796887595271e-01 0
7.50403752431417180035e-03 8.17572791811563504005e-01 8.17572791811563504005e-01 8.17572791811563504005e-01 8.17572791811563504005e-01 0
8.22411165587547642042e-03 7.67203739902084680402e-01 7.67203739902084680402e-01 7.67203739902084680402e-01 7.67203739902084680402e-01 0
9.01328282396728075465e-03 7.11599190392271818695e-01 7.11599190392271818695e-01 7.11599190392271818695e-01 7.11599190392271818695e-01 0
9.87818145766352143089e-03 6.77717100571681663190e-01 6.77717100571681663190e-01 6.77717100571681663190e-01 6.77717100571681663190e-01 0
1.08260742302522597336e-02 6.37167862352531755299e-01 6.37167862352531755299e-01 6.37167862352531755299e-01 6.37167862352531755299e-01 0
1.18649251121019701921e-02 6.13273271915714679459e-01 6.13273271915714679459e-01 6.13273271915714679459e-01 6.13273271915714679459e-01 0
1.30034622820527009934e-02 5.79561181810189895991e-01 5.79561181810189895991e-01 5.79561181810189895991e-01 5.79561181810189895991e-01 0
1.42512514595055511668e-02 5.63478246819789974076e-01 5.63478246819789974076e-01 5.63478246819789974076e-01 5.63478246819789974076e-01 0
1.56187762733294398243e-02 5.44392045567113513904e-01 5.44392045567113513904e-01 5.44392045567113513904e-01 5.44392045567113513904e-01 0
1.71175263428256507758e-02 5.31239877593100873199e-01 5.31239877593100873199e-01 5.31239877593100873199e-01 5.31239877593100873199e-01 0
1.87600938107854303682e-02 5.14226631036692194421e-01 5.14226631036692194421e-01 5.14226631036692194421e-01 5.14226631036692194421e-01 0
2.05602791396886919184e-02 5.02447066834706412841e-01 5.02447066834706412841e-01 5.02447066834706412841e-01 5.02447066834706412841e-01 0
2.25332070599182018866e-02 4.89706087096866915509e-01 4.89706087096866915509e-01 4.89706087096866915509e-01 4.89706087096866915509e-01 0
2.46954536441588087814e-02 4.78362192114929030140e-01 4.78362192114929030140e-01 4.78362192114929030140e-01 4.78362192114929030140e-01 0
2.70651855756306389256e-02 4.71214555914670374381e-01 4.71214555914670374381e-01 4.71214555914670374381e-01 4.71214555914670374381e-01 0
2.96623127802549194088e-02 4.60422805229225851065e-01 4.60422805229225851065e-01 4.60422805229225851065e-01 4.60422805229225851065e-01 0
3.25086557051317490141e-02 4.56986085561145838341e-01 4.56986085561145838341e-01 4.56986085561145838341e-01 4.56986085561145838341e-01 0
3.56281286487638709781e-02 4.47010635944264322905e-01 4.47010635944264322905e-01 4.47010635944264322905e-01 4.47010635944264322905e-01 0
3.90469406833235874177e-02 4.50717235833687279722e-01 4.50717235833687279722e-01 4.50717235833687279722e-01 4.50717235833687279722e-01 0
4.27938158570641130618e-02 4.42044304012601141363e-01 4.42044304012601141363e-01 4.42044304012601141363e-01 4.42044304012601141363e-01 0
4.69002345269635689817e-02 4.52953501895041132919e-01 4.52953501895041132919e-01 4.52953501895041132919e-01 4.52953501895041132919e-01 0
5.14006978492217297960e-02 4.45076155902812964360e-01 4.45076155902812964360e-01 4.45076155902812964360e-01 4.45076155902812964360e-01 0
5.63330176497955012471e-02 4.70841200443224472405e-01 4.70841200443224472405e-01 4.70841200443224472405e-01 4.70841200443224472405e-01 0
6.17386341103970184840e-02 4.63048411555941452633e-01 4.63048411555941452633e-01 4.63048411555941452633e-01 4.63048411555941452633e-01 0
6.76629639390766007834e-02 5.07400269921811530871e-01 5.07400269921811530871e-01 5.07400269921811530871e-01 5.07400269921811530871e-01 0
7.41557819506373228080e-02 4.98905097624964433134e-01 4.98905097624964433134e-01 4.98905097624964433134e-01 4.98905097624964433134e-01 0
8.12716392628293760048e-02 5.74917641920468236449e-01 5.74917641920468236449e-01 5.74917641920468236449e-01 5.74917641920468236449e-01 0
8.90703216219096705064e-02 5.68367882578717287245e-01 5.68367882578717287245e-01 5.68367882578717287245e-01 5.68367882578717287245e-01 0
9.76173517083089858914e-02 6.81076345777110070401e-01 6.81076345777110070401e-01 6.81076345777110070401e-01 6.81076345777110070401e-01 0
1.06984539642660303471e-01 6.89530454796276948137e-01 6.89530454796276948137e-01 6.89530454796276948137e-01 6.89530454796276948137e-01 0
1.17250586317408908577e-01 8.10195987847418086503e-01 8.10195987847418086503e-01 8.10195987847418086503e-01 8.10195987847418086503e-01 0
1.28501744623054303673e-01 9.48385627914523299253e-01 9.48385627914523299253e-01 9.48385627914523299253e-01 9.48385627914523299253e-01 0
1.40832544124488812098e-01 1.04154709353545094075e+00 1.04154709353545094075e+00 1.04154709353545094075e+00 1.04154709353545094075e+00 0
1.54346585275992514985e-01 1.10691995429628642356e+00 1.10691995429628642356e+00 1.10691995429628642356e+00 1.10691995429628642356e+00 0
1.69157409847691508897e-01 1.15873867747194614353e+00 1.15873867747194614353e+00 1.15873867747194614353e+00 1.15873867747194614353e+00 0
1.85389454876593307020e-01 1.14685444271673486760e+00 1.14685444271673486760e+00 1.14685444271673486760e+00 1.14685444271673486760e+00 0
2.03179098157073412256e-01 1.08788381445503024025e+00 1.08788381445503024025e+00 1.08788381445503024025e+00 1.08788381445503024025e+00 0
2.22675804054774217899e-01 1.01331880612600411240e+00 1.01331880612600411240e+00 1.01331880612600411240e+00 1.01331880612600411240e+00 0
2.44043379270772520240e-01 8.99416355377095078083e-01 8.99416355377095078083e-01 8.99416355377095078083e-01 8.99416355377095078083e-01 0
2.67461349106650703167e-01 7.66178032939735742524e-01 7.66178032939735742524e-01 7.66178032939735742524e-01 7.66178032939735742524e-01 0
2.93126465793522417158e-01 6.57006517215080854122e-01 6.57006517215080854122e-01 6.57006517215080854122e-01 6.57006517215080854122e-01 0
3.21254361557635814695e-01 5.27846750997443825426e-01 5.27846750997443825426e-01 5.27846750997443825426e-01 5.27846750997443825426e-01 0
3.52081360311221891468e-01 4.15253407366481752661e-01 4.15253407366481752661e-01 4.15253407366481752661e-01 4.15253407366481752661e-01 0
3.85866463189981301340e-01 3.20129461276137061709e-01 3.20129461276137061709e-01 3.20129461276137061709e-01 3.20129461276137061709e-01 0
4.22893524619228744488e-01 2.30771627247844612896e-01 2.30771627247844612896e-01 2.30771627247844612896e-01 2.30771627247844612896e-01 0
4.63473637191483156528e-01 1.74740422568616743382e-01 1.74740422568616743382e-01 1.74740422568616743382e-01 1.74740422568616743382e-01 0
5.07947745392683502885e-01 1.23717289321017595571e-01 1.23717289321017595571e-01 1.23717289321017595571e-01 1.23717289321017595571e-01 0
5.56689510136935350459e-01 8.46515923030051881115e-02 8.46515923030051881115e-02 8.46515923030051881115e-02 8.46515923030051881115e-02 0
6.10108448176931106310e-01 5.51831689898576449593e-02 5.51831689898576449593e-02 5.51831689898576449593e-02 5.51831689898576449593e-02 0
6.68653372766626730161e-01 4.06931533430974143317e-02 4.06931533430974143317e-02 4.06931533430974143317e-02 4.06931533430974143317e-02 0
7.32816164483805709828e-01 2.78239579959353652838e-02 2.78239579959353652838e-02 2.78239579959353652838e-02 2.78239579959353652838e-02 0
8.03135903894089508981e-01 2.04154396672266633117e-02 2.04154396672266633117e-02 2.04154396672266633117e-02 2.04154396672266633117e-02 0
8.80203400778054700915e-01 1.37109292932927114700e-02 1.37109292932927114700e-02 1.37109292932927114700e-02 1.37109292932927114700e-02 0
9.64666157974953475396e-01 9.63627379468988409794e-03 9.63627379468988409794e-03 9.63627379468988409794e-03 9.63627379468988409794e-03 0
1.05723381154807194449e+00 5.64496532958402592178e-03 5.64496532958402592178e-03 5.64496532958402592178e-03 5.64496532958402592178e-03 0
1.15868409297870789132e+00 3.83134181089072678797e-03 3.83134181089072678797e-03 3.83134181089072678797e-03 3.83134181089072678797e-03 0
1.26986936348170909028e+00 2.07581185134267029446e-03 2.07581185134267029446e-03 2.07581185134267029446e-03 2.07581185134267029446e-03 0
1.39172377534233904228e+00 1.16635883073401254786e-03 1.16635883073401254786e-03 1.16635883073401254786e-03 1.16635883073401254786e-03 0
1.52527112044232815435e+00 5.06486562531984645975e-04 5.06486562531984645975e-04 5.06486562531984645975e-04 5.06486562531984645975e-04 0
1.67163343191656688091e+00 6.69823485958122104809e-04 6.69823485958122104809e-04 6.69823485958122104809e-04 6.69823485958122104809e-04 0
1.83204041120951499622e+00 4.69536154460553883504e-04 4.69536154460553883504e-04 4.69536154460553883504e-04 4.69536154460553883504e-04 0
2.00783975973522421654e+00 5.11585787546275970808e-04 5.11585787546275970808e-04 5.11585787546275970808e-04 5.11585787546275970808e-04 0
2.20050850194513714086e+00 4.56953929717771154158e-04 4.56953929717771154158e-04 4.56953929717771154158e-04 4.56953929717771154158e-04 0
