-2.200508501945137e+00  6.053599398447038e-05  6.053599398447038e-05  6.053599398447038e-05  6.053599398447038e-05  0
-2.007839759735224e+00  3.356945354348054e-05  3.356945354348054e-05  3.356945354348054e-05  3.356945354348054e-05  0
-1.832040411209515e+00  1.841940842087385e-05  1.841940842087385e-05  1.841940842087385e-05  1.841940842087385e-05  0
-1.671633431916567e+00  9.779783398552379e-06  9.779783398552379e-06  9.779783398552379e-06  9.779783398552379e-06  0
-1.525271120442328e+00  4.945040291275850e-06  4.945040291275850e-06  4.945040291275850e-06  4.945040291275850e-06  0
-1.391723775342339e+00  2.467918076884832e-03  2.467918076884832e-03  2.467918076884832e-03  2.467918076884832e-03  0
-1.269869363481709e+00  1.368054071368135e-03  1.368054071368135e-03  1.368054071368135e-03  1.368054071368135e-03  0
-1.158684092978708e+00  7.111477315874320e-04  7.111477315874320e-04  7.111477315874320e-04  7.111477315874320e-04  0
-1.057233811548072e+00  3.481834696344008e-04  3.481834696344008e-04  3.481834696344008e-04  3.481834696344008e-04  0
-9.646661579749535e-01  1.616159506070649e-04  1.616159506070649e-04  1.616159506070649e-04  1.616159506070649e-04  0
-8.802034007780547e-01  1.710857607790840e-02  1.710857607790840e-02  1.710857607790840e-02  1.710857607790840e-02  0
-8.031359038940895e-01  1.305880288069984e-02  1.305880288069984e-02  1.305880288069984e-02  1.305880288069984e-02  0
-7.328161644838058e-01  9.416377400287076e-03  9.416377400287076e-03  9.416377400287076e-03  9.416377400287076e-03  0
-6.686533727666268e-01  6.365089761432857e-03  6.365089761432857e-03  6.365089761432857e-03  6.365089761432857e-03  0
-6.101084481769311e-01  4.015888639558556e-03  4.015888639558556e-03  4.015888639558556e-03  4.015888639558556e-03  0
-5.566895101369354e-01  6.261086281636805e-02  6.261086281636805e-02  6.261086281636805e-02  6.261086281636805e-02  0
-5.079477453926835e-01  4.725963790379884e-02  4.725963790379884e-02  4.725963790379884e-02  4.725963790379884e-02  0
-4.634736371914831e-01  3.596778508993066e-02  3.596778508993066e-02  3.596778508993066e-02  3.596778508993066e-02  0
-4.228935246192287e-01  2.771819289965911e-02  2.771819289965911e-02  2.771819289965911e-02  2.771819289965911e-02  0
-3.858664631899813e-01  2.146498884932345e-02  2.146498884932345e-02  2.146498884932345e-02  2.146498884932345e-02  0
-3.520813603112219e-01  1.855353579204608e-01  1.855353579204608e-01  1.855353579204608e-01  1.855353579204608e-01  0
-3.212543615576358e-01  1.585777056328575e-01  1.585777056328575e-01  1.585777056328575e-01  1.585777056328575e-01  0
-2.931264657935224e-01  1.290531956884607e-01  1.290531956884607e-01  1.290531956884607e-01  1.290531956884607e-01  0
-2.674613491066507e-01  9.974314863587586e-02  9.974314863587586e-02  9.974314863587586e-02  9.974314863587586e-02  0
-2.440433792707725e-01  7.304151323488110e-02  7.304151323488110e-02  7.304151323488110e-02  7.304151323488110e-02  0
-2.226758040547742e-01  2.196516010052373e-01  2.196516010052373e-01  2.196516010052373e-01  2.196516010052373e-01  0
-2.031790981570734e-01  2.270041017056758e-01  2.270041017056758e-01  2.270041017056758e-01  2.270041017056758e-01  0
-1.853894548765933e-01  2.283356144583870e-01  2.283356144583870e-01  2.283356144583870e-01  2.283356144583870e-01  0
-1.691574098476915e-01  2.212224977299929e-01  2.212224977299929e-01  2.212224977299929e-01  2.212224977299929e-01  0
-1.543465852759925e-01  2.051257280950923e-01  2.051257280950923e-01  2.051257280950923e-01  2.051257280950923e-01  0
-1.408325441244888e-01  1.807121181157173e-01  1.807121181157173e-01  1.807121181157173e-01  1.807121181157173e-01  0
-1.285017446230543e-01  1.761390206373890e-01  1.761390206373890e-01  1.761390206373890e-01  1.761390206373890e-01  0
-1.172505863174089e-01  1.699153594766821e-01  1.699153594766821e-01  1.699153594766821e-01  1.699153594766821e-01  0
-1.069845396426603e-01  1.636090883585587e-01  1.636090883585587e-01  1.636090883585587e-01  1.636090883585587e-01  0
-9.761735170830899e-02  1.569956579847052e-01  1.569956579847052e-01  1.569956579847052e-01  1.569956579847052e-01  0
-8.907032162190967e-02  1.614742980104076e-01  1.614742980104076e-01  1.614742980104076e-01  1.614742980104076e-01  0
-8.127163926282938e-02  1.619437989075402e-01  1.619437989075402e-01  1.619437989075402e-01  1.619437989075402e-01  0
-7.415578195063731e-02  1.653360574903550e-01  1.653360574903550e-01  1.653360574903550e-01  1.653360574903550e-01  0
-6.766296393907660e-02  1.658498201976635e-01  1.658498201976635e-01  1.658498201976635e-01  1.658498201976635e-01  0
-6.173863411039702e-02  1.592765026764754e-01  1.592765026764754e-01  1.592765026764754e-01  1.592765026764754e-01  0
-5.633301764979550e-02  2.581930090791248e-01  2.581930090791248e-01  2.581930090791248e-01  2.581930090791248e-01  0
-5.140069784922173e-02  2.306799519031667e-01  2.306799519031667e-01  2.306799519031667e-01  2.306799519031667e-01  0
-4.690023452696357e-02  1.983314830779772e-01  1.983314830779772e-01  1.983314830779772e-01  1.983314830779772e-01  0
-4.279381585706411e-02  1.677792066623247e-01  1.677792066623247e-01  1.677792066623247e-01  1.677792066623247e-01  0
-3.904694068332359e-02  1.440196548678363e-01  1.440196548678363e-01  1.440196548678363e-01  1.440196548678363e-01  0
-3.562812864876387e-02  2.788904507155655e-01  2.788904507155655e-01  2.788904507155655e-01  2.788904507155655e-01  0
-3.250865570513175e-02  2.773529794671326e-01  2.773529794671326e-01  2.773529794671326e-01  2.773529794671326e-01  0
-2.966231278025492e-02  2.832812956738089e-01  2.832812956738089e-01  2.832812956738089e-01  2.832812956738089e-01  0
-2.706518557563064e-02  2.860594834810974e-01  2.860594834810974e-01  2.860594834810974e-01  2.860594834810974e-01  0
-2.469545364415881e-02  2.776374714859400e-01  2.776374714859400e-01  2.776374714859400e-01  2.776374714859400e-01  0
-2.253320705991820e-02  4.736641894419989e-01  4.736641894419989e-01  4.736641894419989e-01  4.736641894419989e-01  0
-2.056027913968869e-02  4.323273511596596e-01  4.323273511596596e-01  4.323273511596596e-01  4.323273511596596e-01  0
-1.876009381078543e-02  3.794359514884100e-01  3.794359514884100e-01  3.794359514884100e-01  3.794359514884100e-01  0
-1.711752634282565e-02  3.287188187083165e-01  3.287188187083165e-01  3.287188187083165e-01  3.287188187083165e-01  0
-1.561877627332944e-02  2.910789232784142e-01  2.910789232784142e-01  2.910789232784142e-01  2.910789232784142e-01  0
-1.425125145950555e-02  4.742422764186348e-01  4.742422764186348e-01  4.742422764186348e-01  4.742422764186348e-01  0
-1.300346228205270e-02  4.709144894338313e-01  4.709144894338313e-01  4.709144894338313e-01  4.709144894338313e-01  0
-1.186492511210197e-02  4.861486127843440e-01  4.861486127843440e-01  4.861486127843440e-01  4.861486127843440e-01  0
-1.082607423025226e-02  5.003352505622813e-01  5.003352505622813e-01  5.003352505622813e-01  5.003352505622813e-01  0
-9.878181457663523e-03  4.962818055455294e-01  4.962818055455294e-01  4.962818055455294e-01  4.962818055455294e-01  0
-9.013282823967281e-03  7.902910019282111e-01  7.902910019282111e-01  7.902910019282111e-01  7.902910019282111e-01  0
-8.224111655875476e-03  7.342714043006681e-01  7.342714043006681e-01  7.342714043006681e-01  7.342714043006681e-01  0
-7.504037524314172e-03  6.520039111110491e-01  6.520039111110491e-01  6.520039111110491e-01  6.520039111110491e-01  0
-6.847010537130258e-03  5.677572958202199e-01  5.677572958202199e-01  5.677572958202199e-01  5.677572958202199e-01  0
-6.247510509331775e-03  5.036095578083083e-01  5.036095578083083e-01  5.036095578083083e-01  5.036095578083083e-01  0
-5.700500583802218e-03  7.137468017848899e-01  7.137468017848899e-01  7.137468017848899e-01  7.137468017848899e-01  0
-5.201384912821079e-03  7.155597637829696e-01  7.155597637829696e-01  7.155597637829696e-01  7.155597637829696e-01  0
-4.745970044840787e-03  7.509801282494279e-01  7.509801282494279e-01  7.509801282494279e-01  7.509801282494279e-01  0
-4.330429692100902e-03  7.904754607310873e-01  7.904754607310873e-01  7.904754607310873e-01  7.904754607310873e-01  0
-3.951272583065409e-03  8.044084768040336e-01  8.044084768040336e-01  8.044084768040336e-01  8.044084768040336e-01  0
-3.605313129586912e-03  1.106035756597390e+00  1.106035756597390e+00  1.106035756597390e+00  1.106035756597390e+00  0
-3.289644662350191e-03  1.050638800237289e+00  1.050638800237289e+00  1.050638800237289e+00  1.050638800237289e+00  0
-3.001615009725669e-03  9.509375277864509e-01  9.509375277864509e-01  9.509375277864509e-01  9.509375277864509e-01  0
-2.738804214852103e-03  8.401483479970661e-01  8.401483479970661e-01  8.401483479970661e-01  8.401483479970661e-01  0
-2.499004203732710e-03  7.524516665158549e-01  7.524516665158549e-01  7.524516665158549e-01  7.524516665158549e-01  0
-2.280200233520888e-03  9.054146277330489e-01  9.054146277330489e-01  9.054146277330489e-01  9.054146277330489e-01  0
-2.080553965128432e-03  9.179589028444177e-01  9.179589028444177e-01  9.179589028444177e-01  9.179589028444177e-01  0
-1.898388017936315e-03  9.800039653934017e-01  9.800039653934017e-01  9.800039653934017e-01  9.800039653934017e-01  0
-1.732171876840361e-03  1.054373378999421e+00  1.054373378999421e+00  1.054373378999421e+00  1.054373378999421e+00  0
-1.580509033226164e-03  1.099690699368944e+00  1.099690699368944e+00  1.099690699368944e+00  1.099690699368944e+00  0
-1.442125251834765e-03  1.331811132730054e+00  1.331811132730054e+00  1.331811132730054e+00  1.331811132730054e+00  0
-1.315857864940076e-03  1.283507679565069e+00  1.283507679565069e+00  1.283507679565069e+00  1.283507679565069e+00  0
-1.200646003890268e-03  1.176423302903303e+00  1.176423302903303e+00  1.176423302903303e+00  1.176423302903303e+00  0
-1.095521685940841e-03  1.049675844635702e+00  1.049675844635702e+00  1.049675844635702e+00  1.049675844635702e+00  0
-9.996016814930841e-04  9.470435640520214e-01  9.470435640520214e-01  9.470435640520214e-01  9.470435640520214e-01  0
-9.120800934083552e-04  1.021229588979296e+00  1.021229588979296e+00  1.021229588979296e+00  1.021229588979296e+00  0
-8.322215860513729e-04  1.044307106963359e+00  1.044307106963359e+00  1.044307106963359e+00  1.044307106963359e+00  0
-7.593552071745261e-04  1.129244891895992e+00  1.129244891895992e+00  1.129244891895992e+00  1.129244891895992e+00  0
-6.928687507361445e-04  1.235137103301731e+00  1.235137103301731e+00  1.235137103301731e+00  1.235137103301731e+00  0
-6.322036132904656e-04  1.314087714906603e+00  1.314087714906603e+00  1.314087714906603e+00  1.314087714906603e+00  0
-5.768501007339060e-04  1.458473727227389e+00  1.458473727227389e+00  1.458473727227389e+00  1.458473727227389e+00  0
-5.263431459760305e-04  1.416308336171532e+00  1.416308336171532e+00  1.416308336171532e+00  1.416308336171532e+00  0
-4.802584015561070e-04  1.306788479341740e+00  1.306788479341740e+00  1.306788479341740e+00  1.306788479341740e+00  0
-4.382086743763366e-04  1.172232798884668e+00  1.172232798884668e+00  1.172232798884668e+00  1.172232798884668e+00  0
-3.998406725972337e-04  1.062276618970303e+00  1.062276618970303e+00  1.062276618970303e+00  1.062276618970303e+00  0
-3.648320373633420e-04  1.078760593057474e+00  1.078760593057474e+00  1.078760593057474e+00  1.078760593057474e+00  0
-3.328886344205491e-04  1.108425681942958e+00  1.108425681942958e+00  1.108425681942958e+00  1.108425681942958e+00  0
-3.037420828698104e-04  1.206704617775905e+00  1.206704617775905e+00  1.206704617775905e+00  1.206704617775905e+00  0
-2.771475002944578e-04  1.330511847511150e+00  1.330511847511150e+00  1.330511847511150e+00  1.330511847511150e+00  0
-2.528814453161862e-04  1.427677955993872e+00  1.427677955993872e+00  1.427677955993872e+00  1.427677955993872e+00  0
-2.307400402935624e-04  1.518641055485703e+00  1.518641055485703e+00  1.518641055485703e+00  1.518641055485703e+00  0
-2.105372583904122e-04  1.479897506847205e+00  1.479897506847205e+00  1.479897506847205e+00  1.479897506847205e+00  0
-1.921033606224428e-04  1.369634527221656e+00  1.369634527221656e+00  1.369634527221656e+00  1.369634527221656e+00  0
-1.752834697505346e-04  1.231701541804587e+00  1.231701541804587e+00  1.231701541804587e+00  1.231701541804587e+00  0
-1.599362690388935e-04  1.118698296180819e+00  1.118698296180819e+00  1.118698296180819e+00  1.118698296180819e+00  0
-1.459328149453368e-04  1.104302023216428e+00  1.104302023216428e+00  1.104302023216428e+00  1.104302023216428e+00  0
-1.331554537682196e-04  1.137331454156661e+00  1.137331454156661e+00  1.137331454156661e+00  1.137331454156661e+00  0
-1.214968331479242e-04  1.242199304773836e+00  1.242199304773836e+00  1.242199304773836e+00  1.242199304773836e+00  0
-1.108590001177831e-04  1.374851540266269e+00  1.374851540266269e+00  1.374851540266269e+00  1.374851540266269e+00  0
-1.011525781264745e-04  1.481124472692016e+00  1.481124472692016e+00  1.481124472692016e+00  1.481124472692016e+00  0
-9.229601611742495e-05  1.544620684409688e+00  1.544620684409688e+00  1.544620684409688e+00  1.544620684409688e+00  0
-8.421490335616489e-05  1.507458061946700e+00  1.507458061946700e+00  1.507458061946700e+00  1.507458061946700e+00  0
-7.684134424897712e-05  1.396965271607980e+00  1.396965271607980e+00  1.396965271607980e+00  1.396965271607980e+00  0
-7.011338790021385e-05  1.257663276768514e+00  1.257663276768514e+00  1.257663276768514e+00  1.257663276768514e+00  0
-6.397450761555738e-05  1.143482964966159e+00  1.143482964966159e+00  1.143482964966159e+00  1.143482964966159e+00  0
-5.837312597813472e-05  1.114986012371961e+00  1.114986012371961e+00  1.114986012371961e+00  1.114986012371961e+00  0
-5.326218150728786e-05  1.149510542181290e+00  1.149510542181290e+00  1.149510542181290e+00  1.149510542181290e+00  0
-4.859873325916966e-05  1.257269954892895e+00  1.257269954892895e+00  1.257269954892895e+00  1.257269954892895e+00  0
-4.434360004711324e-05  1.393805020538447e+00  1.393805020538447e+00  1.393805020538447e+00  1.393805020538447e+00  0
-4.046103125058979e-05  1.504098105242679e+00  1.504098105242679e+00  1.504098105242679e+00  1.504098105242679e+00  0
-3.691840644696998e-05  1.555361042700137e+00  1.555361042700137e+00  1.555361042700137e+00  1.555361042700137e+00  0
-3.368596134246595e-05  1.518868730451393e+00  1.518868730451393e+00  1.518868730451393e+00  1.518868730451393e+00  0
-3.073653769959084e-05  1.408295405981777e+00  1.408295405981777e+00  1.408295405981777e+00  1.408295405981777e+00  0
-2.804535516008554e-05  1.268442258891268e+00  1.268442258891268e+00  1.268442258891268e+00  1.268442258891268e+00  0
-2.558980304622295e-05  1.153800903508068e+00  1.153800903508068e+00  1.153800903508068e+00  1.153800903508068e+00  0
-2.334925039125389e-05  1.119339803352544e+00  1.119339803352544e+00  1.119339803352544e+00  1.119339803352544e+00  0
-2.130487260291514e-05  1.154491723800030e+00  1.154491723800030e+00  1.154491723800030e+00  1.154491723800030e+00  0
-1.943949330366787e-05  1.263455922675497e+00  1.263455922675497e+00  1.263455922675497e+00  1.263455922675497e+00  0
-1.773744001884530e-05  1.401607798969638e+00  1.401607798969638e+00  1.401607798969638e+00  1.401607798969638e+00  0
-1.618441250023592e-05  1.513577977107736e+00  1.513577977107736e+00  1.513577977107736e+00  1.513577977107736e+00  0
-1.476736257878799e-05  1.559708113086356e+00  1.559708113086356e+00  1.559708113086356e+00  1.559708113086356e+00  0
-1.347438453698638e-05  1.523490827555722e+00  1.523490827555722e+00  1.523490827555722e+00  1.523490827555722e+00  0
-1.229461507983634e-05  1.412888407386407e+00  1.412888407386407e+00  1.412888407386407e+00  1.412888407386407e+00  0
-1.121814206403422e-05  1.272816066868219e+00  1.272816066868219e+00  1.272816066868219e+00  1.272816066868219e+00  0
-1.023592121848918e-05  1.157994477858505e+00  1.157994477858505e+00  1.157994477858505e+00  1.157994477858505e+00  0
-9.339700156501556e-06  1.121089741868803e+00  1.121089741868803e+00  1.121089741868803e+00  1.121089741868803e+00  0
-8.521949041166058e-06  1.156497141701994e+00  1.156497141701994e+00  1.156497141701994e+00  1.156497141701994e+00  0
-7.775797321467146e-06  1.265950632138448e+00  1.265950632138448e+00  1.265950632138448e+00  1.265950632138448e+00  0
-7.094976007538119e-06  1.404759146779422e+00  1.404759146779422e+00  1.404759146779422e+00  1.404759146779422e+00  0
-6.473765000094367e-06  1.517411203076872e+00  1.517411203076872e+00  1.517411203076872e+00  1.517411203076872e+00  0
-5.906945031515196e-06  1.561449367279238e+00  1.561449367279238e+00  1.561449367279238e+00  1.561449367279238e+00  0
-5.389753814794552e-06  1.525343318238544e+00  1.525343318238544e+00  1.525343318238544e+00  1.525343318238544e+00  0
-4.917846031934535e-06  1.414730120515895e+00  1.414730120515895e+00  1.414730120515895e+00  1.414730120515895e+00  0
-4.487256825613686e-06  1.274570736911692e+00  1.274570736911692e+00  1.274570736911692e+00  1.274570736911692e+00  0
-4.094368487395672e-06  1.159678035648281e+00  1.159678035648281e+00  1.159678035648281e+00  1.159678035648281e+00  0
-3.735880062600622e-06  1.121787024893826e+00  1.121787024893826e+00  1.121787024893826e+00  1.121787024893826e+00  0
-3.408779616466423e-06  1.157297173563455e+00  1.157297173563455e+00  1.157297173563455e+00  1.157297173563455e+00  0
-3.110318928586858e-06  1.266947144297494e+00  1.266947144297494e+00  1.266947144297494e+00  1.266947144297494e+00  0
-2.837990403015248e-06  1.406019406947533e+00  1.406019406947533e+00  1.406019406947533e+00  1.406019406947533e+00  0
-2.589506000037746e-06  1.518945627781686e+00  1.518945627781686e+00  1.518945627781686e+00  1.518945627781686e+00  0
-2.362778012606079e-06  1.562140789862120e+00  1.562140789862120e+00  1.562140789862120e+00  1.562140789862120e+00  0
-2.155901525917821e-06  1.526079550583642e+00  1.526079550583642e+00  1.526079550583642e+00  1.526079550583642e+00  0
-1.967138412773814e-06  1.415462553103868e+00  1.415462553103868e+00  1.415462553103868e+00  1.415462553103868e+00  0
-1.794902730245475e-06  1.275268921810437e+00  1.275268921810437e+00  1.275268921810437e+00  1.275268921810437e+00  0
-1.637747394958269e-06  1.160348302126167e+00  1.160348302126167e+00  1.160348302126167e+00  1.160348302126167e+00  0
-1.494352025040249e-06  1.122061625016182e+00  1.122061625016182e+00  1.122061625016182e+00  1.122061625016182e+00  0
-1.363511846586569e-06  1.157612831337877e+00  1.157612831337877e+00  1.157612831337877e+00  1.157612831337877e+00  0
-1.244127571434743e-06  1.267341144670420e+00  1.267341144670420e+00  1.267341144670420e+00  1.267341144670420e+00  0
-1.135196161206099e-06  1.406518646515664e+00  1.406518646515664e+00  1.406518646515664e+00  1.406518646515664e+00  0
-1.035802400015099e-06  1.519554499923831e+00  1.519554499923831e+00  1.519554499923831e+00  1.519554499923831e+00  0
-9.451112050424314e-07  1.562411188549024e+00  1.562411188549024e+00  1.562411188549024e+00  1.562411188549024e+00  0
-8.623606103671284e-07  1.526368044550793e+00  1.526368044550793e+00  1.526368044550793e+00  1.526368044550793e+00  0
-7.868553651095256e-07  1.415749983878121e+00  1.415749983878121e+00  1.415749983878121e+00  1.415749983878121e+00  0
-7.179610920981897e-07  1.275543218328196e+00  1.275543218328196e+00  1.275543218328196e+00  1.275543218328196e+00  0
-6.550989579833075e-07  1.160611899133596e+00  1.160611899133596e+00  1.160611899133596e+00  1.160611899133596e+00  0
-5.977408100160996e-07  1.122166954098010e+00  1.122166954098010e+00  1.122166954098010e+00  1.122166954098010e+00  0
-5.454047386346277e-07  1.157734468651842e+00  1.157734468651842e+00  1.157734468651842e+00  1.157734468651842e+00  0
-4.976510285738974e-07  1.267493754654919e+00  1.267493754654919e+00  1.267493754654919e+00  1.267493754654919e+00  0
-4.540784644824396e-07  1.406712976870446e+00  1.406712976870446e+00  1.406712976870446e+00  1.406712976870446e+00  0
-4.143209600060395e-07  1.519792638799850e+00  1.519792638799850e+00  1.519792638799850e+00  1.519792638799850e+00  0
-3.780444820169726e-07  1.562513048451836e+00  1.562513048451836e+00  1.562513048451836e+00  1.562513048451836e+00  0
-3.449442441468514e-07  1.526477291370060e+00  1.526477291370060e+00  1.526477291370060e+00  1.526477291370060e+00  0
-3.147421460438103e-07  1.415859252827647e+00  1.415859252827647e+00  1.415859252827647e+00  1.415859252827647e+00  0
-2.871844368392759e-07  1.275647797879580e+00  1.275647797879580e+00  1.275647797879580e+00  1.275647797879580e+00  0
-2.620395831933230e-07  1.160712660383799e+00  1.160712660383799e+00  1.160712660383799e+00  1.160712660383799e+00  0
-2.390963240064398e-07  1.122204581999255e+00  1.122204581999255e+00  1.122204581999255e+00  1.122204581999255e+00  0
-2.181618954538510e-07  1.157778526721333e+00  1.157778526721333e+00  1.157778526721333e+00  1.157778526721333e+00  0
-1.990604114295589e-07  1.267549908516164e+00  1.267549908516164e+00  1.267549908516164e+00  1.267549908516164e+00  0
-1.816313857929758e-07  1.406785650463564e+00  1.406785650463564e+00  1.406785650463564e+00  1.406785650463564e+00  0
-1.657283840024158e-07  1.519883319958359e+00  1.519883319958359e+00  1.519883319958359e+00  1.519883319958359e+00  0
-1.512177928067891e-07  1.562547496061648e+00  1.562547496061648e+00  1.562547496061648e+00  1.562547496061648e+00  0
-1.379776976587406e-07  1.526514838796599e+00  1.526514838796599e+00  1.526514838796599e+00  1.526514838796599e+00  0
-1.258968584175241e-07  1.415897254167853e+00  1.415897254167853e+00  1.415897254167853e+00  1.415897254167853e+00  0
-1.148737747357104e-07  1.275684486918536e+00  1.275684486918536e+00  1.275684486918536e+00  1.275684486918536e+00  0
-1.048158332773292e-07  1.160748282855254e+00  1.160748282855254e+00  1.160748282855254e+00  1.160748282855254e+00  0
-9.563852960257593e-08  1.122215184193863e+00  1.122215184193863e+00  1.122215184193863e+00  1.122215184193863e+00  0
-8.726475818154042e-08  1.157791685865723e+00  1.157791685865723e+00  1.157791685865723e+00  1.157791685865723e+00  0
-7.962416457182358e-08  1.267567836872083e+00  1.267567836872083e+00  1.267567836872083e+00  1.267567836872083e+00  0
-7.265255431719034e-08  1.406810604582537e+00  1.406810604582537e+00  1.406810604582537e+00  1.406810604582537e+00  0
-6.629135360096631e-08  1.519917365969394e+00  1.519917365969394e+00  1.519917365969394e+00  1.519917365969394e+00  0
-6.048711712271561e-08  1.562555003808449e+00  1.562555003808449e+00  1.562555003808449e+00  1.562555003808449e+00  0
-5.519107906349621e-08  1.526523730100366e+00  1.526523730100366e+00  1.526523730100366e+00  1.526523730100366e+00  0
-5.035874336700964e-08  1.415906769959318e+00  1.415906769959318e+00  1.415906769959318e+00  1.415906769959318e+00  0
-4.594950989428414e-08  1.275694038977023e+00  1.275694038977023e+00  1.275694038977023e+00  1.275694038977023e+00  0
-4.192633331093168e-08  1.160757867160768e+00  1.160757867160768e+00  1.160757867160768e+00  1.160757867160768e+00  0
-3.825541184103037e-08  1.122215102229850e+00  1.122215102229850e+00  1.122215102229850e+00  1.122215102229850e+00  0
-3.490590327261617e-08  1.157792807824108e+00  1.157792807824108e+00  1.157792807824108e+00  1.157792807824108e+00  0
-3.184966582872943e-08  1.267571363547498e+00  1.267571363547498e+00  1.267571363547498e+00  1.267571363547498e+00  0
-2.906102172687613e-08  1.406818838786542e+00  1.406818838786542e+00  1.406818838786542e+00  1.406818838786542e+00  0
-2.651654144038653e-08  1.519934664217388e+00  1.519934664217388e+00  1.519934664217388e+00  1.519934664217388e+00  0
-2.419484684908624e-08  1.562551786884602e+00  1.562551786884602e+00  1.562551786884602e+00  1.562551786884602e+00  0
-2.207643162539849e-08  1.526521207781028e+00  1.526521207781028e+00  1.526521207781028e+00  1.526521207781028e+00  0
-2.014349734680386e-08  1.415904935783453e+00  1.415904935783453e+00  1.415904935783453e+00  1.415904935783453e+00  0
-1.837980395771366e-08  1.275692774746020e+00  1.275692774746020e+00  1.275692774746020e+00  1.275692774746020e+00  0
-1.677053332437267e-08  1.160757069086194e+00  1.160757069086194e+00  1.160757069086194e+00  1.160757069086194e+00  0
-1.530216473641215e-08  1.122211056262891e+00  1.122211056262891e+00  1.122211056262891e+00  1.122211056262891e+00  0
-1.396236130904647e-08  1.157789920014647e+00  1.157789920014647e+00  1.157789920014647e+00  1.157789920014647e+00  0
-1.273986633149177e-08  1.267571366336074e+00  1.267571366336074e+00  1.267571366336074e+00  1.267571366336074e+00  0
-1.162440869075045e-08  1.406826365513070e+00  1.406826365513070e+00  1.406826365513070e+00  1.406826365513070e+00  0
-1.060661657615461e-08  1.519960200278918e+00  1.519960200278918e+00  1.519960200278918e+00  1.519960200278918e+00  0
-9.677938739634499e-09  1.562544400702563e+00  1.562544400702563e+00  1.562544400702563e+00  1.562544400702563e+00  0
-8.830572650159394e-09  1.526514234570080e+00  1.526514234570080e+00  1.526514234570080e+00  1.526514234570080e+00  0
-8.057398938721544e-09  1.415898664851653e+00  1.415898664851653e+00  1.415898664851653e+00  1.415898664851653e+00  0
-7.351921583085463e-09  1.275687272650774e+00  1.275687272650774e+00  1.275687272650774e+00  1.275687272650774e+00  0
-6.708213329749070e-09  1.160752191861875e+00  1.160752191861875e+00  1.160752191861875e+00  1.160752191861875e+00  0
-6.120865894564859e-09  1.122206214266289e+00  1.122206214266289e+00  1.122206214266289e+00  1.122206214266289e+00  0
-5.584944523618587e-09  1.157787496185797e+00  1.157787496185797e+00  1.157787496185797e+00  1.157787496185797e+00  0
-5.095946532596709e-09  1.267575721462993e+00  1.267575721462993e+00  1.267575721462993e+00  1.267575721462993e+00  0
-4.649763476300181e-09  1.406849031633300e+00  1.406849031633300e+00  1.406849031633300e+00  1.406849031633300e+00  0
-4.242646630461844e-09  1.520027566961345e+00  1.520027566961345e+00  1.520027566961345e+00  1.520027566961345e+00  0
-3.871175495853799e-09  1.562535644042847e+00  1.562535644042847e+00  1.562535644042847e+00  1.562535644042847e+00  0
-3.532229060063758e-09  1.526505762583219e+00  1.526505762583219e+00  1.526505762583219e+00  1.526505762583219e+00  0
-3.222959575488617e-09  1.415890871743639e+00  1.415890871743639e+00  1.415890871743639e+00  1.415890871743639e+00  0
-2.940768633234185e-09  1.275680290133926e+00  1.275680290133926e+00  1.275680290133926e+00  1.275680290133926e+00  0
-2.683285331899628e-09  1.160745858239349e+00  1.160745858239349e+00  1.160745858239349e+00  1.160745858239349e+00  0
-2.448346357825944e-09  1.122203162933058e+00  1.122203162933058e+00  1.122203162933058e+00  1.122203162933058e+00  0
-2.233977809447435e-09  1.157790846253591e+00  1.157790846253591e+00  1.157790846253591e+00  1.157790846253591e+00  0
-2.038378613038684e-09  1.267597451501958e+00  1.267597451501958e+00  1.267597451501958e+00  1.267597451501958e+00  0
-1.859905390520072e-09  1.406919655452748e+00  1.406919655452748e+00  1.406919655452748e+00  1.406919655452748e+00  0
-1.697058652184738e-09  1.520216414908655e+00  1.520216414908655e+00  1.520216414908655e+00  1.520216414908655e+00  0
-1.548470198341520e-09  1.562527072045475e+00  1.562527072045475e+00  1.562527072045475e+00  1.562527072045475e+00  0
-1.412891624025503e-09  1.526497381064775e+00  1.526497381064775e+00  1.526497381064775e+00  1.526497381064775e+00  0
-1.289183830195447e-09  1.415883081192564e+00  1.415883081192564e+00  1.415883081192564e+00  1.415883081192564e+00  0
-1.176307453293674e-09  1.275673222235375e+00  1.275673222235375e+00  1.275673222235375e+00  1.275673222235375e+00  0
-1.073314132759851e-09  1.160739333936075e+00  1.160739333936075e+00  1.160739333936075e+00  1.160739333936075e+00  0
-9.793385431303775e-10  1.122207231711364e+00  1.122207231711364e+00  1.122207231711364e+00  1.122207231711364e+00  0
-8.935911237789739e-10  1.157813978766327e+00  1.157813978766327e+00  1.157813978766327e+00  1.157813978766327e+00  0
-8.153514452154734e-10  1.267675490838578e+00  1.267675490838578e+00  1.267675490838578e+00  1.267675490838578e+00  0
-7.439621562080290e-10  1.407142167423952e+00  1.407142167423952e+00  1.407142167423952e+00  1.407142167423952e+00  0
-6.788234608738951e-10  1.520785961786408e+00  1.520785961786408e+00  1.520785961786408e+00  1.520785961786408e+00  0
-6.193880793366079e-10  1.562520265652655e+00  1.562520265652655e+00  1.562520265652655e+00  1.562520265652655e+00  0
-5.651566496102012e-10  1.526490566960316e+00  1.526490566960316e+00  1.526490566960316e+00  1.526490566960316e+00  0
-5.156735320781787e-10  1.415876539404705e+00  1.415876539404705e+00  1.415876539404705e+00  1.415876539404705e+00  0
-4.705229813174697e-10  1.275666957913051e+00  1.275666957913051e+00  1.275666957913051e+00  1.275666957913051e+00  0
-4.293256531039404e-10  1.160733049039095e+00  1.160733049039095e+00  1.160733049039095e+00  1.160733049039095e+00  0
-3.917354172521510e-10  1.122246145040584e+00  1.122246145040584e+00  1.122246145040584e+00  1.122246145040584e+00  0
-3.574364495115896e-10  1.157940270438953e+00  1.157940270438953e+00  1.157940270438953e+00  1.157940270438953e+00  0
-3.261405780861894e-10  1.268052210359554e+00  1.268052210359554e+00  1.268052210359554e+00  1.268052210359554e+00  0
-2.975848624832116e-10  1.408173825446572e+00  1.408173825446572e+00  1.408173825446572e+00  1.408173825446572e+00  0
-2.715293843495580e-10  1.523385782734713e+00  1.523385782734713e+00  1.523385782734713e+00  1.523385782734713e+00  0
2.715293843495580e-10  1.157825327089060e+00  1.157825327089060e+00  1.157825327089060e+00  1.157825327089060e+00  0
2.975848624832116e-10  1.270983470400289e+00  1.270983470400289e+00  1.270983470400289e+00  1.270983470400289e+00  0
3.261405780861894e-10  1.411237476327927e+00  1.411237476327927e+00  1.411237476327927e+00  1.411237476327927e+00  0
3.574364495115896e-10  1.523728508785923e+00  1.523728508785923e+00  1.523728508785923e+00  1.523728508785923e+00  0
3.917354172521510e-10  1.562767207047663e+00  1.562767207047663e+00  1.562767207047663e+00  1.562767207047663e+00  0
4.293256531039404e-10  1.521034228921213e+00  1.521034228921213e+00  1.521034228921213e+00  1.521034228921213e+00  0
4.705229813174697e-10  1.410742507981993e+00  1.410742507981993e+00  1.410742507981993e+00  1.410742507981993e+00  0
5.156735320781787e-10  1.271878258096120e+00  1.271878258096120e+00  1.271878258096120e+00  1.271878258096120e+00  0
5.651566496102012e-10  1.160391932792854e+00  1.160391932792854e+00  1.160391932792854e+00  1.160391932792854e+00  0
6.193880793366079e-10  1.121892735857424e+00  1.121892735857424e+00  1.121892735857424e+00  1.121892735857424e+00  0
6.788234608738951e-10  1.157833335151913e+00  1.157833335151913e+00  1.157833335151913e+00  1.157833335151913e+00  0
7.439621562080290e-10  1.270993984394982e+00  1.270993984394982e+00  1.270993984394982e+00  1.270993984394982e+00  0
8.153514452154734e-10  1.411250273899403e+00  1.411250273899403e+00  1.411250273899403e+00  1.411250273899403e+00  0
8.935911237789739e-10  1.523742971983366e+00  1.523742971983366e+00  1.523742971983366e+00  1.523742971983366e+00  0
9.793385431303775e-10  1.562782439807376e+00  1.562782439807376e+00  1.562782439807376e+00  1.562782439807376e+00  0
1.073314132759851e-09  1.522101170575321e+00  1.522101170575321e+00  1.522101170575321e+00  1.522101170575321e+00  0
1.176307453293674e-09  1.411175524345051e+00  1.411175524345051e+00  1.411175524345051e+00  1.411175524345051e+00  0
1.289183830195447e-09  1.272044846168864e+00  1.272044846168864e+00  1.272044846168864e+00  1.272044846168864e+00  0
1.412891624025503e-09  1.160455822274644e+00  1.160455822274644e+00  1.160455822274644e+00  1.160455822274644e+00  0
1.548470198341520e-09  1.121920765826844e+00  1.121920765826844e+00  1.121920765826844e+00  1.121920765826844e+00  0
1.697058652184738e-09  1.157842642913868e+00  1.157842642913868e+00  1.157842642913868e+00  1.157842642913868e+00  0
1.859905390520072e-09  1.271004349743897e+00  1.271004349743897e+00  1.271004349743897e+00  1.271004349743897e+00  0
2.038378613038684e-09  1.411261884385200e+00  1.411261884385200e+00  1.411261884385200e+00  1.411261884385200e+00  0
2.233977809447435e-09  1.523755586106200e+00  1.523755586106200e+00  1.523755586106200e+00  1.523755586106200e+00  0
2.448346357825944e-09  1.562795461686763e+00  1.562795461686763e+00  1.562795461686763e+00  1.562795461686763e+00  0
2.683285331899628e-09  1.522454927865242e+00  1.522454927865242e+00  1.522454927865242e+00  1.522454927865242e+00  0
2.940768633234185e-09  1.411323129195176e+00  1.411323129195176e+00  1.411323129195176e+00  1.411323129195176e+00  0
3.222959575488617e-09  1.272105349039720e+00  1.272105349039720e+00  1.272105349039720e+00  1.272105349039720e+00  0
3.532229060063758e-09  1.160482449466181e+00  1.160482449466181e+00  1.160482449466181e+00  1.160482449466181e+00  0
3.871175495853799e-09  1.121935546652749e+00  1.121935546652749e+00  1.121935546652749e+00  1.121935546652749e+00  0
4.242646630461844e-09  1.157851692951917e+00  1.157851692951917e+00  1.157851692951917e+00  1.157851692951917e+00  0
4.649763476300181e-09  1.271014164497201e+00  1.271014164497201e+00  1.271014164497201e+00  1.271014164497201e+00  0
5.095946532596709e-09  1.411272717964204e+00  1.411272717964204e+00  1.411272717964204e+00  1.411272717964204e+00  0
5.584944523618587e-09  1.523767280294279e+00  1.523767280294279e+00  1.523767280294279e+00  1.523767280294279e+00  0
6.120865894564859e-09  1.562807500565716e+00  1.562807500565716e+00  1.562807500565716e+00  1.562807500565716e+00  0
6.708213329749070e-09  1.522593079513517e+00  1.522593079513517e+00  1.522593079513517e+00  1.522593079513517e+00  0
7.351921583085463e-09  1.411384817525821e+00  1.411384817525821e+00  1.411384817525821e+00  1.411384817525821e+00  0
8.057398938721544e-09  1.272134230199065e+00  1.272134230199065e+00  1.272134230199065e+00  1.272134230199065e+00  0
8.830572650159394e-09  1.160498194167137e+00  1.160498194167137e+00  1.160498194167137e+00  1.160498194167137e+00  0
9.677938739634499e-09  1.121946573282650e+00  1.121946573282650e+00  1.121946573282650e+00  1.121946573282650e+00  0
1.060661657615461e-08  1.157861506707547e+00  1.157861506707547e+00  1.157861506707547e+00  1.157861506707547e+00  0
1.162440869075045e-08  1.271024490001399e+00  1.271024490001399e+00  1.271024490001399e+00  1.271024490001399e+00  0
1.273986633149177e-08  1.411283926570601e+00  1.411283926570601e+00  1.411283926570601e+00  1.411283926570601e+00  0
1.396236130904647e-08  1.523779312640645e+00  1.523779312640645e+00  1.523779312640645e+00  1.523779312640645e+00  0
1.530216473641215e-08  1.562819895413352e+00  1.562819895413352e+00  1.562819895413352e+00  1.562819895413352e+00  0
1.677053332437267e-08  1.522656065500867e+00  1.522656065500867e+00  1.522656065500867e+00  1.522656065500867e+00  0
1.837980395771366e-08  1.411417678107445e+00  1.411417678107445e+00  1.411417678107445e+00  1.411417678107445e+00  0
2.014349734680386e-08  1.272153516695492e+00  1.272153516695492e+00  1.272153516695492e+00  1.272153516695492e+00  0
2.207643162539849e-08  1.160511482028812e+00  1.160511482028812e+00  1.160511482028812e+00  1.160511482028812e+00  0
2.419484684908624e-08  1.121957391798051e+00  1.121957391798051e+00  1.121957391798051e+00  1.121957391798051e+00  0
2.651654144038653e-08  1.157873906095370e+00  1.157873906095370e+00  1.157873906095370e+00  1.157873906095370e+00  0
2.906102172687613e-08  1.271036928691876e+00  1.271036928691876e+00  1.271036928691876e+00  1.271036928691876e+00  0
3.184966582872943e-08  1.411297062147747e+00  1.411297062147747e+00  1.411297062147747e+00  1.411297062147747e+00  0
3.490590327261617e-08  1.523793297898882e+00  1.523793297898882e+00  1.523793297898882e+00  1.523793297898882e+00  0
3.825541184103037e-08  1.562834352003813e+00  1.562834352003813e+00  1.562834352003813e+00  1.562834352003813e+00  0
4.192633331093168e-08  1.522695219863708e+00  1.522695219863708e+00  1.522695219863708e+00  1.522695219863708e+00  0
4.594950989428414e-08  1.411444292706755e+00  1.411444292706755e+00  1.411444292706755e+00  1.411444292706755e+00  0
5.035874336700964e-08  1.272173445609462e+00  1.272173445609462e+00  1.272173445609462e+00  1.272173445609462e+00  0
5.519107906349621e-08  1.160527452774883e+00  1.160527452774883e+00  1.160527452774883e+00  1.160527452774883e+00  0
6.048711712271561e-08  1.121971020461666e+00  1.121971020461666e+00  1.121971020461666e+00  1.121971020461666e+00  0
6.629135360096631e-08  1.157893054382197e+00  1.157893054382197e+00  1.157893054382197e+00  1.157893054382197e+00  0
7.265255431719034e-08  1.271054995439860e+00  1.271054995439860e+00  1.271054995439860e+00  1.271054995439860e+00  0
7.962416457182358e-08  1.411315419262218e+00  1.411315419262218e+00  1.411315419262218e+00  1.411315419262218e+00  0
8.726475818154042e-08  1.523812615599518e+00  1.523812615599518e+00  1.523812615599518e+00  1.523812615599518e+00  0
9.563852960257593e-08  1.562854438147282e+00  1.562854438147282e+00  1.562854438147282e+00  1.562854438147282e+00  0
1.048158332773292e-07  1.522737191439854e+00  1.522737191439854e+00  1.522737191439854e+00  1.522737191439854e+00  0
1.148737747357104e-07  1.411480332914114e+00  1.411480332914114e+00  1.411480332914114e+00  1.411480332914114e+00  0
1.258968584175241e-07  1.272204359765429e+00  1.272204359765429e+00  1.272204359765429e+00  1.272204359765429e+00  0
1.379776976587406e-07  1.160553501859072e+00  1.160553501859072e+00  1.160553501859072e+00  1.160553501859072e+00  0
1.512177928067891e-07  1.121992958138555e+00  1.121992958138555e+00  1.121992958138555e+00  1.121992958138555e+00  0
1.657283840024158e-07  1.157929198115580e+00  1.157929198115580e+00  1.157929198115580e+00  1.157929198115580e+00  0
1.816313857929758e-07  1.271087278285091e+00  1.271087278285091e+00  1.271087278285091e+00  1.271087278285091e+00  0
1.990604114295589e-07  1.411346999110039e+00  1.411346999110039e+00  1.411346999110039e+00  1.411346999110039e+00  0
2.181618954538510e-07  1.523845451434092e+00  1.523845451434092e+00  1.523845451434092e+00  1.523845451434092e+00  0
2.390963240064398e-07  1.562888794994445e+00  1.562888794994445e+00  1.562888794994445e+00  1.562888794994445e+00  0
2.620395831933230e-07  1.522810672742407e+00  1.522810672742407e+00  1.522810672742407e+00  1.522810672742407e+00  0
2.871844368392759e-07  1.411549765719233e+00  1.411549765719233e+00  1.411549765719233e+00  1.411549765719233e+00  0
3.147421460438103e-07  1.272266427218208e+00  1.272266427218208e+00  1.272266427218208e+00  1.272266427218208e+00  0
3.449442441468514e-07  1.160606080851748e+00  1.160606080851748e+00  1.160606080851748e+00  1.160606080851748e+00  0
3.780444820169726e-07  1.122036182844134e+00  1.122036182844134e+00  1.122036182844134e+00  1.122036182844134e+00  0
4.143209600060395e-07  1.158007904348242e+00  1.158007904348242e+00  1.158007904348242e+00  1.158007904348242e+00  0
4.540784644824396e-07  1.271155180709691e+00  1.271155180709691e+00  1.271155180709691e+00  1.271155180709691e+00  0
4.976510285738974e-07  1.411411722367011e+00  1.411411722367011e+00  1.411411722367011e+00  1.411411722367011e+00  0
5.454047386346277e-07  1.523912175615426e+00  1.523912175615426e+00  1.523912175615426e+00  1.523912175615426e+00  0
5.977408100160996e-07  1.562958925026086e+00  1.562958925026086e+00  1.562958925026086e+00  1.562958925026086e+00  0
6.550989579833075e-07  1.522972685238611e+00  1.522972685238611e+00  1.522972685238611e+00  1.522972685238611e+00  0
7.179610920981897e-07  1.411706627107608e+00  1.411706627107608e+00  1.411706627107608e+00  1.411706627107608e+00  0
7.868553651095256e-07  1.272407884785625e+00  1.272407884785625e+00  1.272407884785625e+00  1.272407884785625e+00  0
8.623606103671284e-07  1.160725550329856e+00  1.160725550329856e+00  1.160725550329856e+00  1.160725550329856e+00  0
9.451112050424314e-07  1.122132859237579e+00  1.122132859237579e+00  1.122132859237579e+00  1.122132859237579e+00  0
1.035802400015099e-06  1.158193140883836e+00  1.158193140883836e+00  1.158193140883836e+00  1.158193140883836e+00  0
1.135196161206099e-06  1.271312239260879e+00  1.271312239260879e+00  1.271312239260879e+00  1.271312239260879e+00  0
1.244127571434743e-06  1.411559402266743e+00  1.411559402266743e+00  1.411559402266743e+00  1.411559402266743e+00  0
1.363511846586569e-06  1.524063715286887e+00  1.524063715286887e+00  1.524063715286887e+00  1.524063715286887e+00  0
1.494352025040249e-06  1.563118581155996e+00  1.563118581155996e+00  1.563118581155996e+00  1.563118581155996e+00  0
1.637747394958269e-06  1.523360106936974e+00  1.523360106936974e+00  1.523360106936974e+00  1.523360106936974e+00  0
1.794902730245475e-06  1.412083819190033e+00  1.412083819190033e+00  1.412083819190033e+00  1.412083819190033e+00  0
1.967138412773814e-06  1.272748588506609e+00  1.272748588506609e+00  1.272748588506609e+00  1.272748588506609e+00  0
2.155901525917821e-06  1.161012617841111e+00  1.161012617841111e+00  1.161012617841111e+00  1.161012617841111e+00  0
2.362778012606079e-06  1.122363377211032e+00  1.122363377211032e+00  1.122363377211032e+00  1.122363377211032e+00  0
2.589506000037746e-06  1.158645198527092e+00  1.158645198527092e+00  1.158645198527092e+00  1.158645198527092e+00  0
2.837990403015248e-06  1.271692567374025e+00  1.271692567374025e+00  1.271692567374025e+00  1.271692567374025e+00  0
3.110318928586858e-06  1.411914775690172e+00  1.411914775690172e+00  1.411914775690172e+00  1.411914775690172e+00  0
3.408779616466423e-06  1.524427554599039e+00  1.524427554599039e+00  1.524427554599039e+00  1.524427554599039e+00  0
3.735880062600622e-06  1.563502296336977e+00  1.563502296336977e+00  1.563502296336977e+00  1.563502296336977e+00  0
4.094368487395672e-06  1.524313556524372e+00  1.524313556524372e+00  1.524313556524372e+00  1.524313556524372e+00  0
4.487256825613686e-06  1.413013411787636e+00  1.413013411787636e+00  1.413013411787636e+00  1.413013411787636e+00  0
4.917846031934535e-06  1.273588532477261e+00  1.273588532477261e+00  1.273588532477261e+00  1.273588532477261e+00  0
5.389753814794552e-06  1.161719540337761e+00  1.161719540337761e+00  1.161719540337761e+00  1.161719540337761e+00  0
5.906945031515196e-06  1.122929159983476e+00  1.122929159983476e+00  1.122929159983476e+00  1.122929159983476e+00  0
6.473765000094367e-06  1.159766936360282e+00  1.159766936360282e+00  1.159766936360282e+00  1.159766936360282e+00  0
7.094976007538119e-06  1.272632988191173e+00  1.272632988191173e+00  1.272632988191173e+00  1.272632988191173e+00  0
7.775797321467146e-06  1.412790809805810e+00  1.412790809805810e+00  1.412790809805810e+00  1.412790809805810e+00  0
8.521949041166058e-06  1.525323299639000e+00  1.525323299639000e+00  1.525323299639000e+00  1.525323299639000e+00  0
9.339700156501556e-06  1.564447207607516e+00  1.564447207607516e+00  1.564447207607516e+00  1.564447207607516e+00  0
1.023592121848918e-05  1.526687747549242e+00  1.526687747549242e+00  1.526687747549242e+00  1.526687747549242e+00  0
1.121814206403422e-05  1.415329365438196e+00  1.415329365438196e+00  1.415329365438196e+00  1.415329365438196e+00  0
1.229461507983634e-05  1.275681527448709e+00  1.275681527448709e+00  1.275681527448709e+00  1.275681527448709e+00  0
1.347438453698638e-05  1.163480393400054e+00  1.163480393400054e+00  1.163480393400054e+00  1.163480393400054e+00  0
1.476736257878799e-05  1.124336558584361e+00  1.124336558584361e+00  1.124336558584361e+00  1.124336558584361e+00  0
1.618441250023592e-05  1.162578255706052e+00  1.162578255706052e+00  1.162578255706052e+00  1.162578255706052e+00  0
1.773744001884530e-05  1.274984648768983e+00  1.274984648768983e+00  1.274984648768983e+00  1.274984648768983e+00  0
1.943949330366787e-05  1.414976415912097e+00  1.414976415912097e+00  1.414976415912097e+00  1.414976415912097e+00  0
2.130487260291514e-05  1.527555010435318e+00  1.527555010435318e+00  1.527555010435318e+00  1.527555010435318e+00  0
2.334925039125389e-05  1.566800633716646e+00  1.566800633716646e+00  1.566800633716646e+00  1.566800633716646e+00  0
2.558980304622295e-05  1.532643132503597e+00  1.532643132503597e+00  1.532643132503597e+00  1.532643132503597e+00  0
2.804535516008554e-05  1.421141062685414e+00  1.421141062685414e+00  1.421141062685414e+00  1.421141062685414e+00  0
3.073653769959084e-05  1.280935711456292e+00  1.280935711456292e+00  1.280935711456292e+00  1.280935711456292e+00  0
3.368596134246595e-05  1.167901237554414e+00  1.167901237554414e+00  1.167901237554414e+00  1.167901237554414e+00  0
3.691840644696998e-05  1.127868315914772e+00  1.127868315914772e+00  1.127868315914772e+00  1.127868315914772e+00  0
4.046103125058979e-05  1.169707264754687e+00  1.169707264754687e+00  1.169707264754687e+00  1.169707264754687e+00  0
4.434360004711324e-05  1.280930990074821e+00  1.280930990074821e+00  1.280930990074821e+00  1.280930990074821e+00  0
4.859873325916966e-05  1.420483116053541e+00  1.420483116053541e+00  1.420483116053541e+00  1.420483116053541e+00  0
5.326218150728786e-05  1.533162880261563e+00  1.533162880261563e+00  1.533162880261563e+00  1.533162880261563e+00  0
5.837312597813472e-05  1.572707297138608e+00  1.572707297138608e+00  1.572707297138608e+00  1.572707297138608e+00  0
6.397450761555738e-05  1.547723844308316e+00  1.547723844308316e+00  1.547723844308316e+00  1.547723844308316e+00  0
7.011338790021385e-05  1.435869913889315e+00  1.435869913889315e+00  1.435869913889315e+00  1.435869913889315e+00  0
7.684134424897712e-05  1.294264940975612e+00  1.294264940975612e+00  1.294264940975612e+00  1.294264940975612e+00  0
8.421490335616489e-05  1.179124813728741e+00  1.179124813728741e+00  1.179124813728741e+00  1.179124813728741e+00  0
9.229601611742495e-05  1.136834749272065e+00  1.136834749272065e+00  1.136834749272065e+00  1.136834749272065e+00  0
1.011525781264745e-04  1.188212741433622e+00  1.188212741433622e+00  1.188212741433622e+00  1.188212741433622e+00  0
1.108590001177831e-04  1.296277105599036e+00  1.296277105599036e+00  1.296277105599036e+00  1.296277105599036e+00  0
1.214968331479242e-04  1.434582088831023e+00  1.434582088831023e+00  1.434582088831023e+00  1.434582088831023e+00  0
1.331554537682196e-04  1.547429971558261e+00  1.547429971558261e+00  1.547429971558261e+00  1.547429971558261e+00  0
1.459328149453368e-04  1.587687699162863e+00  1.587687699162863e+00  1.587687699162863e+00  1.587687699162863e+00  0
1.599362690388935e-04  1.586640446085436e+00  1.586640446085436e+00  1.586640446085436e+00  1.586640446085436e+00  0
1.752834697505346e-04  1.473950165277155e+00  1.473950165277155e+00  1.473950165277155e+00  1.473950165277155e+00  0
1.921033606224428e-04  1.328818952491466e+00  1.328818952491466e+00  1.328818952491466e+00  1.328818952491466e+00  0
2.105372583904122e-04  1.208287351689014e+00  1.208287351689014e+00  1.208287351689014e+00  1.208287351689014e+00  0
2.307400402935624e-04  1.160149959987326e+00  1.160149959987326e+00  1.160149959987326e+00  1.160149959987326e+00  0
2.528814453161862e-04  1.239722466954616e+00  1.239722466954616e+00  1.239722466954616e+00  1.239722466954616e+00  0
2.771475002944578e-04  1.338287854954072e+00  1.338287854954072e+00  1.338287854954072e+00  1.338287854954072e+00  0
3.037420828698104e-04  1.472281147465255e+00  1.472281147465255e+00  1.472281147465255e+00  1.472281147465255e+00  0
3.328886344205491e-04  1.584833767362469e+00  1.584833767362469e+00  1.584833767362469e+00  1.584833767362469e+00  0
3.648320373633420e-04  1.626556529210805e+00  1.626556529210805e+00  1.626556529210805e+00  1.626556529210805e+00  0
3.998406725972337e-04  1.699434789607525e+00  1.699434789607525e+00  1.699434789607525e+00  1.699434789607525e+00  0
4.382086743763366e-04  1.581528634169817e+00  1.581528634169817e+00  1.581528634169817e+00  1.581528634169817e+00  0
4.802584015561070e-04  1.425784915785858e+00  1.425784915785858e+00  1.425784915785858e+00  1.425784915785858e+00  0
5.263431459760305e-04  1.290116622252617e+00  1.290116622252617e+00  1.290116622252617e+00  1.290116622252617e+00  0
5.768501007339060e-04  1.225510154093612e+00  1.225510154093612e+00  1.225510154093612e+00  1.225510154093612e+00  0
6.322036132904656e-04  1.419636239487135e+00  1.419636239487135e+00  1.419636239487135e+00  1.419636239487135e+00  0
6.928687507361445e-04  1.480154984288650e+00  1.480154984288650e+00  1.480154984288650e+00  1.480154984288650e+00  0
7.593552071745261e-04  1.591813822861352e+00  1.591813822861352e+00  1.591813822861352e+00  1.591813822861352e+00  0
8.322215860513729e-04  1.695952143127726e+00  1.695952143127726e+00  1.695952143127726e+00  1.695952143127726e+00  0
9.120800934083552e-04  1.737215367716671e+00  1.737215367716671e+00  1.737215367716671e+00  1.737215367716671e+00  0
9.996016814930841e-04  2.079228306766750e+00  2.079228306766750e+00  2.079228306766750e+00  2.079228306766750e+00  0
1.095521685940841e-03  1.948193301227639e+00  1.948193301227639e+00  1.948193301227639e+00  1.948193301227639e+00  0
1.200646003890268e-03  1.760975997705558e+00  1.760975997705558e+00  1.760975997705558e+00  1.760975997705558e+00  0
1.315857864940076e-03  1.577279188753356e+00  1.577279188753356e+00  1.577279188753356e+00  1.577279188753356e+00  0
1.442125251834765e-03  1.456844966407231e+00  1.456844966407231e+00  1.456844966407231e+00  1.456844966407231e+00  0
1.580509033226164e-03  1.883009503916105e+00  1.883009503916105e+00  1.883009503916105e+00  1.883009503916105e+00  0
1.732171876840361e-03  1.925140730928667e+00  1.925140730928667e+00  1.925140730928667e+00  1.925140730928667e+00  0
1.898388017936315e-03  2.010044234507124e+00  2.010044234507124e+00  2.010044234507124e+00  2.010044234507124e+00  0
2.080553965128432e-03  2.095125530280016e+00  2.095125530280016e+00  2.095125530280016e+00  2.095125530280016e+00  0
2.280200233520888e-03  2.127960229552117e+00  2.127960229552117e+00  2.127960229552117e+00  2.127960229552117e+00  0
2.499004203732710e-03  1.998965434565077e+00  1.998965434565077e+00  1.998965434565077e+00  1.998965434565077e+00  0
2.738804214852103e-03  2.037871619996776e+00  2.037871619996776e+00  2.037871619996776e+00  2.037871619996776e+00  0
3.001615009725669e-03  2.008241876086953e+00  2.008241876086953e+00  2.008241876086953e+00  2.008241876086953e+00  0
3.289644662350191e-03  1.941357829921030e+00  1.941357829921030e+00  1.941357829921030e+00  1.941357829921030e+00  0
3.605313129586912e-03  1.884706653334369e+00  1.884706653334369e+00  1.884706653334369e+00  1.884706653334369e+00  0
3.951272583065409e-03  1.503854803965899e+00  1.503854803965899e+00  1.503854803965899e+00  1.503854803965899e+00  0
4.330429692100902e-03  1.539222116706669e+00  1.539222116706669e+00  1.539222116706669e+00  1.539222116706669e+00  0
4.745970044840787e-03  1.633987219462158e+00  1.633987219462158e+00  1.633987219462158e+00  1.633987219462158e+00  0
5.201384912821079e-03  1.770439887575264e+00  1.770439887575264e+00  1.770439887575264e+00  1.770439887575264e+00  0
5.700500583802218e-03  1.910702442475787e+00  1.910702442475787e+00  1.910702442475787e+00  1.910702442475787e+00  0
6.247510509331775e-03  2.136627771242196e+00  2.136627771242196e+00  2.136627771242196e+00  2.136627771242196e+00  0
6.847010537130258e-03  1.987401481432973e+00  1.987401481432973e+00  1.987401481432973e+00  1.987401481432973e+00  0
7.504037524314172e-03  1.843148006079896e+00  1.843148006079896e+00  1.843148006079896e+00  1.843148006079896e+00  0
8.224111655875476e-03  1.713214896500774e+00  1.713214896500774e+00  1.713214896500774e+00  1.713214896500774e+00  0
9.013282823967281e-03  1.617925399875504e+00  1.617925399875504e+00  1.617925399875504e+00  1.617925399875504e+00  0
9.878181457663523e-03  3.145090826989281e+00  3.145090826989281e+00  3.145090826989281e+00  3.145090826989281e+00  0
1.082607423025226e-02  3.017292848474392e+00  3.017292848474392e+00  3.017292848474392e+00  3.017292848474392e+00  0
1.186492511210197e-02  2.823881479233822e+00  2.823881479233822e+00  2.823881479233822e+00  2.823881479233822e+00  0
1.300346228205270e-02  2.607855254192197e+00  2.607855254192197e+00  2.607855254192197e+00  2.607855254192197e+00  0
1.425125145950555e-02  2.397929504267891e+00  2.397929504267891e+00  2.397929504267891e+00  2.397929504267891e+00  0
1.561877627332944e-02  2.407987315838211e+00  2.407987315838211e+00  2.407987315838211e+00  2.407987315838211e+00  0
1.711752634282565e-02  2.718122581279019e+00  2.718122581279019e+00  2.718122581279019e+00  2.718122581279019e+00  0
1.876009381078543e-02  2.974997417424171e+00  2.974997417424171e+00  2.974997417424171e+00  2.974997417424171e+00  0
2.056027913968869e-02  3.147329275371528e+00  3.147329275371528e+00  3.147329275371528e+00  3.147329275371528e+00  0
2.253320705991820e-02  3.215092933537595e+00  3.215092933537595e+00  3.215092933537595e+00  3.215092933537595e+00  0
2.469545364415881e-02  1.266168785943126e+00  1.266168785943126e+00  1.266168785943126e+00  1.266168785943126e+00  0
2.706518557563064e-02  1.448760749460579e+00  1.448760749460579e+00  1.448760749460579e+00  1.448760749460579e+00  0
2.966231278025492e-02  1.659189833688724e+00  1.659189833688724e+00  1.659189833688724e+00  1.659189833688724e+00  0
3.250865570513175e-02  1.905971835679746e+00  1.905971835679746e+00  1.905971835679746e+00  1.905971835679746e+00  0
3.562812864876387e-02  2.188618668950089e+00  2.188618668950089e+00  2.188618668950089e+00  2.188618668950089e+00  0
3.904694068332359e-02  8.645544574894769e-01  8.645544574894769e-01  8.645544574894769e-01  8.645544574894769e-01  0
4.279381585706411e-02  9.300147706565872e-01  9.300147706565872e-01  9.300147706565872e-01  9.300147706565872e-01  0
4.690023452696357e-02  1.009829053709290e+00  1.009829053709290e+00  1.009829053709290e+00  1.009829053709290e+00  0
5.140069784922173e-02  1.108582269740503e+00  1.108582269740503e+00  1.108582269740503e+00  1.108582269740503e+00  0
5.633301764979550e-02  1.228558984053200e+00  1.228558984053200e+00  1.228558984053200e+00  1.228558984053200e+00  0
6.173863411039702e-02  7.828528760299903e-01  7.828528760299903e-01  7.828528760299903e-01  7.828528760299903e-01  0
6.766296393907660e-02  8.551735222683757e-01  8.551735222683757e-01  8.551735222683757e-01  8.551735222683757e-01  0
7.415578195063731e-02  9.020756549282918e-01  9.020756549282918e-01  9.020756549282918e-01  9.020756549282918e-01  0
8.127163926282938e-02  9.289280530273936e-01  9.289280530273936e-01  9.289280530273936e-01  9.289280530273936e-01  0
8.907032162190967e-02  9.456551497928127e-01  9.456551497928127e-01  9.456551497928127e-01  9.456551497928127e-01  0
9.761735170830899e-02  1.674306746279549e+00  1.674306746279549e+00  1.674306746279549e+00  1.674306746279549e+00  0
1.069845396426603e-01  1.586506488139173e+00  1.586506488139173e+00  1.586506488139173e+00  1.586506488139173e+00  0
1.172505863174089e-01  1.457627921807996e+00  1.457627921807996e+00  1.457627921807996e+00  1.457627921807996e+00  0
1.285017446230543e-01  1.322851100440028e+00  1.322851100440028e+00  1.322851100440028e+00  1.322851100440028e+00  0
1.408325441244888e-01  1.207608147615373e+00  1.207608147615373e+00  1.207608147615373e+00  1.207608147615373e+00  0
1.543465852759925e-01  1.843270708454703e+00  1.843270708454703e+00  1.843270708454703e+00  1.843270708454703e+00  0
1.691574098476915e-01  2.043501589987145e+00  2.043501589987145e+00  2.043501589987145e+00  2.043501589987145e+00  0
1.853894548765933e-01  2.166088970105484e+00  2.166088970105484e+00  2.166088970105484e+00  2.166088970105484e+00  0
2.031790981570734e-01  2.196727940484566e+00  2.196727940484566e+00  2.196727940484566e+00  2.196727940484566e+00  0
2.226758040547742e-01  2.134505754972250e+00  2.134505754972250e+00  2.134505754972250e+00  2.134505754972250e+00  0
2.440433792707725e-01  5.525659921724767e-01  5.525659921724767e-01  5.525659921724767e-01  5.525659921724767e-01  0
2.674613491066507e-01  7.859796842850924e-01  7.859796842850924e-01  7.859796842850924e-01  7.859796842850924e-01  0
2.931264657935224e-01  1.055887035773000e+00  1.055887035773000e+00  1.055887035773000e+00  1.055887035773000e+00  0
3.212543615576358e-01  1.344919465359800e+00  1.344919465359800e+00  1.344919465359800e+00  1.344919465359800e+00  0
3.520813603112219e-01  1.630400130108712e+00  1.630400130108712e+00  1.630400130108712e+00  1.630400130108712e+00  0
3.858664631899813e-01  8.087447639791114e-02  8.087447639791114e-02  8.087447639791114e-02  8.087447639791114e-02  0
4.228935246192287e-01  1.179189392393885e-01  1.179189392393885e-01  1.179189392393885e-01  1.179189392393885e-01  0
4.634736371914831e-01  1.763179716750232e-01  1.763179716750232e-01  1.763179716750232e-01  1.763179716750232e-01  0
5.079477453926835e-01  2.661772667129828e-01  2.661772667129828e-01  2.661772667129828e-01  2.661772667129828e-01  0
5.566895101369354e-01  3.969525532421493e-01  3.969525532421493e-01  3.969525532421493e-01  3.969525532421493e-01  0
6.101084481769311e-01  1.237153221848974e-02  1.237153221848974e-02  1.237153221848974e-02  1.237153221848974e-02  0
6.686533727666268e-01  1.963879630538562e-02  1.963879630538562e-02  1.963879630538562e-02  1.963879630538562e-02  0
7.328161644838058e-01  2.937728749910665e-02  2.937728749910665e-02  2.937728749910665e-02  2.937728749910665e-02  0
8.031359038940895e-01  4.197738920879342e-02  4.197738920879342e-02  4.197738920879342e-02  4.197738920879342e-02  0
8.802034007780547e-01  5.850663060119107e-02  5.850663060119107e-02  5.850663060119107e-02  5.850663060119107e-02  0
9.646661579749535e-01  4.427800201219181e-04  4.427800201219181e-04  4.427800201219181e-04  4.427800201219181e-04  0
1.057233811548072e+00  9.963180735388813e-04  9.963180735388813e-04  9.963180735388813e-04  9.963180735388813e-04  0
1.158684092978708e+00  2.091875123065352e-03  2.091875123065352e-03  2.091875123065352e-03  2.091875123065352e-03  0
1.269869363481709e+00  4.090184136082153e-03  4.090184136082153e-03  4.090184136082153e-03  4.090184136082153e-03  0
1.391723775342339e+00  7.442016648034004e-03  7.442016648034004e-03  7.442016648034004e-03  7.442016648034004e-03  0
1.525271120442328e+00  7.579918152970883e-06  7.579918152970883e-06  7.579918152970883e-06  7.579918152970883e-06  0
1.671633431916567e+00  1.675571187834248e-05  1.675571187834248e-05  1.675571187834248e-05  1.675571187834248e-05  0
1.832040411209515e+00  3.660496768307310e-05  3.660496768307310e-05  3.660496768307310e-05  3.660496768307310e-05  0
2.007839759735224e+00  8.009031024428342e-05  8.009031024428342e-05  8.009031024428342e-05  8.009031024428342e-05  0
2.200508501945137e+00  1.765928586744028e-04  1.765928586744028e-04  1.765928586744028e-04  1.765928586744028e-04  0
