-3.174673408704273e+00  1.568489340505780e-09  1.568489340505780e-09  1.568489340505780e-09  1.568489340505780e-09  0
-2.896710232446770e+00  7.656079307381242e-10  7.656079307381242e-10  7.656079307381242e-10  7.656079307381242e-10  0
-2.643084528870180e+00  3.660752660546140e-10  3.660752660546140e-10  3.660752660546140e-10  3.660752660546140e-10  0
-2.411665394937384e+00  1.655148735046008e-10  1.655148735046008e-10  1.655148735046008e-10  1.655148735046008e-10  0
-2.200508501945137e+00  6.960320106174201e-11  6.960320106174201e-11  6.960320106174201e-11  6.960320106174201e-11  0
-2.007839759735224e+00  2.649918761902761e-07  2.649918761902761e-07  2.649918761902761e-07  2.649918761902761e-07  0
-1.832040411209515e+00  1.141024709592395e-07  1.141024709592395e-07  1.141024709592395e-07  1.141024709592395e-07  0
-1.671633431916567e+00  4.534100094651108e-08  4.534100094651108e-08  4.534100094651108e-08  4.534100094651108e-08  0
-1.525271120442328e+00  1.655550331245108e-08  1.655550331245108e-08  1.655550331245108e-08  1.655550331245108e-08  0
-1.391723775342338e+00  5.525630228279056e-09  5.525630228279056e-09  5.525630228279056e-09  5.525630228279056e-09  0
-1.269869363481709e+00  5.696889342636744e-06  5.696889342636744e-06  5.696889342636744e-06  5.696889342636744e-06  0
-1.158684092978708e+00  3.340507038039347e-06  3.340507038039347e-06  3.340507038039347e-06  3.340507038039347e-06  0
-1.057233811548072e+00  1.895138427227739e-06  1.895138427227739e-06  1.895138427227739e-06  1.895138427227739e-06  0
-9.646661579749535e-01  1.018211240148187e-06  1.018211240148187e-06  1.018211240148187e-06  1.018211240148187e-06  0
-8.802034007780546e-01  5.109047707936146e-07  5.109047707936146e-07  5.109047707936146e-07  5.109047707936146e-07  0
-8.031359038940895e-01  1.018511778638443e-04  1.018511778638443e-04  1.018511778638443e-04  1.018511778638443e-04  0
-7.328161644838058e-01  5.983171026264507e-05  5.983171026264507e-05  5.983171026264507e-05  5.983171026264507e-05  0
-6.686533727666267e-01  3.490967952581764e-05  3.490967952581764e-05  3.490967952581764e-05  3.490967952581764e-05  0
-6.101084481769312e-01  2.034622977807515e-05  2.034622977807515e-05  2.034622977807515e-05  2.034622977807515e-05  0
-5.566895101369354e-01  1.187041541963053e-05  1.187041541963053e-05  1.187041541963053e-05  1.187041541963053e-05  0
-5.079477453926835e-01  1.214686118544460e-03  1.214686118544460e-03  1.214686118544460e-03  1.214686118544460e-03  0
-4.634736371914831e-01  7.602483921111830e-04  7.602483921111830e-04  7.602483921111830e-04  7.602483921111830e-04  0
-4.228935246192287e-01  4.661585538700951e-04  4.661585538700951e-04  4.661585538700951e-04  4.661585538700951e-04  0
-3.858664631899814e-01  2.803594816378737e-04  2.803594816378737e-04  2.803594816378737e-04  2.803594816378737e-04  0
-3.520813603112218e-01  1.645860934766952e-04  1.645860934766952e-04  1.645860934766952e-04  1.645860934766952e-04  0
-3.212543615576358e-01  6.788443173886957e-03  6.788443173886957e-03  6.788443173886957e-03  6.788443173886957e-03  0
-2.931264657935223e-01  5.325250434584021e-03  5.325250434584021e-03  5.325250434584021e-03  5.325250434584021e-03  0
-2.674613491066506e-01  3.976613411804339e-03  3.976613411804339e-03  3.976613411804339e-03  3.976613411804339e-03  0
-2.440433792707724e-01  2.824372094165666e-03  2.824372094165666e-03  2.824372094165666e-03  2.824372094165666e-03  0
-2.226758040547741e-01  1.913585981275466e-03  1.913585981275466e-03  1.913585981275466e-03  1.913585981275466e-03  0
-2.031790981570734e-01  1.301113599443379e-02  1.301113599443379e-02  1.301113599443379e-02  1.301113599443379e-02  0
-1.853894548765933e-01  1.180846605727815e-02  1.180846605727815e-02  1.180846605727815e-02  1.180846605727815e-02  0
-1.691574098476915e-01  1.061705730913053e-02  1.061705730913053e-02  1.061705730913053e-02  1.061705730913053e-02  0
-1.543465852759926e-01  9.361086216079152e-03  9.361086216079152e-03  9.361086216079152e-03  9.361086216079152e-03  0
-1.408325441244888e-01  7.990662470978342e-03  7.990662470978342e-03  7.990662470978342e-03  7.990662470978342e-03  0
-1.285017446230544e-01  1.768652945642126e-02  1.768652945642126e-02  1.768652945642126e-02  1.768652945642126e-02  0
-1.172505863174090e-01  1.561737986782702e-02  1.561737986782702e-02  1.561737986782702e-02  1.561737986782702e-02  0
-1.069845396426603e-01  1.386649552712414e-02  1.386649552712414e-02  1.386649552712414e-02  1.386649552712414e-02  0
-9.761735170830904e-02  1.206403058295118e-02  1.206403058295118e-02  1.206403058295118e-02  1.206403058295118e-02  0
-8.907032162190970e-02  1.007595914624986e-02  1.007595914624986e-02  1.007595914624986e-02  1.007595914624986e-02  0
-8.127163926282940e-02  4.310736284558168e-02  4.310736284558168e-02  4.310736284558168e-02  4.310736284558168e-02  0
-7.415578195063734e-02  3.393668445519018e-02  3.393668445519018e-02  3.393668445519018e-02  3.393668445519018e-02  0
-6.766296393907663e-02  2.657433682964254e-02  2.657433682964254e-02  2.657433682964254e-02  2.657433682964254e-02  0
-6.173863411039705e-02  2.096807707165011e-02  2.096807707165011e-02  2.096807707165011e-02  2.096807707165011e-02  0
-5.633301764979552e-02  1.691920239286938e-02  1.691920239286938e-02  1.691920239286938e-02  1.691920239286938e-02  0
-5.140069784922175e-02  1.073141725482502e-01  1.073141725482502e-01  1.073141725482502e-01  1.073141725482502e-01  0
-4.690023452696359e-02  8.670022834403408e-02  8.670022834403408e-02  8.670022834403408e-02  8.670022834403408e-02  0
-4.279381585706413e-02  7.112534193071436e-02  7.112534193071436e-02  7.112534193071436e-02  7.112534193071436e-02  0
-3.904694068332362e-02  5.883237545315258e-02  5.883237545315258e-02  5.883237545315258e-02  5.883237545315258e-02  0
-3.562812864876388e-02  4.834963067862436e-02  4.834963067862436e-02  4.834963067862436e-02  4.834963067862436e-02  0
-3.250865570513176e-02  3.391113712051723e-01  3.391113712051723e-01  3.391113712051723e-01  3.391113712051723e-01  0
-2.966231278025493e-02  2.634367005968999e-01  2.634367005968999e-01  2.634367005968999e-01  2.634367005968999e-01  0
-2.706518557563065e-02  2.028719502866810e-01  2.028719502866810e-01  2.028719502866810e-01  2.028719502866810e-01  0
-2.469545364415882e-02  1.548629979686045e-01  1.548629979686045e-01  1.548629979686045e-01  1.548629979686045e-01  0
-2.253320705991821e-02  1.173656552862272e-01  1.173656552862272e-01  1.173656552862272e-01  1.173656552862272e-01  0
-2.056027913968870e-02  8.899877693919159e-01  8.899877693919159e-01  8.899877693919159e-01  8.899877693919159e-01  0
-1.876009381078543e-02  7.203137075317344e-01  7.203137075317344e-01  7.203137075317344e-01  7.203137075317344e-01  0
-1.711752634282565e-02  5.852868711321473e-01  5.852868711321473e-01  5.852868711321473e-01  5.852868711321473e-01  0
-1.561877627332944e-02  4.757425633734816e-01  4.757425633734816e-01  4.757425633734816e-01  4.757425633734816e-01  0
-1.425125145950555e-02  3.845083141649555e-01  3.845083141649555e-01  3.845083141649555e-01  3.845083141649555e-01  0
-1.300346228205270e-02  2.572480004314257e+00  2.572480004314257e+00  2.572480004314257e+00  2.572480004314257e+00  0
-1.186492511210197e-02  2.138039467407494e+00  2.138039467407494e+00  2.138039467407494e+00  2.138039467407494e+00  0
-1.082607423025226e-02  1.743885354021988e+00  1.743885354021988e+00  1.743885354021988e+00  1.743885354021988e+00  0
-9.878181457663527e-03  1.395348366836758e+00  1.395348366836758e+00  1.395348366836758e+00  1.395348366836758e+00  0
-9.013282823967282e-03  1.096190346348828e+00  1.096190346348828e+00  1.096190346348828e+00  1.096190346348828e+00  0
-8.224111655875480e-03  5.350881915393924e+00  5.350881915393924e+00  5.350881915393924e+00  5.350881915393924e+00  0
-7.504037524314174e-03  4.655103900841183e+00  4.655103900841183e+00  4.655103900841183e+00  4.655103900841183e+00  0
-6.847010537130260e-03  4.045394527096273e+00  4.045394527096273e+00  4.045394527096273e+00  4.045394527096273e+00  0
-6.247510509331778e-03  3.490437040840543e+00  3.490437040840543e+00  3.490437040840543e+00  3.490437040840543e+00  0
-5.700500583802221e-03  2.969990351690753e+00  2.969990351690753e+00  2.969990351690753e+00  2.969990351690753e+00  0
-5.201384912821082e-03  1.174080360188636e+01  1.174080360188636e+01  1.174080360188636e+01  1.174080360188636e+01  0
-4.745970044840789e-03  9.780655671026857e+00  9.780655671026857e+00  9.780655671026857e+00  9.780655671026857e+00  0
-4.330429692100905e-03  8.204019977781744e+00  8.204019977781744e+00  8.204019977781744e+00  8.204019977781744e+00  0
-3.951272583065412e-03  6.928625772100296e+00  6.928625772100296e+00  6.928625772100296e+00  6.928625772100296e+00  0
-3.605313129586914e-03  5.883249067003732e+00  5.883249067003732e+00  5.883249067003732e+00  5.883249067003732e+00  0
-3.289644662350192e-03  2.758627323129782e+01  2.758627323129782e+01  2.758627323129782e+01  2.758627323129782e+01  0
-3.001615009725670e-03  2.346294788374410e+01  2.346294788374410e+01  2.346294788374410e+01  2.346294788374410e+01  0
-2.738804214852104e-03  1.966045767495588e+01  1.966045767495588e+01  1.966045767495588e+01  1.966045767495588e+01  0
-2.499004203732711e-03  1.630446645292801e+01  1.630446645292801e+01  1.630446645292801e+01  1.630446645292801e+01  0
-2.280200233520888e-03  1.342366883538353e+01  1.342366883538353e+01  1.342366883538353e+01  1.342366883538353e+01  0
-2.080553965128433e-03  4.779321309577829e+01  4.779321309577829e+01  4.779321309577829e+01  4.779321309577829e+01  0
-1.898388017936316e-03  4.411267179348284e+01  4.411267179348284e+01  4.411267179348284e+01  4.411267179348284e+01  0
-1.732171876840361e-03  4.019148765950639e+01  4.019148765950639e+01  4.019148765950639e+01  4.019148765950639e+01  0
-1.580509033226164e-03  3.600853301934350e+01  3.600853301934350e+01  3.600853301934350e+01  3.600853301934350e+01  0
-1.442125251834765e-03  3.161044540348349e+01  3.161044540348349e+01  3.161044540348349e+01  3.161044540348349e+01  0
-1.315857864940077e-03  5.756420860971185e+01  5.756420860971185e+01  5.756420860971185e+01  5.756420860971185e+01  0
-1.200646003890268e-03  5.717464202141920e+01  5.717464202141920e+01  5.717464202141920e+01  5.717464202141920e+01  0
-1.095521685940842e-03  5.563454776800247e+01  5.563454776800247e+01  5.563454776800247e+01  5.563454776800247e+01  0
-9.996016814930845e-04  5.318734589603758e+01  5.318734589603758e+01  5.318734589603758e+01  5.318734589603758e+01  0
-9.120800934083554e-04  5.013413043289691e+01  5.013413043289691e+01  5.013413043289691e+01  5.013413043289691e+01  0
-8.322215860513730e-04  5.173608704056827e+01  5.173608704056827e+01  5.173608704056827e+01  5.173608704056827e+01  0
-7.593552071745262e-04  5.243512804781566e+01  5.243512804781566e+01  5.243512804781566e+01  5.243512804781566e+01  0
-6.928687507361445e-04  5.363196664753722e+01  5.363196664753722e+01  5.363196664753722e+01  5.363196664753722e+01  0
-6.322036132904656e-04  5.491023108264204e+01  5.491023108264204e+01  5.491023108264204e+01  5.491023108264204e+01  0
-5.768501007339061e-04  5.557878275939333e+01  5.557878275939333e+01  5.557878275939333e+01  5.557878275939333e+01  0
-5.263431459760307e-04  4.593184164575850e+01  4.593184164575850e+01  4.593184164575850e+01  4.593184164575850e+01  0
-4.802584015561072e-04  4.842079836315606e+01  4.842079836315606e+01  4.842079836315606e+01  4.842079836315606e+01  0
-4.382086743763367e-04  4.986550930337119e+01  4.986550930337119e+01  4.986550930337119e+01  4.986550930337119e+01  0
-3.998406725972338e-04  5.028611201877364e+01  5.028611201877364e+01  5.028611201877364e+01  5.028611201877364e+01  0
-3.648320373633421e-04  5.009240655604727e+01  5.009240655604727e+01  5.009240655604727e+01  5.009240655604727e+01  0
-3.328886344205492e-04  3.859793022035320e+01  3.859793022035320e+01  3.859793022035320e+01  3.859793022035320e+01  0
-3.037420828698105e-04  3.790004057304985e+01  3.790004057304985e+01  3.790004057304985e+01  3.790004057304985e+01  0
-2.771475002944578e-04  3.834084864834315e+01  3.834084864834315e+01  3.834084864834315e+01  3.834084864834315e+01  0
-2.528814453161863e-04  3.995782313522263e+01  3.995782313522263e+01  3.995782313522263e+01  3.995782313522263e+01  0
-2.307400402935625e-04  4.219632431341104e+01  4.219632431341104e+01  4.219632431341104e+01  4.219632431341104e+01  0
-2.105372583904123e-04  3.575358967369305e+01  3.575358967369305e+01  3.575358967369305e+01  3.575358967369305e+01  0
-1.921033606224429e-04  3.831550186031339e+01  3.831550186031339e+01  3.831550186031339e+01  3.831550186031339e+01  0
-1.752834697505346e-04  3.957214601802469e+01  3.957214601802469e+01  3.957214601802469e+01  3.957214601802469e+01  0
-1.599362690388935e-04  3.910334702195189e+01  3.910334702195189e+01  3.910334702195189e+01  3.910334702195189e+01  0
-1.459328149453368e-04  3.703690529321636e+01  3.703690529321636e+01  3.703690529321636e+01  3.703690529321636e+01  0
-1.331554537682197e-04  3.259897325917271e+01  3.259897325917271e+01  3.259897325917271e+01  3.259897325917271e+01  0
-1.214968331479242e-04  3.070547056980380e+01  3.070547056980380e+01  3.070547056980380e+01  3.070547056980380e+01  0
-1.108590001177831e-04  2.997401756821602e+01  2.997401756821602e+01  2.997401756821602e+01  2.997401756821602e+01  0
-1.011525781264745e-04  3.079624259051625e+01  3.079624259051625e+01  3.079624259051625e+01  3.079624259051625e+01  0
-9.229601611742499e-05  3.288946790117446e+01  3.288946790117446e+01  3.288946790117446e+01  3.288946790117446e+01  0
-8.421490335616491e-05  3.092122827494839e+01  3.092122827494839e+01  3.092122827494839e+01  3.092122827494839e+01  0
-7.684134424897715e-05  3.372342883521835e+01  3.372342883521835e+01  3.372342883521835e+01  3.372342883521835e+01  0
-7.011338790021387e-05  3.542148494873417e+01  3.542148494873417e+01  3.542148494873417e+01  3.542148494873417e+01  0
-6.397450761555741e-05  3.544651223919856e+01  3.544651223919856e+01  3.544651223919856e+01  3.544651223919856e+01  0
-5.837312597813474e-05  3.389278880638851e+01  3.389278880638851e+01  3.389278880638851e+01  3.389278880638851e+01  0
-5.326218150728787e-05  2.955309569502135e+01  2.955309569502135e+01  2.955309569502135e+01  2.955309569502135e+01  0
-4.859873325916968e-05  2.729739691219264e+01  2.729739691219264e+01  2.729739691219264e+01  2.729739691219264e+01  0
-4.434360004711325e-05  2.606421330512854e+01  2.606421330512854e+01  2.606421330512854e+01  2.606421330512854e+01  0
-4.046103125058980e-05  2.642701363494896e+01  2.642701363494896e+01  2.642701363494896e+01  2.642701363494896e+01  0
-3.691840644696999e-05  2.830942547205691e+01  2.830942547205691e+01  2.830942547205691e+01  2.830942547205691e+01  0
-3.368596134246597e-05  2.811572997282891e+01  2.811572997282891e+01  2.811572997282891e+01  2.811572997282891e+01  0
-3.073653769959086e-05  3.097286518414421e+01  3.097286518414421e+01  3.097286518414421e+01  3.097286518414421e+01  0
-2.804535516008555e-05  3.280199087639714e+01  3.280199087639714e+01  3.280199087639714e+01  3.280199087639714e+01  0
-2.558980304622297e-05  3.297913801884293e+01  3.297913801884293e+01  3.297913801884293e+01  3.297913801884293e+01  0
-2.334925039125390e-05  3.151233853217365e+01  3.151233853217365e+01  3.151233853217365e+01  3.151233853217365e+01  0
-2.130487260291515e-05  2.737939996219876e+01  2.737939996219876e+01  2.737939996219876e+01  2.737939996219876e+01  0
-1.943949330366787e-05  2.494111829541709e+01  2.494111829541709e+01  2.494111829541709e+01  2.494111829541709e+01  0
-1.773744001884530e-05  2.352129110250747e+01  2.352129110250747e+01  2.352129110250747e+01  2.352129110250747e+01  0
-1.618441250023592e-05  2.371870412640531e+01  2.371870412640531e+01  2.371870412640531e+01  2.371870412640531e+01  0
-1.476736257878800e-05  2.550823521425003e+01  2.550823521425003e+01  2.550823521425003e+01  2.550823521425003e+01  0
-1.347438453698639e-05  2.663007041117156e+01  2.663007041117156e+01  2.663007041117156e+01  2.663007041117156e+01  0
-1.229461507983634e-05  2.926322889485452e+01  2.926322889485452e+01  2.926322889485452e+01  2.926322889485452e+01  0
-1.121814206403422e-05  3.092772466904301e+01  3.092772466904301e+01  3.092772466904301e+01  3.092772466904301e+01  0
-1.023592121848918e-05  3.100803969508866e+01  3.100803969508866e+01  3.100803969508866e+01  3.100803969508866e+01  0
-9.339700156501558e-06  2.951515097662900e+01  2.951515097662900e+01  2.951515097662900e+01  2.951515097662900e+01  0
-8.521949041166062e-06  2.707151086704526e+01  2.707151086704526e+01  2.707151086704526e+01  2.707151086704526e+01  0
-7.775797321467150e-06  2.444899600548849e+01  2.444899600548849e+01  2.444899600548849e+01  2.444899600548849e+01  0
-7.094976007538121e-06  2.280864463809235e+01  2.280864463809235e+01  2.280864463809235e+01  2.280864463809235e+01  0
-6.473765000094370e-06  2.276104568858982e+01  2.276104568858982e+01  2.276104568858982e+01  2.276104568858982e+01  0
-5.906945031515200e-06  2.429872984992254e+01  2.429872984992254e+01  2.429872984992254e+01  2.429872984992254e+01  0
-5.389753814794554e-06  2.664680409107898e+01  2.664680409107898e+01  2.664680409107898e+01  2.664680409107898e+01  0
-4.917846031934537e-06  2.927115253461739e+01  2.927115253461739e+01  2.927115253461739e+01  2.927115253461739e+01  0
-4.487256825613687e-06  3.091590305603699e+01  3.091590305603699e+01  3.091590305603699e+01  3.091590305603699e+01  0
-4.094368487395674e-06  3.095563236675466e+01  3.095563236675466e+01  3.095563236675466e+01  3.095563236675466e+01  0
-3.735880062600623e-06  2.939154528222855e+01  2.939154528222855e+01  2.939154528222855e+01  2.939154528222855e+01  0
-3.408779616466424e-06  2.710344230486965e+01  2.710344230486965e+01  2.710344230486965e+01  2.710344230486965e+01  0
-3.110318928586860e-06  2.448097625926903e+01  2.448097625926903e+01  2.448097625926903e+01  2.448097625926903e+01  0
-2.837990403015248e-06  2.283830094572003e+01  2.283830094572003e+01  2.283830094572003e+01  2.283830094572003e+01  0
-2.589506000037748e-06  2.278759138983717e+01  2.278759138983717e+01  2.278759138983717e+01  2.278759138983717e+01  0
-2.362778012606080e-06  2.432314054393334e+01  2.432314054393334e+01  2.432314054393334e+01  2.432314054393334e+01  0
-2.155901525917819e-06  2.665216205849731e+01  2.665216205849731e+01  2.665216205849731e+01  2.665216205849731e+01  0
-1.967138412773812e-06  2.928085107215289e+01  2.928085107215289e+01  2.928085107215289e+01  2.928085107215289e+01  0
-1.794902730245472e-06  3.093181416162986e+01  3.093181416162986e+01  3.093181416162986e+01  3.093181416162986e+01  0
-1.637747394958267e-06  3.097836750117629e+01  3.097836750117629e+01  3.097836750117629e+01  3.097836750117629e+01  0
-1.494352025040247e-06  2.942011712810608e+01  2.942011712810608e+01  2.942011712810608e+01  2.942011712810608e+01  0
-1.363511846586567e-06  2.711045381587502e+01  2.711045381587502e+01  2.711045381587502e+01  2.711045381587502e+01  0
-1.244127571434742e-06  2.448705066190973e+01  2.448705066190973e+01  2.448705066190973e+01  2.448705066190973e+01  0
-1.135196161206098e-06  2.284280643822098e+01  2.284280643822098e+01  2.284280643822098e+01  2.284280643822098e+01  0
-1.035802400015097e-06  2.279078668974618e+01  2.279078668974618e+01  2.279078668974618e+01  2.279078668974618e+01  0
-9.451112050424303e-07  2.432636430955073e+01  2.432636430955073e+01  2.432636430955073e+01  2.432636430955073e+01  0
-8.623606103671273e-07  2.665276215768011e+01  2.665276215768011e+01  2.665276215768011e+01  2.665276215768011e+01  0
-7.868553651095247e-07  2.928275670535547e+01  2.928275670535547e+01  2.928275670535547e+01  2.928275670535547e+01  0
-7.179610920981888e-07  3.093554598458343e+01  3.093554598458343e+01  3.093554598458343e+01  3.093554598458343e+01  0
-6.550989579833068e-07  3.098391700754122e+01  3.098391700754122e+01  3.098391700754122e+01  3.098391700754122e+01  0
-5.977408100160987e-07  2.942688224565407e+01  2.942688224565407e+01  2.942688224565407e+01  2.942688224565407e+01  0
-5.454047386346270e-07  2.711276239679696e+01  2.711276239679696e+01  2.711276239679696e+01  2.711276239679696e+01  0
-4.976510285738967e-07  2.448877121298644e+01  2.448877121298644e+01  2.448877121298644e+01  2.448877121298644e+01  0
-4.540784644824390e-07  2.284370806239281e+01  2.284370806239281e+01  2.284370806239281e+01  2.284370806239281e+01  0
-4.143209600060390e-07  2.279099338693591e+01  2.279099338693591e+01  2.279099338693591e+01  2.279099338693591e+01  0
-3.780444820169721e-07  2.432639622814727e+01  2.432639622814727e+01  2.432639622814727e+01  2.432639622814727e+01  0
-3.449442441468510e-07  2.665314789175952e+01  2.665314789175952e+01  2.665314789175952e+01  2.665314789175952e+01  0
-3.147421460438099e-07  2.928364051424684e+01  2.928364051424684e+01  2.928364051424684e+01  2.928364051424684e+01  0
-2.871844368392756e-07  3.093708852064441e+01  3.093708852064441e+01  3.093708852064441e+01  3.093708852064441e+01  0
-2.620395831933227e-07  3.098605423540162e+01  3.098605423540162e+01  3.098605423540162e+01  3.098605423540162e+01  0
-2.390963240064395e-07  2.942931943175845e+01  2.942931943175845e+01  2.942931943175845e+01  2.942931943175845e+01  0
-2.181618954538508e-07  2.711399127110973e+01  2.711399127110973e+01  2.711399127110973e+01  2.711399127110973e+01  0
-1.990604114295587e-07  2.448969512428322e+01  2.448969512428322e+01  2.448969512428322e+01  2.448969512428322e+01  0
-1.816313857929756e-07  2.284425226832930e+01  2.284425226832930e+01  2.284425226832930e+01  2.284425226832930e+01  0
-1.657283840024156e-07  2.279123390972394e+01  2.279123390972394e+01  2.279123390972394e+01  2.279123390972394e+01  0
-1.512177928067889e-07  2.432656232056975e+01  2.432656232056975e+01  2.432656232056975e+01  2.432656232056975e+01  0
-1.379776976587404e-07  2.665369969556899e+01  2.665369969556899e+01  2.665369969556899e+01  2.665369969556899e+01  0
-1.258968584175239e-07  2.928442517084893e+01  2.928442517084893e+01  2.928442517084893e+01  2.928442517084893e+01  0
-1.148737747357102e-07  3.093814904687067e+01  3.093814904687067e+01  3.093814904687067e+01  3.093814904687067e+01  0
-1.048158332773291e-07  3.098733288211526e+01  3.098733288211526e+01  3.098733288211526e+01  3.098733288211526e+01  0
-9.563852960257580e-08  2.943066718099013e+01  2.943066718099013e+01  2.943066718099013e+01  2.943066718099013e+01  0
-8.726475818154030e-08  2.711490958603125e+01  2.711490958603125e+01  2.711490958603125e+01  2.711490958603125e+01  0
-7.962416457182346e-08  2.449044405481187e+01  2.449044405481187e+01  2.449044405481187e+01  2.449044405481187e+01  0
-7.265255431719022e-08  2.284481847266069e+01  2.284481847266069e+01  2.284481847266069e+01  2.284481847266069e+01  0
-6.629135360096623e-08  2.279167433207990e+01  2.279167433207990e+01  2.279167433207990e+01  2.279167433207990e+01  0
-6.048711712271553e-08  2.432699430710836e+01  2.432699430710836e+01  2.432699430710836e+01  2.432699430710836e+01  0
-5.519107906349615e-08  2.665435390721171e+01  2.665435390721171e+01  2.665435390721171e+01  2.665435390721171e+01  0
-5.035874336700958e-08  2.928521503094466e+01  2.928521503094466e+01  2.928521503094466e+01  2.928521503094466e+01  0
-4.594950989428408e-08  3.093907458335323e+01  3.093907458335323e+01  3.093907458335323e+01  3.093907458335323e+01  0
-4.192633331093163e-08  3.098834336553619e+01  3.098834336553619e+01  3.098834336553619e+01  3.098834336553619e+01  0
-3.825541184103032e-08  2.943167552982075e+01  2.943167552982075e+01  2.943167552982075e+01  2.943167552982075e+01  0
-3.490590327261613e-08  2.711571633396293e+01  2.711571633396293e+01  2.711571633396293e+01  2.711571633396293e+01  0
-3.184966582872939e-08  2.449114014425229e+01  2.449114014425229e+01  2.449114014425229e+01  2.449114014425229e+01  0
-2.906102172687609e-08  2.284541484664678e+01  2.284541484664678e+01  2.284541484664678e+01  2.284541484664678e+01  0
-2.651654144038649e-08  2.279222005745576e+01  2.279222005745576e+01  2.279222005745576e+01  2.279222005745576e+01  0
-2.419484684908621e-08  2.432756234048322e+01  2.432756234048322e+01  2.432756234048322e+01  2.432756234048322e+01  0
-2.207643162539846e-08  2.665504623313815e+01  2.665504623313815e+01  2.665504623313815e+01  2.665504623313815e+01  0
-2.014349734680383e-08  2.928600555567376e+01  2.928600555567376e+01  2.928600555567376e+01  2.928600555567376e+01  0
-1.837980395771363e-08  3.093994677152020e+01  3.093994677152020e+01  3.093994677152020e+01  3.093994677152020e+01  0
-1.677053332437265e-08  3.098925022071851e+01  3.098925022071851e+01  3.098925022071851e+01  3.098925022071851e+01  0
-1.530216473641213e-08  2.943255559243806e+01  2.943255559243806e+01  2.943255559243806e+01  2.943255559243806e+01  0
-1.396236130904645e-08  2.711646439959762e+01  2.711646439959762e+01  2.711646439959762e+01  2.711646439959762e+01  0
-1.273986633149176e-08  2.449180417709270e+01  2.449180417709270e+01  2.449180417709270e+01  2.449180417709270e+01  0
-1.162440869075044e-08  2.284601521663718e+01  2.284601521663718e+01  2.284601521663718e+01  2.284601521663718e+01  0
-1.060661657615460e-08  2.279280205019022e+01  2.279280205019022e+01  2.279280205019022e+01  2.279280205019022e+01  0
-9.677938739634486e-09  2.432818051400890e+01  2.432818051400890e+01  2.432818051400890e+01  2.432818051400890e+01  0
-8.830572650159383e-09  2.665573253786989e+01  2.665573253786989e+01  2.665573253786989e+01  2.665573253786989e+01  0
-8.057398938721533e-09  2.928677560640351e+01  2.928677560640351e+01  2.928677560640351e+01  2.928677560640351e+01  0
-7.351921583085453e-09  3.094077754346375e+01  3.094077754346375e+01  3.094077754346375e+01  3.094077754346375e+01  0
-6.708213329749061e-09  3.099009703345805e+01  3.099009703345805e+01  3.099009703345805e+01  3.099009703345805e+01  0
-6.120865894564850e-09  2.943336833700448e+01  2.943336833700448e+01  2.943336833700448e+01  2.943336833700448e+01  0
-5.584944523618580e-09  2.711714640017794e+01  2.711714640017794e+01  2.711714640017794e+01  2.711714640017794e+01  0
-5.095946532596702e-09  2.449241940855263e+01  2.449241940855263e+01  2.449241940855263e+01  2.449241940855263e+01  0
-4.649763476300175e-09  2.284658719691006e+01  2.284658719691006e+01  2.284658719691006e+01  2.284658719691006e+01  0
-4.242646630461839e-09  2.279337300827904e+01  2.279337300827904e+01  2.279337300827904e+01  2.279337300827904e+01  0
-3.871175495853794e-09  2.432879582078557e+01  2.432879582078557e+01  2.432879582078557e+01  2.432879582078557e+01  0
-3.532229060063754e-09  2.665636082368739e+01  2.665636082368739e+01  2.665636082368739e+01  2.665636082368739e+01  0
-3.222959575488613e-09  2.928748305360404e+01  2.928748305360404e+01  2.928748305360404e+01  2.928748305360404e+01  0
-2.940768633234181e-09  3.094153936429609e+01  3.094153936429609e+01  3.094153936429609e+01  3.094153936429609e+01  0
-2.683285331899625e-09  3.099087265616968e+01  3.099087265616968e+01  3.099087265616968e+01  3.099087265616968e+01  0
-2.448346357825941e-09  2.943411711905399e+01  2.943411711905399e+01  2.943411711905399e+01  2.943411711905399e+01  0
-2.233977809447432e-09  2.711769482182134e+01  2.711769482182134e+01  2.711769482182134e+01  2.711769482182134e+01  0
-2.038378613038681e-09  2.449292418104006e+01  2.449292418104006e+01  2.449292418104006e+01  2.449292418104006e+01  0
-1.859905390520070e-09  2.284707150638877e+01  2.284707150638877e+01  2.284707150638877e+01  2.284707150638877e+01  0
-1.697058652184735e-09  2.279387395477098e+01  2.279387395477098e+01  2.279387395477098e+01  2.279387395477098e+01  0
-1.548470198341518e-09  2.432935044691715e+01  2.432935044691715e+01  2.432935044691715e+01  2.432935044691715e+01  0
-1.412891624025501e-09  2.665682961291173e+01  2.665682961291173e+01  2.665682961291173e+01  2.665682961291173e+01  0
-1.289183830195445e-09  2.928803600268403e+01  2.928803600268403e+01  2.928803600268403e+01  2.928803600268403e+01  0
-1.176307453293673e-09  3.094215773192064e+01  3.094215773192064e+01  3.094215773192064e+01  3.094215773192064e+01  0
-1.073314132759850e-09  3.099153463477391e+01  3.099153463477391e+01  3.099153463477391e+01  3.099153463477391e+01  0
-9.793385431303761e-10  2.943481432581007e+01  2.943481432581007e+01  2.943481432581007e+01  2.943481432581007e+01  0
-8.935911237789728e-10  2.711792059519641e+01  2.711792059519641e+01  2.711792059519641e+01  2.711792059519641e+01  0
-8.153514452154724e-10  2.449315587348848e+01  2.449315587348848e+01  2.449315587348848e+01  2.449315587348848e+01  0
-7.439621562080280e-10  2.284732795635729e+01  2.284732795635729e+01  2.284732795635729e+01  2.284732795635729e+01  0
-6.788234608738942e-10  2.279417999191996e+01  2.279417999191996e+01  2.279417999191996e+01  2.279417999191996e+01  0
-6.193880793366070e-10  2.432972735333099e+01  2.432972735333099e+01  2.432972735333099e+01  2.432972735333099e+01  0
-5.651566496102005e-10  2.665693162048989e+01  2.665693162048989e+01  2.665693162048989e+01  2.665693162048989e+01  0
-5.156735320781780e-10  2.928829580570444e+01  2.928829580570444e+01  2.928829580570444e+01  2.928829580570444e+01  0
-4.705229813174689e-10  3.094264474238479e+01  3.094264474238479e+01  3.094264474238479e+01  3.094264474238479e+01  0
-4.293256531039398e-10  3.099241163002057e+01  3.099241163002057e+01  3.099241163002057e+01  3.099241163002057e+01  0
-3.917354172521504e-10  2.943639258591670e+01  2.943639258591670e+01  2.943639258591670e+01  2.943639258591670e+01  0
3.917354172521504e-10  2.943839730429697e+01  2.943839730429697e+01  2.943839730429697e+01  2.943839730429697e+01  0
4.293256531039398e-10  3.099459069959068e+01  3.099459069959068e+01  3.099459069959068e+01  3.099459069959068e+01  0
4.705229813174689e-10  3.094491102948942e+01  3.094491102948942e+01  3.094491102948942e+01  3.094491102948942e+01  0
5.156735320781780e-10  2.929058504429675e+01  2.929058504429675e+01  2.929058504429675e+01  2.929058504429675e+01  0
5.651566496102005e-10  2.665924450992616e+01  2.665924450992616e+01  2.665924450992616e+01  2.665924450992616e+01  0
6.193880793366070e-10  2.433070385161038e+01  2.433070385161038e+01  2.433070385161038e+01  2.433070385161038e+01  0
6.788234608738942e-10  2.279526162709866e+01  2.279526162709866e+01  2.279526162709866e+01  2.279526162709866e+01  0
7.439621562080280e-10  2.284858996074612e+01  2.284858996074612e+01  2.284858996074612e+01  2.284858996074612e+01  0
8.153514452154724e-10  2.449466166881528e+01  2.449466166881528e+01  2.449466166881528e+01  2.449466166881528e+01  0
8.935911237789728e-10  2.711969571392807e+01  2.711969571392807e+01  2.711969571392807e+01  2.711969571392807e+01  0
9.793385431303761e-10  2.943561593115585e+01  2.943561593115585e+01  2.943561593115585e+01  2.943561593115585e+01  0
1.073314132759850e-09  3.099240599071002e+01  3.099240599071002e+01  3.099240599071002e+01  3.099240599071002e+01  0
1.176307453293673e-09  3.094306400826036e+01  3.094306400826036e+01  3.094306400826036e+01  3.094306400826036e+01  0
1.289183830195445e-09  2.928895150880922e+01  2.928895150880922e+01  2.928895150880922e+01  2.928895150880922e+01  0
1.412891624025501e-09  2.665775463154370e+01  2.665775463154370e+01  2.665775463154370e+01  2.665775463154370e+01  0
1.548470198341518e-09  2.432974135574458e+01  2.432974135574458e+01  2.432974135574458e+01  2.432974135574458e+01  0
1.697058652184735e-09  2.279430682858874e+01  2.279430682858874e+01  2.279430682858874e+01  2.279430682858874e+01  0
1.859905390520070e-09  2.284757646253922e+01  2.284757646253922e+01  2.284757646253922e+01  2.284757646253922e+01  0
2.038378613038681e-09  2.449352661433738e+01  2.449352661433738e+01  2.449352661433738e+01  2.449352661433738e+01  0
2.233977809447432e-09  2.711840496254435e+01  2.711840496254435e+01  2.711840496254435e+01  2.711840496254435e+01  0
2.448346357825941e-09  2.943443835269910e+01  2.943443835269910e+01  2.943443835269910e+01  2.943443835269910e+01  0
2.683285331899625e-09  3.099122182736659e+01  3.099122182736659e+01  3.099122182736659e+01  3.099122182736659e+01  0
2.940768633234181e-09  3.094190249439936e+01  3.094190249439936e+01  3.094190249439936e+01  3.094190249439936e+01  0
3.222959575488613e-09  2.928784982449273e+01  2.928784982449273e+01  2.928784982449273e+01  2.928784982449273e+01  0
3.532229060063754e-09  2.665673132395345e+01  2.665673132395345e+01  2.665673132395345e+01  2.665673132395345e+01  0
3.871175495853794e-09  2.432895224352898e+01  2.432895224352898e+01  2.432895224352898e+01  2.432895224352898e+01  0
4.242646630461839e-09  2.279354625857379e+01  2.279354625857379e+01  2.279354625857379e+01  2.279354625857379e+01  0
4.649763476300175e-09  2.284678932446006e+01  2.284678932446006e+01  2.284678932446006e+01  2.284678932446006e+01  0
5.095946532596702e-09  2.449266057126937e+01  2.449266057126937e+01  2.449266057126937e+01  2.449266057126937e+01  0
5.584944523618580e-09  2.711743068611093e+01  2.711743068611093e+01  2.711743068611093e+01  2.711743068611093e+01  0
6.120865894564850e-09  2.943349675976433e+01  2.943349675976433e+01  2.943349675976433e+01  2.943349675976433e+01  0
6.708213329749061e-09  3.099023662938673e+01  3.099023662938673e+01  3.099023662938673e+01  3.099023662938673e+01  0
7.351921583085453e-09  3.094092272750883e+01  3.094092272750883e+01  3.094092272750883e+01  3.094092272750883e+01  0
8.057398938721533e-09  2.928692225816473e+01  2.928692225816473e+01  2.928692225816473e+01  2.928692225816473e+01  0
8.830572650159383e-09  2.665588070006577e+01  2.665588070006577e+01  2.665588070006577e+01  2.665588070006577e+01  0
9.677938739634486e-09  2.432824309697565e+01  2.432824309697565e+01  2.432824309697565e+01  2.432824309697565e+01  0
1.060661657615460e-08  2.279287133961503e+01  2.279287133961503e+01  2.279287133961503e+01  2.279287133961503e+01  0
1.162440869075044e-08  2.284609603744955e+01  2.284609603744955e+01  2.284609603744955e+01  2.284609603744955e+01  0
1.273986633149176e-08  2.449190059850845e+01  2.449190059850845e+01  2.449190059850845e+01  2.449190059850845e+01  0
1.396236130904645e-08  2.711657806237052e+01  2.711657806237052e+01  2.711657806237052e+01  2.711657806237052e+01  0
1.530216473641213e-08  2.943260706155237e+01  2.943260706155237e+01  2.943260706155237e+01  2.943260706155237e+01  0
1.677053332437265e-08  3.098930616499293e+01  3.098930616499293e+01  3.098930616499293e+01  3.098930616499293e+01  0
1.837980395771363e-08  3.094000494720241e+01  3.094000494720241e+01  3.094000494720241e+01  3.094000494720241e+01  0
2.014349734680383e-08  2.928606430512285e+01  2.928606430512285e+01  2.928606430512285e+01  2.928606430512285e+01  0
2.207643162539846e-08  2.665510556563805e+01  2.665510556563805e+01  2.665510556563805e+01  2.665510556563805e+01  0
2.419484684908621e-08  2.432758734448625e+01  2.432758734448625e+01  2.432758734448625e+01  2.432758734448625e+01  0
2.651654144038649e-08  2.279224776645353e+01  2.279224776645353e+01  2.279224776645353e+01  2.279224776645353e+01  0
2.906102172687609e-08  2.284544718762778e+01  2.284544718762778e+01  2.284544718762778e+01  2.284544718762778e+01  0
3.184966582872939e-08  2.449117874070904e+01  2.449117874070904e+01  2.449117874070904e+01  2.449117874070904e+01  0
3.490590327261613e-08  2.711576183781981e+01  2.711576183781981e+01  2.711576183781981e+01  2.711576183781981e+01  0
3.825541184103032e-08  2.943169602254438e+01  2.943169602254438e+01  2.943169602254438e+01  2.943169602254438e+01  0
4.192633331093163e-08  3.098836564219596e+01  3.098836564219596e+01  3.098836564219596e+01  3.098836564219596e+01  0
4.594950989428408e-08  3.093909775581423e+01  3.093909775581423e+01  3.093909775581423e+01  3.093909775581423e+01  0
5.035874336700958e-08  2.928523844527675e+01  2.928523844527675e+01  2.928523844527675e+01  2.928523844527675e+01  0
5.519107906349615e-08  2.665437757438811e+01  2.665437757438811e+01  2.665437757438811e+01  2.665437757438811e+01  0
6.048711712271553e-08  2.432700433720216e+01  2.432700433720216e+01  2.432700433720216e+01  2.432700433720216e+01  0
6.629135360096623e-08  2.279168543194634e+01  2.279168543194634e+01  2.279168543194634e+01  2.279168543194634e+01  0
7.265255431719022e-08  2.284483141577497e+01  2.284483141577497e+01  2.284483141577497e+01  2.284483141577497e+01  0
7.962416457182346e-08  2.449045949391421e+01  2.449045949391421e+01  2.449045949391421e+01  2.449045949391421e+01  0
8.726475818154030e-08  2.711492778495455e+01  2.711492778495455e+01  2.711492778495455e+01  2.711492778495455e+01  0
9.563852960257580e-08  2.943067544235632e+01  2.943067544235632e+01  2.943067544235632e+01  2.943067544235632e+01  0
1.048158332773291e-07  3.098734186219267e+01  3.098734186219267e+01  3.098734186219267e+01  3.098734186219267e+01  0
1.148737747357102e-07  3.093815838424954e+01  3.093815838424954e+01  3.093815838424954e+01  3.093815838424954e+01  0
1.258968584175239e-07  2.928443459802805e+01  2.928443459802805e+01  2.928443459802805e+01  2.928443459802805e+01  0
1.379776976587404e-07  2.665370921251735e+01  2.665370921251735e+01  2.665370921251735e+01  2.665370921251735e+01  0
1.512177928067889e-07  2.432656631725521e+01  2.432656631725521e+01  2.432656631725521e+01  2.432656631725521e+01  0
1.657283840024156e-07  2.279123834091543e+01  2.279123834091543e+01  2.279123834091543e+01  2.279123834091543e+01  0
1.816313857929756e-07  2.284425744239733e+01  2.284425744239733e+01  2.284425744239733e+01  2.284425744239733e+01  0
1.990604114295587e-07  2.448970130097530e+01  2.448970130097530e+01  2.448970130097530e+01  2.448970130097530e+01  0
2.181618954538508e-07  2.711399855461108e+01  2.711399855461108e+01  2.711399855461108e+01  2.711399855461108e+01  0
2.390963240064395e-07  2.942932270103197e+01  2.942932270103197e+01  2.942932270103197e+01  2.942932270103197e+01  0
2.620395831933227e-07  3.098605779043315e+01  3.098605779043315e+01  3.098605779043315e+01  3.098605779043315e+01  0
2.871844368392756e-07  3.093709221964168e+01  3.093709221964168e+01  3.093709221964168e+01  3.093709221964168e+01  0
3.147421460438099e-07  2.928364425279605e+01  2.928364425279605e+01  2.928364425279605e+01  2.928364425279605e+01  0
3.449442441468510e-07  2.665315167181318e+01  2.665315167181318e+01  2.665315167181318e+01  2.665315167181318e+01  0
3.780444820169721e-07  2.432639783290715e+01  2.432639783290715e+01  2.432639783290715e+01  2.432639783290715e+01  0
4.143209600060390e-07  2.279099515988471e+01  2.279099515988471e+01  2.279099515988471e+01  2.279099515988471e+01  0
4.540784644824390e-07  2.284371012842399e+01  2.284371012842399e+01  2.284371012842399e+01  2.284371012842399e+01  0
4.976510285738967e-07  2.448877367777882e+01  2.448877367777882e+01  2.448877367777882e+01  2.448877367777882e+01  0
5.454047386346270e-07  2.711276530356086e+01  2.711276530356086e+01  2.711276530356086e+01  2.711276530356086e+01  0
5.977408100160987e-07  2.942688357988610e+01  2.942688357988610e+01  2.942688357988610e+01  2.942688357988610e+01  0
6.550989579833068e-07  3.098391845616231e+01  3.098391845616231e+01  3.098391845616231e+01  3.098391845616231e+01  0
7.179610920981888e-07  3.093554748861731e+01  3.093554748861731e+01  3.093554748861731e+01  3.093554748861731e+01  0
7.868553651095247e-07  2.928275822088368e+01  2.928275822088368e+01  2.928275822088368e+01  2.928275822088368e+01  0
8.623606103671273e-07  2.665276368397977e+01  2.665276368397977e+01  2.665276368397977e+01  2.665276368397977e+01  0
9.451112050424303e-07  2.432636496543772e+01  2.432636496543772e+01  2.432636496543772e+01  2.432636496543772e+01  0
1.035802400015097e-06  2.279078741416077e+01  2.279078741416077e+01  2.279078741416077e+01  2.279078741416077e+01  0
1.135196161206098e-06  2.284280728116175e+01  2.284280728116175e+01  2.284280728116175e+01  2.284280728116175e+01  0
1.244127571434742e-06  2.448705166562017e+01  2.448705166562017e+01  2.448705166562017e+01  2.448705166562017e+01  0
1.363511846586567e-06  2.711045499744275e+01  2.711045499744275e+01  2.711045499744275e+01  2.711045499744275e+01  0
1.494352025040247e-06  2.942011767077675e+01  2.942011767077675e+01  2.942011767077675e+01  2.942011767077675e+01  0
1.637747394958267e-06  3.097836809116219e+01  3.097836809116219e+01  3.097836809116219e+01  3.097836809116219e+01  0
1.794902730245472e-06  3.093181477479840e+01  3.093181477479840e+01  3.093181477479840e+01  3.093181477479840e+01  0
1.967138412773812e-06  2.928085169043938e+01  2.928085169043938e+01  2.928085169043938e+01  2.928085169043938e+01  0
2.155901525917819e-06  2.665216268134450e+01  2.665216268134450e+01  2.665216268134450e+01  2.665216268134450e+01  0
2.362778012606080e-06  2.432314080178535e+01  2.432314080178535e+01  2.432314080178535e+01  2.432314080178535e+01  0
2.589506000037748e-06  2.278759167540299e+01  2.278759167540299e+01  2.278759167540299e+01  2.278759167540299e+01  0
2.837990403015248e-06  2.283830127893341e+01  2.283830127893341e+01  2.283830127893341e+01  2.283830127893341e+01  0
3.110318928586860e-06  2.448097665692281e+01  2.448097665692281e+01  2.448097665692281e+01  2.448097665692281e+01  0
3.408779616466424e-06  2.710344277369377e+01  2.710344277369377e+01  2.710344277369377e+01  2.710344277369377e+01  0
3.735880062600623e-06  2.939154549418753e+01  2.939154549418753e+01  2.939154549418753e+01  2.939154549418753e+01  0
4.094368487395674e-06  3.095563259722703e+01  3.095563259722703e+01  3.095563259722703e+01  3.095563259722703e+01  0
4.487256825613687e-06  3.091590329573242e+01  3.091590329573242e+01  3.091590329573242e+01  3.091590329573242e+01  0
4.917846031934537e-06  2.927115277666687e+01  2.927115277666687e+01  2.927115277666687e+01  2.927115277666687e+01  0
5.389753814794554e-06  2.664680433550793e+01  2.664680433550793e+01  2.664680433550793e+01  2.664680433550793e+01  0
5.906945031515200e-06  2.429872995237759e+01  2.429872995237759e+01  2.429872995237759e+01  2.429872995237759e+01  0
6.473765000094370e-06  2.276104580217465e+01  2.276104580217465e+01  2.276104580217465e+01  2.276104580217465e+01  0
7.094976007538121e-06  2.280864477077924e+01  2.280864477077924e+01  2.280864477077924e+01  2.280864477077924e+01  0
7.775797321467150e-06  2.444899616400144e+01  2.444899616400144e+01  2.444899616400144e+01  2.444899616400144e+01  0
8.521949041166062e-06  2.707151105408897e+01  2.707151105408897e+01  2.707151105408897e+01  2.707151105408897e+01  0
9.339700156501558e-06  2.951515106026428e+01  2.951515106026428e+01  2.951515106026428e+01  2.951515106026428e+01  0
1.023592121848918e-05  3.100803978622859e+01  3.100803978622859e+01  3.100803978622859e+01  3.100803978622859e+01  0
1.121814206403422e-05  3.092772476398473e+01  3.092772476398473e+01  3.092772476398473e+01  3.092772476398473e+01  0
1.229461507983634e-05  2.926322899084269e+01  2.926322899084269e+01  2.926322899084269e+01  2.926322899084269e+01  0
1.347438453698639e-05  2.663007050820034e+01  2.663007050820034e+01  2.663007050820034e+01  2.663007050820034e+01  0
1.476736257878800e-05  2.550823525469637e+01  2.550823525469637e+01  2.550823525469637e+01  2.550823525469637e+01  0
1.618441250023592e-05  2.371870417109821e+01  2.371870417109821e+01  2.371870417109821e+01  2.371870417109821e+01  0
1.773744001884530e-05  2.352129115467914e+01  2.352129115467914e+01  2.352129115467914e+01  2.352129115467914e+01  0
1.943949330366787e-05  2.494111835782937e+01  2.494111835782937e+01  2.494111835782937e+01  2.494111835782937e+01  0
2.130487260291515e-05  2.737940003601483e+01  2.737940003601483e+01  2.737940003601483e+01  2.737940003601483e+01  0
2.334925039125390e-05  3.151233856587104e+01  3.151233856587104e+01  3.151233856587104e+01  3.151233856587104e+01  0
2.558980304622297e-05  3.297913805545519e+01  3.297913805545519e+01  3.297913805545519e+01  3.297913805545519e+01  0
2.804535516008555e-05  3.280199091440929e+01  3.280199091440929e+01  3.280199091440929e+01  3.280199091440929e+01  0
3.073653769959086e-05  3.097286522241203e+01  3.097286522241203e+01  3.097286522241203e+01  3.097286522241203e+01  0
3.368596134246597e-05  2.811573001131180e+01  2.811573001131180e+01  2.811573001131180e+01  2.811573001131180e+01  0
3.691840644696999e-05  2.830942548920012e+01  2.830942548920012e+01  2.830942548920012e+01  2.830942548920012e+01  0
4.046103125058980e-05  2.642701365367307e+01  2.642701365367307e+01  2.642701365367307e+01  2.642701365367307e+01  0
4.434360004711325e-05  2.606421332668106e+01  2.606421332668106e+01  2.606421332668106e+01  2.606421332668106e+01  0
4.859873325916968e-05  2.729739693766712e+01  2.729739693766712e+01  2.729739693766712e+01  2.729739693766712e+01  0
5.326218150728787e-05  2.955309572490813e+01  2.955309572490813e+01  2.955309572490813e+01  2.955309572490813e+01  0
5.837312597813474e-05  3.389278882061225e+01  3.389278882061225e+01  3.389278882061225e+01  3.389278882061225e+01  0
6.397450761555741e-05  3.544651225469901e+01  3.544651225469901e+01  3.544651225469901e+01  3.544651225469901e+01  0
7.011338790021387e-05  3.542148496490105e+01  3.542148496490105e+01  3.542148496490105e+01  3.542148496490105e+01  0
7.684134424897715e-05  3.372342885156651e+01  3.372342885156651e+01  3.372342885156651e+01  3.372342885156651e+01  0
8.421490335616491e-05  3.092122829141752e+01  3.092122829141752e+01  3.092122829141752e+01  3.092122829141752e+01  0
9.229601611742499e-05  3.288946790890909e+01  3.288946790890909e+01  3.288946790890909e+01  3.288946790890909e+01  0
1.011525781264745e-04  3.079624259884724e+01  3.079624259884724e+01  3.079624259884724e+01  3.079624259884724e+01  0
1.108590001177831e-04  2.997401757762530e+01  2.997401757762530e+01  2.997401757762530e+01  2.997401757762530e+01  0
1.214968331479242e-04  3.070547058074355e+01  3.070547058074355e+01  3.070547058074355e+01  3.070547058074355e+01  0
1.331554537682197e-04  3.259897327186827e+01  3.259897327186827e+01  3.259897327186827e+01  3.259897327186827e+01  0
1.459328149453368e-04  3.703690529938378e+01  3.703690529938378e+01  3.703690529938378e+01  3.703690529938378e+01  0
1.599362690388935e-04  3.910334702876650e+01  3.910334702876650e+01  3.910334702876650e+01  3.910334702876650e+01  0
1.752834697505346e-04  3.957214602523148e+01  3.957214602523148e+01  3.957214602523148e+01  3.957214602523148e+01  0
1.921033606224429e-04  3.831550186768092e+01  3.831550186768092e+01  3.831550186768092e+01  3.831550186768092e+01  0
2.105372583904123e-04  3.575358968113598e+01  3.575358968113598e+01  3.575358968113598e+01  3.575358968113598e+01  0
2.307400402935625e-04  4.219632431727334e+01  4.219632431727334e+01  4.219632431727334e+01  4.219632431727334e+01  0
2.528814453161863e-04  3.995782313930591e+01  3.995782313930591e+01  3.995782313930591e+01  3.995782313930591e+01  0
2.771475002944578e-04  3.834084865280121e+01  3.834084865280121e+01  3.834084865280121e+01  3.834084865280121e+01  0
3.037420828698105e-04  3.790004057805828e+01  3.790004057805828e+01  3.790004057805828e+01  3.790004057805828e+01  0
3.328886344205492e-04  3.859793022603176e+01  3.859793022603176e+01  3.859793022603176e+01  3.859793022603176e+01  0
3.648320373633421e-04  5.009240655911389e+01  5.009240655911389e+01  5.009240655911389e+01  5.009240655911389e+01  0
3.998406725972338e-04  5.028611202211115e+01  5.028611202211115e+01  5.028611202211115e+01  5.028611202211115e+01  0
4.382086743763367e-04  4.986550930691808e+01  4.986550930691808e+01  4.986550930691808e+01  4.986550930691808e+01  0
4.802584015561072e-04  4.842079836683389e+01  4.842079836683389e+01  4.842079836683389e+01  4.842079836683389e+01  0
5.263431459760307e-04  4.593184164951455e+01  4.593184164951455e+01  4.593184164951455e+01  4.593184164951455e+01  0
5.768501007339061e-04  5.557878276147443e+01  5.557878276147443e+01  5.557878276147443e+01  5.557878276147443e+01  0
6.322036132904656e-04  5.491023108486439e+01  5.491023108486439e+01  5.491023108486439e+01  5.491023108486439e+01  0
6.928687507361445e-04  5.363196664992036e+01  5.363196664992036e+01  5.363196664992036e+01  5.363196664992036e+01  0
7.593552071745262e-04  5.243512805040056e+01  5.243512805040056e+01  5.243512805040056e+01  5.243512805040056e+01  0
8.322215860513730e-04  5.173608704339711e+01  5.173608704339711e+01  5.173608704339711e+01  5.173608704339711e+01  0
9.120800934083554e-04  5.013413043418472e+01  5.013413043418472e+01  5.013413043418472e+01  5.013413043418472e+01  0
9.996016814930845e-04  5.318734589751507e+01  5.318734589751507e+01  5.318734589751507e+01  5.318734589751507e+01  0
1.095521685940842e-03  5.563454776966329e+01  5.563454776966329e+01  5.563454776966329e+01  5.563454776966329e+01  0
1.200646003890268e-03  5.717464202324372e+01  5.717464202324372e+01  5.717464202324372e+01  5.717464202324372e+01  0
1.315857864940077e-03  5.756420861167410e+01  5.756420861167410e+01  5.756420861167410e+01  5.756420861167410e+01  0
1.442125251834765e-03  3.161044540403711e+01  3.161044540403711e+01  3.161044540403711e+01  3.161044540403711e+01  0
1.580509033226164e-03  3.600853302001746e+01  3.600853302001746e+01  3.600853302001746e+01  3.600853302001746e+01  0
1.732171876840361e-03  4.019148766031446e+01  4.019148766031446e+01  4.019148766031446e+01  4.019148766031446e+01  0
1.898388017936316e-03  4.411267179444020e+01  4.411267179444020e+01  4.411267179444020e+01  4.411267179444020e+01  0
2.080553965128433e-03  4.779321309690001e+01  4.779321309690001e+01  4.779321309690001e+01  4.779321309690001e+01  0
2.280200233520888e-03  1.342366883554402e+01  1.342366883554402e+01  1.342366883554402e+01  1.342366883554402e+01  0
2.499004203732711e-03  1.630446645314036e+01  1.630446645314036e+01  1.630446645314036e+01  1.630446645314036e+01  0
2.738804214852104e-03  1.966045767523295e+01  1.966045767523295e+01  1.966045767523295e+01  1.966045767523295e+01  0
3.001615009725670e-03  2.346294788409905e+01  2.346294788409905e+01  2.346294788409905e+01  2.346294788409905e+01  0
3.289644662350192e-03  2.758627323174313e+01  2.758627323174313e+01  2.758627323174313e+01  2.758627323174313e+01  0
3.605313129586914e-03  5.883249067048755e+00  5.883249067048755e+00  5.883249067048755e+00  5.883249067048755e+00  0
3.951272583065412e-03  6.928625772158018e+00  6.928625772158018e+00  6.928625772158018e+00  6.928625772158018e+00  0
4.330429692100905e-03  8.204019977856552e+00  8.204019977856552e+00  8.204019977856552e+00  8.204019977856552e+00  0
4.745970044840789e-03  9.780655671124663e+00  9.780655671124663e+00  9.780655671124663e+00  9.780655671124663e+00  0
5.201384912821082e-03  1.174080360201469e+01  1.174080360201469e+01  1.174080360201469e+01  1.174080360201469e+01  0
5.700500583802221e-03  2.969990351705786e+00  2.969990351705786e+00  2.969990351705786e+00  2.969990351705786e+00  0
6.247510509331778e-03  3.490437040859574e+00  3.490437040859574e+00  3.490437040859574e+00  3.490437040859574e+00  0
6.847010537130260e-03  4.045394527120056e+00  4.045394527120056e+00  4.045394527120056e+00  4.045394527120056e+00  0
7.504037524314174e-03  4.655103900870686e+00  4.655103900870686e+00  4.655103900870686e+00  4.655103900870686e+00  0
8.224111655875480e-03  5.350881915430469e+00  5.350881915430469e+00  5.350881915430469e+00  5.350881915430469e+00  0
9.013282823967282e-03  1.096190346352755e+00  1.096190346352755e+00  1.096190346352755e+00  1.096190346352755e+00  0
9.878181457663527e-03  1.395348366842146e+00  1.395348366842146e+00  1.395348366842146e+00  1.395348366842146e+00  0
1.082607423025226e-02  1.743885354029231e+00  1.743885354029231e+00  1.743885354029231e+00  1.743885354029231e+00  0
1.186492511210197e-02  2.138039467417020e+00  2.138039467417020e+00  2.138039467417020e+00  2.138039467417020e+00  0
1.300346228205270e-02  2.572480004326513e+00  2.572480004326513e+00  2.572480004326513e+00  2.572480004326513e+00  0
1.425125145950555e-02  3.845083141657141e-01  3.845083141657141e-01  3.845083141657141e-01  3.845083141657141e-01  0
1.561877627332944e-02  4.757425633745277e-01  4.757425633745277e-01  4.757425633745277e-01  4.757425633745277e-01  0
1.711752634282565e-02  5.852868711335751e-01  5.852868711335751e-01  5.852868711335751e-01  5.852868711335751e-01  0
1.876009381078543e-02  7.203137075336700e-01  7.203137075336700e-01  7.203137075336700e-01  7.203137075336700e-01  0
2.056027913968870e-02  8.899877693945318e-01  8.899877693945318e-01  8.899877693945318e-01  8.899877693945318e-01  0
2.253320705991821e-02  1.173656552863832e-01  1.173656552863832e-01  1.173656552863832e-01  1.173656552863832e-01  0
2.469545364415882e-02  1.548629979688373e-01  1.548629979688373e-01  1.548629979688373e-01  1.548629979688373e-01  0
2.706518557563065e-02  2.028719502870229e-01  2.028719502870229e-01  2.028719502870229e-01  2.028719502870229e-01  0
2.966231278025493e-02  2.634367005973902e-01  2.634367005973902e-01  2.634367005973902e-01  2.634367005973902e-01  0
3.250865570513176e-02  3.391113712058544e-01  3.391113712058544e-01  3.391113712058544e-01  3.391113712058544e-01  0
3.562812864876388e-02  4.834963067864989e-02  4.834963067864989e-02  4.834963067864989e-02  4.834963067864989e-02  0
3.904694068332362e-02  5.883237545318858e-02  5.883237545318858e-02  5.883237545318858e-02  5.883237545318858e-02  0
4.279381585706413e-02  7.112534193076442e-02  7.112534193076442e-02  7.112534193076442e-02  7.112534193076442e-02  0
4.690023452696359e-02  8.670022834410344e-02  8.670022834410344e-02  8.670022834410344e-02  8.670022834410344e-02  0
5.140069784922175e-02  1.073141725483451e-01  1.073141725483451e-01  1.073141725483451e-01  1.073141725483451e-01  0
5.633301764979552e-02  1.691920239287710e-02  1.691920239287710e-02  1.691920239287710e-02  1.691920239287710e-02  0
6.173863411039705e-02  2.096807707166137e-02  2.096807707166137e-02  2.096807707166137e-02  2.096807707166137e-02  0
6.766296393907663e-02  2.657433682965912e-02  2.657433682965912e-02  2.657433682965912e-02  2.657433682965912e-02  0
7.415578195063734e-02  3.393668445521299e-02  3.393668445521299e-02  3.393668445521299e-02  3.393668445521299e-02  0
8.127163926282940e-02  4.310736284560981e-02  4.310736284560981e-02  4.310736284560981e-02  4.310736284560981e-02  0
8.907032162190970e-02  1.007595914625040e-02  1.007595914625040e-02  1.007595914625040e-02  1.007595914625040e-02  0
9.761735170830904e-02  1.206403058295207e-02  1.206403058295207e-02  1.206403058295207e-02  1.206403058295207e-02  0
1.069845396426603e-01  1.386649552712533e-02  1.386649552712533e-02  1.386649552712533e-02  1.386649552712533e-02  0
1.172505863174090e-01  1.561737986782851e-02  1.561737986782851e-02  1.561737986782851e-02  1.561737986782851e-02  0
1.285017446230544e-01  1.768652945642317e-02  1.768652945642317e-02  1.768652945642317e-02  1.768652945642317e-02  0
1.408325441244888e-01  7.990662470978125e-03  7.990662470978125e-03  7.990662470978125e-03  7.990662470978125e-03  0
1.543465852759926e-01  9.361086216079352e-03  9.361086216079352e-03  9.361086216079352e-03  9.361086216079352e-03  0
1.691574098476915e-01  1.061705730913146e-02  1.061705730913146e-02  1.061705730913146e-02  1.061705730913146e-02  0
1.853894548765933e-01  1.180846605727998e-02  1.180846605727998e-02  1.180846605727998e-02  1.180846605727998e-02  0
2.031790981570734e-01  1.301113599443629e-02  1.301113599443629e-02  1.301113599443629e-02  1.301113599443629e-02  0
2.226758040547741e-01  1.913585981272928e-03  1.913585981272928e-03  1.913585981272928e-03  1.913585981272928e-03  0
2.440433792707724e-01  2.824372094163168e-03  2.824372094163168e-03  2.824372094163168e-03  2.824372094163168e-03  0
2.674613491066506e-01  3.976613411802353e-03  3.976613411802353e-03  3.976613411802353e-03  3.976613411802353e-03  0
2.931264657935223e-01  5.325250434583223e-03  5.325250434583223e-03  5.325250434583223e-03  5.325250434583223e-03  0
3.212543615576358e-01  6.788443173888272e-03  6.788443173888272e-03  6.788443173888272e-03  6.788443173888272e-03  0
3.520813603112218e-01  1.645860934744914e-04  1.645860934744914e-04  1.645860934744914e-04  1.645860934744914e-04  0
3.858664631899814e-01  2.803594816349330e-04  2.803594816349330e-04  2.803594816349330e-04  2.803594816349330e-04  0
4.228935246192287e-01  4.661585538665682e-04  4.661585538665682e-04  4.661585538665682e-04  4.661585538665682e-04  0
4.634736371914831e-01  7.602483921074255e-04  7.602483921074255e-04  7.602483921074255e-04  7.602483921074255e-04  0
5.079477453926835e-01  1.214686118540986e-03  1.214686118540986e-03  1.214686118540986e-03  1.214686118540986e-03  0
5.566895101369354e-01  1.187041541858746e-05  1.187041541858746e-05  1.187041541858746e-05  1.187041541858746e-05  0
6.101084481769312e-01  2.034622977674808e-05  2.034622977674808e-05  2.034622977674808e-05  2.034622977674808e-05  0
6.686533727666267e-01  3.490967952440487e-05  3.490967952440487e-05  3.490967952440487e-05  3.490967952440487e-05  0
7.328161644838058e-01  5.983171026157682e-05  5.983171026157682e-05  5.983171026157682e-05  5.983171026157682e-05  0
8.031359038940895e-01  1.018511778638382e-04  1.018511778638382e-04  1.018511778638382e-04  1.018511778638382e-04  0
8.802034007780546e-01  5.109047681363972e-07  5.109047681363972e-07  5.109047681363972e-07  5.109047681363972e-07  0
9.646661579749535e-01  1.018211235918766e-06  1.018211235918766e-06  1.018211235918766e-06  1.018211235918766e-06  0
1.057233811548072e+00  1.895138421012981e-06  1.895138421012981e-06  1.895138421012981e-06  1.895138421012981e-06  0
1.158684092978708e+00  3.340507029647902e-06  3.340507029647902e-06  3.340507029647902e-06  3.340507029647902e-06  0
1.269869363481709e+00  5.696889332310840e-06  5.696889332310840e-06  5.696889332310840e-06  5.696889332310840e-06  0
1.391723775342338e+00  5.525630226755005e-09  5.525630226755005e-09  5.525630226755005e-09  5.525630226755005e-09  0
1.525271120442328e+00  1.655550331227495e-08  1.655550331227495e-08  1.655550331227495e-08  1.655550331227495e-08  0
1.671633431916567e+00  4.534100094949983e-08  4.534100094949983e-08  4.534100094949983e-08  4.534100094949983e-08  0
1.832040411209515e+00  1.141024709673211e-07  1.141024709673211e-07  1.141024709673211e-07  1.141024709673211e-07  0
2.007839759735224e+00  2.649918762040658e-07  2.649918762040658e-07  2.649918762040658e-07  2.649918762040658e-07  0
2.200508501945137e+00  6.960320106278954e-11  6.960320106278954e-11  6.960320106278954e-11  6.960320106278954e-11  0
2.411665394937384e+00  1.655148735040928e-10  1.655148735040928e-10  1.655148735040928e-10  1.655148735040928e-10  0
2.643084528870180e+00  3.660752660475089e-10  3.660752660475089e-10  3.660752660475089e-10  3.660752660475089e-10  0
2.896710232446770e+00  7.656079307116331e-10  7.656079307116331e-10  7.656079307116331e-10  7.656079307116331e-10  0
3.174673408704273e+00  1.568489340431726e-09  1.568489340431726e-09  1.568489340431726e-09  1.568489340431726e-09  0
