-2.200508501945137e+00  3.641653638873022e-05  3.641653638873022e-05  3.641653638873022e-05  3.641653638873022e-05  0
-2.007839759735224e+00  2.199524566664148e-05  2.199524566664148e-05  2.199524566664148e-05  2.199524566664148e-05  0
-1.832040411209515e+00  1.311111365168025e-05  1.311111365168025e-05  1.311111365168025e-05  1.311111365168025e-05  0
-1.671633431916567e+00  7.436356147563327e-06  7.436356147563327e-06  7.436356147563327e-06  7.436356147563327e-06  0
-1.525271120442328e+00  3.943960490869631e-06  3.943960490869631e-06  3.943960490869631e-06  3.943960490869631e-06  0
-1.391723775342339e+00  2.238231100948166e-03  2.238231100948166e-03  2.238231100948166e-03  2.238231100948166e-03  0
-1.269869363481709e+00  1.229428592105599e-03  1.229428592105599e-03  1.229428592105599e-03  1.229428592105599e-03  0
-1.158684092978708e+00  6.302931506666362e-04  6.302931506666362e-04  6.302931506666362e-04  6.302931506666362e-04  0
-1.057233811548072e+00  3.030321930617923e-04  3.030321930617923e-04  3.030321930617923e-04  3.030321930617923e-04  0
-9.646661579749535e-01  1.376386352811928e-04  1.376386352811928e-04  1.376386352811928e-04  1.376386352811928e-04  0
-8.802034007780547e-01  1.375686019921782e-02  1.375686019921782e-02  1.375686019921782e-02  1.375686019921782e-02  0
-8.031359038940895e-01  1.073519091506003e-02  1.073519091506003e-02  1.073519091506003e-02  1.073519091506003e-02  0
-7.328161644838058e-01  7.863344971149695e-03  7.863344971149695e-03  7.863344971149695e-03  7.863344971149695e-03  0
-6.686533727666268e-01  5.369780358922674e-03  5.369780358922674e-03  5.369780358922674e-03  5.369780358922674e-03  0
-6.101084481769311e-01  3.407181787322730e-03  3.407181787322730e-03  3.407181787322730e-03  3.407181787322730e-03  0
-5.566895101369354e-01  4.471409806355229e-02  4.471409806355229e-02  4.471409806355229e-02  4.471409806355229e-02  0
-5.079477453926835e-01  3.378962763558663e-02  3.378962763558663e-02  3.378962763558663e-02  3.378962763558663e-02  0
-4.634736371914831e-01  2.625786423407351e-02  2.625786423407351e-02  2.625786423407351e-02  2.625786423407351e-02  0
-4.228935246192287e-01  2.096151309457225e-02  2.096151309457225e-02  2.096151309457225e-02  2.096151309457225e-02  0
-3.858664631899813e-01  1.689078552795814e-02  1.689078552795814e-02  1.689078552795814e-02  1.689078552795814e-02  0
-3.520813603112219e-01  1.548018873722883e-01  1.548018873722883e-01  1.548018873722883e-01  1.548018873722883e-01  0
-3.212543615576358e-01  1.265254972990190e-01  1.265254972990190e-01  1.265254972990190e-01  1.265254972990190e-01  0
-2.931264657935224e-01  9.819129051888983e-02  9.819129051888983e-02  9.819129051888983e-02  9.819129051888983e-02  0
-2.674613491066507e-01  7.226902719211546e-02  7.226902719211546e-02  7.226902719211546e-02  7.226902719211546e-02  0
-2.440433792707725e-01  5.037749079387636e-02  5.037749079387636e-02  5.037749079387636e-02  5.037749079387636e-02  0
-2.226758040547742e-01  2.141814822304562e-01  2.141814822304562e-01  2.141814822304562e-01  2.141814822304562e-01  0
-2.031790981570734e-01  2.182014066991716e-01  2.182014066991716e-01  2.182014066991716e-01  2.182014066991716e-01  0
-1.853894548765933e-01  2.138308573653251e-01  2.138308573653251e-01  2.138308573653251e-01  2.138308573653251e-01  0
-1.691574098476915e-01  2.003750772345724e-01  2.003750772345724e-01  2.003750772345724e-01  2.003750772345724e-01  0
-1.543465852759925e-01  1.789612573588584e-01  1.789612573588584e-01  1.789612573588584e-01  1.789612573588584e-01  0
-1.408325441244888e-01  1.614657581715187e-01  1.614657581715187e-01  1.614657581715187e-01  1.614657581715187e-01  0
-1.285017446230543e-01  1.609562596271055e-01  1.609562596271055e-01  1.609562596271055e-01  1.609562596271055e-01  0
-1.172505863174089e-01  1.602979722227780e-01  1.602979722227780e-01  1.602979722227780e-01  1.602979722227780e-01  0
-1.069845396426603e-01  1.595433239839504e-01  1.595433239839504e-01  1.595433239839504e-01  1.595433239839504e-01  0
-9.761735170830899e-02  1.571145725420066e-01  1.571145725420066e-01  1.571145725420066e-01  1.571145725420066e-01  0
-8.907032162190967e-02  1.366945758048881e-01  1.366945758048881e-01  1.366945758048881e-01  1.366945758048881e-01  0
-8.127163926282938e-02  1.418266417759475e-01  1.418266417759475e-01  1.418266417759475e-01  1.418266417759475e-01  0
-7.415578195063731e-02  1.457008382949770e-01  1.457008382949770e-01  1.457008382949770e-01  1.457008382949770e-01  0
-6.766296393907660e-02  1.441601405941775e-01  1.441601405941775e-01  1.441601405941775e-01  1.441601405941775e-01  0
-6.173863411039702e-02  1.349808950550934e-01  1.349808950550934e-01  1.349808950550934e-01  1.349808950550934e-01  0
-5.633301764979550e-02  1.775795419360861e-01  1.775795419360861e-01  1.775795419360861e-01  1.775795419360861e-01  0
-5.140069784922173e-02  1.560990314825986e-01  1.560990314825986e-01  1.560990314825986e-01  1.560990314825986e-01  0
-4.690023452696357e-02  1.307323511490109e-01  1.307323511490109e-01  1.307323511490109e-01  1.307323511490109e-01  0
-4.279381585706411e-02  1.062565915518198e-01  1.062565915518198e-01  1.062565915518198e-01  1.062565915518198e-01  0
-3.904694068332359e-02  8.590113147724832e-02  8.590113147724832e-02  8.590113147724832e-02  8.590113147724832e-02  0
-3.562812864876387e-02  1.826520245705376e-01  1.826520245705376e-01  1.826520245705376e-01  1.826520245705376e-01  0
-3.250865570513175e-02  1.889315574991422e-01  1.889315574991422e-01  1.889315574991422e-01  1.889315574991422e-01  0
-2.966231278025492e-02  1.963662735177545e-01  1.963662735177545e-01  1.963662735177545e-01  1.963662735177545e-01  0
-2.706518557563064e-02  1.986672479276596e-01  1.986672479276596e-01  1.986672479276596e-01  1.986672479276596e-01  0
-2.469545364415881e-02  1.913753838630385e-01  1.913753838630385e-01  1.913753838630385e-01  1.913753838630385e-01  0
-2.253320705991820e-02  2.512693780818230e-01  2.512693780818230e-01  2.512693780818230e-01  2.512693780818230e-01  0
-2.056027913968869e-02  2.274553907716276e-01  2.274553907716276e-01  2.274553907716276e-01  2.274553907716276e-01  0
-1.876009381078543e-02  1.981097230995174e-01  1.981097230995174e-01  1.981097230995174e-01  1.981097230995174e-01  0
-1.711752634282565e-02  1.699468250269984e-01  1.699468250269984e-01  1.699468250269984e-01  1.699468250269984e-01  0
-1.561877627332944e-02  1.480450657556272e-01  1.480450657556272e-01  1.480450657556272e-01  1.480450657556272e-01  0
-1.425125145950555e-02  2.397453973088871e-01  2.397453973088871e-01  2.397453973088871e-01  2.397453973088871e-01  0
-1.300346228205270e-02  2.487930431148118e-01  2.487930431148118e-01  2.487930431148118e-01  2.487930431148118e-01  0
-1.186492511210197e-02  2.608874293841404e-01  2.608874293841404e-01  2.608874293841404e-01  2.608874293841404e-01  0
-1.082607423025226e-02  2.679704439483362e-01  2.679704439483362e-01  2.679704439483362e-01  2.679704439483362e-01  0
-9.878181457663523e-03  2.634631798060273e-01  2.634631798060273e-01  2.634631798060273e-01  2.634631798060273e-01  0
-9.013282823967281e-03  3.131372858198063e-01  3.131372858198063e-01  3.131372858198063e-01  3.131372858198063e-01  0
-8.224111655875476e-03  2.929858466302214e-01  2.929858466302214e-01  2.929858466302214e-01  2.929858466302214e-01  0
-7.504037524314172e-03  2.643974951861850e-01  2.643974951861850e-01  2.643974951861850e-01  2.643974951861850e-01  0
-6.847010537130258e-03  2.350424459979741e-01  2.350424459979741e-01  2.350424459979741e-01  2.350424459979741e-01  0
-6.247510509331775e-03  2.117523499670270e-01  2.117523499670270e-01  2.117523499670270e-01  2.117523499670270e-01  0
-5.700500583802218e-03  2.755095355939493e-01  2.755095355939493e-01  2.755095355939493e-01  2.755095355939493e-01  0
-5.201384912821079e-03  2.858706915948321e-01  2.858706915948321e-01  2.858706915948321e-01  2.858706915948321e-01  0
-4.745970044840787e-03  3.020958809384888e-01  3.020958809384888e-01  3.020958809384888e-01  3.020958809384888e-01  0
-4.330429692100902e-03  3.157961107046720e-01  3.157961107046720e-01  3.157961107046720e-01  3.157961107046720e-01  0
-3.951272583065409e-03  3.184612558653891e-01  3.184612558653891e-01  3.184612558653891e-01  3.184612558653891e-01  0
-3.605313129586912e-03  3.195075040391646e-01  3.195075040391646e-01  3.195075040391646e-01  3.195075040391646e-01  0
-3.289644662350191e-03  3.138061682819761e-01  3.138061682819761e-01  3.138061682819761e-01  3.138061682819761e-01  0
-3.001615009725669e-03  2.985360015429896e-01  2.985360015429896e-01  2.985360015429896e-01  2.985360015429896e-01  0
-2.738804214852103e-03  2.801299830140596e-01  2.801299830140596e-01  2.801299830140596e-01  2.801299830140596e-01  0
-2.499004203732710e-03  2.658940695332906e-01  2.658940695332906e-01  2.658940695332906e-01  2.658940695332906e-01  0
-2.280200233520888e-03  2.458477362007987e-01  2.458477362007987e-01  2.458477362007987e-01  2.458477362007987e-01  0
-2.080553965128432e-03  2.582240700216449e-01  2.582240700216449e-01  2.582240700216449e-01  2.582240700216449e-01  0
-1.898388017936315e-03  2.773428448273433e-01  2.773428448273433e-01  2.773428448273433e-01  2.773428448273433e-01  0
-1.732171876840361e-03  2.972330324952378e-01  2.972330324952378e-01  2.972330324952378e-01  2.972330324952378e-01  0
-1.580509033226164e-03  3.104036001783440e-01  3.104036001783440e-01  3.104036001783440e-01  3.104036001783440e-01  0
-1.442125251834765e-03  2.680838805237213e-01  2.680838805237213e-01  2.680838805237213e-01  2.680838805237213e-01  0
-1.315857864940076e-03  2.630669433310806e-01  2.630669433310806e-01  2.630669433310806e-01  2.630669433310806e-01  0
-1.200646003890268e-03  2.536980346412589e-01  2.536980346412589e-01  2.536980346412589e-01  2.536980346412589e-01  0
-1.095521685940841e-03  2.436210623904064e-01  2.436210623904064e-01  2.436210623904064e-01  2.436210623904064e-01  0
-9.996016814930841e-04  2.372875651701938e-01  2.372875651701938e-01  2.372875651701938e-01  2.372875651701938e-01  0
-9.120800934083552e-04  2.437115623016035e-01  2.437115623016035e-01  2.437115623016035e-01  2.437115623016035e-01  0
-8.322215860513729e-04  2.480274003467818e-01  2.480274003467818e-01  2.480274003467818e-01  2.480274003467818e-01  0
-7.593552071745261e-04  2.555339102638430e-01  2.555339102638430e-01  2.555339102638430e-01  2.555339102638430e-01  0
-6.928687507361445e-04  2.630484533861864e-01  2.630484533861864e-01  2.630484533861864e-01  2.630484533861864e-01  0
-6.322036132904656e-04  2.668860973028970e-01  2.668860973028970e-01  2.668860973028970e-01  2.668860973028970e-01  0
-5.768501007339060e-04  2.803373486178373e-01  2.803373486178373e-01  2.803373486178373e-01  2.803373486178373e-01  0
-5.263431459760305e-04  2.701773851861200e-01  2.701773851861200e-01  2.701773851861200e-01  2.701773851861200e-01  0
-4.802584015561070e-04  2.587455112986551e-01  2.587455112986551e-01  2.587455112986551e-01  2.587455112986551e-01  0
-4.382086743763366e-04  2.486752155673619e-01  2.486752155673619e-01  2.486752155673619e-01  2.486752155673619e-01  0
-3.998406725972337e-04  2.422464903522249e-01  2.422464903522249e-01  2.422464903522249e-01  2.422464903522249e-01  0
-3.648320373633420e-04  2.795199490374663e-01  2.795199490374663e-01  2.795199490374663e-01  2.795199490374663e-01  0
-3.328886344205491e-04  2.829231119765376e-01  2.829231119765376e-01  2.829231119765376e-01  2.829231119765376e-01  0
-3.037420828698104e-04  2.865783279988158e-01  2.865783279988158e-01  2.865783279988158e-01  2.865783279988158e-01  0
-2.771475002944578e-04  2.879536103980749e-01  2.879536103980749e-01  2.879536103980749e-01  2.879536103980749e-01  0
-2.528814453161862e-04  2.851776517122108e-01  2.851776517122108e-01  2.851776517122108e-01  2.851776517122108e-01  0
-2.307400402935624e-04  3.049956943583025e-01  3.049956943583025e-01  3.049956943583025e-01  3.049956943583025e-01  0
-2.105372583904122e-04  2.962862734118442e-01  2.962862734118442e-01  2.962862734118442e-01  2.962862734118442e-01  0
-1.921033606224428e-04  2.876342977225411e-01  2.876342977225411e-01  2.876342977225411e-01  2.876342977225411e-01  0
-1.752834697505346e-04  2.812529705362800e-01  2.812529705362800e-01  2.812529705362800e-01  2.812529705362800e-01  0
-1.599362690388935e-04  2.784877216240312e-01  2.784877216240312e-01  2.784877216240312e-01  2.784877216240312e-01  0
-1.459328149453368e-04  3.002861305233354e-01  3.002861305233354e-01  3.002861305233354e-01  3.002861305233354e-01  0
-1.331554537682196e-04  3.063986207387440e-01  3.063986207387440e-01  3.063986207387440e-01  3.063986207387440e-01  0
-1.214968331479242e-04  3.114027302278026e-01  3.114027302278026e-01  3.114027302278026e-01  3.114027302278026e-01  0
-1.108590001177831e-04  3.131419417001966e-01  3.131419417001966e-01  3.131419417001966e-01  3.131419417001966e-01  0
-1.011525781264745e-04  3.105263364386879e-01  3.105263364386879e-01  3.105263364386879e-01  3.105263364386879e-01  0
-9.229601611742495e-05  3.093518282862859e-01  3.093518282862859e-01  3.093518282862859e-01  3.093518282862859e-01  0
-8.421490335616489e-05  3.022973830782639e-01  3.022973830782639e-01  3.022973830782639e-01  3.022973830782639e-01  0
-7.684134424897712e-05  2.967302813854814e-01  2.967302813854814e-01  2.967302813854814e-01  2.967302813854814e-01  0
-7.011338790021385e-05  2.944088256927408e-01  2.944088256927408e-01  2.944088256927408e-01  2.944088256927408e-01  0
-6.397450761555738e-05  2.959124823958439e-01  2.959124823958439e-01  2.959124823958439e-01  2.959124823958439e-01  0
-5.837312597813472e-05  3.063797529791970e-01  3.063797529791970e-01  3.063797529791970e-01  3.063797529791970e-01  0
-5.326218150728786e-05  3.127115816243941e-01  3.127115816243941e-01  3.127115816243941e-01  3.127115816243941e-01  0
-4.859873325916966e-05  3.171885742652314e-01  3.171885742652314e-01  3.171885742652314e-01  3.171885742652314e-01  0
-4.434360004711324e-05  3.180065773459312e-01  3.180065773459312e-01  3.180065773459312e-01  3.180065773459312e-01  0
-4.046103125058979e-05  3.147353945287780e-01  3.147353945287780e-01  3.147353945287780e-01  3.147353945287780e-01  0
-3.691840644696998e-05  3.111082754453833e-01  3.111082754453833e-01  3.111082754453833e-01  3.111082754453833e-01  0
-3.368596134246595e-05  3.042933607081327e-01  3.042933607081327e-01  3.042933607081327e-01  3.042933607081327e-01  0
-3.073653769959084e-05  2.995401720588215e-01  2.995401720588215e-01  2.995401720588215e-01  2.995401720588215e-01  0
-2.804535516008554e-05  2.984343649176329e-01  2.984343649176329e-01  2.984343649176329e-01  2.984343649176329e-01  0
-2.558980304622295e-05  3.011874597728127e-01  3.011874597728127e-01  3.011874597728127e-01  3.011874597728127e-01  0
-2.334925039125389e-05  3.093641753192979e-01  3.093641753192979e-01  3.093641753192979e-01  3.093641753192979e-01  0
-2.130487260291514e-05  3.158665404899882e-01  3.158665404899882e-01  3.158665404899882e-01  3.158665404899882e-01  0
-1.943949330366787e-05  3.201529334730567e-01  3.201529334730567e-01  3.201529334730567e-01  3.201529334730567e-01  0
-1.773744001884530e-05  3.205172458569572e-01  3.205172458569572e-01  3.205172458569572e-01  3.205172458569572e-01  0
-1.618441250023592e-05  3.167726149658719e-01  3.167726149658719e-01  3.167726149658719e-01  3.167726149658719e-01  0
-1.476736257878799e-05  3.120365019016240e-01  3.120365019016240e-01  3.120365019016240e-01  3.120365019016240e-01  0
-1.347438453698638e-05  3.053476812127744e-01  3.053476812127744e-01  3.053476812127744e-01  3.053476812127744e-01  0
-1.229461507983634e-05  3.009668715145682e-01  3.009668715145682e-01  3.009668715145682e-01  3.009668715145682e-01  0
-1.121814206403422e-05  3.004178089814753e-01  3.004178089814753e-01  3.004178089814753e-01  3.004178089814753e-01  0
-1.023592121848918e-05  3.037639291734308e-01  3.037639291734308e-01  3.037639291734308e-01  3.037639291734308e-01  0
-9.339700156501556e-06  3.106713426142075e-01  3.106713426142075e-01  3.106713426142075e-01  3.106713426142075e-01  0
-8.521949041166058e-06  3.172659079036409e-01  3.172659079036409e-01  3.172659079036409e-01  3.172659079036409e-01  0
-7.775797321467146e-06  3.215002466633174e-01  3.215002466633174e-01  3.215002466633174e-01  3.215002466633174e-01  0
-7.094976007538119e-06  3.217045550887460e-01  3.217045550887460e-01  3.217045550887460e-01  3.217045550887460e-01  0
-6.473765000094367e-06  3.177876548033721e-01  3.177876548033721e-01  3.177876548033721e-01  3.177876548033721e-01  0
-5.906945031515196e-06  3.124544523934054e-01  3.124544523934054e-01  3.124544523934054e-01  3.124544523934054e-01  0
-5.389753814794552e-06  3.058229600802904e-01  3.058229600802904e-01  3.058229600802904e-01  3.058229600802904e-01  0
-4.917846031934535e-06  3.016005586163542e-01  3.016005586163542e-01  3.016005586163542e-01  3.016005586163542e-01  0
-4.487256825613686e-06  3.012873540159771e-01  3.012873540159771e-01  3.012873540159771e-01  3.012873540159771e-01  0
-4.094368487395672e-06  3.048881285042087e-01  3.048881285042087e-01  3.048881285042087e-01  3.048881285042087e-01  0
-3.735880062600622e-06  3.112179070572445e-01  3.112179070572445e-01  3.112179070572445e-01  3.112179070572445e-01  0
-3.408779616466423e-06  3.178536260212048e-01  3.178536260212048e-01  3.178536260212048e-01  3.178536260212048e-01  0
-3.110318928586858e-06  3.220717221383883e-01  3.220717221383883e-01  3.220717221383883e-01  3.220717221383883e-01  0
-2.837990403015248e-06  3.222165842154770e-01  3.222165842154770e-01  3.222165842154770e-01  3.222165842154770e-01  0
-2.589506000037746e-06  3.182351409380969e-01  3.182351409380969e-01  3.182351409380969e-01  3.182351409380969e-01  0
-2.362778012606079e-06  3.126338420358900e-01  3.126338420358900e-01  3.126338420358900e-01  3.126338420358900e-01  0
-2.155901525917821e-06  3.060264380112104e-01  3.060264380112104e-01  3.060264380112104e-01  3.060264380112104e-01  0
-1.967138412773814e-06  3.018690092841478e-01  3.018690092841478e-01  3.018690092841478e-01  3.018690092841478e-01  0
-1.794902730245475e-06  3.016523973942767e-01  3.016523973942767e-01  3.016523973942767e-01  3.016523973942767e-01  0
-1.637747394958269e-06  3.053580226422453e-01  3.053580226422453e-01  3.053580226422453e-01  3.053580226422453e-01  0
-1.494352025040249e-06  3.114447739955374e-01  3.114447739955374e-01  3.114447739955374e-01  3.114447739955374e-01  0
-1.363511846586569e-06  3.180977462905925e-01  3.180977462905925e-01  3.180977462905925e-01  3.180977462905925e-01  0
-1.244127571434743e-06  3.223101668085298e-01  3.223101668085298e-01  3.223101668085298e-01  3.223101668085298e-01  0
-1.135196161206099e-06  3.224320365877720e-01  3.224320365877720e-01  3.224320365877720e-01  3.224320365877720e-01  0
-1.035802400015099e-06  3.184255093537516e-01  3.184255093537516e-01  3.184255093537516e-01  3.184255093537516e-01  0
-9.451112050424314e-07  3.127119724801535e-01  3.127119724801535e-01  3.127119724801535e-01  3.127119724801535e-01  0
-8.623606103671284e-07  3.061143048000452e-01  3.061143048000452e-01  3.061143048000452e-01  3.061143048000452e-01  0
-7.868553651095256e-07  3.019830742210782e-01  3.019830742210782e-01  3.019830742210782e-01  3.019830742210782e-01  0
-7.179610920981897e-07  3.018054659737676e-01  3.018054659737676e-01  3.018054659737676e-01  3.018054659737676e-01  0
-6.550989579833075e-07  3.055535704607756e-01  3.055535704607756e-01  3.055535704607756e-01  3.055535704607756e-01  0
-5.977408100160996e-07  3.115412308063795e-01  3.115412308063795e-01  3.115412308063795e-01  3.115412308063795e-01  0
-5.454047386346277e-07  3.182013254613132e-01  3.182013254613132e-01  3.182013254613132e-01  3.182013254613132e-01  0
-4.976510285738974e-07  3.224116675769422e-01  3.224116675769422e-01  3.224116675769422e-01  3.224116675769422e-01  0
-4.540784644824396e-07  3.225244702969429e-01  3.225244702969429e-01  3.225244702969429e-01  3.225244702969429e-01  0
-4.143209600060395e-07  3.185079749119974e-01  3.185079749119974e-01  3.185079749119974e-01  3.185079749119974e-01  0
-3.780444820169726e-07  3.127486498734863e-01  3.127486498734863e-01  3.127486498734863e-01  3.127486498734863e-01  0
-3.449442441468514e-07  3.061548005240060e-01  3.061548005240060e-01  3.061548005240060e-01  3.061548005240060e-01  0
-3.147421460438103e-07  3.020340252736872e-01  3.020340252736872e-01  3.020340252736872e-01  3.020340252736872e-01  0
-2.871844368392759e-07  3.018720754946600e-01  3.018720754946600e-01  3.018720754946600e-01  3.018720754946600e-01  0
-2.620395831933230e-07  3.056373113633569e-01  3.056373113633569e-01  3.056373113633569e-01  3.056373113633569e-01  0
-2.390963240064398e-07  3.115851160829127e-01  3.115851160829127e-01  3.115851160829127e-01  3.115851160829127e-01  0
-2.181618954538510e-07  3.182481888805684e-01  3.182481888805684e-01  3.182481888805684e-01  3.182481888805684e-01  0
-1.990604114295589e-07  3.224577895828920e-01  3.224577895828920e-01  3.224577895828920e-01  3.224577895828920e-01  0
-1.816313857929758e-07  3.225669878423597e-01  3.225669878423597e-01  3.225669878423597e-01  3.225669878423597e-01  0
-1.657283840024158e-07  3.185464593287529e-01  3.185464593287529e-01  3.185464593287529e-01  3.185464593287529e-01  0
-1.512177928067891e-07  3.127685939110390e-01  3.127685939110390e-01  3.127685939110390e-01  3.127685939110390e-01  0
-1.379776976587406e-07  3.061761668792667e-01  3.061761668792667e-01  3.061761668792667e-01  3.061761668792667e-01  0
-1.258968584175241e-07  3.020595119611998e-01  3.020595119611998e-01  3.020595119611998e-01  3.020595119611998e-01  0
-1.148737747357104e-07  3.019038323883870e-01  3.019038323883870e-01  3.019038323883870e-01  3.019038323883870e-01  0
-1.048158332773292e-07  3.056759959080561e-01  3.056759959080561e-01  3.056759959080561e-01  3.056759959080561e-01  0
-9.563852960257593e-08  3.116079075732261e-01  3.116079075732261e-01  3.116079075732261e-01  3.116079075732261e-01  0
-8.726475818154042e-08  3.182722861845012e-01  3.182722861845012e-01  3.182722861845012e-01  3.182722861845012e-01  0
-7.962416457182358e-08  3.224816640781730e-01  3.224816640781730e-01  3.224816640781730e-01  3.224816640781730e-01  0
-7.265255431719034e-08  3.225894258867952e-01  3.225894258867952e-01  3.225894258867952e-01  3.225894258867952e-01  0
-6.629135360096631e-08  3.185672206772776e-01  3.185672206772776e-01  3.185672206772776e-01  3.185672206772776e-01  0
-6.048711712271561e-08  3.127818203534184e-01  3.127818203534184e-01  3.127818203534184e-01  3.127818203534184e-01  0
-5.519107906349621e-08  3.061898525416953e-01  3.061898525416953e-01  3.061898525416953e-01  3.061898525416953e-01  0
-5.035874336700964e-08  3.020747776800964e-01  3.020747776800964e-01  3.020747776800964e-01  3.020747776800964e-01  0
-4.594950989428414e-08  3.019216045391394e-01  3.019216045391394e-01  3.019216045391394e-01  3.019216045391394e-01  0
-4.192633331093168e-08  3.056966030942896e-01  3.056966030942896e-01  3.056966030942896e-01  3.056966030942896e-01  0
-3.825541184103037e-08  3.116222511417072e-01  3.116222511417072e-01  3.116222511417072e-01  3.116222511417072e-01  0
-3.490590327261617e-08  3.182872644169025e-01  3.182872644169025e-01  3.182872644169025e-01  3.182872644169025e-01  0
-3.184966582872943e-08  3.224966246398416e-01  3.224966246398416e-01  3.224966246398416e-01  3.224966246398416e-01  0
-2.906102172687613e-08  3.226038150527797e-01  3.226038150527797e-01  3.226038150527797e-01  3.226038150527797e-01  0
-2.651654144038653e-08  3.185808739677482e-01  3.185808739677482e-01  3.185808739677482e-01  3.185808739677482e-01  0
-2.419484684908624e-08  3.127923557808027e-01  3.127923557808027e-01  3.127923557808027e-01  3.127923557808027e-01  0
-2.207643162539849e-08  3.062004609800700e-01  3.062004609800700e-01  3.062004609800700e-01  3.062004609800700e-01  0
-2.014349734680386e-08  3.020859485736873e-01  3.020859485736873e-01  3.020859485736873e-01  3.020859485736873e-01  0
-1.837980395771366e-08  3.019337740034129e-01  3.019337740034129e-01  3.019337740034129e-01  3.019337740034129e-01  0
-1.677053332437267e-08  3.057099668888714e-01  3.057099668888714e-01  3.057099668888714e-01  3.057099668888714e-01  0
-1.530216473641215e-08  3.116332141426105e-01  3.116332141426105e-01  3.116332141426105e-01  3.116332141426105e-01  0
-1.396236130904647e-08  3.182985936252806e-01  3.182985936252806e-01  3.182985936252806e-01  3.182985936252806e-01  0
-1.273986633149177e-08  3.225080186902057e-01  3.225080186902057e-01  3.225080186902057e-01  3.225080186902057e-01  0
-1.162440869075045e-08  3.226149851211343e-01  3.226149851211343e-01  3.226149851211343e-01  3.226149851211343e-01  0
-1.060661657615461e-08  3.185916875338448e-01  3.185916875338448e-01  3.185916875338448e-01  3.185916875338448e-01  0
-9.677938739634499e-09  3.128018138634865e-01  3.128018138634865e-01  3.128018138634865e-01  3.128018138634865e-01  0
-8.830572650159394e-09  3.062098369355288e-01  3.062098369355288e-01  3.062098369355288e-01  3.062098369355288e-01  0
-8.057398938721544e-09  3.020954785448669e-01  3.020954785448669e-01  3.020954785448669e-01  3.020954785448669e-01  0
-7.351921583085463e-09  3.019436965854337e-01  3.019436965854337e-01  3.019436965854337e-01  3.019436965854337e-01  0
-6.708213329749070e-09  3.057204222641585e-01  3.057204222641585e-01  3.057204222641585e-01  3.057204222641585e-01  0
-6.120865894564859e-09  3.116428254631096e-01  3.116428254631096e-01  3.116428254631096e-01  3.116428254631096e-01  0
-5.584944523618587e-09  3.183084652340405e-01  3.183084652340405e-01  3.183084652340405e-01  3.183084652340405e-01  0
-5.095946532596709e-09  3.225179915398390e-01  3.225179915398390e-01  3.225179915398390e-01  3.225179915398390e-01  0
-4.649763476300181e-09  3.226248801127310e-01  3.226248801127310e-01  3.226248801127310e-01  3.226248801127310e-01  0
-4.242646630461844e-09  3.186013915262223e-01  3.186013915262223e-01  3.186013915262223e-01  3.186013915262223e-01  0
-3.871175495853799e-09  3.128108398073091e-01  3.128108398073091e-01  3.128108398073091e-01  3.128108398073091e-01  0
-3.532229060063758e-09  3.062187172717892e-01  3.062187172717892e-01  3.062187172717892e-01  3.062187172717892e-01  0
-3.222959575488617e-09  3.021043462718258e-01  3.021043462718258e-01  3.021043462718258e-01  3.021043462718258e-01  0
-2.940768633234185e-09  3.019527077533368e-01  3.019527077533368e-01  3.019527077533368e-01  3.019527077533368e-01  0
-2.683285331899628e-09  3.057296886485618e-01  3.057296886485618e-01  3.057296886485618e-01  3.057296886485618e-01  0
-2.448346357825944e-09  3.116518999766762e-01  3.116518999766762e-01  3.116518999766762e-01  3.116518999766762e-01  0
-2.233977809447435e-09  3.183177649435282e-01  3.183177649435282e-01  3.183177649435282e-01  3.183177649435282e-01  0
-2.038378613038684e-09  3.225274236247015e-01  3.225274236247015e-01  3.225274236247015e-01  3.225274236247015e-01  0
-1.859905390520072e-09  3.226343274647139e-01  3.226343274647139e-01  3.226343274647139e-01  3.226343274647139e-01  0
-1.697058652184738e-09  3.186107804524987e-01  3.186107804524987e-01  3.186107804524987e-01  3.186107804524987e-01  0
-1.548470198341520e-09  3.128196889708805e-01  3.128196889708805e-01  3.128196889708805e-01  3.128196889708805e-01  0
-1.412891624025503e-09  3.062273906587374e-01  3.062273906587374e-01  3.062273906587374e-01  3.062273906587374e-01  0
-1.289183830195447e-09  3.021129295231497e-01  3.021129295231497e-01  3.021129295231497e-01  3.021129295231497e-01  0
-1.176307453293674e-09  3.019613120676687e-01  3.019613120676687e-01  3.019613120676687e-01  3.019613120676687e-01  0
-1.073314132759851e-09  3.057383937570758e-01  3.057383937570758e-01  3.057383937570758e-01  3.057383937570758e-01  0
-9.793385431303775e-10  3.116607837378900e-01  3.116607837378900e-01  3.116607837378900e-01  3.116607837378900e-01  0
-8.935911237789739e-10  3.183269024481473e-01  3.183269024481473e-01  3.183269024481473e-01  3.183269024481473e-01  0
-8.153514452154734e-10  3.225368030031661e-01  3.225368030031661e-01  3.225368030031661e-01  3.225368030031661e-01  0
-7.439621562080290e-10  3.226439623443699e-01  3.226439623443699e-01  3.226439623443699e-01  3.226439623443699e-01  0
-6.788234608738951e-10  3.186207983905130e-01  3.186207983905130e-01  3.186207983905130e-01  3.186207983905130e-01  0
-6.193880793366079e-10  3.128284310842276e-01  3.128284310842276e-01  3.128284310842276e-01  3.128284310842276e-01  0
-5.651566496102012e-10  3.062358917177185e-01  3.062358917177185e-01  3.062358917177185e-01  3.062358917177185e-01  0
-5.156735320781787e-10  3.021211895116204e-01  3.021211895116204e-01  3.021211895116204e-01  3.021211895116204e-01  0
-4.705229813174697e-10  3.019692946788885e-01  3.019692946788885e-01  3.019692946788885e-01  3.019692946788885e-01  0
-4.293256531039404e-10  3.057459392392524e-01  3.057459392392524e-01  3.057459392392524e-01  3.057459392392524e-01  0
-3.917354172521510e-10  3.116698909360492e-01  3.116698909360492e-01  3.116698909360492e-01  3.116698909360492e-01  0
-3.574364495115896e-10  3.183367004736647e-01  3.183367004736647e-01  3.183367004736647e-01  3.183367004736647e-01  0
-3.261405780861894e-10  3.225478429915731e-01  3.225478429915731e-01  3.225478429915731e-01  3.225478429915731e-01  0
-2.975848624832116e-10  3.226573441035085e-01  3.226573441035085e-01  3.226573441035085e-01  3.226573441035085e-01  0
-2.715293843495580e-10  3.186385433150023e-01  3.186385433150023e-01  3.186385433150023e-01  3.186385433150023e-01  0
2.715293843495580e-10  3.186386251360837e-01  3.186386251360837e-01  3.186386251360837e-01  3.186386251360837e-01  0
2.975848624832116e-10  3.226574310043061e-01  3.226574310043061e-01  3.226574310043061e-01  3.226574310043061e-01  0
3.261405780861894e-10  3.225479297720570e-01  3.225479297720570e-01  3.225479297720570e-01  3.225479297720570e-01  0
3.574364495115896e-10  3.183367804322100e-01  3.183367804322100e-01  3.183367804322100e-01  3.183367804322100e-01  0
3.917354172521510e-10  3.116699587339247e-01  3.116699587339247e-01  3.116699587339247e-01  3.116699587339247e-01  0
4.293256531039404e-10  3.057460745565860e-01  3.057460745565860e-01  3.057460745565860e-01  3.057460745565860e-01  0
4.705229813174697e-10  3.019693989995503e-01  3.019693989995503e-01  3.019693989995503e-01  3.019693989995503e-01  0
5.156735320781787e-10  3.021212729525877e-01  3.021212729525877e-01  3.021212729525877e-01  3.021212729525877e-01  0
5.651566496102012e-10  3.062359666470028e-01  3.062359666470028e-01  3.062359666470028e-01  3.062359666470028e-01  0
6.193880793366079e-10  3.128285075860150e-01  3.128285075860150e-01  3.128285075860150e-01  3.128285075860150e-01  0
6.788234608738951e-10  3.186210029124755e-01  3.186210029124755e-01  3.186210029124755e-01  3.186210029124755e-01  0
7.439621562080290e-10  3.226441795785537e-01  3.226441795785537e-01  3.226441795785537e-01  3.226441795785537e-01  0
8.153514452154734e-10  3.225370199434829e-01  3.225370199434829e-01  3.225370199434829e-01  3.225370199434829e-01  0
8.935911237789739e-10  3.183271023373342e-01  3.183271023373342e-01  3.183271023373342e-01  3.183271023373342e-01  0
9.793385431303775e-10  3.116609532275875e-01  3.116609532275875e-01  3.116609532275875e-01  3.116609532275875e-01  0
1.073314132759851e-09  3.057387320406051e-01  3.057387320406051e-01  3.057387320406051e-01  3.057387320406051e-01  0
1.176307453293674e-09  3.019615728623265e-01  3.019615728623265e-01  3.019615728623265e-01  3.019615728623265e-01  0
1.289183830195447e-09  3.021131381203044e-01  3.021131381203044e-01  3.021131381203044e-01  3.021131381203044e-01  0
1.412891624025503e-09  3.062275779773962e-01  3.062275779773962e-01  3.062275779773962e-01  3.062275779773962e-01  0
1.548470198341520e-09  3.128198802207575e-01  3.128198802207575e-01  3.128198802207575e-01  3.128198802207575e-01  0
1.697058652184738e-09  3.186112917376803e-01  3.186112917376803e-01  3.186112917376803e-01  3.186112917376803e-01  0
1.859905390520072e-09  3.226348705333988e-01  3.226348705333988e-01  3.226348705333988e-01  3.226348705333988e-01  0
2.038378613038684e-09  3.225279659607043e-01  3.225279659607043e-01  3.225279659607043e-01  3.225279659607043e-01  0
2.233977809447435e-09  3.183182646537130e-01  3.183182646537130e-01  3.183182646537130e-01  3.183182646537130e-01  0
2.448346357825944e-09  3.116523236904433e-01  3.116523236904433e-01  3.116523236904433e-01  3.116523236904433e-01  0
2.683285331899628e-09  3.057305343365474e-01  3.057305343365474e-01  3.057305343365474e-01  3.057305343365474e-01  0
2.940768633234185e-09  3.019533597242502e-01  3.019533597242502e-01  3.019533597242502e-01  3.019533597242502e-01  0
3.222959575488617e-09  3.021048677522897e-01  3.021048677522897e-01  3.021048677522897e-01  3.021048677522897e-01  0
3.532229060063758e-09  3.062191855572812e-01  3.062191855572812e-01  3.062191855572812e-01  3.062191855572812e-01  0
3.871175495853799e-09  3.128113179205131e-01  3.128113179205131e-01  3.128113179205131e-01  3.128113179205131e-01  0
4.242646630461844e-09  3.186026697044447e-01  3.186026697044447e-01  3.186026697044447e-01  3.186026697044447e-01  0
4.649763476300181e-09  3.226262377492988e-01  3.226262377492988e-01  3.226262377492988e-01  3.226262377492988e-01  0
5.095946532596709e-09  3.225193473457148e-01  3.225193473457148e-01  3.225193473457148e-01  3.225193473457148e-01  0
5.584944523618587e-09  3.183097144786341e-01  3.183097144786341e-01  3.183097144786341e-01  3.183097144786341e-01  0
6.120865894564859e-09  3.116438847217516e-01  3.116438847217516e-01  3.116438847217516e-01  3.116438847217516e-01  0
6.708213329749070e-09  3.057225364334593e-01  3.057225364334593e-01  3.057225364334593e-01  3.057225364334593e-01  0
7.351921583085463e-09  3.019453264744856e-01  3.019453264744856e-01  3.019453264744856e-01  3.019453264744856e-01  0
8.057398938721544e-09  3.020967822156409e-01  3.020967822156409e-01  3.020967822156409e-01  3.020967822156409e-01  0
8.830572650159394e-09  3.062110076215960e-01  3.062110076215960e-01  3.062110076215960e-01  3.062110076215960e-01  0
9.677938739634499e-09  3.128030091176300e-01  3.128030091176300e-01  3.128030091176300e-01  3.128030091176300e-01  0
1.060661657615461e-08  3.185948828972507e-01  3.185948828972507e-01  3.185948828972507e-01  3.185948828972507e-01  0
1.162440869075045e-08  3.226183791256335e-01  3.226183791256335e-01  3.226183791256335e-01  3.226183791256335e-01  0
1.273986633149177e-08  3.225114081192540e-01  3.225114081192540e-01  3.225114081192540e-01  3.225114081192540e-01  0
1.396236130904647e-08  3.183017166593727e-01  3.183017166593727e-01  3.183017166593727e-01  3.183017166593727e-01  0
1.530216473641215e-08  3.116358622251071e-01  3.116358622251071e-01  3.116358622251071e-01  3.116358622251071e-01  0
1.677053332437267e-08  3.057152521900189e-01  3.057152521900189e-01  3.057152521900189e-01  3.057152521900189e-01  0
1.837980395771366e-08  3.019378486355364e-01  3.019378486355364e-01  3.019378486355364e-01  3.019378486355364e-01  0
2.014349734680386e-08  3.020892076784087e-01  3.020892076784087e-01  3.020892076784087e-01  3.020892076784087e-01  0
2.207643162539849e-08  3.062033876276541e-01  3.062033876276541e-01  3.062033876276541e-01  3.062033876276541e-01  0
2.419484684908624e-08  3.127953438435538e-01  3.127953438435538e-01  3.127953438435538e-01  3.127953438435538e-01  0
2.651654144038653e-08  3.185888621635495e-01  3.185888621635495e-01  3.185888621635495e-01  3.185888621635495e-01  0
2.906102172687613e-08  3.226122998352540e-01  3.226122998352540e-01  3.226122998352540e-01  3.226122998352540e-01  0
3.184966582872943e-08  3.225050979890312e-01  3.225050979890312e-01  3.225050979890312e-01  3.225050979890312e-01  0
3.490590327261617e-08  3.182950718046257e-01  3.182950718046257e-01  3.182950718046257e-01  3.182950718046257e-01  0
3.825541184103037e-08  3.116288711890653e-01  3.116288711890653e-01  3.116288711890653e-01  3.116288711890653e-01  0
4.192633331093168e-08  3.057098160672594e-01  3.057098160672594e-01  3.057098160672594e-01  3.057098160672594e-01  0
4.594950989428414e-08  3.019317909236942e-01  3.019317909236942e-01  3.019317909236942e-01  3.019317909236942e-01  0
5.035874336700964e-08  3.020829252845979e-01  3.020829252845979e-01  3.020829252845979e-01  3.020829252845979e-01  0
5.519107906349621e-08  3.061971690018114e-01  3.061971690018114e-01  3.061971690018114e-01  3.061971690018114e-01  0
6.048711712271561e-08  3.127892903264917e-01  3.127892903264917e-01  3.127892903264917e-01  3.127892903264917e-01  0
6.629135360096631e-08  3.185871905710451e-01  3.185871905710451e-01  3.185871905710451e-01  3.185871905710451e-01  0
7.265255431719034e-08  3.226106371911127e-01  3.226106371911127e-01  3.226106371911127e-01  3.226106371911127e-01  0
7.962416457182358e-08  3.225028468311412e-01  3.225028468311412e-01  3.225028468311412e-01  3.225028468311412e-01  0
8.726475818154042e-08  3.182918041340501e-01  3.182918041340501e-01  3.182918041340501e-01  3.182918041340501e-01  0
9.563852960257593e-08  3.116244573031952e-01  3.116244573031952e-01  3.116244573031952e-01  3.116244573031952e-01  0
1.048158332773292e-07  3.057090277984513e-01  3.057090277984513e-01  3.057090277984513e-01  3.057090277984513e-01  0
1.148737747357104e-07  3.019292980516580e-01  3.019292980516580e-01  3.019292980516580e-01  3.019292980516580e-01  0
1.258968584175241e-07  3.020798807255519e-01  3.020798807255519e-01  3.020798807255519e-01  3.020798807255519e-01  0
1.379776976587406e-07  3.061944576970148e-01  3.061944576970148e-01  3.061944576970148e-01  3.061944576970148e-01  0
1.512177928067891e-07  3.127872683712508e-01  3.127872683712508e-01  3.127872683712508e-01  3.127872683712508e-01  0
1.657283840024158e-07  3.185963821733304e-01  3.185963821733304e-01  3.185963821733304e-01  3.185963821733304e-01  0
1.816313857929758e-07  3.226200139767442e-01  3.226200139767442e-01  3.226200139767442e-01  3.226200139767442e-01  0
1.990604114295589e-07  3.225107445352939e-01  3.225107445352939e-01  3.225107445352939e-01  3.225107445352939e-01  0
2.181618954538510e-07  3.182969822963932e-01  3.182969822963932e-01  3.182969822963932e-01  3.182969822963932e-01  0
2.390963240064398e-07  3.116264894949118e-01  3.116264894949118e-01  3.116264894949118e-01  3.116264894949118e-01  0
2.620395831933230e-07  3.057198907550518e-01  3.057198907550518e-01  3.057198907550518e-01  3.057198907550518e-01  0
2.871844368392759e-07  3.019357401313822e-01  3.019357401313822e-01  3.019357401313822e-01  3.019357401313822e-01  0
3.147421460438103e-07  3.020849475051685e-01  3.020849475051685e-01  3.020849475051685e-01  3.020849475051685e-01  0
3.449442441468514e-07  3.062005271592790e-01  3.062005271592790e-01  3.062005271592790e-01  3.062005271592790e-01  0
3.780444820169726e-07  3.127953347766410e-01  3.127953347766410e-01  3.127953347766410e-01  3.127953347766410e-01  0
4.143209600060395e-07  3.186327749587453e-01  3.186327749587453e-01  3.186327749587453e-01  3.186327749587453e-01  0
4.540784644824396e-07  3.226570273376592e-01  3.226570273376592e-01  3.226570273376592e-01  3.226570273376592e-01  0
4.976510285738974e-07  3.225440478514465e-01  3.225440478514465e-01  3.225440478514465e-01  3.225440478514465e-01  0
5.454047386346277e-07  3.183233044330727e-01  3.183233044330727e-01  3.183233044330727e-01  3.183233044330727e-01  0
5.977408100160996e-07  3.116446624684182e-01  3.116446624684182e-01  3.116446624684182e-01  3.116446624684182e-01  0
6.550989579833075e-07  3.057600250818247e-01  3.057600250818247e-01  3.057600250818247e-01  3.057600250818247e-01  0
7.179610920981897e-07  3.019646368766077e-01  3.019646368766077e-01  3.019646368766077e-01  3.019646368766077e-01  0
7.868553651095256e-07  3.021103868314076e-01  3.021103868314076e-01  3.021103868314076e-01  3.021103868314076e-01  0
8.623606103671284e-07  3.062286232961747e-01  3.062286232961747e-01  3.062286232961747e-01  3.062286232961747e-01  0
9.451112050424314e-07  3.128286814327224e-01  3.128286814327224e-01  3.128286814327224e-01  3.128286814327224e-01  0
1.035802400015099e-06  3.187374798761918e-01  3.187374798761918e-01  3.187374798761918e-01  3.187374798761918e-01  0
1.135196161206099e-06  3.227633918603451e-01  3.227633918603451e-01  3.227633918603451e-01  3.227633918603451e-01  0
1.244127571434743e-06  3.226410869612139e-01  3.226410869612139e-01  3.226410869612139e-01  3.226410869612139e-01  0
1.363511846586569e-06  3.184026776202888e-01  3.184026776202888e-01  3.184026776202888e-01  3.184026776202888e-01  0
1.494352025040249e-06  3.117033518697677e-01  3.117033518697677e-01  3.117033518697677e-01  3.117033518697677e-01  0
1.637747394958269e-06  3.058742276114891e-01  3.058742276114891e-01  3.058742276114891e-01  3.058742276114891e-01  0
1.794902730245475e-06  3.020504059902889e-01  3.020504059902889e-01  3.020504059902889e-01  3.020504059902889e-01  0
1.967138412773814e-06  3.021873531266437e-01  3.021873531266437e-01  3.021873531266437e-01  3.021873531266437e-01  0
2.155901525917821e-06  3.063122619193630e-01  3.063122619193630e-01  3.063122619193630e-01  3.063122619193630e-01  0
2.362778012606079e-06  3.129256085461820e-01  3.129256085461820e-01  3.129256085461820e-01  3.129256085461820e-01  0
2.589506000037746e-06  3.190149611578647e-01  3.190149611578647e-01  3.190149611578647e-01  3.190149611578647e-01  0
2.837990403015248e-06  3.230448073626450e-01  3.230448073626450e-01  3.230448073626450e-01  3.230448073626450e-01  0
3.110318928586858e-06  3.228988898931299e-01  3.228988898931299e-01  3.228988898931299e-01  3.228988898931299e-01  0
3.408779616466423e-06  3.186159019587907e-01  3.186159019587907e-01  3.186159019587907e-01  3.186159019587907e-01  0
3.735880062600622e-06  3.118643823090579e-01  3.118643823090579e-01  3.118643823090579e-01  3.118643823090579e-01  0
4.094368487395672e-06  3.061792930344521e-01  3.061792930344521e-01  3.061792930344521e-01  3.061792930344521e-01  0
4.487256825613686e-06  3.022830576305057e-01  3.022830576305057e-01  3.022830576305057e-01  3.022830576305057e-01  0
4.917846031934535e-06  3.023969450057787e-01  3.023969450057787e-01  3.023969450057787e-01  3.023969450057787e-01  0
5.389753814794552e-06  3.065378042619464e-01  3.065378042619464e-01  3.065378042619464e-01  3.065378042619464e-01  0
5.906945031515196e-06  3.131839249848808e-01  3.131839249848808e-01  3.131839249848808e-01  3.131839249848808e-01  0
6.473765000094367e-06  3.197374126797232e-01  3.197374126797232e-01  3.197374126797232e-01  3.197374126797232e-01  0
7.094976007538119e-06  3.237747593265479e-01  3.237747593265479e-01  3.237747593265479e-01  3.237747593265479e-01  0
7.775797321467146e-06  3.235678553911829e-01  3.235678553911829e-01  3.235678553911829e-01  3.235678553911829e-01  0
8.521949041166058e-06  3.191716622123322e-01  3.191716622123322e-01  3.191716622123322e-01  3.191716622123322e-01  0
9.339700156501556e-06  3.122880175169634e-01  3.122880175169634e-01  3.122880175169634e-01  3.122880175169634e-01  0
1.023592121848918e-05  3.069988852449864e-01  3.069988852449864e-01  3.069988852449864e-01  3.069988852449864e-01  0
1.121814206403422e-05  3.029136217387043e-01  3.029136217387043e-01  3.029136217387043e-01  3.029136217387043e-01  0
1.229461507983634e-05  3.029629297513803e-01  3.029629297513803e-01  3.029629297513803e-01  3.029629297513803e-01  0
1.347438453698638e-05  3.071379944677071e-01  3.071379944677071e-01  3.071379944677071e-01  3.071379944677071e-01  0
1.476736257878799e-05  3.138616576452807e-01  3.138616576452807e-01  3.138616576452807e-01  3.138616576452807e-01  0
1.618441250023592e-05  3.216615085749808e-01  3.216615085749808e-01  3.216615085749808e-01  3.216615085749808e-01  0
1.773744001884530e-05  3.257005513573702e-01  3.257005513573702e-01  3.257005513573702e-01  3.257005513573702e-01  0
1.943949330366787e-05  3.253274100218699e-01  3.253274100218699e-01  3.253274100218699e-01  3.253274100218699e-01  0
2.130487260291514e-05  3.206367346268968e-01  3.206367346268968e-01  3.206367346268968e-01  3.206367346268968e-01  0
2.334925039125389e-05  3.134128781567170e-01  3.134128781567170e-01  3.134128781567170e-01  3.134128781567170e-01  0
2.558980304622295e-05  3.093684900145015e-01  3.093684900145015e-01  3.093684900145015e-01  3.093684900145015e-01  0
2.804535516008554e-05  3.047523909961816e-01  3.047523909961816e-01  3.047523909961816e-01  3.047523909961816e-01  0
3.073653769959084e-05  3.045911642270173e-01  3.045911642270173e-01  3.045911642270173e-01  3.045911642270173e-01  0
3.368596134246595e-05  3.088117992418463e-01  3.088117992418463e-01  3.088117992418463e-01  3.088117992418463e-01  0
3.691840644696998e-05  3.156978941872037e-01  3.156978941872037e-01  3.156978941872037e-01  3.156978941872037e-01  0
4.046103125058979e-05  3.272895644545474e-01  3.272895644545474e-01  3.272895644545474e-01  3.272895644545474e-01  0
4.434360004711324e-05  3.311946954970325e-01  3.311946954970325e-01  3.311946954970325e-01  3.311946954970325e-01  0
4.859873325916966e-05  3.302909150116313e-01  3.302909150116313e-01  3.302909150116313e-01  3.302909150116313e-01  0
5.326218150728786e-05  3.247680861786443e-01  3.247680861786443e-01  3.247680861786443e-01  3.247680861786443e-01  0
5.837312597813472e-05  3.166134417837437e-01  3.166134417837437e-01  3.166134417837437e-01  3.166134417837437e-01  0
6.397450761555738e-05  3.181783273574940e-01  3.181783273574940e-01  3.181783273574940e-01  3.181783273574940e-01  0
7.011338790021385e-05  3.115572872959920e-01  3.115572872959920e-01  3.115572872959920e-01  3.115572872959920e-01  0
7.684134424897712e-05  3.103605681738085e-01  3.103605681738085e-01  3.103605681738085e-01  3.103605681738085e-01  0
8.421490335616489e-05  3.143200168438137e-01  3.143200168438137e-01  3.143200168438137e-01  3.143200168438137e-01  0
9.229601611742495e-05  3.213356080615548e-01  3.213356080615548e-01  3.213356080615548e-01  3.213356080615548e-01  0
1.011525781264745e-04  3.512972399817679e-01  3.512972399817679e-01  3.512972399817679e-01  3.512972399817679e-01  0
1.108590001177831e-04  3.530115688417769e-01  3.530115688417769e-01  3.530115688417769e-01  3.530115688417769e-01  0
1.214968331479242e-04  3.491067632892657e-01  3.491067632892657e-01  3.491067632892657e-01  3.491067632892657e-01  0
1.331554537682196e-04  3.400645198184732e-01  3.400645198184732e-01  3.400645198184732e-01  3.400645198184732e-01  0
1.459328149453368e-04  3.284107510153130e-01  3.284107510153130e-01  3.284107510153130e-01  3.284107510153130e-01  0
1.599362690388935e-04  3.619664209958930e-01  3.619664209958930e-01  3.619664209958930e-01  3.619664209958930e-01  0
1.752834697505346e-04  3.487872419916717e-01  3.487872419916717e-01  3.487872419916717e-01  3.487872419916717e-01  0
1.921033606224428e-04  3.427088842947348e-01  3.427088842947348e-01  3.427088842947348e-01  3.427088842947348e-01  0
2.105372583904122e-04  3.435692063896938e-01  3.435692063896938e-01  3.435692063896938e-01  3.435692063896938e-01  0
2.307400402935624e-04  3.485551870080866e-01  3.485551870080866e-01  3.485551870080866e-01  3.485551870080866e-01  0
2.528814453161862e-04  4.122980355403502e-01  4.122980355403502e-01  4.122980355403502e-01  4.122980355403502e-01  0
2.771475002944578e-04  4.165859707684972e-01  4.165859707684972e-01  4.165859707684972e-01  4.165859707684972e-01  0
3.037420828698104e-04  4.124820468977943e-01  4.124820468977943e-01  4.124820468977943e-01  4.124820468977943e-01  0
3.328886344205491e-04  3.996419626029014e-01  3.996419626029014e-01  3.996419626029014e-01  3.996419626029014e-01  0
3.648320373633420e-04  3.813781938343503e-01  3.813781938343503e-01  3.813781938343503e-01  3.813781938343503e-01  0
3.998406725972337e-04  4.490799840498879e-01  4.490799840498879e-01  4.490799840498879e-01  4.490799840498879e-01  0
4.382086743763366e-04  4.246251161478982e-01  4.246251161478982e-01  4.246251161478982e-01  4.246251161478982e-01  0
4.802584015561070e-04  4.087921978457196e-01  4.087921978457196e-01  4.087921978457196e-01  4.087921978457196e-01  0
5.263431459760305e-04  4.041625674005192e-01  4.041625674005192e-01  4.041625674005192e-01  4.041625674005192e-01  0
5.768501007339060e-04  4.079395419849647e-01  4.079395419849647e-01  4.079395419849647e-01  4.079395419849647e-01  0
6.322036132904656e-04  5.878318650673542e-01  5.878318650673542e-01  5.878318650673542e-01  5.878318650673542e-01  0
6.928687507361445e-04  5.749591556893842e-01  5.749591556893842e-01  5.749591556893842e-01  5.749591556893842e-01  0
7.593552071745261e-04  5.557419202894935e-01  5.557419202894935e-01  5.557419202894935e-01  5.557419202894935e-01  0
8.322215860513729e-04  5.273186785006947e-01  5.273186785006947e-01  5.273186785006947e-01  5.273186785006947e-01  0
9.120800934083552e-04  4.912957477060528e-01  4.912957477060528e-01  4.912957477060528e-01  4.912957477060528e-01  0
9.996016814930841e-04  8.001691164517458e-01  8.001691164517458e-01  8.001691164517458e-01  8.001691164517458e-01  0
1.095521685940841e-03  7.446430024018146e-01  7.446430024018146e-01  7.446430024018146e-01  7.446430024018146e-01  0
1.200646003890268e-03  6.932267929315821e-01  6.932267929315821e-01  6.932267929315821e-01  6.932267929315821e-01  0
1.315857864940076e-03  6.519181718901368e-01  6.519181718901368e-01  6.519181718901368e-01  6.519181718901368e-01  0
1.442125251834765e-03  6.227598977404394e-01  6.227598977404394e-01  6.227598977404394e-01  6.227598977404394e-01  0
1.580509033226164e-03  9.932370853873440e-01  9.932370853873440e-01  9.932370853873440e-01  9.932370853873440e-01  0
1.732171876840361e-03  1.000221752235902e+00  1.000221752235902e+00  1.000221752235902e+00  1.000221752235902e+00  0
1.898388017936315e-03  9.798722325444725e-01  9.798722325444725e-01  9.798722325444725e-01  9.798722325444725e-01  0
2.080553965128432e-03  9.382099654521431e-01  9.382099654521431e-01  9.382099654521431e-01  9.382099654521431e-01  0
2.280200233520888e-03  8.818626910215882e-01  8.818626910215882e-01  8.818626910215882e-01  8.818626910215882e-01  0
2.499004203732710e-03  1.074734746089527e+00  1.074734746089527e+00  1.074734746089527e+00  1.074734746089527e+00  0
2.738804214852103e-03  1.061093043692783e+00  1.061093043692783e+00  1.061093043692783e+00  1.061093043692783e+00  0
3.001615009725669e-03  1.056361365619437e+00  1.056361365619437e+00  1.056361365619437e+00  1.056361365619437e+00  0
3.289644662350191e-03  1.057840662661448e+00  1.057840662661448e+00  1.057840662661448e+00  1.057840662661448e+00  0
3.605313129586912e-03  1.058986954633479e+00  1.058986954633479e+00  1.058986954633479e+00  1.058986954633479e+00  0
3.951272583065409e-03  1.114558121534048e+00  1.114558121534048e+00  1.114558121534048e+00  1.114558121534048e+00  0
4.330429692100902e-03  1.172432241883942e+00  1.172432241883942e+00  1.172432241883942e+00  1.172432241883942e+00  0
4.745970044840787e-03  1.187766543242983e+00  1.187766543242983e+00  1.187766543242983e+00  1.187766543242983e+00  0
5.201384912821079e-03  1.171080695916700e+00  1.171080695916700e+00  1.171080695916700e+00  1.171080695916700e+00  0
5.700500583802218e-03  1.138356552608848e+00  1.138356552608848e+00  1.138356552608848e+00  1.138356552608848e+00  0
6.247510509331775e-03  1.048487099693326e+00  1.048487099693326e+00  1.048487099693326e+00  1.048487099693326e+00  0
6.847010537130258e-03  1.053408642124645e+00  1.053408642124645e+00  1.053408642124645e+00  1.053408642124645e+00  0
7.504037524314172e-03  1.072849105027577e+00  1.072849105027577e+00  1.072849105027577e+00  1.072849105027577e+00  0
8.224111655875476e-03  1.109565557781064e+00  1.109565557781064e+00  1.109565557781064e+00  1.109565557781064e+00  0
9.013282823967281e-03  1.155787182972989e+00  1.155787182972989e+00  1.155787182972989e+00  1.155787182972989e+00  0
9.878181457663523e-03  9.192215705783999e-01  9.192215705783999e-01  9.192215705783999e-01  9.192215705783999e-01  0
1.082607423025226e-02  1.024133728834377e+00  1.024133728834377e+00  1.024133728834377e+00  1.024133728834377e+00  0
1.186492511210197e-02  1.088840053667918e+00  1.088840053667918e+00  1.088840053667918e+00  1.088840053667918e+00  0
1.300346228205270e-02  1.112931693899140e+00  1.112931693899140e+00  1.112931693899140e+00  1.112931693899140e+00  0
1.425125145950555e-02  1.107476661947628e+00  1.107476661947628e+00  1.107476661947628e+00  1.107476661947628e+00  0
1.561877627332944e-02  7.714033492975724e-01  7.714033492975724e-01  7.714033492975724e-01  7.714033492975724e-01  0
1.711752634282565e-02  7.800713577674468e-01  7.800713577674468e-01  7.800713577674468e-01  7.800713577674468e-01  0
1.876009381078543e-02  8.057753153773252e-01  8.057753153773252e-01  8.057753153773252e-01  8.057753153773252e-01  0
2.056027913968869e-02  8.561451769656988e-01  8.561451769656988e-01  8.561451769656988e-01  8.561451769656988e-01  0
2.253320705991820e-02  9.277892474681156e-01  9.277892474681156e-01  9.277892474681156e-01  9.277892474681156e-01  0
2.469545364415881e-02  7.312232976422934e-01  7.312232976422934e-01  7.312232976422934e-01  7.312232976422934e-01  0
2.706518557563064e-02  8.246921241918949e-01  8.246921241918949e-01  8.246921241918949e-01  8.246921241918949e-01  0
2.966231278025492e-02  8.816753184815378e-01  8.816753184815378e-01  8.816753184815378e-01  8.816753184815378e-01  0
3.250865570513175e-02  8.995592631034204e-01  8.995592631034204e-01  8.995592631034204e-01  8.995592631034204e-01  0
3.562812864876387e-02  8.861865892106017e-01  8.861865892106017e-01  8.861865892106017e-01  8.861865892106017e-01  0
3.904694068332359e-02  7.575554900722933e-01  7.575554900722933e-01  7.575554900722933e-01  7.575554900722933e-01  0
4.279381585706411e-02  7.324604966856332e-01  7.324604966856332e-01  7.324604966856332e-01  7.324604966856332e-01  0
4.690023452696357e-02  7.226494068851858e-01  7.226494068851858e-01  7.226494068851858e-01  7.226494068851858e-01  0
5.140069784922173e-02  7.391143889290094e-01  7.391143889290094e-01  7.391143889290094e-01  7.391143889290094e-01  0
5.633301764979550e-02  7.807842974497563e-01  7.807842974497563e-01  7.807842974497563e-01  7.807842974497563e-01  0
6.173863411039702e-02  7.721888611173399e-01  7.721888611173399e-01  7.721888611173399e-01  7.721888611173399e-01  0
6.766296393907660e-02  8.842174573407053e-01  8.842174573407053e-01  8.842174573407053e-01  8.842174573407053e-01  0
7.415578195063731e-02  9.515516550330849e-01  9.515516550330849e-01  9.515516550330849e-01  9.515516550330849e-01  0
8.127163926282938e-02  9.674471025584435e-01  9.674471025584435e-01  9.674471025584435e-01  9.674471025584435e-01  0
8.907032162190967e-02  9.384983988032229e-01  9.384983988032229e-01  9.384983988032229e-01  9.384983988032229e-01  0
9.761735170830899e-02  2.307461573562027e+00  2.307461573562027e+00  2.307461573562027e+00  2.307461573562027e+00  0
1.069845396426603e-01  2.176299081655670e+00  2.176299081655670e+00  2.176299081655670e+00  2.176299081655670e+00  0
1.172505863174089e-01  1.962756282649603e+00  1.962756282649603e+00  1.962756282649603e+00  1.962756282649603e+00  0
1.285017446230543e-01  1.726992769316797e+00  1.726992769316797e+00  1.726992769316797e+00  1.726992769316797e+00  0
1.408325441244888e-01  1.518163636505278e+00  1.518163636505278e+00  1.518163636505278e+00  1.518163636505278e+00  0
1.543465852759925e-01  2.069656580366166e+00  2.069656580366166e+00  2.069656580366166e+00  2.069656580366166e+00  0
1.691574098476915e-01  2.390155849624211e+00  2.390155849624211e+00  2.390155849624211e+00  2.390155849624211e+00  0
1.853894548765933e-01  2.639444528738212e+00  2.639444528738212e+00  2.639444528738212e+00  2.639444528738212e+00  0
2.031790981570734e-01  2.779327786184940e+00  2.779327786184940e+00  2.779327786184940e+00  2.779327786184940e+00  0
2.226758040547742e-01  2.784400928304205e+00  2.784400928304205e+00  2.784400928304205e+00  2.784400928304205e+00  0
2.440433792707725e-01  5.285990530753389e-01  5.285990530753389e-01  5.285990530753389e-01  5.285990530753389e-01  0
2.674613491066507e-01  7.689682936368374e-01  7.689682936368374e-01  7.689682936368374e-01  7.689682936368374e-01  0
2.931264657935224e-01  1.060279465329375e+00  1.060279465329375e+00  1.060279465329375e+00  1.060279465329375e+00  0
3.212543615576358e-01  1.392690235756869e+00  1.392690235756869e+00  1.392690235756869e+00  1.392690235756869e+00  0
3.520813603112219e-01  1.749898163336250e+00  1.749898163336250e+00  1.749898163336250e+00  1.749898163336250e+00  0
3.858664631899813e-01  7.764388341416843e-02  7.764388341416843e-02  7.764388341416843e-02  7.764388341416843e-02  0
4.228935246192287e-01  1.114105057005077e-01  1.114105057005077e-01  1.114105057005077e-01  1.114105057005077e-01  0
4.634736371914831e-01  1.651493523713549e-01  1.651493523713549e-01  1.651493523713549e-01  1.651493523713549e-01  0
5.079477453926835e-01  2.494630881245219e-01  2.494630881245219e-01  2.494630881245219e-01  2.494630881245219e-01  0
5.566895101369354e-01  3.752068992944142e-01  3.752068992944142e-01  3.752068992944142e-01  3.752068992944142e-01  0
6.101084481769311e-01  1.221435883066184e-02  1.221435883066184e-02  1.221435883066184e-02  1.221435883066184e-02  0
6.686533727666268e-01  1.936230405337646e-02  1.936230405337646e-02  1.936230405337646e-02  1.936230405337646e-02  0
7.328161644838058e-01  2.882690523422377e-02  2.882690523422377e-02  2.882690523422377e-02  2.882690523422377e-02  0
8.031359038940895e-01  4.085600073016220e-02  4.085600073016220e-02  4.085600073016220e-02  4.085600073016220e-02  0
8.802034007780547e-01  5.635135962764915e-02  5.635135962764915e-02  5.635135962764915e-02  5.635135962764915e-02  0
9.646661579749535e-01  4.094010250779006e-04  4.094010250779006e-04  4.094010250779006e-04  4.094010250779006e-04  0
1.057233811548072e+00  9.401032504811267e-04  9.401032504811267e-04  9.401032504811267e-04  9.401032504811267e-04  0
1.158684092978708e+00  2.004826422593572e-03  2.004826422593572e-03  2.004826422593572e-03  2.004826422593572e-03  0
1.269869363481709e+00  3.967956943312661e-03  3.967956943312661e-03  3.967956943312661e-03  3.967956943312661e-03  0
1.391723775342339e+00  7.287421852391956e-03  7.287421852391956e-03  7.287421852391956e-03  7.287421852391956e-03  0
1.525271120442328e+00  6.004215520194749e-06  6.004215520194749e-06  6.004215520194749e-06  6.004215520194749e-06  0
1.671633431916567e+00  1.293881381828966e-05  1.293881381828966e-05  1.293881381828966e-05  1.293881381828966e-05  0
1.832040411209515e+00  2.770606024292954e-05  2.770606024292954e-05  2.770606024292954e-05  2.770606024292954e-05  0
2.007839759735224e+00  6.020154496636623e-05  6.020154496636623e-05  6.020154496636623e-05  6.020154496636623e-05  0
2.200508501945137e+00  1.343529206979673e-04  1.343529206979673e-04  1.343529206979673e-04  1.343529206979673e-04  0
