-3.174673408704273e+00  -4.328882625435404e-09  -4.328882625435404e-09  -4.328882625435404e-09  -4.328882625435404e-09  0
-2.896710232446770e+00  -4.364424079202339e-10  -4.364424079202339e-10  -4.364424079202339e-10  -4.364424079202339e-10  0
-2.643084528870180e+00  4.037098457494597e-10  4.037098457494597e-10  4.037098457494597e-10  4.037098457494597e-10  0
-2.411665394937384e+00  3.664657763577846e-10  3.664657763577846e-10  3.664657763577846e-10  3.664657763577846e-10  0
-2.200508501945137e+00  2.027214875492471e-10  2.027214875492471e-10  2.027214875492471e-10  2.027214875492471e-10  0
-2.007839759735224e+00  5.069430266105061e-07  5.069430266105061e-07  5.069430266105061e-07  5.069430266105061e-07  0
-1.832040411209515e+00  1.593750195198775e-07  1.593750195198775e-07  1.593750195198775e-07  1.593750195198775e-07  0
-1.671633431916567e+00  5.303751846936707e-08  5.303751846936707e-08  5.303751846936707e-08  5.303751846936707e-08  0
-1.525271120442328e+00  2.061798648952731e-08  2.061798648952731e-08  2.061798648952731e-08  2.061798648952731e-08  0
-1.391723775342338e+00  9.424639838440538e-09  9.424639838440538e-09  9.424639838440538e-09  9.424639838440538e-09  0
-1.269869363481709e+00  4.805615364142104e-05  4.805615364142104e-05  4.805615364142104e-05  4.805615364142104e-05  0
-1.158684092978708e+00  -1.091742992960782e-06  -1.091742992960782e-06  -1.091742992960782e-06  -1.091742992960782e-06  0
-1.057233811548072e+00  -1.128051968835421e-05  -1.128051968835421e-05  -1.128051968835421e-05  -1.128051968835421e-05  0
-9.646661579749535e-01  -1.002641502469225e-05  -1.002641502469225e-05  -1.002641502469225e-05  -1.002641502469225e-05  0
-8.802034007780546e-01  -6.702945816690238e-06  -6.702945816690238e-06  -6.702945816690238e-06  -6.702945816690238e-06  0
-8.031359038940895e-01  1.077426304575649e-02  1.077426304575649e-02  1.077426304575649e-02  1.077426304575649e-02  0
-7.328161644838058e-01  4.450088657142380e-03  4.450088657142380e-03  4.450088657142380e-03  4.450088657142380e-03  0
-6.686533727666267e-01  1.685481639200976e-03  1.685481639200976e-03  1.685481639200976e-03  1.685481639200976e-03  0
-6.101084481769312e-01  5.726918261080451e-04  5.726918261080451e-04  5.726918261080451e-04  5.726918261080451e-04  0
-5.566895101369354e-01  1.655731821695051e-04  1.655731821695051e-04  1.655731821695051e-04  1.655731821695051e-04  0
-5.079477453926835e-01  3.022691490694320e-01  3.022691490694320e-01  3.022691490694320e-01  3.022691490694320e-01  0
-4.634736371914831e-01  1.779793722124168e-01  1.779793722124168e-01  1.779793722124168e-01  1.779793722124168e-01  0
-4.228935246192287e-01  9.795282372494467e-02  9.795282372494467e-02  9.795282372494467e-02  9.795282372494467e-02  0
-3.858664631899814e-01  5.039400371830005e-02  5.039400371830005e-02  5.039400371830005e-02  5.039400371830005e-02  0
-3.520813603112218e-01  2.424671723744602e-02  2.424671723744602e-02  2.424671723744602e-02  2.424671723744602e-02  0
-3.212543615576358e-01  1.559302241210166e+00  1.559302241210166e+00  1.559302241210166e+00  1.559302241210166e+00  0
-2.931264657935223e-01  1.285464845610661e+00  1.285464845610661e+00  1.285464845610661e+00  1.285464845610661e+00  0
-2.674613491066506e-01  9.910936599767441e-01  9.910936599767441e-01  9.910936599767441e-01  9.910936599767441e-01  0
-2.440433792707724e-01  7.144484596311215e-01  7.144484596311215e-01  7.144484596311215e-01  7.144484596311215e-01  0
-2.226758040547741e-01  4.814104504653892e-01  4.814104504653892e-01  4.814104504653892e-01  4.814104504653892e-01  0
-2.031790981570734e-01  1.537089748623279e+00  1.537089748623279e+00  1.537089748623279e+00  1.537089748623279e+00  0
-1.853894548765933e-01  1.742368291264899e+00  1.742368291264899e+00  1.742368291264899e+00  1.742368291264899e+00  0
-1.691574098476915e-01  1.859233119622985e+00  1.859233119622985e+00  1.859233119622985e+00  1.859233119622985e+00  0
-1.543465852759926e-01  1.862347705156535e+00  1.862347705156535e+00  1.862347705156535e+00  1.862347705156535e+00  0
-1.408325441244888e-01  1.748080192727674e+00  1.748080192727674e+00  1.748080192727674e+00  1.748080192727674e+00  0
-1.285017446230544e-01  3.784528454369456e-01  3.784528454369456e-01  3.784528454369456e-01  3.784528454369456e-01  0
-1.172505863174090e-01  5.094729808373140e-01  5.094729808373140e-01  5.094729808373140e-01  5.094729808373140e-01  0
-1.069845396426603e-01  6.697976505973909e-01  6.697976505973909e-01  6.697976505973909e-01  6.697976505973909e-01  0
-9.761735170830904e-02  8.491929225464010e-01  8.491929225464010e-01  8.491929225464010e-01  8.491929225464010e-01  0
-8.907032162190970e-02  1.027581389026635e+00  1.027581389026635e+00  1.027581389026635e+00  1.027581389026635e+00  0
-8.127163926282940e-02  1.109375986172725e-01  1.109375986172725e-01  1.109375986172725e-01  1.109375986172725e-01  0
-7.415578195063734e-02  1.184550572904774e-01  1.184550572904774e-01  1.184550572904774e-01  1.184550572904774e-01  0
-6.766296393907663e-02  1.315212758305425e-01  1.315212758305425e-01  1.315212758305425e-01  1.315212758305425e-01  0
-6.173863411039705e-02  1.496890894441933e-01  1.496890894441933e-01  1.496890894441933e-01  1.496890894441933e-01  0
-5.633301764979552e-02  1.699623273640870e-01  1.699623273640870e-01  1.699623273640870e-01  1.699623273640870e-01  0
-5.140069784922175e-02  1.051950281127734e-01  1.051950281127734e-01  1.051950281127734e-01  1.051950281127734e-01  0
-4.690023452696359e-02  1.045772191476185e-01  1.045772191476185e-01  1.045772191476185e-01  1.045772191476185e-01  0
-4.279381585706413e-02  1.024444818461903e-01  1.024444818461903e-01  1.024444818461903e-01  1.024444818461903e-01  0
-3.904694068332362e-02  9.739098776257094e-02  9.739098776257094e-02  9.739098776257094e-02  9.739098776257094e-02  0
-3.562812864876388e-02  8.879765117967114e-02  8.879765117967114e-02  8.879765117967114e-02  8.879765117967114e-02  0
-3.250865570513176e-02  1.905297393929196e-01  1.905297393929196e-01  1.905297393929196e-01  1.905297393929196e-01  0
-2.966231278025493e-02  1.441000456961204e-01  1.441000456961204e-01  1.441000456961204e-01  1.441000456961204e-01  0
-2.706518557563065e-02  1.167401417178778e-01  1.167401417178778e-01  1.167401417178778e-01  1.167401417178778e-01  0
-2.469545364415882e-02  1.022468417070682e-01  1.022468417070682e-01  1.022468417070682e-01  1.022468417070682e-01  0
-2.253320705991821e-02  9.537920805346409e-02  9.537920805346409e-02  9.537920805346409e-02  9.537920805346409e-02  0
-2.056027913968870e-02  8.132761095052157e-01  8.132761095052157e-01  8.132761095052157e-01  8.132761095052157e-01  0
-1.876009381078543e-02  6.448060011381378e-01  6.448060011381378e-01  6.448060011381378e-01  6.448060011381378e-01  0
-1.711752634282565e-02  4.864049564306104e-01  4.864049564306104e-01  4.864049564306104e-01  4.864049564306104e-01  0
-1.561877627332944e-02  3.529887044360179e-01  3.529887044360179e-01  3.529887044360179e-01  3.529887044360179e-01  0
-1.425125145950555e-02  2.504660476904551e-01  2.504660476904551e-01  2.504660476904551e-01  2.504660476904551e-01  0
-1.300346228205270e-02  1.075875672181317e+00  1.075875672181317e+00  1.075875672181317e+00  1.075875672181317e+00  0
-1.186492511210197e-02  1.147537915356316e+00  1.147537915356316e+00  1.147537915356316e+00  1.147537915356316e+00  0
-1.082607423025226e-02  1.154825781427377e+00  1.154825781427377e+00  1.154825781427377e+00  1.154825781427377e+00  0
-9.878181457663527e-03  1.093548874468244e+00  1.093548874468244e+00  1.093548874468244e+00  1.093548874468244e+00  0
-9.013282823967282e-03  9.729580298784118e-01  9.729580298784118e-01  9.729580298784118e-01  9.729580298784118e-01  0
-8.224111655875480e-03  3.820769030446804e-01  3.820769030446804e-01  3.820769030446804e-01  3.820769030446804e-01  0
-7.504037524314174e-03  5.051085747733294e-01  5.051085747733294e-01  5.051085747733294e-01  5.051085747733294e-01  0
-6.847010537130260e-03  6.493205284862943e-01  6.493205284862943e-01  6.493205284862943e-01  6.493205284862943e-01  0
-6.247510509331778e-03  8.034020568143477e-01  8.034020568143477e-01  8.034020568143477e-01  8.034020568143477e-01  0
-5.700500583802221e-03  9.504923982986904e-01  9.504923982986904e-01  9.504923982986904e-01  9.504923982986904e-01  0
-5.201384912821082e-03  1.667496602650812e-01  1.667496602650812e-01  1.667496602650812e-01  1.667496602650812e-01  0
-4.745970044840789e-03  1.680490714327703e-01  1.680490714327703e-01  1.680490714327703e-01  1.680490714327703e-01  0
-4.330429692100905e-03  1.839965139322225e-01  1.839965139322225e-01  1.839965139322225e-01  1.839965139322225e-01  0
-3.951272583065412e-03  2.219316079006708e-01  2.219316079006708e-01  2.219316079006708e-01  2.219316079006708e-01  0
-3.605313129586914e-03  2.865563423399970e-01  2.865563423399970e-01  2.865563423399970e-01  2.865563423399970e-01  0
-3.289644662350192e-03  1.449687195942974e-01  1.449687195942974e-01  1.449687195942974e-01  1.449687195942974e-01  0
-3.001615009725670e-03  1.603515888518178e-01  1.603515888518178e-01  1.603515888518178e-01  1.603515888518178e-01  0
-2.738804214852104e-03  1.709614837579499e-01  1.709614837579499e-01  1.709614837579499e-01  1.709614837579499e-01  0
-2.499004203732711e-03  1.738178791474807e-01  1.738178791474807e-01  1.738178791474807e-01  1.738178791474807e-01  0
-2.280200233520888e-03  1.695246613412672e-01  1.695246613412672e-01  1.695246613412672e-01  1.695246613412672e-01  0
-2.080553965128433e-03  1.390401122254942e-01  1.390401122254942e-01  1.390401122254942e-01  1.390401122254942e-01  0
-1.898388017936316e-03  1.274178163004300e-01  1.274178163004300e-01  1.274178163004300e-01  1.274178163004300e-01  0
-1.732171876840361e-03  1.205536689244386e-01  1.205536689244386e-01  1.205536689244386e-01  1.205536689244386e-01  0
-1.580509033226164e-03  1.217327925034374e-01  1.217327925034374e-01  1.217327925034374e-01  1.217327925034374e-01  0
-1.442125251834765e-03  1.310811475792568e-01  1.310811475792568e-01  1.310811475792568e-01  1.310811475792568e-01  0
-1.315857864940077e-03  1.306025148647152e-01  1.306025148647152e-01  1.306025148647152e-01  1.306025148647152e-01  0
-1.200646003890268e-03  1.442565075286138e-01  1.442565075286138e-01  1.442565075286138e-01  1.442565075286138e-01  0
-1.095521685940842e-03  1.536500155656958e-01  1.536500155656958e-01  1.536500155656958e-01  1.536500155656958e-01  0
-9.996016814930845e-04  1.554662342445516e-01  1.554662342445516e-01  1.554662342445516e-01  1.554662342445516e-01  0
-9.120800934083554e-04  1.493552743539527e-01  1.493552743539527e-01  1.493552743539527e-01  1.493552743539527e-01  0
-8.322215860513730e-04  1.283673617485415e-01  1.283673617485415e-01  1.283673617485415e-01  1.283673617485415e-01  0
-7.593552071745262e-04  1.175634707324788e-01  1.175634707324788e-01  1.175634707324788e-01  1.175634707324788e-01  0
-6.928687507361445e-04  1.107186021505109e-01  1.107186021505109e-01  1.107186021505109e-01  1.107186021505109e-01  0
-6.322036132904656e-04  1.109597494482860e-01  1.109597494482860e-01  1.109597494482860e-01  1.109597494482860e-01  0
-5.768501007339061e-04  1.186745764173900e-01  1.186745764173900e-01  1.186745764173900e-01  1.186745764173900e-01  0
-5.263431459760307e-04  1.184324389642989e-01  1.184324389642989e-01  1.184324389642989e-01  1.184324389642989e-01  0
-4.802584015561072e-04  1.313290642432005e-01  1.313290642432005e-01  1.313290642432005e-01  1.313290642432005e-01  0
-4.382086743763367e-04  1.403680495715137e-01  1.403680495715137e-01  1.403680495715137e-01  1.403680495715137e-01  0
-3.998406725972338e-04  1.425205264163386e-01  1.425205264163386e-01  1.425205264163386e-01  1.425205264163386e-01  0
-3.648320373633421e-04  1.373961792302629e-01  1.373961792302629e-01  1.373961792302629e-01  1.373961792302629e-01  0
-3.328886344205492e-04  1.164565712503500e-01  1.164565712503500e-01  1.164565712503500e-01  1.164565712503500e-01  0
-3.037420828698105e-04  1.060161575304641e-01  1.060161575304641e-01  1.060161575304641e-01  1.060161575304641e-01  0
-2.771475002944578e-04  9.957665503118443e-02  9.957665503118443e-02  9.957665503118443e-02  9.957665503118443e-02  0
-2.528814453161863e-04  9.991592697499133e-02  9.991592697499133e-02  9.991592697499133e-02  9.991592697499133e-02  0
-2.307400402935625e-04  1.072547510741969e-01  1.072547510741969e-01  1.072547510741969e-01  1.072547510741969e-01  0
-2.105372583904123e-04  1.103404457723152e-01  1.103404457723152e-01  1.103404457723152e-01  1.103404457723152e-01  0
-1.921033606224429e-04  1.220692342286843e-01  1.220692342286843e-01  1.220692342286843e-01  1.220692342286843e-01  0
-1.752834697505346e-04  1.298629946601567e-01  1.298629946601567e-01  1.298629946601567e-01  1.298629946601567e-01  0
-1.599362690388935e-04  1.309789859945597e-01  1.309789859945597e-01  1.309789859945597e-01  1.309789859945597e-01  0
-1.459328149453368e-04  1.252472012473569e-01  1.252472012473569e-01  1.252472012473569e-01  1.252472012473569e-01  0
-1.331554537682197e-04  1.109954913759460e-01  1.109954913759460e-01  1.109954913759460e-01  1.109954913759460e-01  0
-1.214968331479242e-04  1.001230011364694e-01  1.001230011364694e-01  1.001230011364694e-01  1.001230011364694e-01  0
-1.108590001177831e-04  9.335908396750950e-02  9.335908396750950e-02  9.335908396750950e-02  9.335908396750950e-02  0
-1.011525781264745e-04  9.333107706120052e-02  9.333107706120052e-02  9.333107706120052e-02  9.333107706120052e-02  0
-9.229601611742499e-05  1.000877207037703e-01  1.000877207037703e-01  1.000877207037703e-01  1.000877207037703e-01  0
-8.421490335616491e-05  1.080493573672333e-01  1.080493573672333e-01  1.080493573672333e-01  1.080493573672333e-01  0
-7.684134424897715e-05  1.192894508562676e-01  1.192894508562676e-01  1.192894508562676e-01  1.192894508562676e-01  0
-7.011338790021387e-05  1.264490979090293e-01  1.264490979090293e-01  1.264490979090293e-01  1.264490979090293e-01  0
-6.397450761555741e-05  1.268701332959633e-01  1.268701332959633e-01  1.268701332959633e-01  1.268701332959633e-01  0
-5.837312597813474e-05  1.205225013058270e-01  1.205225013058270e-01  1.205225013058270e-01  1.205225013058270e-01  0
-5.326218150728787e-05  1.097541216974424e-01  1.097541216974424e-01  1.097541216974424e-01  1.097541216974424e-01  0
-4.859873325916968e-05  9.869783456205961e-02  9.869783456205961e-02  9.869783456205961e-02  9.869783456205961e-02  0
-4.434360004711325e-05  9.177729382320028e-02  9.177729382320028e-02  9.177729382320028e-02  9.177729382320028e-02  0
-4.046103125058980e-05  9.159198621110674e-02  9.159198621110674e-02  9.159198621110674e-02  9.159198621110674e-02  0
-3.691840644696999e-05  9.813534402619903e-02  9.813534402619903e-02  9.813534402619903e-02  9.813534402619903e-02  0
-3.368596134246597e-05  1.076340996243059e-01  1.076340996243059e-01  1.076340996243059e-01  1.076340996243059e-01  0
-3.073653769959086e-05  1.187807261093900e-01  1.187807261093900e-01  1.187807261093900e-01  1.187807261093900e-01  0
-2.804535516008555e-05  1.258022290451021e-01  1.258022290451021e-01  1.258022290451021e-01  1.258022290451021e-01  0
-2.558980304622297e-05  1.260458290911370e-01  1.260458290911370e-01  1.260458290911370e-01  1.260458290911370e-01  0
-2.334925039125390e-05  1.195040391381874e-01  1.195040391381874e-01  1.195040391381874e-01  1.195040391381874e-01  0
-2.130487260291515e-05  1.095422313328944e-01  1.095422313328944e-01  1.095422313328944e-01  1.095422313328944e-01  0
-1.943949330366787e-05  9.844573836327480e-02  9.844573836327480e-02  9.844573836327480e-02  9.844573836327480e-02  0
-1.773744001884530e-05  9.149037875938183e-02  9.149037875938183e-02  9.149037875938183e-02  9.149037875938183e-02  0
-1.618441250023592e-05  9.127356008276059e-02  9.127356008276059e-02  9.127356008276059e-02  9.127356008276059e-02  0
-1.476736257878800e-05  9.777963497841700e-02  9.777963497841700e-02  9.777963497841700e-02  9.777963497841700e-02  0
-1.347438453698639e-05  1.075677455003918e-01  1.075677455003918e-01  1.075677455003918e-01  1.075677455003918e-01  0
-1.229461507983634e-05  1.187011809669073e-01  1.187011809669073e-01  1.187011809669073e-01  1.187011809669073e-01  0
-1.121814206403422e-05  1.257013715476920e-01  1.257013715476920e-01  1.257013715476920e-01  1.257013715476920e-01  0
-1.023592121848918e-05  1.259146249158928e-01  1.259146249158928e-01  1.259146249158928e-01  1.259146249158928e-01  0
-9.339700156501558e-06  1.193357345815890e-01  1.193357345815890e-01  1.193357345815890e-01  1.193357345815890e-01  0
-8.521949041166062e-06  1.095113306325721e-01  1.095113306325721e-01  1.095113306325721e-01  1.095113306325721e-01  0
-7.775797321467150e-06  9.840681186541328e-02  9.840681186541328e-02  9.840681186541328e-02  9.840681186541328e-02  0
-7.094976007538121e-06  9.144421409545318e-02  9.144421409545318e-02  9.144421409545318e-02  9.144421409545318e-02  0
-6.473765000094370e-06  9.122131888223212e-02  9.122131888223212e-02  9.122131888223212e-02  9.122131888223212e-02  0
-5.906945031515200e-06  9.772158006758318e-02  9.772158006758318e-02  9.772158006758318e-02  9.772158006758318e-02  0
-5.389753814794554e-06  1.075589391187800e-01  1.075589391187800e-01  1.075589391187800e-01  1.075589391187800e-01  0
-4.917846031934537e-06  1.186911178634360e-01  1.186911178634360e-01  1.186911178634360e-01  1.186911178634360e-01  0
-4.487256825613687e-06  1.256888063756003e-01  1.256888063756003e-01  1.256888063756003e-01  1.256888063756003e-01  0
-4.094368487395674e-06  1.258977459009274e-01  1.258977459009274e-01  1.258977459009274e-01  1.258977459009274e-01  0
-3.735880062600623e-06  1.193127297012135e-01  1.193127297012135e-01  1.193127297012135e-01  1.193127297012135e-01  0
-3.408779616466424e-06  1.095094084183391e-01  1.095094084183391e-01  1.095094084183391e-01  1.095094084183391e-01  0
-3.110318928586860e-06  9.840298899846379e-02  9.840298899846379e-02  9.840298899846379e-02  9.840298899846379e-02  0
-2.837990403015248e-06  9.143858928936253e-02  9.143858928936253e-02  9.143858928936253e-02  9.143858928936253e-02  0
-2.589506000037748e-06  9.121430415497299e-02  9.121430415497299e-02  9.121430415497299e-02  9.121430415497299e-02  0
-2.362778012606080e-06  9.771365072859024e-02  9.771365072859024e-02  9.771365072859024e-02  9.771365072859024e-02  0
-2.155901525917819e-06  1.075597549337099e-01  1.075597549337099e-01  1.075597549337099e-01  1.075597549337099e-01  0
-1.967138412773812e-06  1.186922074339751e-01  1.186922074339751e-01  1.186922074339751e-01  1.186922074339751e-01  0
-1.794902730245472e-06  1.256899592164863e-01  1.256899592164863e-01  1.256899592164863e-01  1.256899592164863e-01  0
-1.637747394958267e-06  1.258984829741054e-01  1.258984829741054e-01  1.258984829741054e-01  1.258984829741054e-01  0
-1.494352025040247e-06  1.193124474040782e-01  1.193124474040782e-01  1.193124474040782e-01  1.193124474040782e-01  0
-1.363511846586567e-06  1.095118638214465e-01  1.095118638214465e-01  1.095118638214465e-01  1.095118638214465e-01  0
-1.244127571434742e-06  9.840474837360846e-02  9.840474837360846e-02  9.840474837360846e-02  9.840474837360846e-02  0
-1.135196161206098e-06  9.143971190111827e-02  9.143971190111827e-02  9.143971190111827e-02  9.143971190111827e-02  0
-1.035802400015097e-06  9.121503151131340e-02  9.121503151131340e-02  9.121503151131340e-02  9.121503151131340e-02  0
-9.451112050424303e-07  9.771431361138555e-02  9.771431361138555e-02  9.771431361138555e-02  9.771431361138555e-02  0
-8.623606103671273e-07  1.075622877493069e-01  1.075622877493069e-01  1.075622877493069e-01  1.075622877493069e-01  0
-7.868553651095247e-07  1.186951284943040e-01  1.186951284943040e-01  1.186951284943040e-01  1.186951284943040e-01  0
-7.179610920981888e-07  1.256931734726133e-01  1.256931734726133e-01  1.256931734726133e-01  1.256931734726133e-01  0
-6.550989579833068e-07  1.259017457646085e-01  1.259017457646085e-01  1.259017457646085e-01  1.259017457646085e-01  0
-5.977408100160987e-07  1.193154459129297e-01  1.193154459129297e-01  1.193154459129297e-01  1.193154459129297e-01  0
-5.454047386346270e-07  1.095149040405616e-01  1.095149040405616e-01  1.095149040405616e-01  1.095149040405616e-01  0
-4.976510285738967e-07  9.840736480654522e-02  9.840736480654522e-02  9.840736480654522e-02  9.840736480654522e-02  0
-4.540784644824390e-07  9.144198946770514e-02  9.144198946770514e-02  9.144198946770514e-02  9.144198946770514e-02  0
-4.143209600060390e-07  9.121717329483570e-02  9.121717329483570e-02  9.121717329483570e-02  9.121717329483570e-02  0
-3.780444820169721e-07  9.771656811273026e-02  9.771656811273026e-02  9.771656811273026e-02  9.771656811273026e-02  0
-3.449442441468510e-07  1.075651678408298e-01  1.075651678408298e-01  1.075651678408298e-01  1.075651678408298e-01  0
-3.147421460438099e-07  1.186983650331594e-01  1.186983650331594e-01  1.186983650331594e-01  1.186983650331594e-01  0
-2.871844368392756e-07  1.256966685773835e-01  1.256966685773835e-01  1.256966685773835e-01  1.256966685773835e-01  0
-2.620395831933227e-07  1.259052977137209e-01  1.259052977137209e-01  1.259052977137209e-01  1.259052977137209e-01  0
-2.390963240064395e-07  1.193188228267387e-01  1.193188228267387e-01  1.193188228267387e-01  1.193188228267387e-01  0
-2.181618954538508e-07  1.095179909987448e-01  1.095179909987448e-01  1.095179909987448e-01  1.095179909987448e-01  0
-1.990604114295587e-07  9.841010268276418e-02  9.841010268276418e-02  9.841010268276418e-02  9.841010268276418e-02  0
-1.816313857929756e-07  9.144448031281144e-02  9.144448031281144e-02  9.144448031281144e-02  9.144448031281144e-02  0
-1.657283840024156e-07  9.121961021584983e-02  9.121961021584983e-02  9.121961021584983e-02  9.121961021584983e-02  0
-1.512177928067889e-07  9.771916368676500e-02  9.771916368676500e-02  9.771916368676500e-02  9.771916368676500e-02  0
-1.379776976587404e-07  1.075681326781884e-01  1.075681326781884e-01  1.075681326781884e-01  1.075681326781884e-01  0
-1.258968584175239e-07  1.187016613360988e-01  1.187016613360988e-01  1.187016613360988e-01  1.187016613360988e-01  0
-1.148737747357102e-07  1.257001894180918e-01  1.257001894180918e-01  1.257001894180918e-01  1.257001894180918e-01  0
-1.048158332773291e-07  1.259088502284409e-01  1.259088502284409e-01  1.259088502284409e-01  1.259088502284409e-01  0
-9.563852960257580e-08  1.193222015567073e-01  1.193222015567073e-01  1.193222015567073e-01  1.193222015567073e-01  0
-8.726475818154030e-08  1.095210667088939e-01  1.095210667088939e-01  1.095210667088939e-01  1.095210667088939e-01  0
-7.962416457182346e-08  9.841285367579952e-02  9.841285367579952e-02  9.841285367579952e-02  9.841285367579952e-02  0
-7.265255431719022e-08  9.144701660790908e-02  9.144701660790908e-02  9.144701660790908e-02  9.144701660790908e-02  0
-6.629135360096623e-08  9.122212183620045e-02  9.122212183620045e-02  9.122212183620045e-02  9.122212183620045e-02  0
-6.048711712271553e-08  9.772184842121391e-02  9.772184842121391e-02  9.772184842121391e-02  9.772184842121391e-02  0
-5.519107906349615e-08  1.075711228001927e-01  1.075711228001927e-01  1.075711228001927e-01  1.075711228001927e-01  0
-5.035874336700958e-08  1.187049709858591e-01  1.187049709858591e-01  1.187049709858591e-01  1.187049709858591e-01  0
-4.594950989428408e-08  1.257037067810531e-01  1.257037067810531e-01  1.257037067810531e-01  1.257037067810531e-01  0
-4.192633331093163e-08  1.259123846464323e-01  1.259123846464323e-01  1.259123846464323e-01  1.259123846464323e-01  0
-3.825541184103032e-08  1.193255571791679e-01  1.193255571791679e-01  1.193255571791679e-01  1.193255571791679e-01  0
-3.490590327261613e-08  1.095241331696693e-01  1.095241331696693e-01  1.095241331696693e-01  1.095241331696693e-01  0
-3.184966582872939e-08  9.841560427520826e-02  9.841560427520826e-02  9.841560427520826e-02  9.841560427520826e-02  0
-2.906102172687609e-08  9.144956473345749e-02  9.144956473345749e-02  9.144956473345749e-02  9.144956473345749e-02  0
-2.651654144038649e-08  9.122465642773414e-02  9.122465642773414e-02  9.122465642773414e-02  9.122465642773414e-02  0
-2.419484684908621e-08  9.772456129167327e-02  9.772456129167327e-02  9.772456129167327e-02  9.772456129167327e-02  0
-2.207643162539846e-08  1.075741217130484e-01  1.075741217130484e-01  1.075741217130484e-01  1.075741217130484e-01  0
-2.014349734680383e-08  1.187082843643776e-01  1.187082843643776e-01  1.187082843643776e-01  1.187082843643776e-01  0
-1.837980395771363e-08  1.257072206761694e-01  1.257072206761694e-01  1.257072206761694e-01  1.257072206761694e-01  0
-1.677053332437265e-08  1.259159091136615e-01  1.259159091136615e-01  1.259159091136615e-01  1.259159091136615e-01  0
-1.530216473641213e-08  1.193289001396464e-01  1.193289001396464e-01  1.193289001396464e-01  1.193289001396464e-01  0
-1.396236130904645e-08  1.095271952142607e-01  1.095271952142607e-01  1.095271952142607e-01  1.095271952142607e-01  0
-1.273986633149176e-08  9.841835385004277e-02  9.841835385004277e-02  9.841835385004277e-02  9.841835385004277e-02  0
-1.162440869075044e-08  9.145211660295859e-02  9.145211660295859e-02  9.145211660295859e-02  9.145211660295859e-02  0
-1.060661657615460e-08  9.122719912439103e-02  9.122719912439103e-02  9.122719912439103e-02  9.122719912439103e-02  0
-9.677938739634486e-09  9.772728423084184e-02  9.772728423084184e-02  9.772728423084184e-02  9.772728423084184e-02  0
-8.830572650159383e-09  1.075771240450732e-01  1.075771240450732e-01  1.075771240450732e-01  1.075771240450732e-01  0
-8.057398938721533e-09  1.187115992178526e-01  1.187115992178526e-01  1.187115992178526e-01  1.187115992178526e-01  0
-7.351921583085453e-09  1.257107333783651e-01  1.257107333783651e-01  1.257107333783651e-01  1.257107333783651e-01  0
-6.708213329749061e-09  1.259194302888503e-01  1.259194302888503e-01  1.259194302888503e-01  1.259194302888503e-01  0
-6.120865894564850e-09  1.193322397526198e-01  1.193322397526198e-01  1.193322397526198e-01  1.193322397526198e-01  0
-5.584944523618580e-09  1.095302554202415e-01  1.095302554202415e-01  1.095302554202415e-01  1.095302554202415e-01  0
-5.095946532596702e-09  9.842110289032982e-02  9.842110289032982e-02  9.842110289032982e-02  9.842110289032982e-02  0
-4.649763476300175e-09  9.145466979185328e-02  9.145466979185328e-02  9.145466979185328e-02  9.145466979185328e-02  0
-4.242646630461839e-09  9.122974483235904e-02  9.122974483235904e-02  9.122974483235904e-02  9.122974483235904e-02  0
-3.871175495853794e-09  9.773001091294263e-02  9.773001091294263e-02  9.773001091294263e-02  9.773001091294263e-02  0
-3.532229060063754e-09  1.075801282917472e-01  1.075801282917472e-01  1.075801282917472e-01  1.075801282917472e-01  0
-3.222959575488613e-09  1.187149160995492e-01  1.187149160995492e-01  1.187149160995492e-01  1.187149160995492e-01  0
-2.940768633234181e-09  1.257142490950387e-01  1.257142490950387e-01  1.257142490950387e-01  1.257142490950387e-01  0
-2.683285331899625e-09  1.259229579631357e-01  1.259229579631357e-01  1.259229579631357e-01  1.259229579631357e-01  0
-2.448346357825941e-09  1.193355941593006e-01  1.193355941593006e-01  1.193355941593006e-01  1.193355941593006e-01  0
-2.233977809447432e-09  1.095333149185920e-01  1.095333149185920e-01  1.095333149185920e-01  1.095333149185920e-01  0
-2.038378613038681e-09  9.842385157540923e-02  9.842385157540923e-02  9.842385157540923e-02  9.842385157540923e-02  0
-1.859905390520070e-09  9.145722315227046e-02  9.145722315227046e-02  9.145722315227046e-02  9.145722315227046e-02  0
-1.697058652184735e-09  9.123229113822440e-02  9.123229113822440e-02  9.123229113822440e-02  9.123229113822440e-02  0
-1.548470198341518e-09  9.773273821960321e-02  9.773273821960321e-02  9.773273821960321e-02  9.773273821960321e-02  0
-1.412891624025501e-09  1.075831397051745e-01  1.075831397051745e-01  1.075831397051745e-01  1.075831397051745e-01  0
-1.289183830195445e-09  1.187182506792648e-01  1.187182506792648e-01  1.187182506792648e-01  1.187182506792648e-01  0
-1.176307453293673e-09  1.257178069508662e-01  1.257178069508662e-01  1.257178069508662e-01  1.257178069508662e-01  0
-1.073314132759850e-09  1.259265796422688e-01  1.259265796422688e-01  1.259265796422688e-01  1.259265796422688e-01  0
-9.793385431303761e-10  1.193391426972570e-01  1.193391426972570e-01  1.193391426972570e-01  1.193391426972570e-01  0
-8.935911237789728e-10  1.095363736935444e-01  1.095363736935444e-01  1.095363736935444e-01  1.095363736935444e-01  0
-8.153514452154724e-10  9.842659837922656e-02  9.842659837922656e-02  9.842659837922656e-02  9.842659837922656e-02  0
-7.439621562080280e-10  9.145977312278880e-02  9.145977312278880e-02  9.145977312278880e-02  9.145977312278880e-02  0
-6.788234608738942e-10  9.123483215009492e-02  9.123483215009492e-02  9.123483215009492e-02  9.123483215009492e-02  0
-6.193880793366070e-10  9.773545798688849e-02  9.773545798688849e-02  9.773545798688849e-02  9.773545798688849e-02  0
-5.651566496102005e-10  1.075864290995105e-01  1.075864290995105e-01  1.075864290995105e-01  1.075864290995105e-01  0
-5.156735320781780e-10  1.187222744190189e-01  1.187222744190189e-01  1.187222744190189e-01  1.187222744190189e-01  0
-4.705229813174689e-10  1.257229849493629e-01  1.257229849493629e-01  1.257229849493629e-01  1.257229849493629e-01  0
-4.293256531039398e-10  1.259337659289804e-01  1.259337659289804e-01  1.259337659289804e-01  1.259337659289804e-01  0
-3.917354172521504e-10  1.193499779393727e-01  1.193499779393727e-01  1.193499779393727e-01  1.193499779393727e-01  0
3.917354172521504e-10  1.193499779393765e-01  1.193499779393765e-01  1.193499779393765e-01  1.193499779393765e-01  0
4.293256531039398e-10  1.259337659289837e-01  1.259337659289837e-01  1.259337659289837e-01  1.259337659289837e-01  0
4.705229813174689e-10  1.257229849493657e-01  1.257229849493657e-01  1.257229849493657e-01  1.257229849493657e-01  0
5.156735320781780e-10  1.187222744190215e-01  1.187222744190215e-01  1.187222744190215e-01  1.187222744190215e-01  0
5.651566496102005e-10  1.075864290995130e-01  1.075864290995130e-01  1.075864290995130e-01  1.075864290995130e-01  0
6.193880793366070e-10  9.773545798689366e-02  9.773545798689366e-02  9.773545798689366e-02  9.773545798689366e-02  0
6.788234608738942e-10  9.123483215010011e-02  9.123483215010011e-02  9.123483215010011e-02  9.123483215010011e-02  0
7.439621562080280e-10  9.145977312279382e-02  9.145977312279382e-02  9.145977312279382e-02  9.145977312279382e-02  0
8.153514452154724e-10  9.842659837923153e-02  9.842659837923153e-02  9.842659837923153e-02  9.842659837923153e-02  0
8.935911237789728e-10  1.095363736935488e-01  1.095363736935488e-01  1.095363736935488e-01  1.095363736935488e-01  0
9.793385431303761e-10  1.193391426972655e-01  1.193391426972655e-01  1.193391426972655e-01  1.193391426972655e-01  0
1.073314132759850e-09  1.259265796422760e-01  1.259265796422760e-01  1.259265796422760e-01  1.259265796422760e-01  0
1.176307453293673e-09  1.257178069508723e-01  1.257178069508723e-01  1.257178069508723e-01  1.257178069508723e-01  0
1.289183830195445e-09  1.187182506792702e-01  1.187182506792702e-01  1.187182506792702e-01  1.187182506792702e-01  0
1.412891624025501e-09  1.075831397051799e-01  1.075831397051799e-01  1.075831397051799e-01  1.075831397051799e-01  0
1.548470198341518e-09  9.773273821961546e-02  9.773273821961546e-02  9.773273821961546e-02  9.773273821961546e-02  0
1.697058652184735e-09  9.123229113823685e-02  9.123229113823685e-02  9.123229113823685e-02  9.123229113823685e-02  0
1.859905390520070e-09  9.145722315228269e-02  9.145722315228269e-02  9.145722315228269e-02  9.145722315228269e-02  0
2.038378613038681e-09  9.842385157542079e-02  9.842385157542079e-02  9.842385157542079e-02  9.842385157542079e-02  0
2.233977809447432e-09  1.095333149186024e-01  1.095333149186024e-01  1.095333149186024e-01  1.095333149186024e-01  0
2.448346357825941e-09  1.193355941593211e-01  1.193355941593211e-01  1.193355941593211e-01  1.193355941593211e-01  0
2.683285331899625e-09  1.259229579631526e-01  1.259229579631526e-01  1.259229579631526e-01  1.259229579631526e-01  0
2.940768633234181e-09  1.257142490950531e-01  1.257142490950531e-01  1.257142490950531e-01  1.257142490950531e-01  0
3.222959575488613e-09  1.187149160995621e-01  1.187149160995621e-01  1.187149160995621e-01  1.187149160995621e-01  0
3.532229060063754e-09  1.075801282917597e-01  1.075801282917597e-01  1.075801282917597e-01  1.075801282917597e-01  0
3.871175495853794e-09  9.773001091297383e-02  9.773001091297383e-02  9.773001091297383e-02  9.773001091297383e-02  0
4.242646630461839e-09  9.122974483239019e-02  9.122974483239019e-02  9.122974483239019e-02  9.122974483239019e-02  0
4.649763476300175e-09  9.145466979188360e-02  9.145466979188360e-02  9.145466979188360e-02  9.145466979188360e-02  0
5.095946532596702e-09  9.842110289035835e-02  9.842110289035835e-02  9.842110289035835e-02  9.842110289035835e-02  0
5.584944523618580e-09  1.095302554202668e-01  1.095302554202668e-01  1.095302554202668e-01  1.095302554202668e-01  0
6.120865894564850e-09  1.193322397526722e-01  1.193322397526722e-01  1.193322397526722e-01  1.193322397526722e-01  0
6.708213329749061e-09  1.259194302888937e-01  1.259194302888937e-01  1.259194302888937e-01  1.259194302888937e-01  0
7.351921583085453e-09  1.257107333784021e-01  1.257107333784021e-01  1.257107333784021e-01  1.257107333784021e-01  0
8.057398938721533e-09  1.187115992178860e-01  1.187115992178860e-01  1.187115992178860e-01  1.187115992178860e-01  0
8.830572650159383e-09  1.075771240451056e-01  1.075771240451056e-01  1.075771240451056e-01  1.075771240451056e-01  0
9.677938739634486e-09  9.772728423092134e-02  9.772728423092134e-02  9.772728423092134e-02  9.772728423092134e-02  0
1.060661657615460e-08  9.122719912447042e-02  9.122719912447042e-02  9.122719912447042e-02  9.122719912447042e-02  0
1.162440869075044e-08  9.145211660303579e-02  9.145211660303579e-02  9.145211660303579e-02  9.145211660303579e-02  0
1.273986633149176e-08  9.841835385011501e-02  9.841835385011501e-02  9.841835385011501e-02  9.841835385011501e-02  0
1.396236130904645e-08  1.095271952143254e-01  1.095271952143254e-01  1.095271952143254e-01  1.095271952143254e-01  0
1.530216473641213e-08  1.193289001397792e-01  1.193289001397792e-01  1.193289001397792e-01  1.193289001397792e-01  0
1.677053332437265e-08  1.259159091137720e-01  1.259159091137720e-01  1.259159091137720e-01  1.259159091137720e-01  0
1.837980395771363e-08  1.257072206762637e-01  1.257072206762637e-01  1.257072206762637e-01  1.257072206762637e-01  0
2.014349734680383e-08  1.187082843644629e-01  1.187082843644629e-01  1.187082843644629e-01  1.187082843644629e-01  0
2.207643162539846e-08  1.075741217131308e-01  1.075741217131308e-01  1.075741217131308e-01  1.075741217131308e-01  0
2.419484684908621e-08  9.772456129187231e-02  9.772456129187231e-02  9.772456129187231e-02  9.772456129187231e-02  0
2.651654144038649e-08  9.122465642793298e-02  9.122465642793298e-02  9.122465642793298e-02  9.122465642793298e-02  0
2.906102172687609e-08  9.144956473365135e-02  9.144956473365135e-02  9.144956473365135e-02  9.144956473365135e-02  0
3.184966582872939e-08  9.841560427538983e-02  9.841560427538983e-02  9.841560427538983e-02  9.841560427538983e-02  0
3.490590327261613e-08  1.095241331698325e-01  1.095241331698325e-01  1.095241331698325e-01  1.095241331698325e-01  0
3.825541184103032e-08  1.193255571794995e-01  1.193255571794995e-01  1.193255571794995e-01  1.193255571794995e-01  0
4.192633331093163e-08  1.259123846467083e-01  1.259123846467083e-01  1.259123846467083e-01  1.259123846467083e-01  0
4.594950989428408e-08  1.257037067812885e-01  1.257037067812885e-01  1.257037067812885e-01  1.257037067812885e-01  0
5.035874336700958e-08  1.187049709860723e-01  1.187049709860723e-01  1.187049709860723e-01  1.187049709860723e-01  0
5.519107906349615e-08  1.075711228003985e-01  1.075711228003985e-01  1.075711228003985e-01  1.075711228003985e-01  0
6.048711712271553e-08  9.772184842171106e-02  9.772184842171106e-02  9.772184842171106e-02  9.772184842171106e-02  0
6.629135360096623e-08  9.122212183669735e-02  9.122212183669735e-02  9.122212183669735e-02  9.122212183669735e-02  0
7.265255431719022e-08  9.144701660839366e-02  9.144701660839366e-02  9.144701660839366e-02  9.144701660839366e-02  0
7.962416457182346e-08  9.841285367625330e-02  9.841285367625330e-02  9.841285367625330e-02  9.841285367625330e-02  0
8.726475818154030e-08  1.095210667093015e-01  1.095210667093015e-01  1.095210667093015e-01  1.095210667093015e-01  0
9.563852960257580e-08  1.193222015575354e-01  1.193222015575354e-01  1.193222015575354e-01  1.193222015575354e-01  0
1.048158332773291e-07  1.259088502291299e-01  1.259088502291299e-01  1.259088502291299e-01  1.259088502291299e-01  0
1.148737747357102e-07  1.257001894186794e-01  1.257001894186794e-01  1.257001894186794e-01  1.257001894186794e-01  0
1.258968584175239e-07  1.187016613366308e-01  1.187016613366308e-01  1.187016613366308e-01  1.187016613366308e-01  0
1.379776976587404e-07  1.075681326787023e-01  1.075681326787023e-01  1.075681326787023e-01  1.075681326787023e-01  0
1.512177928067889e-07  9.771916368800714e-02  9.771916368800714e-02  9.771916368800714e-02  9.771916368800714e-02  0
1.657283840024156e-07  9.121961021709141e-02  9.121961021709141e-02  9.121961021709141e-02  9.121961021709141e-02  0
1.816313857929756e-07  9.144448031402187e-02  9.144448031402187e-02  9.144448031402187e-02  9.144448031402187e-02  0
1.990604114295587e-07  9.841010268389790e-02  9.841010268389790e-02  9.841010268389790e-02  9.841010268389790e-02  0
2.181618954538508e-07  1.095179909997630e-01  1.095179909997630e-01  1.095179909997630e-01  1.095179909997630e-01  0
2.390963240064395e-07  1.193188228288091e-01  1.193188228288091e-01  1.193188228288091e-01  1.193188228288091e-01  0
2.620395831933227e-07  1.259052977154431e-01  1.259052977154431e-01  1.259052977154431e-01  1.259052977154431e-01  0
2.871844368392756e-07  1.256966685788524e-01  1.256966685788524e-01  1.256966685788524e-01  1.256966685788524e-01  0
3.147421460438099e-07  1.186983650344890e-01  1.186983650344890e-01  1.186983650344890e-01  1.186983650344890e-01  0
3.449442441468510e-07  1.075651678421138e-01  1.075651678421138e-01  1.075651678421138e-01  1.075651678421138e-01  0
3.780444820169721e-07  9.771656811583600e-02  9.771656811583600e-02  9.771656811583600e-02  9.771656811583600e-02  0
4.143209600060390e-07  9.121717329793924e-02  9.121717329793924e-02  9.121717329793924e-02  9.121717329793924e-02  0
4.540784644824390e-07  9.144198947073073e-02  9.144198947073073e-02  9.144198947073073e-02  9.144198947073073e-02  0
4.976510285738967e-07  9.840736480937876e-02  9.840736480937876e-02  9.840736480937876e-02  9.840736480937876e-02  0
5.454047386346270e-07  1.095149040431065e-01  1.095149040431065e-01  1.095149040431065e-01  1.095149040431065e-01  0
5.977408100160987e-07  1.193154459181043e-01  1.193154459181043e-01  1.193154459181043e-01  1.193154459181043e-01  0
6.550989579833068e-07  1.259017457689145e-01  1.259017457689145e-01  1.259017457689145e-01  1.259017457689145e-01  0
7.179610920981888e-07  1.256931734762865e-01  1.256931734762865e-01  1.256931734762865e-01  1.256931734762865e-01  0
7.868553651095247e-07  1.186951284976289e-01  1.186951284976289e-01  1.186951284976289e-01  1.186951284976289e-01  0
8.623606103671273e-07  1.075622877525175e-01  1.075622877525175e-01  1.075622877525175e-01  1.075622877525175e-01  0
9.451112050424303e-07  9.771431361914354e-02  9.771431361914354e-02  9.771431361914354e-02  9.771431361914354e-02  0
1.035802400015097e-06  9.121503151906329e-02  9.121503151906329e-02  9.121503151906329e-02  9.121503151906329e-02  0
1.135196161206098e-06  9.143971190867292e-02  9.143971190867292e-02  9.143971190867292e-02  9.143971190867292e-02  0
1.244127571434742e-06  9.840474838068516e-02  9.840474838068516e-02  9.840474838068516e-02  9.840474838068516e-02  0
1.363511846586567e-06  1.095118638278036e-01  1.095118638278036e-01  1.095118638278036e-01  1.095118638278036e-01  0
1.494352025040247e-06  1.193124474170409e-01  1.193124474170409e-01  1.193124474170409e-01  1.193124474170409e-01  0
1.637747394958267e-06  1.258984829848948e-01  1.258984829848948e-01  1.258984829848948e-01  1.258984829848948e-01  0
1.794902730245472e-06  1.256899592256870e-01  1.256899592256870e-01  1.256899592256870e-01  1.256899592256870e-01  0
1.967138412773812e-06  1.186922074422962e-01  1.186922074422962e-01  1.186922074422962e-01  1.186922074422962e-01  0
2.155901525917819e-06  1.075597549417373e-01  1.075597549417373e-01  1.075597549417373e-01  1.075597549417373e-01  0
2.362778012606080e-06  9.771365074799075e-02  9.771365074799075e-02  9.771365074799075e-02  9.771365074799075e-02  0
2.589506000037748e-06  9.121430417434695e-02  9.121430417434695e-02  9.121430417434695e-02  9.121430417434695e-02  0
2.837990403015248e-06  9.143858930825347e-02  9.143858930825347e-02  9.143858930825347e-02  9.143858930825347e-02  0
3.110318928586860e-06  9.840298901617045e-02  9.840298901617045e-02  9.840298901617045e-02  9.840298901617045e-02  0
3.408779616466424e-06  1.095094084342584e-01  1.095094084342584e-01  1.095094084342584e-01  1.095094084342584e-01  0
3.735880062600623e-06  1.193127297336883e-01  1.193127297336883e-01  1.193127297336883e-01  1.193127297336883e-01  0
4.094368487395674e-06  1.258977459279881e-01  1.258977459279881e-01  1.258977459279881e-01  1.258977459279881e-01  0
4.487256825613687e-06  1.256888063986783e-01  1.256888063986783e-01  1.256888063986783e-01  1.256888063986783e-01  0
4.917846031934537e-06  1.186911178842891e-01  1.186911178842891e-01  1.186911178842891e-01  1.186911178842891e-01  0
5.389753814794554e-06  1.075589391388725e-01  1.075589391388725e-01  1.075589391388725e-01  1.075589391388725e-01  0
5.906945031515200e-06  9.772158011593265e-02  9.772158011593265e-02  9.772158011593265e-02  9.772158011593265e-02  0
6.473765000094370e-06  9.122131893046867e-02  9.122131893046867e-02  9.122131893046867e-02  9.122131893046867e-02  0
7.094976007538121e-06  9.144421414250369e-02  9.144421414250369e-02  9.144421414250369e-02  9.144421414250369e-02  0
7.775797321467150e-06  9.840681190956341e-02  9.840681190956341e-02  9.840681190956341e-02  9.840681190956341e-02  0
8.521949041166062e-06  1.095113306723218e-01  1.095113306723218e-01  1.095113306723218e-01  1.095113306723218e-01  0
9.339700156501558e-06  1.193357346629837e-01  1.193357346629837e-01  1.193357346629837e-01  1.193357346629837e-01  0
1.023592121848918e-05  1.259146249838820e-01  1.259146249838820e-01  1.259146249838820e-01  1.259146249838820e-01  0
1.121814206403422e-05  1.257013716056655e-01  1.257013716056655e-01  1.257013716056655e-01  1.257013716056655e-01  0
1.229461507983634e-05  1.187011810191619e-01  1.187011810191619e-01  1.187011810191619e-01  1.187011810191619e-01  0
1.347438453698639e-05  1.075677455505823e-01  1.075677455505823e-01  1.075677455505823e-01  1.075677455505823e-01  0
1.476736257878800e-05  9.777963509815032e-02  9.777963509815032e-02  9.777963509815032e-02  9.777963509815032e-02  0
1.618441250023592e-05  9.127356020194254e-02  9.127356020194254e-02  9.127356020194254e-02  9.127356020194254e-02  0
1.773744001884530e-05  9.149037887574152e-02  9.149037887574152e-02  9.149037887574152e-02  9.149037887574152e-02  0
1.943949330366787e-05  9.844573847277498e-02  9.844573847277498e-02  9.844573847277498e-02  9.844573847277498e-02  0
2.130487260291515e-05  1.095422314318426e-01  1.095422314318426e-01  1.095422314318426e-01  1.095422314318426e-01  0
2.334925039125390e-05  1.195040393416992e-01  1.195040393416992e-01  1.195040393416992e-01  1.195040393416992e-01  0
2.558980304622297e-05  1.260458292622690e-01  1.260458292622690e-01  1.260458292622690e-01  1.260458292622690e-01  0
2.804535516008555e-05  1.258022291911360e-01  1.258022291911360e-01  1.258022291911360e-01  1.258022291911360e-01  0
3.073653769959086e-05  1.187807262403834e-01  1.187807262403834e-01  1.187807262403834e-01  1.187807262403834e-01  0
3.368596134246597e-05  1.076340997492684e-01  1.076340997492684e-01  1.076340997492684e-01  1.076340997492684e-01  0
3.691840644696999e-05  9.813534431684090e-02  9.813534431684090e-02  9.813534431684090e-02  9.813534431684090e-02  0
4.046103125058980e-05  9.159198649900387e-02  9.159198649900387e-02  9.159198649900387e-02  9.159198649900387e-02  0
4.434360004711325e-05  9.177729410488081e-02  9.177729410488081e-02  9.177729410488081e-02  9.177729410488081e-02  0
4.859873325916968e-05  9.869783482891847e-02  9.869783482891847e-02  9.869783482891847e-02  9.869783482891847e-02  0
5.326218150728787e-05  1.097541219406999e-01  1.097541219406999e-01  1.097541219406999e-01  1.097541219406999e-01  0
5.837312597813474e-05  1.205225018000815e-01  1.205225018000815e-01  1.205225018000815e-01  1.205225018000815e-01  0
6.397450761555741e-05  1.268701337194697e-01  1.268701337194697e-01  1.268701337194697e-01  1.268701337194697e-01  0
7.011338790021387e-05  1.264490982729765e-01  1.264490982729765e-01  1.264490982729765e-01  1.264490982729765e-01  0
7.684134424897715e-05  1.192894511810033e-01  1.192894511810033e-01  1.192894511810033e-01  1.192894511810033e-01  0
8.421490335616491e-05  1.080493576734930e-01  1.080493576734930e-01  1.080493576734930e-01  1.080493576734930e-01  0
9.229601611742499e-05  1.000877213536235e-01  1.000877213536235e-01  1.000877213536235e-01  1.000877213536235e-01  0
1.011525781264745e-04  9.333107770365807e-02  9.333107770365807e-02  9.333107770365807e-02  9.333107770365807e-02  0
1.108590001177831e-04  9.335908460119639e-02  9.335908460119639e-02  9.335908460119639e-02  9.335908460119639e-02  0
1.214968331479242e-04  1.001230017465116e-01  1.001230017465116e-01  1.001230017465116e-01  1.001230017465116e-01  0
1.331554537682197e-04  1.109954919432099e-01  1.109954919432099e-01  1.109954919432099e-01  1.109954919432099e-01  0
1.459328149453368e-04  1.252472022687710e-01  1.252472022687710e-01  1.252472022687710e-01  1.252472022687710e-01  0
1.599362690388935e-04  1.309789869129289e-01  1.309789869129289e-01  1.309789869129289e-01  1.309789869129289e-01  0
1.752834697505346e-04  1.298629954744835e-01  1.298629954744835e-01  1.298629954744835e-01  1.298629954744835e-01  0
1.921033606224429e-04  1.220692349631483e-01  1.220692349631483e-01  1.220692349631483e-01  1.220692349631483e-01  0
2.105372583904123e-04  1.103404464622374e-01  1.103404464622374e-01  1.103404464622374e-01  1.103404464622374e-01  0
2.307400402935625e-04  1.072547521686159e-01  1.072547521686159e-01  1.072547521686159e-01  1.072547521686159e-01  0
2.528814453161863e-04  9.991592807751172e-02  9.991592807751172e-02  9.991592807751172e-02  9.991592807751172e-02  0
2.771475002944578e-04  9.957665614917201e-02  9.957665614917201e-02  9.957665614917201e-02  9.957665614917201e-02  0
3.037420828698105e-04  1.060161586475055e-01  1.060161586475055e-01  1.060161586475055e-01  1.060161586475055e-01  0
3.328886344205492e-04  1.164565723343715e-01  1.164565723343715e-01  1.164565723343715e-01  1.164565723343715e-01  0
3.648320373633421e-04  1.373961805745884e-01  1.373961805745884e-01  1.373961805745884e-01  1.373961805745884e-01  0
3.998406725972338e-04  1.425205277187451e-01  1.425205277187451e-01  1.425205277187451e-01  1.425205277187451e-01  0
4.382086743763367e-04  1.403680508025263e-01  1.403680508025263e-01  1.403680508025263e-01  1.403680508025263e-01  0
4.802584015561072e-04  1.313290654051080e-01  1.313290654051080e-01  1.313290654051080e-01  1.313290654051080e-01  0
5.263431459760307e-04  1.184324400868637e-01  1.184324400868637e-01  1.184324400868637e-01  1.184324400868637e-01  0
5.768501007339061e-04  1.186745774650888e-01  1.186745774650888e-01  1.186745774650888e-01  1.186745774650888e-01  0
6.322036132904656e-04  1.109597505421653e-01  1.109597505421653e-01  1.109597505421653e-01  1.109597505421653e-01  0
6.928687507361445e-04  1.107186033141769e-01  1.107186033141769e-01  1.107186033141769e-01  1.107186033141769e-01  0
7.593552071745262e-04  1.175634719679025e-01  1.175634719679025e-01  1.175634719679025e-01  1.175634719679025e-01  0
8.322215860513730e-04  1.283673630318768e-01  1.283673630318768e-01  1.283673630318768e-01  1.283673630318768e-01  0
9.120800934083554e-04  1.493552753424635e-01  1.493552753424635e-01  1.493552753424635e-01  1.493552753424635e-01  0
9.996016814930845e-04  1.554662352727294e-01  1.554662352727294e-01  1.554662352727294e-01  1.554662352727294e-01  0
1.095521685940842e-03  1.536500165998771e-01  1.536500165998771e-01  1.536500165998771e-01  1.536500165998771e-01  0
1.200646003890268e-03  1.442565085507675e-01  1.442565085507675e-01  1.442565085507675e-01  1.442565085507675e-01  0
1.315857864940077e-03  1.306025158832369e-01  1.306025158832369e-01  1.306025158832369e-01  1.306025158832369e-01  0
1.442125251834765e-03  1.310811483100474e-01  1.310811483100474e-01  1.310811483100474e-01  1.310811483100474e-01  0
1.580509033226164e-03  1.217327932398810e-01  1.217327932398810e-01  1.217327932398810e-01  1.217327932398810e-01  0
1.732171876840361e-03  1.205536696967547e-01  1.205536696967547e-01  1.205536696967547e-01  1.205536696967547e-01  0
1.898388017936316e-03  1.274178171349405e-01  1.274178171349405e-01  1.274178171349405e-01  1.274178171349405e-01  0
2.080553965128433e-03  1.390401131314229e-01  1.390401131314229e-01  1.390401131314229e-01  1.390401131314229e-01  0
2.280200233520888e-03  1.695246620966008e-01  1.695246620966008e-01  1.695246620966008e-01  1.695246620966008e-01  0
2.499004203732711e-03  1.738178799192273e-01  1.738178799192273e-01  1.738178799192273e-01  1.738178799192273e-01  0
2.738804214852104e-03  1.709614845333765e-01  1.709614845333765e-01  1.709614845333765e-01  1.709614845333765e-01  0
3.001615009725670e-03  1.603515896101834e-01  1.603515896101834e-01  1.603515896101834e-01  1.603515896101834e-01  0
3.289644662350192e-03  1.449687203241901e-01  1.449687203241901e-01  1.449687203241901e-01  1.449687203241901e-01  0
3.605313129586914e-03  2.865563439374277e-01  2.865563439374277e-01  2.865563439374277e-01  2.865563439374277e-01  0
3.951272583065412e-03  2.219316091392603e-01  2.219316091392603e-01  2.219316091392603e-01  2.219316091392603e-01  0
4.330429692100905e-03  1.839965149221413e-01  1.839965149221413e-01  1.839965149221413e-01  1.839965149221413e-01  0
4.745970044840789e-03  1.680490722772261e-01  1.680490722772261e-01  1.680490722772261e-01  1.680490722772261e-01  0
5.201384912821082e-03  1.667496610454999e-01  1.667496610454999e-01  1.667496610454999e-01  1.667496610454999e-01  0
5.700500583802221e-03  9.504924018024294e-01  9.504924018024294e-01  9.504924018024294e-01  9.504924018024294e-01  0
6.247510509331778e-03  8.034020600618497e-01  8.034020600618497e-01  8.034020600618497e-01  8.034020600618497e-01  0
6.847010537130260e-03  6.493205313408592e-01  6.493205313408592e-01  6.493205313408592e-01  6.493205313408592e-01  0
7.504037524314174e-03  5.051085771606828e-01  5.051085771606828e-01  5.051085771606828e-01  5.051085771606828e-01  0
8.224111655875480e-03  3.820769049544905e-01  3.820769049544905e-01  3.820769049544905e-01  3.820769049544905e-01  0
9.013282823967282e-03  9.729580310984139e-01  9.729580310984139e-01  9.729580310984139e-01  9.729580310984139e-01  0
9.878181457663527e-03  1.093548876363586e+00  1.093548876363586e+00  1.093548876363586e+00  1.093548876363586e+00  0
1.082607423025226e-02  1.154825783944785e+00  1.154825783944785e+00  1.154825783944785e+00  1.154825783944785e+00  0
1.186492511210197e-02  1.147537918370020e+00  1.147537918370020e+00  1.147537918370020e+00  1.147537918370020e+00  0
1.300346228205270e-02  1.075875675518128e+00  1.075875675518128e+00  1.075875675518128e+00  1.075875675518128e+00  0
1.425125145950555e-02  2.504660472307871e-01  2.504660472307871e-01  2.504660472307871e-01  2.504660472307871e-01  0
1.561877627332944e-02  3.529887040426319e-01  3.529887040426319e-01  3.529887040426319e-01  3.529887040426319e-01  0
1.711752634282565e-02  4.864049562020181e-01  4.864049562020181e-01  4.864049562020181e-01  4.864049562020181e-01  0
1.876009381078543e-02  6.448060012004612e-01  6.448060012004612e-01  6.448060012004612e-01  6.448060012004612e-01  0
2.056027913968870e-02  8.132761099943587e-01  8.132761099943587e-01  8.132761099943587e-01  8.132761099943587e-01  0
2.253320705991821e-02  9.537921166734667e-02  9.537921166734667e-02  9.537921166734667e-02  9.537921166734667e-02  0
2.469545364415882e-02  1.022468438273365e-01  1.022468438273365e-01  1.022468438273365e-01  1.022468438273365e-01  0
2.706518557563065e-02  1.167401427692061e-01  1.167401427692061e-01  1.167401427692061e-01  1.167401427692061e-01  0
2.966231278025493e-02  1.441000460543277e-01  1.441000460543277e-01  1.441000460543277e-01  1.441000460543277e-01  0
3.250865570513176e-02  1.905297393606623e-01  1.905297393606623e-01  1.905297393606623e-01  1.905297393606623e-01  0
3.562812864876388e-02  8.879765094469139e-02  8.879765094469139e-02  8.879765094469139e-02  8.879765094469139e-02  0
3.904694068332362e-02  9.739098753028376e-02  9.739098753028376e-02  9.739098753028376e-02  9.739098753028376e-02  0
4.279381585706413e-02  1.024444816096741e-01  1.024444816096741e-01  1.024444816096741e-01  1.024444816096741e-01  0
4.690023452696359e-02  1.045772189024288e-01  1.045772189024288e-01  1.045772189024288e-01  1.045772189024288e-01  0
5.140069784922175e-02  1.051950278641032e-01  1.051950278641032e-01  1.051950278641032e-01  1.051950278641032e-01  0
5.633301764979552e-02  1.699623271627582e-01  1.699623271627582e-01  1.699623271627582e-01  1.699623271627582e-01  0
6.173863411039705e-02  1.496890892637187e-01  1.496890892637187e-01  1.496890892637187e-01  1.496890892637187e-01  0
6.766296393907663e-02  1.315212756545541e-01  1.315212756545541e-01  1.315212756545541e-01  1.315212756545541e-01  0
7.415578195063734e-02  1.184550571139032e-01  1.184550571139032e-01  1.184550571139032e-01  1.184550571139032e-01  0
8.127163926282940e-02  1.109375984438118e-01  1.109375984438118e-01  1.109375984438118e-01  1.109375984438118e-01  0
8.907032162190970e-02  1.027581388692536e+00  1.027581388692536e+00  1.027581388692536e+00  1.027581388692536e+00  0
9.761735170830904e-02  8.491929223764286e-01  8.491929223764286e-01  8.491929223764286e-01  8.491929223764286e-01  0
1.069845396426603e-01  6.697976505177925e-01  6.697976505177925e-01  6.697976505177925e-01  6.697976505177925e-01  0
1.172505863174090e-01  5.094729807900500e-01  5.094729807900500e-01  5.094729807900500e-01  5.094729807900500e-01  0
1.285017446230544e-01  3.784528453821326e-01  3.784528453821326e-01  3.784528453821326e-01  3.784528453821326e-01  0
1.408325441244888e-01  1.748080187182844e+00  1.748080187182844e+00  1.748080187182844e+00  1.748080187182844e+00  0
1.543465852759926e-01  1.862347699690996e+00  1.862347699690996e+00  1.862347699690996e+00  1.862347699690996e+00  0
1.691574098476915e-01  1.859233114611154e+00  1.859233114611154e+00  1.859233114611154e+00  1.859233114611154e+00  0
1.853894548765933e-01  1.742368286987056e+00  1.742368286987056e+00  1.742368286987056e+00  1.742368286987056e+00  0
2.031790981570734e-01  1.537089745221362e+00  1.537089745221362e+00  1.537089745221362e+00  1.537089745221362e+00  0
2.226758040547741e-01  4.814104483759770e-01  4.814104483759770e-01  4.814104483759770e-01  4.814104483759770e-01  0
2.440433792707724e-01  7.144484566887030e-01  7.144484566887030e-01  7.144484566887030e-01  7.144484566887030e-01  0
2.674613491066506e-01  9.910936561186058e-01  9.910936561186058e-01  9.910936561186058e-01  9.910936561186058e-01  0
2.931264657935223e-01  1.285464840901756e+00  1.285464840901756e+00  1.285464840901756e+00  1.285464840901756e+00  0
3.212543615576358e-01  1.559302235861939e+00  1.559302235861939e+00  1.559302235861939e+00  1.559302235861939e+00  0
3.520813603112218e-01  2.424671710682168e-02  2.424671710682168e-02  2.424671710682168e-02  2.424671710682168e-02  0
3.858664631899814e-01  5.039400345688081e-02  5.039400345688081e-02  5.039400345688081e-02  5.039400345688081e-02  0
4.228935246192287e-01  9.795282323687576e-02  9.795282323687576e-02  9.795282323687576e-02  9.795282323687576e-02  0
4.634736371914831e-01  1.779793713627796e-01  1.779793713627796e-01  1.779793713627796e-01  1.779793713627796e-01  0
5.079477453926835e-01  3.022691476907604e-01  3.022691476907604e-01  3.022691476907604e-01  3.022691476907604e-01  0
5.566895101369354e-01  1.655731808332947e-04  1.655731808332947e-04  1.655731808332947e-04  1.655731808332947e-04  0
6.101084481769312e-01  5.726918222139577e-04  5.726918222139577e-04  5.726918222139577e-04  5.726918222139577e-04  0
6.686533727666267e-01  1.685481628738127e-03  1.685481628738127e-03  1.685481628738127e-03  1.685481628738127e-03  0
7.328161644838058e-01  4.450088631099404e-03  4.450088631099404e-03  4.450088631099404e-03  4.450088631099404e-03  0
8.031359038940895e-01  1.077426298551677e-02  1.077426298551677e-02  1.077426298551677e-02  1.077426298551677e-02  0
8.802034007780546e-01  -6.702945771418036e-06  -6.702945771418036e-06  -6.702945771418036e-06  -6.702945771418036e-06  0
9.646661579749535e-01  -1.002641496153982e-05  -1.002641496153982e-05  -1.002641496153982e-05  -1.002641496153982e-05  0
1.057233811548072e+00  -1.128051962446012e-05  -1.128051962446012e-05  -1.128051962446012e-05  -1.128051962446012e-05  0
1.158684092978708e+00  -1.091743002870313e-06  -1.091743002870313e-06  -1.091743002870313e-06  -1.091743002870313e-06  0
1.269869363481709e+00  4.805615332180760e-05  4.805615332180760e-05  4.805615332180760e-05  4.805615332180760e-05  0
1.391723775342338e+00  9.424635455286447e-09  9.424635455286447e-09  9.424635455286447e-09  9.424635455286447e-09  0
1.525271120442328e+00  2.061797886120661e-08  2.061797886120661e-08  2.061797886120661e-08  2.061797886120661e-08  0
1.671633431916567e+00  5.303750559806963e-08  5.303750559806963e-08  5.303750559806963e-08  5.303750559806963e-08  0
1.832040411209515e+00  1.593749982658434e-07  1.593749982658434e-07  1.593749982658434e-07  1.593749982658434e-07  0
2.007839759735224e+00  5.069429920003054e-07  5.069429920003054e-07  5.069429920003054e-07  5.069429920003054e-07  0
2.200508501945137e+00  2.027214715198000e-10  2.027214715198000e-10  2.027214715198000e-10  2.027214715198000e-10  0
2.411665394937384e+00  3.664657386564021e-10  3.664657386564021e-10  3.664657386564021e-10  3.664657386564021e-10  0
2.643084528870180e+00  4.037097678803067e-10  4.037097678803067e-10  4.037097678803067e-10  4.037097678803067e-10  0
2.896710232446770e+00  -4.364425463115923e-10  -4.364425463115923e-10  -4.364425463115923e-10  -4.364425463115923e-10  0
3.174673408704273e+00  -4.328882827693175e-09  -4.328882827693175e-09  -4.328882827693175e-09  -4.328882827693175e-09  0
