-2.20050850194513714086e+00 1.16543081026007028862e-04 1.16543081026007028862e-04 1.16543081026007028862e-04 1.16543081026007028862e-04 0
-2.00783975973522421654e+00 1.45758293149727077452e-04 1.45758293149727077452e-04 1.45758293149727077452e-04 1.45758293149727077452e-04 0
-1.83204041120951499622e+00 1.25573696366267572536e-04 1.25573696366267572536e-04 1.25573696366267572536e-04 1.25573696366267572536e-04 0
-1.67163343191656688091e+00 2.33762911021515159757e-04 2.33762911021515159757e-04 2.33762911021515159757e-04 2.33762911021515159757e-04 0
-1.52527112044232815435e+00 1.58815847550885163664e-04 1.58815847550885163664e-04 1.58815847550885163664e-04 1.58815847550885163664e-04 0
-1.39172377534233904228e+00 4.85767113012338324317e-04 4.85767113012338324317e-04 4.85767113012338324317e-04 4.85767113012338324317e-04 0
-1.26986936348170909028e+00 9.18850758191944150775e-04 9.18850758191944150775e-04 9.18850758191944150775e-04 9.18850758191944150775e-04 0
-1.15868409297870789132e+00 1.63708760212261214724e-03 1.63708760212261214724e-03 1.63708760212261214724e-03 1.63708760212261214724e-03 0
-1.05723381154807194449e+00 2.40079232643195189870e-03 2.40079232643195189870e-03 2.40079232643195189870e-03 2.40079232643195189870e-03 0
-9.64666157974953475396e-01 3.89339120347856424559e-03 3.89339120347856424559e-03 3.89339120347856424559e-03 3.89339120347856424559e-03 0
-8.80203400778054700915e-01 5.15046456097375919547e-03 5.15046456097375919547e-03 5.15046456097375919547e-03 5.15046456097375919547e-03 0
-8.03135903894089508981e-01 6.48236736235244769000e-03 6.48236736235244769000e-03 6.48236736235244769000e-03 6.48236736235244769000e-03 0
-7.32816164483805709828e-01 8.46244681573319820767e-03 8.46244681573319820767e-03 8.46244681573319820767e-03 8.46244681573319820767e-03 0
-6.68653372766626730161e-01 1.07132186025092890347e-02 1.07132186025092890347e-02 1.07132186025092890347e-02 1.07132186025092890347e-02 0
-6.10108448176931106310e-01 1.29915817127857439323e-02 1.29915817127857439323e-02 1.29915817127857439323e-02 1.29915817127857439323e-02 0
-5.56689510136935350459e-01 1.64678611523304922748e-02 1.64678611523304922748e-02 1.64678611523304922748e-02 1.64678611523304922748e-02 0
-5.07947745392683502885e-01 2.13178402030938796141e-02 2.13178402030938796141e-02 2.13178402030938796141e-02 2.13178402030938796141e-02 0
-4.63473637191483156528e-01 2.44016374503247604477e-02 2.44016374503247604477e-02 2.44016374503247604477e-02 2.44016374503247604477e-02 0
-4.22893524619228744488e-01 3.07097264523967031224e-02 3.07097264523967031224e-02 3.07097264523967031224e-02 3.07097264523967031224e-02 0
-3.85866463189981301340e-01 3.50769988164923024465e-02 3.50769988164923024465e-02 3.50769988164923024465e-02 3.50769988164923024465e-02 0
-3.52081360311221891468e-01 4.49521695172172483512e-02 4.49521695172172483512e-02 4.49521695172172483512e-02 4.49521695172172483512e-02 0
-3.21254361557635814695e-01 5.91787596258639414515e-02 5.91787596258639414515e-02 5.91787596258639414515e-02 5.91787596258639414515e-02 0
-2.93126465793522417158e-01 7.90821611031618937337e-02 7.90821611031618937337e-02 7.90821611031618937337e-02 7.90821611031618937337e-02 0
-2.67461349106650703167e-01 1.04210378774508935495e-01 1.04210378774508935495e-01 1.04210378774508935495e-01 1.04210378774508935495e-01 0
-2.44043379270772520240e-01 1.40285734835428499423e-01 1.40285734835428499423e-01 1.40285734835428499423e-01 1.40285734835428499423e-01 0
-2.22675804054774217899e-01 1.79639458194057410889e-01 1.79639458194057410889e-01 1.79639458194057410889e-01 1.79639458194057410889e-01 0
-2.03179098157073412256e-01 2.22981177809269681678e-01 2.22981177809269681678e-01 2.22981177809269681678e-01 2.22981177809269681678e-01 0
-1.85389454876593307020e-01 2.78563528191920983801e-01 2.78563528191920983801e-01 2.78563528191920983801e-01 2.78563528191920983801e-01 0
-1.69157409847691508897e-01 3.34180694592193905379e-01 3.34180694592193905379e-01 3.34180694592193905379e-01 3.34180694592193905379e-01 0
-1.54346585275992514985e-01 4.01450571738382666620e-01 4.01450571738382666620e-01 4.01450571738382666620e-01 4.01450571738382666620e-01 0
-1.40832544124488812098e-01 4.62176662486671385732e-01 4.62176662486671385732e-01 4.62176662486671385732e-01 4.62176662486671385732e-01 0
-1.28501744623054303673e-01 5.28985174322705198335e-01 5.28985174322705198335e-01 5.28985174322705198335e-01 5.28985174322705198335e-01 0
-1.17250586317408908577e-01 5.81765402556507438270e-01 5.81765402556507438270e-01 5.81765402556507438270e-01 5.81765402556507438270e-01 0
-1.06984539642660303471e-01 6.38530304621871991344e-01 6.38530304621871991344e-01 6.38530304621871991344e-01 6.38530304621871991344e-01 0
-9.76173517083089858914e-02 6.70081873669415850614e-01 6.70081873669415850614e-01 6.70081873669415850614e-01 6.70081873669415850614e-01 0
-8.90703216219096705064e-02 7.06540189371834714827e-01 7.06540189371834714827e-01 7.06540189371834714827e-01 7.06540189371834714827e-01 0
-8.12716392628293760048e-02 7.16075444513112446820e-01 7.16075444513112446820e-01 7.16075444513112446820e-01 7.16075444513112446820e-01 0
-7.41557819506373228080e-02 7.16797798806291908136e-01 7.16797798806291908136e-01 7.16797798806291908136e-01 7.16797798806291908136e-01 0
-6.76629639390766007834e-02 6.94803265104373179994e-01 6.94803265104373179994e-01 6.94803265104373179994e-01 6.94803265104373179994e-01 0
-6.17386341103970184840e-02 6.67063148729994837005e-01 6.67063148729994837005e-01 6.67063148729994837005e-01 6.67063148729994837005e-01 0
-5.63330176497955012471e-02 6.15674239187645411242e-01 6.15674239187645411242e-01 6.15674239187645411242e-01 6.15674239187645411242e-01 0
-5.14006978492217297960e-02 5.71773058879168294411e-01 5.71773058879168294411e-01 5.71773058879168294411e-01 5.71773058879168294411e-01 0
-4.69002345269635689817e-02 5.66613771828390566654e-01 5.66613771828390566654e-01 5.66613771828390566654e-01 5.66613771828390566654e-01 0
-4.27938158570641130618e-02 5.24441577944746661899e-01 5.24441577944746661899e-01 5.24441577944746661899e-01 5.24441577944746661899e-01 0
-3.90469406833235874177e-02 5.27117623391534673161e-01 5.27117623391534673161e-01 5.27117623391534673161e-01 5.27117623391534673161e-01 0
-3.56281286487638709781e-02 4.94866533790845442020e-01 4.94866533790845442020e-01 4.94866533790845442020e-01 4.94866533790845442020e-01 0
-3.25086557051317490141e-02 4.97382660937225828945e-01 4.97382660937225828945e-01 4.97382660937225828945e-01 4.97382660937225828945e-01 0
-2.96623127802549194088e-02 4.78288423136737805841e-01 4.78288423136737805841e-01 4.78288423136737805841e-01 4.78288423136737805841e-01 0
-2.70651855756306389256e-02 4.79706420424516000178e-01 4.79706420424516000178e-01 4.79706420424516000178e-01 4.79706420424516000178e-01 0
-2.46954536441588087814e-02 4.69127706008404032900e-01 4.69127706008404032900e-01 4.69127706008404032900e-01 4.69127706008404032900e-01 0
-2.25332070599182018866e-02 4.69202072527708735628e-01 4.69202072527708735628e-01 4.69202072527708735628e-01 4.69202072527708735628e-01 0
-2.05602791396886919184e-02 4.68971609700379155061e-01 4.68971609700379155061e-01 4.68971609700379155061e-01 4.68971609700379155061e-01 0
-1.87600938107854303682e-02 4.69186075510052813531e-01 4.69186075510052813531e-01 4.69186075510052813531e-01 4.69186075510052813531e-01 0
-1.71175263428256507758e-02 4.76406085049029925926e-01 4.76406085049029925926e-01 4.76406085049029925926e-01 4.76406085049029925926e-01 0
-1.56187762733294398243e-02 4.78355326783372614141e-01 4.78355326783372614141e-01 4.78355326783372614141e-01 4.78355326783372614141e-01 0
-1.42512514595055511668e-02 4.89978298804511935849e-01 4.89978298804511935849e-01 4.89978298804511935849e-01 4.89978298804511935849e-01 0
-1.30034622820527009934e-02 4.95975603660111563631e-01 4.95975603660111563631e-01 4.95975603660111563631e-01 4.95975603660111563631e-01 0
-1.18649251121019701921e-02 5.07280108311898958462e-01 5.07280108311898958462e-01 5.07280108311898958462e-01 5.07280108311898958462e-01 0
-1.08260742302522597336e-02 5.15621153734035386762e-01 5.15621153734035386762e-01 5.15621153734035386762e-01 5.15621153734035386762e-01 0
-9.87818145766352143089e-03 5.28916771910100336207e-01 5.28916771910100336207e-01 5.28916771910100336207e-01 5.28916771910100336207e-01 0
-9.01328282396728075465e-03 5.37756461902535121133e-01 5.37756461902535121133e-01 5.37756461902535121133e-01 5.37756461902535121133e-01 0
-8.22411165587547642042e-03 5.52505518792655303528e-01 5.52505518792655303528e-01 5.52505518792655303528e-01 5.52505518792655303528e-01 0
-7.50403752431417180035e-03 5.60624262118141869493e-01 5.60624262118141869493e-01 5.60624262118141869493e-01 5.60624262118141869493e-01 0
-6.84701053713025840214e-03 5.75192166193841836197e-01 5.75192166193841836197e-01 5.75192166193841836197e-01 5.75192166193841836197e-01 0
-6.24751050933177506236e-03 5.82346754296150015406e-01 5.82346754296150015406e-01 5.82346754296150015406e-01 5.82346754296150015406e-01 0
-5.70050058380221821158e-03 5.95690048140707029134e-01 5.95690048140707029134e-01 5.95690048140707029134e-01 5.95690048140707029134e-01 0
-5.20138491282107900959e-03 6.01525217691779690021e-01 6.01525217691779690021e-01 6.01525217691779690021e-01 6.01525217691779690021e-01 0
-4.74597004484078686254e-03 6.13586545709753794497e-01 6.13586545709753794497e-01 6.13586545709753794497e-01 6.13586545709753794497e-01 0
-4.33042969210090198523e-03 6.28575926434156384559e-01 6.28575926434156384559e-01 6.28575926434156384559e-01 6.28575926434156384559e-01 0
-3.95127258306540891930e-03 6.41175099283517679893e-01 6.41175099283517679893e-01 6.41175099283517679893e-01 6.41175099283517679893e-01 0
-3.60531312958691212839e-03 6.60606748832167300911e-01 6.60606748832167300911e-01 6.60606748832167300911e-01 6.60606748832167300911e-01 0
-3.28964466235019117532e-03 6.72989426910583277142e-01 6.72989426910583277142e-01 6.72989426910583277142e-01 6.72989426910583277142e-01 0
-3.00161500972566906709e-03 6.95275590589345515724e-01 6.95275590589345515724e-01 6.95275590589345515724e-01 6.95275590589345515724e-01 0
-2.73880421485210318738e-03 7.11702058802104908786e-01 7.11702058802104908786e-01 7.11702058802104908786e-01 7.11702058802104908786e-01 0
-2.49900420373270993821e-03 7.36944583894622473608e-01 7.36944583894622473608e-01 7.36944583894622473608e-01 7.36944583894622473608e-01 0
-2.28020023352088797852e-03 7.57794774326211451054e-01 7.57794774326211451054e-01 7.57794774326211451054e-01 7.57794774326211451054e-01 0
-2.08055396512843221099e-03 7.93819761289976888463e-01 7.93819761289976888463e-01 7.93819761289976888463e-01 7.93819761289976888463e-01 0
-1.89838801793631517870e-03 8.20992262936954375618e-01 8.20992262936954375618e-01 8.20992262936954375618e-01 8.20992262936954375618e-01 0
-1.73217187684036096756e-03 8.60775547179303268663e-01 8.60775547179303268663e-01 8.60775547179303268663e-01 8.60775547179303268663e-01 0
-1.58050903322616391466e-03 8.92868356331497858847e-01 8.92868356331497858847e-01 8.92868356331497858847e-01 8.92868356331497858847e-01 0
-1.44212525183476511156e-03 9.37001602418301215991e-01 9.37001602418301215991e-01 9.37001602418301215991e-01 9.37001602418301215991e-01 0
-1.31585786494007607982e-03 9.74624219923265533438e-01 9.74624219923265533438e-01 9.74624219923265533438e-01 9.74624219923265533438e-01 0
-1.20064600389026797378e-03 1.02261661512908075267e+00 1.02261661512908075267e+00 1.02261661512908075267e+00 1.02261661512908075267e+00 0
-1.09552168594084092801e-03 1.06502406522452530702e+00 1.06502406522452530702e+00 1.06502406522452530702e+00 1.06502406522452530702e+00 0
-9.99601681493084105387e-04 1.11713457752326617012e+00 1.11713457752326617012e+00 1.11713457752326617012e+00 1.11713457752326617012e+00 0
-9.12080093408355169725e-04 1.16500651532001131550e+00 1.16500651532001131550e+00 1.16500651532001131550e+00 1.16500651532001131550e+00 0
-8.32221586051372971132e-04 1.22251948673441512838e+00 1.22251948673441512838e+00 1.22251948673441512838e+00 1.22251948673441512838e+00 0
-7.59355207174526093163e-04 1.27437331774542683682e+00 1.27437331774542683682e+00 1.27437331774542683682e+00 1.27437331774542683682e+00 0
-6.92868750736144387026e-04 1.33618169706778400219e+00 1.33618169706778400219e+00 1.33618169706778400219e+00 1.33618169706778400219e+00 0
-6.32203613290465522498e-04 1.39256016647495606264e+00 1.39256016647495606264e+00 1.39256016647495606264e+00 1.39256016647495606264e+00 0
-5.76850100733905979573e-04 1.45821817326993197206e+00 1.45821817326993197206e+00 1.45821817326993197206e+00 1.45821817326993197206e+00 0
-5.26343145976030496978e-04 1.52002979439464525058e+00 1.52002979439464525058e+00 1.52002979439464525058e+00 1.52002979439464525058e+00 0
-4.80258401556107005197e-04 1.58940751397346913265e+00 1.58940751397346913265e+00 1.58940751397346913265e+00 1.58940751397346913265e+00 0
-4.38208674376336609728e-04 1.65164027078254171954e+00 1.65164027078254171954e+00 1.65164027078254171954e+00 1.65164027078254171954e+00 0
-3.99840672597233707207e-04 1.72315733393438330623e+00 1.72315733393438330623e+00 1.72315733393438330623e+00 1.72315733393438330623e+00 0
-3.64832037363341959470e-04 1.78726486956841190690e+00 1.78726486956841190690e+00 1.78726486956841190690e+00 1.78726486956841190690e+00 0
-3.32888634420549069191e-04 1.85886158811512203215e+00 1.85886158811512203215e+00 1.85886158811512203215e+00 1.85886158811512203215e+00 0
-3.03742082869810372213e-04 1.92452271499375515695e+00 1.92452271499375515695e+00 1.92452271499375515695e+00 1.92452271499375515695e+00 0
-2.77147500294457819862e-04 1.99539516358249047201e+00 1.99539516358249047201e+00 1.99539516358249047201e+00 1.99539516358249047201e+00 0
-2.52881445316186208999e-04 2.06100085523065867932e+00 2.06100085523065867932e+00 2.06100085523065867932e+00 2.06100085523065867932e+00 0
-2.30740040293562408092e-04 2.12907344108143403716e+00 2.12907344108143403716e+00 2.12907344108143403716e+00 2.12907344108143403716e+00 0
-2.10537258390412209633e-04 2.19131379735330300562e+00 2.19131379735330300562e+00 2.19131379735330300562e+00 2.19131379735330300562e+00 0
-1.92103360622442823763e-04 2.25518679099118468656e+00 2.25518679099118468656e+00 2.25518679099118468656e+00 2.25518679099118468656e+00 0
-1.75283469750534622207e-04 2.31511623683476219782e+00 2.31511623683476219782e+00 2.31511623683476219782e+00 2.31511623683476219782e+00 0
-1.59936269038893493725e-04 2.37442944032389702258e+00 2.37442944032389702258e+00 2.37442944032389702258e+00 2.37442944032389702258e+00 0
-1.45932814945336810893e-04 2.43094271699429942402e+00 2.43094271699429942402e+00 2.43094271699429942402e+00 2.43094271699429942402e+00 0
-1.33155453768219595150e-04 2.48318040091678060577e+00 2.48318040091678060577e+00 2.48318040091678060577e+00 2.48318040091678060577e+00 0
-1.21496833147924203095e-04 2.53656226234091830563e+00 2.53656226234091830563e+00 2.53656226234091830563e+00 2.53656226234091830563e+00 0
-1.10859000117783106261e-04 2.58342889840629563736e+00 2.58342889840629563736e+00 2.58342889840629563736e+00 2.58342889840629563736e+00 0
-1.01152578126474505284e-04 2.63335134442862273119e+00 2.63335134442862273119e+00 2.63335134442862273119e+00 2.63335134442862273119e+00 0
-9.22960161174249523949e-05 2.67417908745761145894e+00 2.67417908745761145894e+00 2.67417908745761145894e+00 2.67417908745761145894e+00 0
-8.42149033561649001164e-05 2.71882753843851432407e+00 2.71882753843851432407e+00 2.71882753843851432407e+00 2.71882753843851432407e+00 0
-7.68413442489771078212e-05 2.75397193207506241208e+00 2.75397193207506241208e+00 2.75397193207506241208e+00 2.75397193207506241208e+00 0
-7.01133879002138461723e-05 2.79513239990502615484e+00 2.79513239990502615484e+00 2.79513239990502615484e+00 2.79513239990502615484e+00 0
-6.39745076155573839374e-05 2.82544678668810655964e+00 2.82544678668810655964e+00 2.82544678668810655964e+00 2.82544678668810655964e+00 0
-5.83731259781347216467e-05 2.86318061216967478799e+00 2.86318061216967478799e+00 2.86318061216967478799e+00 2.86318061216967478799e+00 0
-5.32621815072878638099e-05 2.88801158622649856156e+00 2.88801158622649856156e+00 2.88801158622649856156e+00 2.88801158622649856156e+00 0
-4.85987332591696622646e-05 2.92294653049729413752e+00 2.92294653049729413752e+00 2.92294653049729413752e+00 2.92294653049729413752e+00 0
-4.43436000471132397939e-05 2.94467805032632190532e+00 2.94467805032632190532e+00 2.94467805032632190532e+00 2.94467805032632190532e+00 0
-4.04610312505897939820e-05 2.97597376673529545599e+00 2.97597376673529545599e+00 2.97597376673529545599e+00 2.97597376673529545599e+00 0
-3.69184064469699809580e-05 2.99401164174300937759e+00 2.99401164174300937759e+00 2.99401164174300937759e+00 2.99401164174300937759e+00 0
-3.36859613424659532703e-05 3.02182454934261324198e+00 3.02182454934261324198e+00 3.02182454934261324198e+00 3.02182454934261324198e+00 0
-3.07365376995908377075e-05 3.03671487247102955820e+00 3.03671487247102955820e+00 3.03671487247102955820e+00 3.03671487247102955820e+00 0
-2.80453551600855418571e-05 3.06130486018376091195e+00 3.06130486018376091195e+00 3.06130486018376091195e+00 3.06130486018376091195e+00 0
-2.55898030462229522197e-05 3.07324086559431108867e+00 3.07324086559431108867e+00 3.07324086559431108867e+00 3.07324086559431108867e+00 0
-2.33492503912538900139e-05 3.09570145010539787833e+00 3.09570145010539787833e+00 3.09570145010539787833e+00 3.09570145010539787833e+00 0
-2.13048726029151414582e-05 3.10457590753411594164e+00 3.10457590753411594164e+00 3.10457590753411594164e+00 3.10457590753411594164e+00 0
-1.94394933036678710045e-05 3.12530866143192387341e+00 3.12530866143192387341e+00 3.12530866143192387341e+00 3.12530866143192387341e+00 0
-1.77374400188453006609e-05 3.13243021415779443473e+00 3.13243021415779443473e+00 3.13243021415779443473e+00 3.13243021415779443473e+00 0
-1.61844125002359203033e-05 3.15162395223504532282e+00 3.15162395223504532282e+00 3.15162395223504532282e+00 3.15162395223504532282e+00 0
-1.47673625787879903503e-05 3.15691290027142645869e+00 3.15691290027142645869e+00 3.15691290027142645869e+00 3.15691290027142645869e+00 0
-1.34743845369863799529e-05 3.17391590060916639615e+00 3.17391590060916639615e+00 3.17391590060916639615e+00 3.17391590060916639615e+00 0
-1.22946150798363418592e-05 3.17740772676721983103e+00 3.17740772676721983103e+00 3.17740772676721983103e+00 3.17740772676721983103e+00 0
-1.12181420640342204698e-05 3.19288367672051887070e+00 3.19288367672051887070e+00 3.19288367672051887070e+00 3.19288367672051887070e+00 0
-1.02359212184891812267e-05 3.19482351690878241257e+00 3.19482351690878241257e+00 3.19482351690878241257e+00 3.19482351690878241257e+00 0
-9.33970015650155600557e-06 3.20904170560101231757e+00 3.20904170560101231757e+00 3.20904170560101231757e+00 3.20904170560101231757e+00 0
-8.52194904116605827734e-06 3.20945594765044583951e+00 3.20945594765044583951e+00 3.20945594765044583951e+00 3.20945594765044583951e+00 0
-7.77579732146714636891e-06 3.22275700703391398960e+00 3.22275700703391398960e+00 3.22275700703391398960e+00 3.22275700703391398960e+00 0
-7.09497600753811890912e-06 3.22235953361477545087e+00 3.22235953361477545087e+00 3.22235953361477545087e+00 3.22235953361477545087e+00 0
-6.47376500009436693547e-06 3.23495803227949085823e+00 3.23495803227949085823e+00 3.23495803227949085823e+00 3.23495803227949085823e+00 0
-5.90694503151519647894e-06 3.23371345273207122517e+00 3.23371345273207122517e+00 3.23371345273207122517e+00 3.23371345273207122517e+00 0
-5.38975381479455248936e-06 3.24528594030167605311e+00 3.24528594030167605311e+00 3.24528594030167605311e+00 3.24528594030167605311e+00 0
-4.91784603193453437201e-06 3.24310991512326385333e+00 3.24310991512326385333e+00 3.24310991512326385333e+00 3.24310991512326385333e+00 0
-4.48725682561368615503e-06 3.25385365070039034308e+00 3.25385365070039034308e+00 3.25385365070039034308e+00 3.25385365070039034308e+00 0
-4.09436848739567181305e-06 3.25077400089451185039e+00 3.25077400089451185039e+00 3.25077400089451185039e+00 3.25077400089451185039e+00 0
-3.73588006260062214812e-06 3.26084488313424980532e+00 3.26084488313424980532e+00 3.26084488313424980532e+00 3.26084488313424980532e+00 0
-3.40877961646642297212e-06 3.25703218229404090067e+00 3.25703218229404090067e+00 3.25703218229404090067e+00 3.25703218229404090067e+00 0
-3.11031892858685803934e-06 3.26673096122948170006e+00 3.26673096122948170006e+00 3.26673096122948170006e+00 3.26673096122948170006e+00 0
-2.83799040301524807187e-06 3.26262270594705139359e+00 3.26262270594705139359e+00 3.26262270594705139359e+00 3.26262270594705139359e+00 0
-2.58950600003774601186e-06 3.27211986390950082537e+00 3.27211986390950082537e+00 3.27211986390950082537e+00 3.27211986390950082537e+00 0
-2.36277801260607909979e-06 3.26768779871860948205e+00 3.26768779871860948205e+00 3.26768779871860948205e+00 3.26768779871860948205e+00 0
-2.15590152591782108045e-06 3.27673013538344815032e+00 3.27673013538344815032e+00 3.27673013538344815032e+00 3.27673013538344815032e+00 0
-1.96713841277381391821e-06 3.27182022944859962621e+00 3.27182022944859962621e+00 3.27182022944859962621e+00 3.27182022944859962621e+00 0
-1.79490273024547492788e-06 3.28040277920666145661e+00 3.28040277920666145661e+00 3.28040277920666145661e+00 3.28040277920666145661e+00 0
-1.63774739495826889463e-06 3.27498320415582622189e+00 3.27498320415582622189e+00 3.27498320415582622189e+00 3.27498320415582622189e+00 0
-1.49435202504024885925e-06 3.28319559934679139346e+00 3.28319559934679139346e+00 3.28319559934679139346e+00 3.28319559934679139346e+00 0
-1.36351184658656897709e-06 3.27742846134200771502e+00 3.27742846134200771502e+00 3.27742846134200771502e+00 3.27742846134200771502e+00 0
-1.24412757143474287692e-06 3.28553208187945955387e+00 3.28553208187945955387e+00 3.28553208187945955387e+00 3.28553208187945955387e+00 0
-1.13519616120609888993e-06 3.27973891526250582729e+00 3.27973891526250582729e+00 3.27973891526250582729e+00 3.27973891526250582729e+00 0
-1.03580240001509891296e-06 3.28788250364976430973e+00 3.28788250364976430973e+00 3.28788250364976430973e+00 3.28788250364976430973e+00 0
-9.45111205042431322281e-07 3.28202962016138988233e+00 3.28202962016138988233e+00 3.28202962016138988233e+00 3.28202962016138988233e+00 0
-8.62360610367128368652e-07 3.28999063212548525925e+00 3.28999063212548525925e+00 3.28999063212548525925e+00 3.28999063212548525925e+00 0
-7.86855365109525609635e-07 3.28387511121815744985e+00 3.28387511121815744985e+00 3.28387511121815744985e+00 3.28387511121815744985e+00 0
-7.17961092098189695866e-07 3.29154312746643284981e+00 3.29154312746643284981e+00 3.29154312746643284981e+00 3.29154312746643284981e+00 0
-6.55098957983307430796e-07 3.28509312099491879167e+00 3.28509312099491879167e+00 3.28509312099491879167e+00 3.28509312099491879167e+00 0
-5.97740810016099586050e-07 3.29252655575524055820e+00 3.29252655575524055820e+00 3.29252655575524055820e+00 3.29252655575524055820e+00 0
-5.45404738634627717892e-07 3.28591767983181437529e+00 3.28591767983181437529e+00 3.28591767983181437529e+00 3.28591767983181437529e+00 0
-4.97651028573897362528e-07 3.29336001836428948764e+00 3.29336001836428948764e+00 3.29336001836428948764e+00 3.29336001836428948764e+00 0
-4.54078464482439566561e-07 3.28684348434017659102e+00 3.28684348434017659102e+00 3.28684348434017659102e+00 3.28684348434017659102e+00 0
-4.14320960006039459306e-07 3.29442591991834143883e+00 3.29442591991834143883e+00 3.29442591991834143883e+00 3.29442591991834143883e+00 0
-3.78044482016972603028e-07 3.28796784599005897931e+00 3.28796784599005897931e+00 3.28796784599005897931e+00 3.28796784599005897931e+00 0
-3.44944244146851379225e-07 3.29548426097492219711e+00 3.29548426097492219711e+00 3.29548426097492219711e+00 3.29548426097492219711e+00 0
-3.14742146043810265030e-07 3.28886187222641357408e+00 3.28886187222641357408e+00 3.28886187222641357408e+00 3.28886187222641357408e+00 0
-2.87184436839275878347e-07 3.29615607391813814075e+00 3.29615607391813814075e+00 3.29615607391813814075e+00 3.29615607391813814075e+00 0
-2.62039583193322993494e-07 3.28927419783805152775e+00 3.28927419783805152775e+00 3.28927419783805152775e+00 3.28927419783805152775e+00 0
-2.39096324006439802656e-07 3.29639040737136701509e+00 3.29639040737136701509e+00 3.29639040737136701509e+00 3.29639040737136701509e+00 0
-2.18161895453850981278e-07 3.28942975547414340198e+00 3.28942975547414340198e+00 3.28942975547414340198e+00 3.28942975547414340198e+00 0
-1.99060411429558881484e-07 3.29660389148143462279e+00 3.29660389148143462279e+00 3.29660389148143462279e+00 3.29660389148143462279e+00 0
-1.81631385792975794861e-07 3.28978780688083372041e+00 3.28978780688083372041e+00 3.28978780688083372041e+00 3.28978780688083372041e+00 0
-1.65728384002415794310e-07 3.29714274495737935666e+00 3.29714274495737935666e+00 3.29714274495737935666e+00 3.29714274495737935666e+00 0
-1.51217792806789099445e-07 3.29043543275373284729e+00 3.29043543275373284729e+00 3.29043543275373284729e+00 3.29043543275373284729e+00 0
-1.37977697658740599335e-07 3.29777179967725331267e+00 3.29777179967725331267e+00 3.29777179967725331267e+00 3.29777179967725331267e+00 0
-1.25896858417524106012e-07 3.29094172899139048027e+00 3.29094172899139048027e+00 3.29094172899139048027e+00 3.29094172899139048027e+00 0
-1.14873774735710398984e-07 3.29808512615860527362e+00 3.29808512615860527362e+00 3.29808512615860527362e+00 3.29808512615860527362e+00 0
-1.04815833277329194751e-07 3.29102674808536743711e+00 3.29102674808536743711e+00 3.29102674808536743711e+00 3.29102674808536743711e+00 0
-9.56385296025759290035e-08 3.29801521345362180782e+00 3.29801521345362180782e+00 3.29801521345362180782e+00 3.29801521345362180782e+00 0
-8.72647581815404189808e-08 3.29091103260737849467e+00 3.29091103260737849467e+00 3.29091103260737849467e+00 3.29091103260737849467e+00 0
-7.96241645718235896512e-08 3.29797734926462027261e+00 3.29797734926462027261e+00 3.29797734926462027261e+00 3.29797734926462027261e+00 0
-7.26525543171903391202e-08 3.29103948514932742597e+00 3.29103948514932742597e+00 3.29103948514932742597e+00 3.29103948514932742597e+00 0
-6.62913536009663071362e-08 3.29830303453311568518e+00 3.29830303453311568518e+00 3.29830303453311568518e+00 3.29830303453311568518e+00 0
-6.04871171227156106611e-08 3.29149463343106507551e+00 3.29149463343106507551e+00 3.29149463343106507551e+00 3.29149463343106507551e+00 0
-5.51910790634962066470e-08 3.29875873910711003845e+00 3.29875873910711003845e+00 3.29875873910711003845e+00 3.29875873910711003845e+00 0
-5.03587433670096371108e-08 3.29184458642144539553e+00 3.29184458642144539553e+00 3.29184458642144539553e+00 3.29184458642144539553e+00 0
-4.59495098942841410648e-08 3.29892755943012128128e+00 3.29892755943012128128e+00 3.29892755943012128128e+00 3.29892755943012128128e+00 0
-4.19263333109316779003e-08 3.29179779276156958545e+00 3.29179779276156958545e+00 3.29179779276156958545e+00 3.29179779276156958545e+00 0
-3.82554118410303716014e-08 3.29873512795561518729e+00 3.29873512795561518729e+00 3.29873512795561518729e+00 3.29873512795561518729e+00 0
-3.49059032726161649453e-08 3.29157291936884410788e+00 3.29157291936884410788e+00 3.29157291936884410788e+00 3.29157291936884410788e+00 0
-3.18496658287294252726e-08 3.29859612850651240379e+00 3.29859612850651240379e+00 3.29859612850651240379e+00 3.29859612850651240379e+00 0
-2.90610217268761303541e-08 3.29160908245538630368e+00 3.29160908245538630368e+00 3.29160908245538630368e+00 3.29160908245538630368e+00 0
-2.65165414403865321189e-08 3.29883612800166270418e+00 3.29883612800166270418e+00 3.29883612800166270418e+00 3.29883612800166270418e+00 0
-2.41948468490862409557e-08 3.29198692011621840692e+00 3.29198692011621840692e+00 3.29198692011621840692e+00 3.29198692011621840692e+00 0
-2.20764316253984919232e-08 3.29922220446519531833e+00 3.29922220446519531833e+00 3.29922220446519531833e+00 3.29922220446519531833e+00 0
-2.01434973468038594765e-08 3.29227411144724735337e+00 3.29227411144724735337e+00 3.29227411144724735337e+00 3.29227411144724735337e+00 0
-1.83798039577136603964e-08 3.29933301664562117494e+00 3.29933301664562117494e+00 3.29933301664562117494e+00 3.29933301664562117494e+00 0
-1.67705333243726718219e-08 3.29217442230756507371e+00 3.29217442230756507371e+00 3.29217442230756507371e+00 3.29217442230756507371e+00 0
-1.53021647364121512875e-08 3.29909141647347547988e+00 3.29909141647347547988e+00 3.29909141647347547988e+00 3.29909141647347547988e+00 0
-1.39623613090464712721e-08 3.29190575223004966432e+00 3.29190575223004966432e+00 3.29190575223004966432e+00 3.29190575223004966432e+00 0
-1.27398663314917707708e-08 3.29891183898874862379e+00 3.29891183898874862379e+00 3.29891183898874862379e+00 3.29891183898874862379e+00 0
-1.16244086907504498255e-08 3.29190490195225127223e+00 3.29190490195225127223e+00 3.29190490195225127223e+00 3.29190490195225127223e+00 0
-1.06066165761546102006e-08 3.29911747292534851539e+00 3.29911747292534851539e+00 3.29911747292534851539e+00 3.29911747292534851539e+00 0
-9.67793873963449902926e-09 3.29225173774088952783e+00 3.29225173774088952783e+00 3.29225173774088952783e+00 3.29225173774088952783e+00 0
-8.83057265015939445318e-09 3.29947563918782682535e+00 3.29947563918782682535e+00 3.29947563918782682535e+00 3.29947563918782682535e+00 0
-8.05739893872154412149e-09 3.29251377447273885224e+00 3.29251377447273885224e+00 3.29251377447273885224e+00 3.29251377447273885224e+00 0
-7.35192158308546266964e-09 3.29956319749181981038e+00 3.29956319749181981038e+00 3.29956319749181981038e+00 3.29956319749181981038e+00 0
-6.70821332974906988680e-09 3.29239287818494208437e+00 3.29239287818494208437e+00 3.29239287818494208437e+00 3.29239287818494208437e+00 0
-6.12086589456485935696e-09 3.29930187922584394755e+00 3.29930187922584394755e+00 3.29930187922584394755e+00 3.29930187922584394755e+00 0
-5.58494452361858701991e-09 3.29210663522465285524e+00 3.29210663522465285524e+00 3.29210663522465285524e+00 3.29210663522465285524e+00 0
-5.09594653259670897005e-09 3.29910601549737370064e+00 3.29910601549737370064e+00 3.29910601549737370064e+00 3.29910601549737370064e+00 0
-4.64976347630018125370e-09 3.29209092565098515593e+00 3.29209092565098515593e+00 3.29209092565098515593e+00 3.29209092565098515593e+00 0
-4.24264663046184441111e-09 3.29929784174811269182e+00 3.29929784174811269182e+00 3.29929784174811269182e+00 3.29929784174811269182e+00 0
-3.87117549585379861909e-09 3.29242528226364239430e+00 3.29242528226364239430e+00 3.29242528226364239430e+00 3.29242528226364239430e+00 0
-3.53222906006375811214e-09 3.29964481132614295689e+00 3.29964481132614295689e+00 3.29964481132614295689e+00 3.29964481132614295689e+00 0
-3.22295957548861690413e-09 3.29267722388561434599e+00 3.29267722388561434599e+00 3.29267722388561434599e+00 3.29267722388561434599e+00 0
-2.94076863323418506785e-09 3.29972303029578606370e+00 3.29972303029578606370e+00 3.29972303029578606370e+00 3.29972303029578606370e+00 0
-2.68328533189962795472e-09 3.29254780146831560472e+00 3.29254780146831560472e+00 3.29254780146831560472e+00 3.29254780146831560472e+00 0
-2.44834635782594399094e-09 3.29945377678031670499e+00 3.29945377678031670499e+00 3.29945377678031670499e+00 3.29945377678031670499e+00 0
-2.23397780944743522155e-09 3.29225444930624622231e+00 3.29225444930624622231e+00 3.29225444930624622231e+00 3.29225444930624622231e+00 0
-2.03837861303868391889e-09 3.29925130138781108613e+00 3.29925130138781108613e+00 3.29925130138781108613e+00 3.29925130138781108613e+00 0
-1.85990539052007200517e-09 3.29223266903601707867e+00 3.29223266903601707867e+00 3.29223266903601707867e+00 3.29223266903601707867e+00 0
-1.69705865218473817803e-09 3.29943741924397659915e+00 3.29943741924397659915e+00 3.29943741924397659915e+00 3.29943741924397659915e+00 0
-1.54847019834152002666e-09 3.29256174324049544211e+00 3.29256174324049544211e+00 3.29256174324049544211e+00 3.29256174324049544211e+00 0
-1.41289162402550303806e-09 3.29977982694436722255e+00 3.29977982694436722255e+00 3.29977982694436722255e+00 3.29977982694436722255e+00 0
-1.28918383019544705117e-09 3.29280956395893742439e+00 3.29280956395893742439e+00 3.29280956395893742439e+00 3.29280956395893742439e+00 0
-1.17630745329367402714e-09 3.29985422335209444000e+00 3.29985422335209444000e+00 3.29985422335209444000e+00 3.29985422335209444000e+00 0
-1.07331413275985097509e-09 3.29267663569977608873e+00 3.29267663569977608873e+00 3.29267663569977608873e+00 3.29267663569977608873e+00 0
-9.79338543130377513658e-10 3.29958169243405041726e+00 3.29958169243405041726e+00 3.29958169243405041726e+00 3.29958169243405041726e+00 0
-8.93591123778973943865e-10 3.29238008174484608759e+00 3.29238008174484608759e+00 3.29238008174484608759e+00 3.29238008174484608759e+00 0
-8.15351445215473422800e-10 3.29937601610449959821e+00 3.29937601610449959821e+00 3.29937601610449959821e+00 3.29937601610449959821e+00 0
-7.43962156208029008864e-10 3.29235493118124722400e+00 3.29235493118124722400e+00 3.29235493118124722400e+00 3.29235493118124722400e+00 0
-6.78823460873895064418e-10 3.29955819187224363986e+00 3.29955819187224363986e+00 3.29955819187224363986e+00 3.29955819187224363986e+00 0
-6.19388079336607865908e-10 3.29267900349257747195e+00 3.29267900349257747195e+00 3.29267900349257747195e+00 3.29267900349257747195e+00 0
-5.65156649610201173866e-10 3.29989827138313662758e+00 3.29989827138313662758e+00 3.29989827138313662758e+00 3.29989827138313662758e+00 0
-5.15673532078178737748e-10 3.29292475118884464536e+00 3.29292475118884464536e+00 3.29292475118884464536e+00 3.29292475118884464536e+00 0
-4.70522981317469672895e-10 3.29997077602768129623e+00 3.29997077602768129623e+00 3.29997077602768129623e+00 3.29997077602768129623e+00 0
-4.29325653103940410716e-10 3.29279008124133909519e+00 3.29279008124133909519e+00 3.29279008124133909519e+00 3.29279008124133909519e+00 0
-3.91735417252150984784e-10 3.29969660056837943429e+00 3.29969660056837943429e+00 3.29969660056837943429e+00 3.29969660056837943429e+00 0
3.91735417252150984784e-10 3.29847475942948076266e+00 3.29847475942948076266e+00 3.29847475942948076266e+00 3.29847475942948076266e+00 0
4.29325653103940410716e-10 3.29697948500487125756e+00 3.29697948500487125756e+00 3.29697948500487125756e+00 3.29697948500487125756e+00 0
4.70522981317469672895e-10 3.29807271556559111758e+00 3.29807271556559111758e+00 3.29807271556559111758e+00 3.29807271556559111758e+00 0
5.15673532078178737748e-10 3.29654032389829954042e+00 3.29654032389829954042e+00 3.29654032389829954042e+00 3.29654032389829954042e+00 0
5.65156649610201173866e-10 3.29775858729030568739e+00 3.29775858729030568739e+00 3.29775858729030568739e+00 3.29775858729030568739e+00 0
6.19388079336607865908e-10 3.29645828803655183137e+00 3.29645828803655183137e+00 3.29645828803655183137e+00 3.29645828803655183137e+00 0
6.78823460873895064418e-10 3.29793155441594620925e+00 3.29793155441594620925e+00 3.29793155441594620925e+00 3.29793155441594620925e+00 0
7.43962156208029008864e-10 3.29689233804129466776e+00 3.29689233804129466776e+00 3.29689233804129466776e+00 3.29689233804129466776e+00 0
8.15351445215473422800e-10 3.29836042630737846792e+00 3.29836042630737846792e+00 3.29836042630737846792e+00 3.29836042630737846792e+00 0
8.93591123778973943865e-10 3.29717530702891759020e+00 3.29717530702891759020e+00 3.29717530702891759020e+00 3.29717530702891759020e+00 0
9.79338543130377513658e-10 3.29840447483053367250e+00 3.29840447483053367250e+00 3.29840447483053367250e+00 3.29840447483053367250e+00 0
1.07331413275985097509e-09 3.29696280695903842783e+00 3.29696280695903842783e+00 3.29696280695903842783e+00 3.29696280695903842783e+00 0
1.17630745329367402714e-09 3.29800435393143231977e+00 3.29800435393143231977e+00 3.29800435393143231977e+00 3.29800435393143231977e+00 0
1.28918383019544705117e-09 3.29652543731442904118e+00 3.29652543731442904118e+00 3.29652543731442904118e+00 3.29652543731442904118e+00 0
1.41289162402550303806e-09 3.29769211373732806791e+00 3.29769211373732806791e+00 3.29769211373732806791e+00 3.29769211373732806791e+00 0
1.54847019834152002666e-09 3.29644522509495541129e+00 3.29644522509495541129e+00 3.29644522509495541129e+00 3.29644522509495541129e+00 0
1.69705865218473817803e-09 3.29786715037670052908e+00 3.29786715037670052908e+00 3.29786715037670052908e+00 3.29786715037670052908e+00 0
1.85990539052007200517e-09 3.29681510728943560906e+00 3.29681510728943560906e+00 3.29681510728943560906e+00 3.29681510728943560906e+00 0
2.03837861303868391889e-09 3.29826922026429736334e+00 3.29826922026429736334e+00 3.29826922026429736334e+00 3.29826922026429736334e+00 0
2.23397780944743522155e-09 3.29708865003113515968e+00 3.29708865003113515968e+00 3.29708865003113515968e+00 3.29708865003113515968e+00 0
2.44834635782594399094e-09 3.29831156326824137537e+00 3.29831156326824137537e+00 3.29831156326824137537e+00 3.29831156326824137537e+00 0
2.68328533189962795472e-09 3.29687746950496229914e+00 3.29687746950496229914e+00 3.29687746950496229914e+00 3.29687746950496229914e+00 0
2.94076863323418506785e-09 3.29791472379727235165e+00 3.29791472379727235165e+00 3.29791472379727235165e+00 3.29791472379727235165e+00 0
3.22295957548861690413e-09 3.29644348891886096453e+00 3.29644348891886096453e+00 3.29644348891886096453e+00 3.29644348891886096453e+00 0
3.53222906006375811214e-09 3.29760632047169277570e+00 3.29760632047169277570e+00 3.29760632047169277570e+00 3.29760632047169277570e+00 0
3.87117549585379861909e-09 3.29636724175727158226e+00 3.29636724175727158226e+00 3.29636724175727158226e+00 3.29636724175727158226e+00 0
4.24264663046184441111e-09 3.29778591278354094030e+00 3.29778591278354094030e+00 3.29778591278354094030e+00 3.29778591278354094030e+00 0
4.64976347630018125370e-09 3.29673510671059499799e+00 3.29673510671059499799e+00 3.29673510671059499799e+00 3.29673510671059499799e+00 0
5.09594653259670897005e-09 3.29819051459057854814e+00 3.29819051459057854814e+00 3.29819051459057854814e+00 3.29819051459057854814e+00 0
5.58494452361858701991e-09 3.29701319515963309215e+00 3.29701319515963309215e+00 3.29701319515963309215e+00 3.29701319515963309215e+00 0
6.12086589456485935696e-09 3.29823898982272822877e+00 3.29823898982272822877e+00 3.29823898982272822877e+00 3.29823898982272822877e+00 0
6.70821332974906988680e-09 3.29680873423330433880e+00 3.29680873423330433880e+00 3.29680873423330433880e+00 3.29680873423330433880e+00 0
7.35192158308546266964e-09 3.29785019705879989260e+00 3.29785019705879989260e+00 3.29785019705879989260e+00 3.29785019705879989260e+00 0
8.05739893872154412149e-09 3.29638308066475582692e+00 3.29638308066475582692e+00 3.29638308066475582692e+00 3.29638308066475582692e+00 0
8.83057265015939445318e-09 3.29755123557238238874e+00 3.29755123557238238874e+00 3.29755123557238238874e+00 3.29755123557238238874e+00 0
9.67793873963449902926e-09 3.29631662519807289158e+00 3.29631662519807289158e+00 3.29631662519807289158e+00 3.29631662519807289158e+00 0
1.06066165761546102006e-08 3.29774207908147953816e+00 3.29774207908147953816e+00 3.29774207908147953816e+00 3.29774207908147953816e+00 0
1.16244086907504498255e-08 3.29669462042955396797e+00 3.29669462042955396797e+00 3.29669462042955396797e+00 3.29669462042955396797e+00 0
1.27398663314917707708e-08 3.29815967218471239875e+00 3.29815967218471239875e+00 3.29815967218471239875e+00 3.29815967218471239875e+00 0
1.39623613090464712721e-08 3.29698675793332629524e+00 3.29698675793332629524e+00 3.29698675793332629524e+00 3.29698675793332629524e+00 0
1.53021647364121512875e-08 3.29822445533624497571e+00 3.29822445533624497571e+00 3.29822445533624497571e+00 3.29822445533624497571e+00 0
1.67705333243726718219e-08 3.29679939258616760966e+00 3.29679939258616760966e+00 3.29679939258616760966e+00 3.29679939258616760966e+00 0
1.83798039577136603964e-08 3.29785571983106606808e+00 3.29785571983106606808e+00 3.29785571983106606808e+00 3.29785571983106606808e+00 0
2.01434973468038594765e-08 3.29639449414720786535e+00 3.29639449414720786535e+00 3.29639449414720786535e+00 3.29639449414720786535e+00 0
2.20764316253984919232e-08 3.29758030283660596993e+00 3.29758030283660596993e+00 3.29758030283660596993e+00 3.29758030283660596993e+00 0
2.41948468490862409557e-08 3.29635247442484935476e+00 3.29635247442484935476e+00 3.29635247442484935476e+00 3.29635247442484935476e+00 0
2.65165414403865321189e-08 3.29779923675662445248e+00 3.29779923675662445248e+00 3.29779923675662445248e+00 3.29779923675662445248e+00 0
2.90610217268761303541e-08 3.29675971269261447461e+00 3.29675971269261447461e+00 3.29675971269261447461e+00 3.29675971269261447461e+00 0
3.18496658287294252726e-08 3.29825104372084743076e+00 3.29825104372084743076e+00 3.29825104372084743076e+00 3.29825104372084743076e+00 0
3.49059032726161649453e-08 3.29708767829754734180e+00 3.29708767829754734180e+00 3.29708767829754734180e+00 3.29708767829754734180e+00 0
3.82554118410303716014e-08 3.29835686319243404085e+00 3.29835686319243404085e+00 3.29835686319243404085e+00 3.29835686319243404085e+00 0
4.19263333109316779003e-08 3.29694313078778478143e+00 3.29694313078778478143e+00 3.29694313078778478143e+00 3.29694313078778478143e+00 0
4.59495098942841410648e-08 3.29803826114023923566e+00 3.29803826114023923566e+00 3.29803826114023923566e+00 3.29803826114023923566e+00 0
5.03587433670096371108e-08 3.29659010474689662118e+00 3.29659010474689662118e+00 3.29659010474689662118e+00 3.29659010474689662118e+00 0
5.51910790634962066470e-08 3.29782171227533726920e+00 3.29782171227533726920e+00 3.29782171227533726920e+00 3.29782171227533726920e+00 0
6.04871171227156106611e-08 3.29660919361832460694e+00 3.29660919361832460694e+00 3.29660919361832460694e+00 3.29660919361832460694e+00 0
6.62913536009663071362e-08 3.29811093068699889841e+00 3.29811093068699889841e+00 3.29811093068699889841e+00 3.29811093068699889841e+00 0
7.26525543171903391202e-08 3.29709097319613508859e+00 3.29709097319613508859e+00 3.29709097319613508859e+00 3.29709097319613508859e+00 0
7.96241645718235896512e-08 3.29864899302956615657e+00 3.29864899302956615657e+00 3.29864899302956615657e+00 3.29864899302956615657e+00 0
8.72647581815404189808e-08 3.29750886042833624145e+00 3.29750886042833624145e+00 3.29750886042833624145e+00 3.29750886042833624145e+00 0
9.56385296025759290035e-08 3.29885765822667753611e+00 3.29885765822667753611e+00 3.29885765822667753611e+00 3.29885765822667753611e+00 0
1.04815833277329194751e-07 3.29747153184314267804e+00 3.29747153184314267804e+00 3.29747153184314267804e+00 3.29747153184314267804e+00 0
1.14873774735710398984e-07 3.29866461746370021046e+00 3.29866461746370021046e+00 3.29866461746370021046e+00 3.29866461746370021046e+00 0
1.25896858417524106012e-07 3.29724840508890215673e+00 3.29724840508890215673e+00 3.29724840508890215673e+00 3.29724840508890215673e+00 0
1.37977697658740599335e-07 3.29859559113865952185e+00 3.29859559113865952185e+00 3.29859559113865952185e+00 3.29859559113865952185e+00 0
1.51217792806789099445e-07 3.29742062698031679346e+00 3.29742062698031679346e+00 3.29742062698031679346e+00 3.29742062698031679346e+00 0
1.65728384002415794310e-07 3.29906109310462358764e+00 3.29906109310462358764e+00 3.29906109310462358764e+00 3.29906109310462358764e+00 0
1.81631385792975794861e-07 3.29808983501903085767e+00 3.29808983501903085767e+00 3.29808983501903085767e+00 3.29808983501903085767e+00 0
1.99060411429558881484e-07 3.29981588648984480727e+00 3.29981588648984480727e+00 3.29981588648984480727e+00 3.29981588648984480727e+00 0
2.18161895453850981278e-07 3.29873344998426754060e+00 3.29873344998426754060e+00 3.29873344998426754060e+00 3.29873344998426754060e+00 0
2.39096324006439802656e-07 3.30028295897260770531e+00 3.30028295897260770531e+00 3.30028295897260770531e+00 3.30028295897260770531e+00 0
2.62039583193322993494e-07 3.29896540443182439972e+00 3.29896540443182439972e+00 3.29896540443182439972e+00 3.29896540443182439972e+00 0
2.87184436839275878347e-07 3.30040568576572335147e+00 3.30040568576572335147e+00 3.30040568576572335147e+00 3.30040568576572335147e+00 0
3.14742146043810265030e-07 3.29906887876420640282e+00 3.29906887876420640282e+00 3.29906887876420640282e+00 3.29906887876420640282e+00 0
3.44944244146851379225e-07 3.30070819091827871716e+00 3.30070819091827871716e+00 3.30070819091827871716e+00 3.30070819091827871716e+00 0
3.78044482016972603028e-07 3.29962665787455344812e+00 3.29962665787455344812e+00 3.29962665787455344812e+00 3.29962665787455344812e+00 0
4.14320960006039459306e-07 3.30161843279542654983e+00 3.30161843279542654983e+00 3.30161843279542654983e+00 3.30161843279542654983e+00 0
4.54078464482439566561e-07 3.30076859726306892640e+00 3.30076859726306892640e+00 3.30076859726306892640e+00 3.30076859726306892640e+00 0
4.97651028573897362528e-07 3.30292111155210221796e+00 3.30292111155210221796e+00 3.30292111155210221796e+00 3.30292111155210221796e+00 0
5.45404738634627717892e-07 3.30198248295463292479e+00 3.30198248295463292479e+00 3.30198248295463292479e+00 3.30198248295463292479e+00 0
5.97740810016099586050e-07 3.30404291378686432168e+00 3.30404291378686432168e+00 3.30404291378686432168e+00 3.30404291378686432168e+00 0
6.55098957983307430796e-07 3.30289628833852821899e+00 3.30289628833852821899e+00 3.30289628833852821899e+00 3.30289628833852821899e+00 0
7.17961092098189695866e-07 3.30496822720128857753e+00 3.30496822720128857753e+00 3.30496822720128857753e+00 3.30496822720128857753e+00 0
7.86855365109525609635e-07 3.30382951806433311503e+00 3.30382951806433311503e+00 3.30382951806433311503e+00 3.30382951806433311503e+00 0
8.62360610367128368652e-07 3.30621894736890187261e+00 3.30621894736890187261e+00 3.30621894736890187261e+00 3.30621894736890187261e+00 0
9.45111205042431322281e-07 3.30537031902197409039e+00 3.30537031902197409039e+00 3.30537031902197409039e+00 3.30537031902197409039e+00 0
1.03580240001509891296e-06 3.30826873811906718714e+00 3.30826873811906718714e+00 3.30826873811906718714e+00 3.30826873811906718714e+00 0
1.13519616120609888993e-06 3.30772233961612283082e+00 3.30772233961612283082e+00 3.30772233961612283082e+00 3.30772233961612283082e+00 0
1.24412757143474287692e-06 3.31098316365038325415e+00 3.31098316365038325415e+00 3.31098316365038325415e+00 3.31098316365038325415e+00 0
1.36351184658656897709e-06 3.31040524747219899737e+00 3.31040524747219899737e+00 3.31040524747219899737e+00 3.31040524747219899737e+00 0
1.49435202504024885925e-06 3.31380305963509735889e+00 3.31380305963509735889e+00 3.31380305963509735889e+00 3.31380305963509735889e+00 0
1.63774739495826889463e-06 3.31308537289212790000e+00 3.31308537289212790000e+00 3.31308537289212790000e+00 3.31308537289212790000e+00 0
1.79490273024547492788e-06 3.31683158858791760082e+00 3.31683158858791760082e+00 3.31683158858791760082e+00 3.31683158858791760082e+00 0
1.96713841277381391821e-06 3.31619157643828676996e+00 3.31619157643828676996e+00 3.31619157643828676996e+00 3.31619157643828676996e+00 0
2.15590152591782108045e-06 3.32060064211295946635e+00 3.32060064211295946635e+00 3.32060064211295946635e+00 3.32060064211295946635e+00 0
2.36277801260607909979e-06 3.32033539465964633308e+00 3.32033539465964633308e+00 3.32033539465964633308e+00 3.32033539465964633308e+00 0
2.58950600003774601186e-06 3.32570336165304647480e+00 3.32570336165304647480e+00 3.32570336165304647480e+00 3.32570336165304647480e+00 0
2.83799040301524807187e-06 3.32593365007379304643e+00 3.32593365007379304643e+00 3.32593365007379304643e+00 3.32593365007379304643e+00 0
3.11031892858685803934e-06 3.33226781625501766726e+00 3.33226781625501766726e+00 3.33226781625501766726e+00 3.33226781625501766726e+00 0
3.40877961646642297212e-06 3.33264804423037253045e+00 3.33264804423037253045e+00 3.33264804423037253045e+00 3.33264804423037253045e+00 0
3.73588006260062214812e-06 3.33984324181144831556e+00 3.33984324181144831556e+00 3.33984324181144831556e+00 3.33984324181144831556e+00 0
4.09436848739567181305e-06 3.34028009116511981347e+00 3.34028009116511981347e+00 3.34028009116511981347e+00 3.34028009116511981347e+00 0
4.48725682561368615503e-06 3.34892022948760859080e+00 3.34892022948760859080e+00 3.34892022948760859080e+00 3.34892022948760859080e+00 0
4.91784603193453437201e-06 3.34967917065501641360e+00 3.34967917065501641360e+00 3.34967917065501641360e+00 3.34967917065501641360e+00 0
5.38975381479455248936e-06 3.36023597597766876532e+00 3.36023597597766876532e+00 3.36023597597766876532e+00 3.36023597597766876532e+00 0
5.90694503151519647894e-06 3.36205255092606458689e+00 3.36205255092606458689e+00 3.36205255092606458689e+00 3.36205255092606458689e+00 0
6.47376500009436693547e-06 3.37510193619031317880e+00 3.37510193619031317880e+00 3.37510193619031317880e+00 3.37510193619031317880e+00 0
7.09497600753811890912e-06 3.37773350219561052654e+00 3.37773350219561052654e+00 3.37773350219561052654e+00 3.37773350219561052654e+00 0
7.77579732146714636891e-06 3.39407555719745435141e+00 3.39407555719745435141e+00 3.39407555719745435141e+00 3.39407555719745435141e+00 0
8.52194904116605827734e-06 3.39719806898229759184e+00 3.39719806898229759184e+00 3.39719806898229759184e+00 3.39719806898229759184e+00 0
9.33970015650155600557e-06 3.41640087204719566927e+00 3.41640087204719566927e+00 3.41640087204719566927e+00 3.41640087204719566927e+00 0
1.02359212184891812267e-05 3.41916334907092078765e+00 3.41916334907092078765e+00 3.41916334907092078765e+00 3.41916334907092078765e+00 0
1.12181420640342204698e-05 3.44016250378954868694e+00 3.44016250378954868694e+00 3.44016250378954868694e+00 3.44016250378954868694e+00 0
1.22946150798363418592e-05 3.43977616722640622271e+00 3.43977616722640622271e+00 3.43977616722640622271e+00 3.43977616722640622271e+00 0
1.34743845369863799529e-05 3.45986451112471282698e+00 3.45986451112471282698e+00 3.45986451112471282698e+00 3.45986451112471282698e+00 0
1.47673625787879903503e-05 3.45237575370267402164e+00 3.45237575370267402164e+00 3.45237575370267402164e+00 3.45237575370267402164e+00 0
1.61844125002359203033e-05 3.46828408817804234587e+00 3.46828408817804234587e+00 3.46828408817804234587e+00 3.46828408817804234587e+00 0
1.77374400188453006609e-05 3.44959942892235904566e+00 3.44959942892235904566e+00 3.44959942892235904566e+00 3.44959942892235904566e+00 0
1.94394933036678710045e-05 3.45837900660949326692e+00 3.45837900660949326692e+00 3.45837900660949326692e+00 3.45837900660949326692e+00 0
2.13048726029151414582e-05 3.42440281618495845350e+00 3.42440281618495845350e+00 3.42440281618495845350e+00 3.42440281618495845350e+00 0
2.33492503912538900139e-05 3.42788691620988128506e+00 3.42788691620988128506e+00 3.42788691620988128506e+00 3.42788691620988128506e+00 0
2.55898030462229522197e-05 3.38644443176272025298e+00 3.38644443176272025298e+00 3.38644443176272025298e+00 3.38644443176272025298e+00 0
2.80453551600855418571e-05 3.38501078268472088695e+00 3.38501078268472088695e+00 3.38501078268472088695e+00 3.38501078268472088695e+00 0
3.07365376995908377075e-05 3.33855267348069295608e+00 3.33855267348069295608e+00 3.33855267348069295608e+00 3.33855267348069295608e+00 0
3.36859613424659532703e-05 3.33893047194298375757e+00 3.33893047194298375757e+00 3.33893047194298375757e+00 3.33893047194298375757e+00 0
3.69184064469699809580e-05 3.28871103316684321172e+00 3.28871103316684321172e+00 3.28871103316684321172e+00 3.28871103316684321172e+00 0
4.04610312505897939820e-05 3.29670786694875150857e+00 3.29670786694875150857e+00 3.29670786694875150857e+00 3.29670786694875150857e+00 0
4.43436000471132397939e-05 3.24788573033738714457e+00 3.24788573033738714457e+00 3.24788573033738714457e+00 3.24788573033738714457e+00 0
4.85987332591696622646e-05 3.26331182839909228477e+00 3.26331182839909228477e+00 3.26331182839909228477e+00 3.26331182839909228477e+00 0
5.32621815072878638099e-05 3.22696487790869301904e+00 3.22696487790869301904e+00 3.22696487790869301904e+00 3.22696487790869301904e+00 0
5.83731259781347216467e-05 3.24406925196793149979e+00 3.24406925196793149979e+00 3.24406925196793149979e+00 3.24406925196793149979e+00 0
6.39745076155573839374e-05 3.20869606345479629894e+00 3.20869606345479629894e+00 3.20869606345479629894e+00 3.20869606345479629894e+00 0
7.01133879002138461723e-05 3.22987059202734627661e+00 3.22987059202734627661e+00 3.22987059202734627661e+00 3.22987059202734627661e+00 0
7.68413442489771078212e-05 3.19292458504272813613e+00 3.19292458504272813613e+00 3.19292458504272813613e+00 3.19292458504272813613e+00 0
8.42149033561649001164e-05 3.21899336035968186565e+00 3.21899336035968186565e+00 3.21899336035968186565e+00 3.21899336035968186565e+00 0
9.22960161174249523949e-05 3.17670273469757535878e+00 3.17670273469757535878e+00 3.17670273469757535878e+00 3.17670273469757535878e+00 0
1.01152578126474505284e-04 3.20731321773304145495e+00 3.20731321773304145495e+00 3.20731321773304145495e+00 3.20731321773304145495e+00 0
1.10859000117783106261e-04 3.15447684239837622400e+00 3.15447684239837622400e+00 3.15447684239837622400e+00 3.15447684239837622400e+00 0
1.21496833147924203095e-04 3.18642761002688157390e+00 3.18642761002688157390e+00 3.18642761002688157390e+00 3.18642761002688157390e+00 0
1.33155453768219595150e-04 3.12235781178873539332e+00 3.12235781178873539332e+00 3.12235781178873539332e+00 3.12235781178873539332e+00 0
1.45932814945336810893e-04 3.15023234666451745767e+00 3.15023234666451745767e+00 3.15023234666451745767e+00 3.15023234666451745767e+00 0
1.59936269038893493725e-04 3.07452688129652917937e+00 3.07452688129652917937e+00 3.07452688129652917937e+00 3.07452688129652917937e+00 0
1.75283469750534622207e-04 3.08967285962813242861e+00 3.08967285962813242861e+00 3.08967285962813242861e+00 3.08967285962813242861e+00 0
1.92103360622442823763e-04 2.99954229905885494389e+00 2.99954229905885494389e+00 2.99954229905885494389e+00 2.99954229905885494389e+00 0
2.10537258390412209633e-04 3.00117988773499533295e+00 3.00117988773499533295e+00 3.00117988773499533295e+00 3.00117988773499533295e+00 0
2.30740040293562408092e-04 2.89809969109674847587e+00 2.89809969109674847587e+00 2.89809969109674847587e+00 2.89809969109674847587e+00 0
2.52881445316186208999e-04 2.88485772245437122052e+00 2.88485772245437122052e+00 2.88485772245437122052e+00 2.88485772245437122052e+00 0
2.77147500294457819862e-04 2.76862727159025023838e+00 2.76862727159025023838e+00 2.76862727159025023838e+00 2.76862727159025023838e+00 0
3.03742082869810372213e-04 2.74128416042901923433e+00 2.74128416042901923433e+00 2.74128416042901923433e+00 2.74128416042901923433e+00 0
3.32888634420549069191e-04 2.61782330878464541968e+00 2.61782330878464541968e+00 2.61782330878464541968e+00 2.61782330878464541968e+00 0
3.64832037363341959470e-04 2.57072519198296989273e+00 2.57072519198296989273e+00 2.57072519198296989273e+00 2.57072519198296989273e+00 0
3.99840672597233707207e-04 2.45280146964449485836e+00 2.45280146964449485836e+00 2.45280146964449485836e+00 2.45280146964449485836e+00 0
4.38208674376336609728e-04 2.40034811513623491663e+00 2.40034811513623491663e+00 2.40034811513623491663e+00 2.40034811513623491663e+00 0
4.80258401556107005197e-04 2.28817157450430297416e+00 2.28817157450430297416e+00 2.28817157450430297416e+00 2.28817157450430297416e+00 0
5.26343145976030496978e-04 2.23508867906565766859e+00 2.23508867906565766859e+00 2.23508867906565766859e+00 2.23508867906565766859e+00 0
5.76850100733905979573e-04 2.13084460600861413937e+00 2.13084460600861413937e+00 2.13084460600861413937e+00 2.13084460600861413937e+00 0
6.32203613290465522498e-04 2.07860240182908473372e+00 2.07860240182908473372e+00 2.07860240182908473372e+00 2.07860240182908473372e+00 0
6.92868750736144387026e-04 1.98645633882164429629e+00 1.98645633882164429629e+00 1.98645633882164429629e+00 1.98645633882164429629e+00 0
7.59355207174526093163e-04 1.93561604497616812637e+00 1.93561604497616812637e+00 1.93561604497616812637e+00 1.93561604497616812637e+00 0
8.32221586051372971132e-04 1.84822150188878708832e+00 1.84822150188878708832e+00 1.84822150188878708832e+00 1.84822150188878708832e+00 0
9.12080093408355169725e-04 1.80244983756346743853e+00 1.80244983756346743853e+00 1.80244983756346743853e+00 1.80244983756346743853e+00 0
9.99601681493084105387e-04 1.72443354543162863379e+00 1.72443354543162863379e+00 1.72443354543162863379e+00 1.72443354543162863379e+00 0
1.09552168594084092801e-03 1.68404874590939046541e+00 1.68404874590939046541e+00 1.68404874590939046541e+00 1.68404874590939046541e+00 0
1.20064600389026797378e-03 1.61697270191251796234e+00 1.61697270191251796234e+00 1.61697270191251796234e+00 1.61697270191251796234e+00 0
1.31585786494007607982e-03 1.57949782728883891814e+00 1.57949782728883891814e+00 1.57949782728883891814e+00 1.57949782728883891814e+00 0
1.44212525183476511156e-03 1.52247921146985798480e+00 1.52247921146985798480e+00 1.52247921146985798480e+00 1.52247921146985798480e+00 0
1.58050903322616391466e-03 1.48644287621186443893e+00 1.48644287621186443893e+00 1.48644287621186443893e+00 1.48644287621186443893e+00 0
1.73217187684036096756e-03 1.44996935094372814135e+00 1.44996935094372814135e+00 1.44996935094372814135e+00 1.44996935094372814135e+00 0
1.89838801793631517870e-03 1.42945539373298347030e+00 1.42945539373298347030e+00 1.42945539373298347030e+00 1.42945539373298347030e+00 0
2.08055396512843221099e-03 1.45707218590149989446e+00 1.45707218590149989446e+00 1.45707218590149989446e+00 1.45707218590149989446e+00 0
2.28020023352088797852e-03 1.50659185512042048671e+00 1.50659185512042048671e+00 1.50659185512042048671e+00 1.50659185512042048671e+00 0
2.49900420373270993821e-03 1.58171121492790156537e+00 1.58171121492790156537e+00 1.58171121492790156537e+00 1.58171121492790156537e+00 0
2.73880421485210318738e-03 1.70851044314178501793e+00 1.70851044314178501793e+00 1.70851044314178501793e+00 1.70851044314178501793e+00 0
3.00161500972566906709e-03 1.80892379960491500590e+00 1.80892379960491500590e+00 1.80892379960491500590e+00 1.80892379960491500590e+00 0
3.28964466235019117532e-03 1.92198043689168440729e+00 1.92198043689168440729e+00 1.92198043689168440729e+00 1.92198043689168440729e+00 0
3.60531312958691212839e-03 2.01692208154553132005e+00 2.01692208154553132005e+00 2.01692208154553132005e+00 2.01692208154553132005e+00 0
3.95127258306540891930e-03 2.09944234601869705870e+00 2.09944234601869705870e+00 2.09944234601869705870e+00 2.09944234601869705870e+00 0
4.33042969210090198523e-03 2.13563640506866203594e+00 2.13563640506866203594e+00 2.13563640506866203594e+00 2.13563640506866203594e+00 0
4.74597004484078686254e-03 2.16616825106835220183e+00 2.16616825106835220183e+00 2.16616825106835220183e+00 2.16616825106835220183e+00 0
5.20138491282107900959e-03 2.16242662854736389377e+00 2.16242662854736389377e+00 2.16242662854736389377e+00 2.16242662854736389377e+00 0
5.70050058380221821158e-03 2.15689561393580664372e+00 2.15689561393580664372e+00 2.15689561393580664372e+00 2.15689561393580664372e+00 0
6.24751050933177506236e-03 2.09017488869247713978e+00 2.09017488869247713978e+00 2.09017488869247713978e+00 2.09017488869247713978e+00 0
6.84701053713025840214e-03 2.01254752687782723086e+00 2.01254752687782723086e+00 2.01254752687782723086e+00 2.01254752687782723086e+00 0
7.50403752431417180035e-03 1.88999621401416773026e+00 1.88999621401416773026e+00 1.88999621401416773026e+00 1.88999621401416773026e+00 0
8.22411165587547642042e-03 1.80123975796346380562e+00 1.80123975796346380562e+00 1.80123975796346380562e+00 1.80123975796346380562e+00 0
9.01328282396728075465e-03 1.65469937868329131092e+00 1.65469937868329131092e+00 1.65469937868329131092e+00 1.65469937868329131092e+00 0
9.87818145766352143089e-03 1.56927449518207984269e+00 1.56927449518207984269e+00 1.56927449518207984269e+00 1.56927449518207984269e+00 0
1.08260742302522597336e-02 1.44365050102854897141e+00 1.44365050102854897141e+00 1.44365050102854897141e+00 1.44365050102854897141e+00 0
1.18649251121019701921e-02 1.36323971937034005286e+00 1.36323971937034005286e+00 1.36323971937034005286e+00 1.36323971937034005286e+00 0
1.30034622820527009934e-02 1.26109029747228573726e+00 1.26109029747228573726e+00 1.26109029747228573726e+00 1.26109029747228573726e+00 0
1.42512514595055511668e-02 1.19043449227295417003e+00 1.19043449227295417003e+00 1.19043449227295417003e+00 1.19043449227295417003e+00 0
1.56187762733294398243e-02 1.10631946218312093855e+00 1.10631946218312093855e+00 1.10631946218312093855e+00 1.10631946218312093855e+00 0
1.71175263428256507758e-02 1.05494402818393728793e+00 1.05494402818393728793e+00 1.05494402818393728793e+00 1.05494402818393728793e+00 0
1.87600938107854303682e-02 9.81535028334456272070e-01 9.81535028334456272070e-01 9.81535028334456272070e-01 9.81535028334456272070e-01 0
2.05602791396886919184e-02 9.42276582392943540256e-01 9.42276582392943540256e-01 9.42276582392943540256e-01 9.42276582392943540256e-01 0
2.25332070599182018866e-02 8.74124061581715627867e-01 8.74124061581715627867e-01 8.74124061581715627867e-01 8.74124061581715627867e-01 0
2.46954536441588087814e-02 8.45717279333308424860e-01 8.45717279333308424860e-01 8.45717279333308424860e-01 8.45717279333308424860e-01 0
2.70651855756306389256e-02 7.82753970445056568295e-01 7.82753970445056568295e-01 7.82753970445056568295e-01 7.82753970445056568295e-01 0
2.96623127802549194088e-02 7.60294225184127703265e-01 7.60294225184127703265e-01 7.60294225184127703265e-01 7.60294225184127703265e-01 0
3.25086557051317490141e-02 7.01734123049970848207e-01 7.01734123049970848207e-01 7.01734123049970848207e-01 7.01734123049970848207e-01 0
3.56281286487638709781e-02 6.83661167385916312966e-01 6.83661167385916312966e-01 6.83661167385916312966e-01 6.83661167385916312966e-01 0
3.90469406833235874177e-02 6.31372749489690687774e-01 6.31372749489690687774e-01 6.31372749489690687774e-01 6.31372749489690687774e-01 0
4.27938158570641130618e-02 6.17754774692894637056e-01 6.17754774692894637056e-01 6.17754774692894637056e-01 6.17754774692894637056e-01 0
4.69002345269635689817e-02 5.71422349366234039181e-01 5.71422349366234039181e-01 5.71422349366234039181e-01 5.71422349366234039181e-01 0
5.14006978492217297960e-02 5.60032698075993651265e-01 5.60032698075993651265e-01 5.60032698075993651265e-01 5.60032698075993651265e-01 0
5.63330176497955012471e-02 5.18427739875535142922e-01 5.18427739875535142922e-01 5.18427739875535142922e-01 5.18427739875535142922e-01 0
6.17386341103970184840e-02 5.10382172339491346769e-01 5.10382172339491346769e-01 5.10382172339491346769e-01 5.10382172339491346769e-01 0
6.76629639390766007834e-02 4.98393982091285991931e-01 4.98393982091285991931e-01 4.98393982091285991931e-01 4.98393982091285991931e-01 0
7.41557819506373228080e-02 4.88706893890742843922e-01 4.88706893890742843922e-01 4.88706893890742843922e-01 4.88706893890742843922e-01 0
8.12716392628293760048e-02 4.83957663373903834714e-01 4.83957663373903834714e-01 4.83957663373903834714e-01 4.83957663373903834714e-01 0
8.90703216219096705064e-02 4.74363345528675928175e-01 4.74363345528675928175e-01 4.74363345528675928175e-01 4.74363345528675928175e-01 0
9.76173517083089858914e-02 4.84098868008861316081e-01 4.84098868008861316081e-01 4.84098868008861316081e-01 4.84098868008861316081e-01 0
1.06984539642660303471e-01 4.76538119724966513502e-01 4.76538119724966513502e-01 4.76538119724966513502e-01 4.76538119724966513502e-01 0
1.17250586317408908577e-01 5.17902037321183006391e-01 5.17902037321183006391e-01 5.17902037321183006391e-01 5.17902037321183006391e-01 0
1.28501744623054303673e-01 5.20689197700352601750e-01 5.20689197700352601750e-01 5.20689197700352601750e-01 5.20689197700352601750e-01 0
1.40832544124488812098e-01 6.02004029419601183193e-01 6.02004029419601183193e-01 6.02004029419601183193e-01 6.02004029419601183193e-01 0
1.54346585275992514985e-01 6.21146601898958317101e-01 6.21146601898958317101e-01 6.21146601898958317101e-01 6.21146601898958317101e-01 0
1.69157409847691508897e-01 7.93309443894359533900e-01 7.93309443894359533900e-01 7.93309443894359533900e-01 7.93309443894359533900e-01 0
1.85389454876593307020e-01 8.86485305535687495571e-01 8.86485305535687495571e-01 8.86485305535687495571e-01 8.86485305535687495571e-01 0
2.03179098157073412256e-01 1.04759035986887960590e+00 1.04759035986887960590e+00 1.04759035986887960590e+00 1.04759035986887960590e+00 0
2.22675804054774217899e-01 1.16029164520889449541e+00 1.16029164520889449541e+00 1.16029164520889449541e+00 1.16029164520889449541e+00 0
2.44043379270772520240e-01 1.23682673761156713965e+00 1.23682673761156713965e+00 1.23682673761156713965e+00 1.23682673761156713965e+00 0
2.67461349106650703167e-01 1.25060486576912932577e+00 1.25060486576912932577e+00 1.25060486576912932577e+00 1.25060486576912932577e+00 0
2.93126465793522417158e-01 1.23353560354021452028e+00 1.23353560354021452028e+00 1.23353560354021452028e+00 1.23353560354021452028e+00 0
3.21254361557635814695e-01 1.15237658771291928694e+00 1.15237658771291928694e+00 1.15237658771291928694e+00 1.15237658771291928694e+00 0
3.52081360311221891468e-01 1.05336803562380154631e+00 1.05336803562380154631e+00 1.05336803562380154631e+00 1.05336803562380154631e+00 0
3.85866463189981301340e-01 9.24544258329604295987e-01 9.24544258329604295987e-01 9.24544258329604295987e-01 9.24544258329604295987e-01 0
4.22893524619228744488e-01 7.66551182320510449131e-01 7.66551182320510449131e-01 7.66551182320510449131e-01 7.66551182320510449131e-01 0
4.63473637191483156528e-01 6.24085331449265257042e-01 6.24085331449265257042e-01 6.24085331449265257042e-01 6.24085331449265257042e-01 0
5.07947745392683502885e-01 4.80511277807178394106e-01 4.80511277807178394106e-01 4.80511277807178394106e-01 4.80511277807178394106e-01 0
5.56689510136935350459e-01 3.60246997427021209415e-01 3.60246997427021209415e-01 3.60246997427021209415e-01 3.60246997427021209415e-01 0
6.10108448176931106310e-01 2.58215016982754619335e-01 2.58215016982754619335e-01 2.58215016982754619335e-01 2.58215016982754619335e-01 0
6.68653372766626730161e-01 1.82934312698959988808e-01 1.82934312698959988808e-01 1.82934312698959988808e-01 1.82934312698959988808e-01 0
7.32816164483805709828e-01 1.21176288718504651665e-01 1.21176288718504651665e-01 1.21176288718504651665e-01 1.21176288718504651665e-01 0
8.03135903894089508981e-01 8.25740625035699532530e-02 8.25740625035699532530e-02 8.25740625035699532530e-02 8.25740625035699532530e-02 0
8.80203400778054700915e-01 5.09160143459935904398e-02 5.09160143459935904398e-02 5.09160143459935904398e-02 5.09160143459935904398e-02 0
9.64666157974953475396e-01 3.22417349262955621469e-02 3.22417349262955621469e-02 3.22417349262955621469e-02 3.22417349262955621469e-02 0
1.05723381154807194449e+00 1.93291867475411868749e-02 1.93291867475411868749e-02 1.93291867475411868749e-02 1.93291867475411868749e-02 0
1.15868409297870789132e+00 1.17151165445711861329e-02 1.17151165445711861329e-02 1.17151165445711861329e-02 1.17151165445711861329e-02 0
1.26986936348170909028e+00 6.46387163113919249735e-03 6.46387163113919249735e-03 6.46387163113919249735e-03 6.46387163113919249735e-03 0
1.39172377534233904228e+00 3.62797659536187849100e-03 3.62797659536187849100e-03 3.62797659536187849100e-03 3.62797659536187849100e-03 0
1.52527112044232815435e+00 1.89467081821833682569e-03 1.89467081821833682569e-03 1.89467081821833682569e-03 1.89467081821833682569e-03 0
1.67163343191656688091e+00 2.39660162093597011584e-03 2.39660162093597011584e-03 2.39660162093597011584e-03 2.39660162093597011584e-03 0
1.83204041120951499622e+00 1.87097848207978334836e-03 1.87097848207978334836e-03 1.87097848207978334836e-03 1.87097848207978334836e-03 0
2.00783975973522421654e+00 1.98994915872366959567e-03 1.98994915872366959567e-03 1.98994915872366959567e-03 1.98994915872366959567e-03 0
2.20050850194513714086e+00 1.85751308506129750482e-03 1.85751308506129750482e-03 1.85751308506129750482e-03 1.85751308506129750482e-03 0
