-2.643084528870179e+00  3.362405484601208e-10  3.362405484601208e-10  3.362405484601208e-10  3.362405484601208e-10  0
-2.411665394937383e+00  1.254886243807453e-10  1.254886243807453e-10  1.254886243807453e-10  1.254886243807453e-10  0
-2.200508501945136e+00  5.083095086225143e-11  5.083095086225143e-11  5.083095086225143e-11  5.083095086225143e-11  0
-2.007839759735224e+00  2.212096956854067e-11  2.212096956854067e-11  2.212096956854067e-11  2.212096956854067e-11  0
-1.832040411209514e+00  9.900497690609394e-12  9.900497690609394e-12  9.900497690609394e-12  9.900497690609394e-12  0
-1.671633431916567e+00  5.493600074210008e-08  5.493600074210008e-08  5.493600074210008e-08  5.493600074210008e-08  0
-1.525271120442328e+00  2.647392194967648e-08  2.647392194967648e-08  2.647392194967648e-08  2.647392194967648e-08  0
-1.391723775342339e+00  1.183085335058723e-08  1.183085335058723e-08  1.183085335058723e-08  1.183085335058723e-08  0
-1.269869363481709e+00  4.894240846415483e-09  4.894240846415483e-09  4.894240846415483e-09  4.894240846415483e-09  0
-1.158684092978708e+00  1.870541507881957e-09  1.870541507881957e-09  1.870541507881957e-09  1.870541507881957e-09  0
-1.057233811548072e+00  7.864032636904465e-07  7.864032636904465e-07  7.864032636904465e-07  7.864032636904465e-07  0
-9.646661579749534e-01  4.945949218238183e-07  4.945949218238183e-07  4.945949218238183e-07  4.945949218238183e-07  0
-8.802034007780546e-01  3.049145129062704e-07  3.049145129062704e-07  3.049145129062704e-07  3.049145129062704e-07  0
-8.031359038940895e-01  1.799367709879770e-07  1.799367709879770e-07  1.799367709879770e-07  1.799367709879770e-07  0
-7.328161644838057e-01  1.000285450502115e-07  1.000285450502115e-07  1.000285450502115e-07  1.000285450502115e-07  0
-6.686533727666270e-01  9.733341689540331e-06  9.733341689540331e-06  9.733341689540331e-06  9.733341689540331e-06  0
-6.101084481769313e-01  6.053369398939921e-06  6.053369398939921e-06  6.053369398939921e-06  6.053369398939921e-06  0
-5.566895101369356e-01  3.703104990043009e-06  3.703104990043009e-06  3.703104990043009e-06  3.703104990043009e-06  0
-5.079477453926837e-01  2.257659366658328e-06  2.257659366658328e-06  2.257659366658328e-06  2.257659366658328e-06  0
-4.634736371914833e-01  1.386695885107773e-06  1.386695885107773e-06  1.386695885107773e-06  1.386695885107773e-06  0
-4.228935246192289e-01  7.345717633824994e-05  7.345717633824994e-05  7.345717633824994e-05  7.345717633824994e-05  0
-3.858664631899815e-01  5.131734041010382e-05  5.131734041010382e-05  5.131734041010382e-05  5.131734041010382e-05  0
-3.520813603112219e-01  3.507810157050240e-05  3.507810157050240e-05  3.507810157050240e-05  3.507810157050240e-05  0
-3.212543615576359e-01  2.333023345913745e-05  2.333023345913745e-05  2.333023345913745e-05  2.333023345913745e-05  0
-2.931264657935224e-01  1.496040944408779e-05  1.496040944408779e-05  1.496040944408779e-05  1.496040944408779e-05  0
-2.674613491066508e-01  2.651653414906846e-04  2.651653414906846e-04  2.651653414906846e-04  2.651653414906846e-04  0
-2.440433792707725e-01  2.212537063956616e-04  2.212537063956616e-04  2.212537063956616e-04  2.212537063956616e-04  0
-2.226758040547742e-01  1.775635888650620e-04  1.775635888650620e-04  1.775635888650620e-04  1.775635888650620e-04  0
-2.031790981570735e-01  1.369475897733345e-04  1.369475897733345e-04  1.369475897733345e-04  1.369475897733345e-04  0
-1.853894548765933e-01  1.018702110147237e-04  1.018702110147237e-04  1.018702110147237e-04  1.018702110147237e-04  0
-1.691574098476915e-01  4.968440164451371e-04  4.968440164451371e-04  4.968440164451371e-04  4.968440164451371e-04  0
-1.543465852759926e-01  4.306462736854524e-04  4.306462736854524e-04  4.306462736854524e-04  4.306462736854524e-04  0
-1.408325441244888e-01  3.787656421362985e-04  3.787656421362985e-04  3.787656421362985e-04  3.787656421362985e-04  0
-1.285017446230543e-01  3.350561164130528e-04  3.350561164130528e-04  3.350561164130528e-04  3.350561164130528e-04  0
-1.172505863174089e-01  2.927219228667497e-04  2.927219228667497e-04  2.927219228667497e-04  2.927219228667497e-04  0
-1.069845396426603e-01  8.756680943755724e-04  8.756680943755724e-04  8.756680943755724e-04  8.756680943755724e-04  0
-9.761735170830900e-02  7.669654132561603e-04  7.669654132561603e-04  7.669654132561603e-04  7.669654132561603e-04  0
-8.907032162190968e-02  6.662284158785413e-04  6.662284158785413e-04  6.662284158785413e-04  6.662284158785413e-04  0
-8.127163926282939e-02  5.591689843001204e-04  5.591689843001204e-04  5.591689843001204e-04  5.591689843001204e-04  0
-7.415578195063731e-02  4.459950281664930e-04  4.459950281664930e-04  4.459950281664930e-04  4.459950281664930e-04  0
-6.766296393907660e-02  2.335962562939196e-03  2.335962562939196e-03  2.335962562939196e-03  2.335962562939196e-03  0
-6.173863411039702e-02  1.812950247689671e-03  1.812950247689671e-03  1.812950247689671e-03  1.812950247689671e-03  0
-5.633301764979550e-02  1.405665048664656e-03  1.405665048664656e-03  1.405665048664656e-03  1.405665048664656e-03  0
-5.140069784922174e-02  1.115163513455365e-03  1.115163513455365e-03  1.115163513455365e-03  1.115163513455365e-03  0
-4.690023452696358e-02  9.197914460729324e-04  9.197914460729324e-04  9.197914460729324e-04  9.197914460729324e-04  0
-4.279381585706412e-02  5.292086892156462e-03  5.292086892156462e-03  5.292086892156462e-03  5.292086892156462e-03  0
-3.904694068332360e-02  4.440659581550451e-03  4.440659581550451e-03  4.440659581550451e-03  4.440659581550451e-03  0
-3.562812864876387e-02  3.809255545030540e-03  3.809255545030540e-03  3.809255545030540e-03  3.809255545030540e-03  0
-3.250865570513176e-02  3.241157504450484e-03  3.241157504450484e-03  3.241157504450484e-03  3.241157504450484e-03  0
-2.966231278025492e-02  2.668939627811178e-03  2.668939627811178e-03  2.668939627811178e-03  2.668939627811178e-03  0
-2.706518557563065e-02  1.721688908426370e-02  1.721688908426370e-02  1.721688908426370e-02  1.721688908426370e-02  0
-2.469545364415881e-02  1.319158222785850e-02  1.319158222785850e-02  1.319158222785850e-02  1.319158222785850e-02  0
-2.253320705991821e-02  9.918638989065236e-03  9.918638989065236e-03  9.918638989065236e-03  9.918638989065236e-03  0
-2.056027913968870e-02  7.440997249691149e-03  7.440997249691149e-03  7.440997249691149e-03  7.440997249691149e-03  0
-1.876009381078543e-02  5.682469402656397e-03  5.682469402656397e-03  5.682469402656397e-03  5.682469402656397e-03  0
-1.711752634282565e-02  4.119186809257012e-02  4.119186809257012e-02  4.119186809257012e-02  4.119186809257012e-02  0
-1.561877627332944e-02  3.373263350803201e-02  3.373263350803201e-02  3.373263350803201e-02  3.373263350803201e-02  0
-1.425125145950555e-02  2.843235031185478e-02  2.843235031185478e-02  2.843235031185478e-02  2.843235031185478e-02  0
-1.300346228205270e-02  2.406417828461566e-02  2.406417828461566e-02  2.406417828461566e-02  2.406417828461566e-02  0
-1.186492511210197e-02  1.995366490797917e-02  1.995366490797917e-02  1.995366490797917e-02  1.995366490797917e-02  0
-1.082607423025226e-02  1.361922327182052e-01  1.361922327182052e-01  1.361922327182052e-01  1.361922327182052e-01  0
-9.878181457663525e-03  1.050453761282865e-01  1.050453761282865e-01  1.050453761282865e-01  1.050453761282865e-01  0
-9.013282823967282e-03  7.951807093874830e-02  7.951807093874830e-02  7.951807093874830e-02  7.951807093874830e-02  0
-8.224111655875478e-03  5.963180276782877e-02  5.963180276782877e-02  5.963180276782877e-02  5.963180276782877e-02  0
-7.504037524314174e-03  4.491556525677349e-02  4.491556525677349e-02  4.491556525677349e-02  4.491556525677349e-02  0
-6.847010537130258e-03  3.439269616973227e-01  3.439269616973227e-01  3.439269616973227e-01  3.439269616973227e-01  0
-6.247510509331775e-03  2.767030859792218e-01  2.767030859792218e-01  2.767030859792218e-01  2.767030859792218e-01  0
-5.700500583802218e-03  2.285605752738239e-01  2.285605752738239e-01  2.285605752738239e-01  2.285605752738239e-01  0
-5.201384912821080e-03  1.907730384544235e-01  1.907730384544235e-01  1.907730384544235e-01  1.907730384544235e-01  0
-4.745970044840788e-03  1.576250664631756e-01  1.576250664631756e-01  1.576250664631756e-01  1.576250664631756e-01  0
-4.330429692100904e-03  1.111139953929990e+00  1.111139953929990e+00  1.111139953929990e+00  1.111139953929990e+00  0
-3.951272583065411e-03  8.677988092649382e-01  8.677988092649382e-01  8.677988092649382e-01  8.677988092649382e-01  0
-3.605313129586913e-03  6.697736608417563e-01  6.697736608417563e-01  6.697736608417563e-01  6.697736608417563e-01  0
-3.289644662350192e-03  5.131017636938814e-01  5.131017636938814e-01  5.131017636938814e-01  5.131017636938814e-01  0
-3.001615009725670e-03  3.938315099706414e-01  3.938315099706414e-01  3.938315099706414e-01  3.938315099706414e-01  0
-2.738804214852102e-03  3.015984370679487e+00  3.015984370679487e+00  3.015984370679487e+00  3.015984370679487e+00  0
-2.499004203732709e-03  2.390480332825154e+00  2.390480332825154e+00  2.390480332825154e+00  2.390480332825154e+00  0
-2.280200233520886e-03  1.929002852066373e+00  1.929002852066373e+00  1.929002852066373e+00  1.929002852066373e+00  0
-2.080553965128431e-03  1.576600322588710e+00  1.576600322588710e+00  1.576600322588710e+00  1.576600322588710e+00  0
-1.898388017936314e-03  1.288365130876536e+00  1.288365130876536e+00  1.288365130876536e+00  1.288365130876536e+00  0
-1.732171876840360e-03  9.476199497004528e+00  9.476199497004528e+00  9.476199497004528e+00  9.476199497004528e+00  0
-1.580509033226163e-03  7.495633418215774e+00  7.495633418215774e+00  7.495633418215774e+00  7.495633418215774e+00  0
-1.442125251834764e-03  5.899161231111094e+00  5.899161231111094e+00  5.899161231111094e+00  5.899161231111094e+00  0
-1.315857864940076e-03  4.610433455383526e+00  4.610433455383526e+00  4.610433455383526e+00  4.610433455383526e+00  0
-1.200646003890267e-03  3.588197809153180e+00  3.588197809153180e+00  3.588197809153180e+00  3.588197809153180e+00  0
-1.095521685940841e-03  2.762016936235314e+01  2.762016936235314e+01  2.762016936235314e+01  2.762016936235314e+01  0
-9.996016814930835e-04  2.182419435746448e+01  2.182419435746448e+01  2.182419435746448e+01  2.182419435746448e+01  0
-9.120800934083544e-04  1.730187983078593e+01  1.730187983078593e+01  1.730187983078593e+01  1.730187983078593e+01  0
-8.322215860513723e-04  1.382356112148631e+01  1.382356112148631e+01  1.382356112148631e+01  1.382356112148631e+01  0
-7.593552071745256e-04  1.110512692850576e+01  1.110512692850576e+01  1.110512692850576e+01  1.110512692850576e+01  0
-6.928687507361440e-04  8.031278660353270e+01  8.031278660353270e+01  8.031278660353270e+01  8.031278660353270e+01  0
-6.322036132904651e-04  6.523201737545219e+01  6.523201737545219e+01  6.523201737545219e+01  6.523201737545219e+01  0
-5.768501007339055e-04  5.283012340647043e+01  5.283012340647043e+01  5.283012340647043e+01  5.283012340647043e+01  0
-5.263431459760303e-04  4.243147477413599e+01  4.243147477413599e+01  4.243147477413599e+01  4.243147477413599e+01  0
-4.802584015561067e-04  3.368191827856139e+01  3.368191827856139e+01  3.368191827856139e+01  3.368191827856139e+01  0
-4.382086743763362e-04  2.041162700012675e+02  2.041162700012675e+02  2.041162700012675e+02  2.041162700012675e+02  0
-3.998406725972333e-04  1.715934222335121e+02  1.715934222335121e+02  1.715934222335121e+02  1.715934222335121e+02  0
-3.648320373633417e-04  1.417753092180890e+02  1.417753092180890e+02  1.417753092180890e+02  1.417753092180890e+02  0
-3.328886344205489e-04  1.159380073172082e+02  1.159380073172082e+02  1.159380073172082e+02  1.159380073172082e+02  0
-3.037420828698102e-04  9.436021845608263e+01  9.436021845608263e+01  9.436021845608263e+01  9.436021845608263e+01  0
-2.771475002944575e-04  3.763027609290646e+02  3.763027609290646e+02  3.763027609290646e+02  3.763027609290646e+02  0
-2.528814453161860e-04  3.399304652865245e+02  3.399304652865245e+02  3.399304652865245e+02  3.399304652865245e+02  0
-2.307400402935622e-04  3.052579177708146e+02  3.052579177708146e+02  3.052579177708146e+02  3.052579177708146e+02  0
-2.105372583904121e-04  2.707057456961571e+02  2.707057456961571e+02  2.707057456961571e+02  2.707057456961571e+02  0
-1.921033606224427e-04  2.353293442609096e+02  2.353293442609096e+02  2.353293442609096e+02  2.353293442609096e+02  0
-1.752834697505345e-04  5.238719838968459e+02  5.238719838968459e+02  5.238719838968459e+02  5.238719838968459e+02  0
-1.599362690388933e-04  5.083267427102294e+02  5.083267427102294e+02  5.083267427102294e+02  5.083267427102294e+02  0
-1.459328149453367e-04  4.805184095100146e+02  4.805184095100146e+02  4.805184095100146e+02  4.805184095100146e+02  0
-1.331554537682195e-04  4.447975874631613e+02  4.447975874631613e+02  4.447975874631613e+02  4.447975874631613e+02  0
-1.214968331479241e-04  4.062297620212155e+02  4.062297620212155e+02  4.062297620212155e+02  4.062297620212155e+02  0
-1.108590001177830e-04  5.178794854510428e+02  5.178794854510428e+02  5.178794854510428e+02  5.178794854510428e+02  0
-1.011525781264744e-04  5.121956806830352e+02  5.121956806830352e+02  5.121956806830352e+02  5.121956806830352e+02  0
-9.229601611742488e-05  5.140840162495107e+02  5.140840162495107e+02  5.140840162495107e+02  5.140840162495107e+02  0
-8.421490335616483e-05  5.187295540113760e+02  5.187295540113760e+02  5.187295540113760e+02  5.187295540113760e+02  0
-7.684134424897707e-05  5.179379811342950e+02  5.179379811342950e+02  5.179379811342950e+02  5.179379811342950e+02  0
-7.011338790021381e-05  5.053497707842322e+02  5.053497707842322e+02  5.053497707842322e+02  5.053497707842322e+02  0
-6.397450761555734e-05  5.292461856453484e+02  5.292461856453484e+02  5.292461856453484e+02  5.292461856453484e+02  0
-5.837312597813469e-05  5.377644713064125e+02  5.377644713064125e+02  5.377644713064125e+02  5.377644713064125e+02  0
-5.326218150728783e-05  5.314369192738882e+02  5.314369192738882e+02  5.314369192738882e+02  5.314369192738882e+02  0
-4.859873325916964e-05  5.163522736783706e+02  5.163522736783706e+02  5.163522736783706e+02  5.163522736783706e+02  0
-4.434360004711321e-05  4.423268111955197e+02  4.423268111955197e+02  4.423268111955197e+02  4.423268111955197e+02  0
-4.046103125058977e-05  4.271873576241740e+02  4.271873576241740e+02  4.271873576241740e+02  4.271873576241740e+02  0
-3.691840644696995e-05  4.273077060970210e+02  4.273077060970210e+02  4.273077060970210e+02  4.273077060970210e+02  0
-3.368596134246593e-05  4.435616741030718e+02  4.435616741030718e+02  4.435616741030718e+02  4.435616741030718e+02  0
-3.073653769959083e-05  4.689167677066224e+02  4.689167677066224e+02  4.689167677066224e+02  4.689167677066224e+02  0
-2.804535516008552e-05  4.264504845701284e+02  4.264504845701284e+02  4.264504845701284e+02  4.264504845701284e+02  0
-2.558980304622294e-05  4.585393665839280e+02  4.585393665839280e+02  4.585393665839280e+02  4.585393665839280e+02  0
-2.334925039125387e-05  4.751923904507782e+02  4.751923904507782e+02  4.751923904507782e+02  4.751923904507782e+02  0
-2.130487260291513e-05  4.718846829940576e+02  4.718846829940576e+02  4.718846829940576e+02  4.718846829940576e+02  0
-1.943949330366785e-05  4.522495721072689e+02  4.522495721072689e+02  4.522495721072689e+02  4.522495721072689e+02  0
-1.773744001884528e-05  3.974553152925525e+02  3.974553152925525e+02  3.974553152925525e+02  3.974553152925525e+02  0
-1.618441250023591e-05  3.714606790901283e+02  3.714606790901283e+02  3.714606790901283e+02  3.714606790901283e+02  0
-1.476736257878798e-05  3.597149735133907e+02  3.597149735133907e+02  3.597149735133907e+02  3.597149735133907e+02  0
-1.347438453698637e-05  3.679049373508500e+02  3.679049373508500e+02  3.679049373508500e+02  3.679049373508500e+02  0
-1.229461507983633e-05  3.931324079619250e+02  3.931324079619250e+02  3.931324079619250e+02  3.931324079619250e+02  0
-1.121814206403421e-05  3.849220418873371e+02  3.849220418873371e+02  3.849220418873371e+02  3.849220418873371e+02  0
-1.023592121848917e-05  4.189031281306595e+02  4.189031281306595e+02  4.189031281306595e+02  4.189031281306595e+02  0
-9.339700156501548e-06  4.390199613695171e+02  4.390199613695171e+02  4.390199613695171e+02  4.390199613695171e+02  0
-8.521949041166052e-06  4.381109434030280e+02  4.381109434030280e+02  4.381109434030280e+02  4.381109434030280e+02  0
-7.775797321467140e-06  4.170907536002356e+02  4.170907536002356e+02  4.170907536002356e+02  4.170907536002356e+02  0
-7.094976007538114e-06  3.707867175361176e+02  3.707867175361176e+02  3.707867175361176e+02  3.707867175361176e+02  0
-6.473765000094363e-06  3.410521561095501e+02  3.410521561095501e+02  3.410521561095501e+02  3.410521561095501e+02  0
-5.906945031515193e-06  3.245865100584140e+02  3.245865100584140e+02  3.245865100584140e+02  3.245865100584140e+02  0
-5.389753814794549e-06  3.284876820268835e+02  3.284876820268835e+02  3.284876820268835e+02  3.284876820268835e+02  0
-4.917846031934533e-06  3.517708387145798e+02  3.517708387145798e+02  3.517708387145798e+02  3.517708387145798e+02  0
-4.487256825613684e-06  3.575839263847288e+02  3.575839263847288e+02  3.575839263847288e+02  3.575839263847288e+02  0
-4.094368487395670e-06  3.916459715089461e+02  3.916459715089461e+02  3.916459715089461e+02  3.916459715089461e+02  0
-3.735880062600620e-06  4.132959884722007e+02  4.132959884722007e+02  4.132959884722007e+02  4.132959884722007e+02  0
-3.408779616466421e-06  4.148544158224982e+02  4.148544158224982e+02  4.148544158224982e+02  4.148544158224982e+02  0
-3.110318928586857e-06  3.966360893204839e+02  3.966360893204839e+02  3.966360893204839e+02  3.966360893204839e+02  0
-2.837990403015245e-06  3.596916751444026e+02  3.596916751444026e+02  3.596916751444026e+02  3.596916751444026e+02  0
-2.589506000037745e-06  3.267692747385890e+02  3.267692747385890e+02  3.267692747385890e+02  3.267692747385890e+02  0
-2.362778012606077e-06  3.065892678154838e+02  3.065892678154838e+02  3.065892678154838e+02  3.065892678154838e+02  0
-2.155901525917819e-06  3.068118234976682e+02  3.068118234976682e+02  3.068118234976682e+02  3.068118234976682e+02  0
-1.967138412773813e-06  3.272011684679817e+02  3.272011684679817e+02  3.272011684679817e+02  3.272011684679817e+02  0
-1.794902730245473e-06  3.550264025161152e+02  3.550264025161152e+02  3.550264025161152e+02  3.550264025161152e+02  0
-1.637747394958268e-06  3.881693480435404e+02  3.881693480435404e+02  3.881693480435404e+02  3.881693480435404e+02  0
-1.494352025040248e-06  4.087959580831243e+02  4.087959580831243e+02  4.087959580831243e+02  4.087959580831243e+02  0
-1.363511846586568e-06  4.090497579492915e+02  4.090497579492915e+02  4.090497579492915e+02  4.090497579492915e+02  0
-1.244127571434742e-06  3.890521952991197e+02  3.890521952991197e+02  3.890521952991197e+02  3.890521952991197e+02  0
-1.135196161206098e-06  3.604233257231694e+02  3.604233257231694e+02  3.604233257231694e+02  3.604233257231694e+02  0
-1.035802400015098e-06  3.272495521275642e+02  3.272495521275642e+02  3.272495521275642e+02  3.272495521275642e+02  0
-9.451112050424309e-07  3.065513447434965e+02  3.065513447434965e+02  3.065513447434965e+02  3.065513447434965e+02  0
-8.623606103671279e-07  3.060400881373447e+02  3.060400881373447e+02  3.060400881373447e+02  3.060400881373447e+02  0
-7.868553651095252e-07  3.255801437647491e+02  3.255801437647491e+02  3.255801437647491e+02  3.255801437647491e+02  0
-7.179610920981894e-07  3.549607186118046e+02  3.549607186118046e+02  3.549607186118046e+02  3.549607186118046e+02  0
-6.550989579833072e-07  3.882468033948933e+02  3.882468033948933e+02  3.882468033948933e+02  3.882468033948933e+02  0
-5.977408100160992e-07  4.091036673638046e+02  4.091036673638046e+02  4.091036673638046e+02  4.091036673638046e+02  0
-5.454047386346274e-07  4.096086119071482e+02  4.096086119071482e+02  4.096086119071482e+02  4.096086119071482e+02  0
-4.976510285738970e-07  3.897900350780665e+02  3.897900350780665e+02  3.897900350780665e+02  3.897900350780665e+02  0
-4.540784644824392e-07  3.606295035532871e+02  3.606295035532871e+02  3.606295035532871e+02  3.606295035532871e+02  0
-4.143209600060391e-07  3.273942527193582e+02  3.273942527193582e+02  3.273942527193582e+02  3.273942527193582e+02  0
-3.780444820169723e-07  3.065945389788397e+02  3.065945389788397e+02  3.065945389788397e+02  3.065945389788397e+02  0
-3.449442441468511e-07  3.059823366092096e+02  3.059823366092096e+02  3.059823366092096e+02  3.059823366092096e+02  0
-3.147421460438101e-07  3.254747236721080e+02  3.254747236721080e+02  3.254747236721080e+02  3.254747236721080e+02  0
-2.871844368392758e-07  3.549181773435778e+02  3.549181773435778e+02  3.549181773435778e+02  3.549181773435778e+02  0
-2.620395831933229e-07  3.882540192042431e+02  3.882540192042431e+02  3.882540192042431e+02  3.882540192042431e+02  0
-2.390963240064397e-07  4.091862132612038e+02  4.091862132612038e+02  4.091862132612038e+02  4.091862132612038e+02  0
-2.181618954538510e-07  4.097674378043377e+02  4.097674378043377e+02  4.097674378043377e+02  4.097674378043377e+02  0
-1.990604114295588e-07  3.899967934488612e+02  3.899967934488612e+02  3.899967934488612e+02  3.899967934488612e+02  0
-1.816313857929757e-07  3.606973642708207e+02  3.606973642708207e+02  3.606973642708207e+02  3.606973642708207e+02  0
-1.657283840024157e-07  3.274339131198629e+02  3.274339131198629e+02  3.274339131198629e+02  3.274339131198629e+02  0
-1.512177928067889e-07  3.065927223450772e+02  3.065927223450772e+02  3.065927223450772e+02  3.065927223450772e+02  0
-1.379776976587405e-07  3.059417169629811e+02  3.059417169629811e+02  3.059417169629811e+02  3.059417169629811e+02  0
-1.258968584175240e-07  3.254168180708364e+02  3.254168180708364e+02  3.254168180708364e+02  3.254168180708364e+02  0
-1.148737747357103e-07  3.549039866363755e+02  3.549039866363755e+02  3.549039866363755e+02  3.549039866363755e+02  0
-1.048158332773291e-07  3.882592521661896e+02  3.882592521661896e+02  3.882592521661896e+02  3.882592521661896e+02  0
-9.563852960257586e-08  4.092193902506383e+02  4.092193902506383e+02  4.092193902506383e+02  4.092193902506383e+02  0
-8.726475818154038e-08  4.098270790103850e+02  4.098270790103850e+02  4.098270790103850e+02  4.098270790103850e+02  0
-7.962416457182352e-08  3.900703604670276e+02  3.900703604670276e+02  3.900703604670276e+02  3.900703604670276e+02  0
-7.265255431719029e-08  3.607273770799647e+02  3.607273770799647e+02  3.607273770799647e+02  3.607273770799647e+02  0
-6.629135360096627e-08  3.274516027809166e+02  3.274516027809166e+02  3.274516027809166e+02  3.274516027809166e+02  0
-6.048711712271557e-08  3.065933944933117e+02  3.065933944933117e+02  3.065933944933117e+02  3.065933944933117e+02  0
-5.519107906349619e-08  3.059271570796070e+02  3.059271570796070e+02  3.059271570796070e+02  3.059271570796070e+02  0
-5.035874336700961e-08  3.253960494322909e+02  3.253960494322909e+02  3.253960494322909e+02  3.253960494322909e+02  0
-4.594950989428412e-08  3.549037841370466e+02  3.549037841370466e+02  3.549037841370466e+02  3.549037841370466e+02  0
-4.192633331093166e-08  3.882672272280076e+02  3.882672272280076e+02  3.882672272280076e+02  3.882672272280076e+02  0
-3.825541184103035e-08  4.092385085493648e+02  4.092385085493648e+02  4.092385085493648e+02  4.092385085493648e+02  0
-3.490590327261615e-08  4.098561652192961e+02  4.098561652192961e+02  4.098561652192961e+02  4.098561652192961e+02  0
-3.184966582872941e-08  3.901039127315510e+02  3.901039127315510e+02  3.901039127315510e+02  3.901039127315510e+02  0
-2.906102172687611e-08  3.607449375705883e+02  3.607449375705883e+02  3.607449375705883e+02  3.607449375705883e+02  0
-2.651654144038651e-08  3.274635960959033e+02  3.274635960959033e+02  3.274635960959033e+02  3.274635960959033e+02  0
-2.419484684908623e-08  3.065982162073827e+02  3.065982162073827e+02  3.065982162073827e+02  3.065982162073827e+02  0
-2.207643162539847e-08  3.059259219309643e+02  3.059259219309643e+02  3.059259219309643e+02  3.059259219309643e+02  0
-2.014349734680384e-08  3.253927207413246e+02  3.253927207413246e+02  3.253927207413246e+02  3.253927207413246e+02  0
-1.837980395771364e-08  3.549095824945433e+02  3.549095824945433e+02  3.549095824945433e+02  3.549095824945433e+02  0
-1.677053332437266e-08  3.882768346162671e+02  3.882768346162671e+02  3.882768346162671e+02  3.882768346162671e+02  0
-1.530216473641213e-08  4.092528652599713e+02  4.092528652599713e+02  4.092528652599713e+02  4.092528652599713e+02  0
-1.396236130904646e-08  4.098744183492324e+02  4.098744183492324e+02  4.098744183492324e+02  4.098744183492324e+02  0
-1.273986633149176e-08  3.901234919630048e+02  3.901234919630048e+02  3.901234919630048e+02  3.901234919630048e+02  0
-1.162440869075045e-08  3.607579524842864e+02  3.607579524842864e+02  3.607579524842864e+02  3.607579524842864e+02  0
-1.060661657615460e-08  3.274738066108549e+02  3.274738066108549e+02  3.274738066108549e+02  3.274738066108549e+02  0
-9.677938739634492e-09  3.066051995804969e+02  3.066051995804969e+02  3.066051995804969e+02  3.066051995804969e+02  0
-8.830572650159389e-09  3.059304746320105e+02  3.059304746320105e+02  3.059304746320105e+02  3.059304746320105e+02  0
-8.057398938721539e-09  3.253967710194161e+02  3.253967710194161e+02  3.253967710194161e+02  3.253967710194161e+02  0
-7.351921583085459e-09  3.549178520273101e+02  3.549178520273101e+02  3.549178520273101e+02  3.549178520273101e+02  0
-6.708213329749065e-09  3.882871901136631e+02  3.882871901136631e+02  3.882871901136631e+02  3.882871901136631e+02  0
-6.120865894564855e-09  4.092654678552157e+02  4.092654678552157e+02  4.092654678552157e+02  4.092654678552157e+02  0
-5.584944523618584e-09  4.098885746195079e+02  4.098885746195079e+02  4.098885746195079e+02  4.098885746195079e+02  0
-5.095946532596706e-09  3.901378216302929e+02  3.901378216302929e+02  3.901378216302929e+02  3.901378216302929e+02  0
-4.649763476300179e-09  3.607692495931769e+02  3.607692495931769e+02  3.607692495931769e+02  3.607692495931769e+02  0
-4.242646630461842e-09  3.274834037174262e+02  3.274834037174262e+02  3.274834037174262e+02  3.274834037174262e+02  0
-3.871175495853797e-09  3.066131387588412e+02  3.066131387588412e+02  3.066131387588412e+02  3.066131387588412e+02  0
-3.532229060063756e-09  3.059374201735205e+02  3.059374201735205e+02  3.059374201735205e+02  3.059374201735205e+02  0
-3.222959575488616e-09  3.254038389320639e+02  3.254038389320639e+02  3.254038389320639e+02  3.254038389320639e+02  0
-2.940768633234184e-09  3.549271435847879e+02  3.549271435847879e+02  3.549271435847879e+02  3.549271435847879e+02  0
-2.683285331899626e-09  3.882978998146879e+02  3.882978998146879e+02  3.882978998146879e+02  3.882978998146879e+02  0
-2.448346357825942e-09  4.092774587101807e+02  4.092774587101807e+02  4.092774587101807e+02  4.092774587101807e+02  0
-2.233977809447434e-09  4.099012355158481e+02  4.099012355158481e+02  4.099012355158481e+02  4.099012355158481e+02  0
-2.038378613038682e-09  3.901502774907278e+02  3.901502774907278e+02  3.901502774907278e+02  3.901502774907278e+02  0
-1.859905390520071e-09  3.607799536588123e+02  3.607799536588123e+02  3.607799536588123e+02  3.607799536588123e+02  0
-1.697058652184737e-09  3.274928233267100e+02  3.274928233267100e+02  3.274928233267100e+02  3.274928233267100e+02  0
-1.548470198341519e-09  3.066215024111647e+02  3.066215024111647e+02  3.066215024111647e+02  3.066215024111647e+02  0
-1.412891624025502e-09  3.059453459812826e+02  3.059453459812826e+02  3.059453459812826e+02  3.059453459812826e+02  0
-1.289183830195446e-09  3.254121268895526e+02  3.254121268895526e+02  3.254121268895526e+02  3.254121268895526e+02  0
-1.176307453293673e-09  3.549369337144564e+02  3.549369337144564e+02  3.549369337144564e+02  3.549369337144564e+02  0
-1.073314132759850e-09  3.883089365538892e+02  3.883089365538892e+02  3.883089365538892e+02  3.883089365538892e+02  0
-9.793385431303769e-10  4.092895716912614e+02  4.092895716912614e+02  4.092895716912614e+02  4.092895716912614e+02  0
-8.935911237789734e-10  4.099140046296385e+02  4.099140046296385e+02  4.099140046296385e+02  4.099140046296385e+02  0
-8.153514452154729e-10  3.901633122032408e+02  3.901633122032408e+02  3.901633122032408e+02  3.901633122032408e+02  0
-7.439621562080285e-10  3.607906241881486e+02  3.607906241881486e+02  3.607906241881486e+02  3.607906241881486e+02  0
-6.788234608738945e-10  3.275022991816602e+02  3.275022991816602e+02  3.275022991816602e+02  3.275022991816602e+02  0
-6.193880793366075e-10  3.066300844908026e+02  3.066300844908026e+02  3.066300844908026e+02  3.066300844908026e+02  0
-5.651566496102009e-10  3.059536414508447e+02  3.059536414508447e+02  3.059536414508447e+02  3.059536414508447e+02  0
-5.156735320781784e-10  3.254208114874850e+02  3.254208114874850e+02  3.254208114874850e+02  3.254208114874850e+02  0
-4.705229813174694e-10  3.549476917712896e+02  3.549476917712896e+02  3.549476917712896e+02  3.549476917712896e+02  0
-4.293256531039402e-10  3.883218792681490e+02  3.883218792681490e+02  3.883218792681490e+02  3.883218792681490e+02  0
-3.917354172521507e-10  4.093056928618638e+02  4.093056928618638e+02  4.093056928618638e+02  4.093056928618638e+02  0
-3.574364495115894e-10  4.099352349851904e+02  4.099352349851904e+02  4.099352349851904e+02  4.099352349851904e+02  0
-3.261405780861892e-10  3.901934610025097e+02  3.901934610025097e+02  3.901934610025097e+02  3.901934610025097e+02  0
3.261405780861892e-10  3.901917527843825e+02  3.901917527843825e+02  3.901917527843825e+02  3.901917527843825e+02  0
3.574364495115894e-10  4.099334144281039e+02  4.099334144281039e+02  4.099334144281039e+02  4.099334144281039e+02  0
3.917354172521507e-10  4.093040458975696e+02  4.093040458975696e+02  4.093040458975696e+02  4.093040458975696e+02  0
4.293256531039402e-10  3.883206310556073e+02  3.883206310556073e+02  3.883206310556073e+02  3.883206310556073e+02  0
4.705229813174694e-10  3.549468870151075e+02  3.549468870151075e+02  3.549468870151075e+02  3.549468870151075e+02  0
5.156735320781784e-10  3.254205657836458e+02  3.254205657836458e+02  3.254205657836458e+02  3.254205657836458e+02  0
5.651566496102009e-10  3.059533395303877e+02  3.059533395303877e+02  3.059533395303877e+02  3.059533395303877e+02  0
6.193880793366075e-10  3.066295336010525e+02  3.066295336010525e+02  3.066295336010525e+02  3.066295336010525e+02  0
6.788234608738945e-10  3.275013434440536e+02  3.275013434440536e+02  3.275013434440536e+02  3.275013434440536e+02  0
7.439621562080285e-10  3.607892199723339e+02  3.607892199723339e+02  3.607892199723339e+02  3.607892199723339e+02  0
8.153514452154729e-10  3.901626289499648e+02  3.901626289499648e+02  3.901626289499648e+02  3.901626289499648e+02  0
8.935911237789734e-10  4.099132764285083e+02  4.099132764285083e+02  4.099132764285083e+02  4.099132764285083e+02  0
9.793385431303769e-10  4.092889129192903e+02  4.092889129192903e+02  4.092889129192903e+02  4.092889129192903e+02  0
1.073314132759850e-09  3.883084372774203e+02  3.883084372774203e+02  3.883084372774203e+02  3.883084372774203e+02  0
1.176307453293673e-09  3.549366118178610e+02  3.549366118178610e+02  3.549366118178610e+02  3.549366118178610e+02  0
1.289183830195446e-09  3.254120286072146e+02  3.254120286072146e+02  3.254120286072146e+02  3.254120286072146e+02  0
1.412891624025502e-09  3.059452252132058e+02  3.059452252132058e+02  3.059452252132058e+02  3.059452252132058e+02  0
1.548470198341519e-09  3.066212820580759e+02  3.066212820580759e+02  3.066212820580759e+02  3.066212820580759e+02  0
1.697058652184737e-09  3.274924410380617e+02  3.274924410380617e+02  3.274924410380617e+02  3.274924410380617e+02  0
1.859905390520071e-09  3.607793919822578e+02  3.607793919822578e+02  3.607793919822578e+02  3.607793919822578e+02  0
2.038378613038682e-09  3.901500041958137e+02  3.901500041958137e+02  3.901500041958137e+02  3.901500041958137e+02  0
2.233977809447434e-09  4.099009442401507e+02  4.099009442401507e+02  4.099009442401507e+02  4.099009442401507e+02  0
2.448346357825942e-09  4.092771952036205e+02  4.092771952036205e+02  4.092771952036205e+02  4.092771952036205e+02  0
2.683285331899626e-09  3.882977001036411e+02  3.882977001036411e+02  3.882977001036411e+02  3.882977001036411e+02  0
2.940768633234184e-09  3.549270148237363e+02  3.549270148237363e+02  3.549270148237363e+02  3.549270148237363e+02  0
3.222959575488616e-09  3.254037996164854e+02  3.254037996164854e+02  3.254037996164854e+02  3.254037996164854e+02  0
3.532229060063756e-09  3.059373718651821e+02  3.059373718651821e+02  3.059373718651821e+02  3.059373718651821e+02  0
3.871175495853797e-09  3.066130506187329e+02  3.066130506187329e+02  3.066130506187329e+02  3.066130506187329e+02  0
4.242646630461842e-09  3.274832508051675e+02  3.274832508051675e+02  3.274832508051675e+02  3.274832508051675e+02  0
4.649763476300179e-09  3.607690249267439e+02  3.607690249267439e+02  3.607690249267439e+02  3.607690249267439e+02  0
5.095946532596706e-09  3.901377123149168e+02  3.901377123149168e+02  3.901377123149168e+02  3.901377123149168e+02  0
5.584944523618584e-09  4.098884581105734e+02  4.098884581105734e+02  4.098884581105734e+02  4.098884581105734e+02  0
6.120865894564855e-09  4.092653624521317e+02  4.092653624521317e+02  4.092653624521317e+02  4.092653624521317e+02  0
6.708213329749065e-09  3.882871102271906e+02  3.882871102271906e+02  3.882871102271906e+02  3.882871102271906e+02  0
7.351921583085459e-09  3.549178005201922e+02  3.549178005201922e+02  3.549178005201922e+02  3.549178005201922e+02  0
8.057398938721539e-09  3.253967552894850e+02  3.253967552894850e+02  3.253967552894850e+02  3.253967552894850e+02  0
8.830572650159389e-09  3.059304553065453e+02  3.059304553065453e+02  3.059304553065453e+02  3.059304553065453e+02  0
9.677938739634492e-09  3.066051643243902e+02  3.066051643243902e+02  3.066051643243902e+02  3.066051643243902e+02  0
1.060661657615460e-08  3.274737454477196e+02  3.274737454477196e+02  3.274737454477196e+02  3.274737454477196e+02  0
1.162440869075045e-08  3.607578626204162e+02  3.607578626204162e+02  3.607578626204162e+02  3.607578626204162e+02  0
1.273986633149176e-08  3.901234482378462e+02  3.901234482378462e+02  3.901234482378462e+02  3.901234482378462e+02  0
1.396236130904646e-08  4.098743717453495e+02  4.098743717453495e+02  4.098743717453495e+02  4.098743717453495e+02  0
1.530216473641213e-08  4.092528230967121e+02  4.092528230967121e+02  4.092528230967121e+02  4.092528230967121e+02  0
1.677053332437266e-08  3.882768026582337e+02  3.882768026582337e+02  3.882768026582337e+02  3.882768026582337e+02  0
1.837980395771364e-08  3.549095618877707e+02  3.549095618877707e+02  3.549095618877707e+02  3.549095618877707e+02  0
2.014349734680384e-08  3.253927144456676e+02  3.253927144456676e+02  3.253927144456676e+02  3.253927144456676e+02  0
2.207643162539847e-08  3.059259141982582e+02  3.059259141982582e+02  3.059259141982582e+02  3.059259141982582e+02  0
2.419484684908623e-08  3.065982021040562e+02  3.065982021040562e+02  3.065982021040562e+02  3.065982021040562e+02  0
2.651654144038651e-08  3.274635716311603e+02  3.274635716311603e+02  3.274635716311603e+02  3.274635716311603e+02  0
2.906102172687611e-08  3.607449016260781e+02  3.607449016260781e+02  3.607449016260781e+02  3.607449016260781e+02  0
3.184966582872941e-08  3.901038952438525e+02  3.901038952438525e+02  3.901038952438525e+02  3.901038952438525e+02  0
3.490590327261615e-08  4.098561465786079e+02  4.098561465786079e+02  4.098561465786079e+02  4.098561465786079e+02  0
3.825541184103035e-08  4.092384916829736e+02  4.092384916829736e+02  4.092384916829736e+02  4.092384916829736e+02  0
4.192633331093166e-08  3.882672144420185e+02  3.882672144420185e+02  3.882672144420185e+02  3.882672144420185e+02  0
4.594950989428412e-08  3.549037758907612e+02  3.549037758907612e+02  3.549037758907612e+02  3.549037758907612e+02  0
5.035874336700961e-08  3.253960469117375e+02  3.253960469117375e+02  3.253960469117375e+02  3.253960469117375e+02  0
5.519107906349619e-08  3.059271539855851e+02  3.059271539855851e+02  3.059271539855851e+02  3.059271539855851e+02  0
6.048711712271557e-08  3.065933888527903e+02  3.065933888527903e+02  3.065933888527903e+02  3.065933888527903e+02  0
6.629135360096627e-08  3.274515929972576e+02  3.274515929972576e+02  3.274515929972576e+02  3.274515929972576e+02  0
7.265255431719029e-08  3.607273627048874e+02  3.607273627048874e+02  3.607273627048874e+02  3.607273627048874e+02  0
7.962416457182352e-08  3.900703534745700e+02  3.900703534745700e+02  3.900703534745700e+02  3.900703534745700e+02  0
8.726475818154038e-08  4.098270715554425e+02  4.098270715554425e+02  4.098270715554425e+02  4.098270715554425e+02  0
9.563852960257586e-08  4.092193835036993e+02  4.092193835036993e+02  4.092193835036993e+02  4.092193835036993e+02  0
1.048158332773291e-07  3.882592470499815e+02  3.882592470499815e+02  3.882592470499815e+02  3.882592470499815e+02  0
1.148737747357103e-07  3.549039833355167e+02  3.549039833355167e+02  3.549039833355167e+02  3.549039833355167e+02  0
1.258968584175240e-07  3.254168170596445e+02  3.254168170596445e+02  3.254168170596445e+02  3.254168170596445e+02  0
1.379776976587405e-07  3.059417157239436e+02  3.059417157239436e+02  3.059417157239436e+02  3.059417157239436e+02  0
1.512177928067889e-07  3.065927200893747e+02  3.065927200893747e+02  3.065927200893747e+02  3.065927200893747e+02  0
1.657283840024157e-07  3.274339092085086e+02  3.274339092085086e+02  3.274339092085086e+02  3.274339092085086e+02  0
1.816313857929757e-07  3.606973585235554e+02  3.606973585235554e+02  3.606973585235554e+02  3.606973585235554e+02  0
1.990604114295588e-07  3.899967906535536e+02  3.899967906535536e+02  3.899967906535536e+02  3.899967906535536e+02  0
2.181618954538510e-07  4.097674348226427e+02  4.097674348226427e+02  4.097674348226427e+02  4.097674348226427e+02  0
2.390963240064397e-07  4.091862105609728e+02  4.091862105609728e+02  4.091862105609728e+02  4.091862105609728e+02  0
2.620395831933229e-07  3.882540171549341e+02  3.882540171549341e+02  3.882540171549341e+02  3.882540171549341e+02  0
2.871844368392758e-07  3.549181760199992e+02  3.549181760199992e+02  3.549181760199992e+02  3.549181760199992e+02  0
3.147421460438101e-07  3.254747232645123e+02  3.254747232645123e+02  3.254747232645123e+02  3.254747232645123e+02  0
3.449442441468511e-07  3.059823361119198e+02  3.059823361119198e+02  3.059823361119198e+02  3.059823361119198e+02  0
3.780444820169723e-07  3.065945380766478e+02  3.065945380766478e+02  3.065945380766478e+02  3.065945380766478e+02  0
4.143209600060391e-07  3.273942511562913e+02  3.273942511562913e+02  3.273942511562913e+02  3.273942511562913e+02  0
4.540784644824392e-07  3.606295012562800e+02  3.606295012562800e+02  3.606295012562800e+02  3.606295012562800e+02  0
4.976510285738970e-07  3.897900339602216e+02  3.897900339602216e+02  3.897900339602216e+02  3.897900339602216e+02  0
5.454047386346274e-07  4.096086107138391e+02  4.096086107138391e+02  4.096086107138391e+02  4.096086107138391e+02  0
5.977408100160992e-07  4.091036662817349e+02  4.091036662817349e+02  4.091036662817349e+02  4.091036662817349e+02  0
6.550989579833072e-07  3.882468025720864e+02  3.882468025720864e+02  3.882468025720864e+02  3.882468025720864e+02  0
7.179610920981894e-07  3.549607180790139e+02  3.549607180790139e+02  3.549607180790139e+02  3.549607180790139e+02  0
7.868553651095252e-07  3.255801435954375e+02  3.255801435954375e+02  3.255801435954375e+02  3.255801435954375e+02  0
8.623606103671279e-07  3.060400879337849e+02  3.060400879337849e+02  3.060400879337849e+02  3.060400879337849e+02  0
9.451112050424309e-07  3.065513443800379e+02  3.065513443800379e+02  3.065513443800379e+02  3.065513443800379e+02  0
1.035802400015098e-06  3.272495515015824e+02  3.272495515015824e+02  3.272495515015824e+02  3.272495515015824e+02  0
1.135196161206098e-06  3.604233248045896e+02  3.604233248045896e+02  3.604233248045896e+02  3.604233248045896e+02  0
1.244127571434742e-06  3.890521948464895e+02  3.890521948464895e+02  3.890521948464895e+02  3.890521948464895e+02  0
1.363511846586568e-06  4.090497574665854e+02  4.090497574665854e+02  4.090497574665854e+02  4.090497574665854e+02  0
1.494352025040248e-06  4.087959576443292e+02  4.087959576443292e+02  4.087959576443292e+02  4.087959576443292e+02  0
1.637747394958268e-06  3.881693477078266e+02  3.881693477078266e+02  3.881693477078266e+02  3.881693477078266e+02  0
1.794902730245473e-06  3.550264022963908e+02  3.550264022963908e+02  3.550264022963908e+02  3.550264022963908e+02  0
1.967138412773813e-06  3.272011683808519e+02  3.272011683808519e+02  3.272011683808519e+02  3.272011683808519e+02  0
2.155901525917819e-06  3.068118234002509e+02  3.068118234002509e+02  3.068118234002509e+02  3.068118234002509e+02  0
2.362778012606077e-06  3.065892676577722e+02  3.065892676577722e+02  3.065892676577722e+02  3.065892676577722e+02  0
2.589506000037745e-06  3.267692744792377e+02  3.267692744792377e+02  3.267692744792377e+02  3.267692744792377e+02  0
2.837990403015245e-06  3.596916747704830e+02  3.596916747704830e+02  3.596916747704830e+02  3.596916747704830e+02  0
3.110318928586857e-06  3.966360891094806e+02  3.966360891094806e+02  3.966360891094806e+02  3.966360891094806e+02  0
3.408779616466421e-06  4.148544156013621e+02  4.148544156013621e+02  4.148544156013621e+02  4.148544156013621e+02  0
3.735880062600620e-06  4.132959882707186e+02  4.132959882707186e+02  4.132959882707186e+02  4.132959882707186e+02  0
4.094368487395670e-06  3.916459713509392e+02  3.916459713509392e+02  3.916459713509392e+02  3.916459713509392e+02  0
4.487256825613684e-06  3.575839262756672e+02  3.575839262756672e+02  3.575839262756672e+02  3.575839262756672e+02  0
4.917846031934533e-06  3.517708386502093e+02  3.517708386502093e+02  3.517708386502093e+02  3.517708386502093e+02  0
5.389753814794549e-06  3.284876819571583e+02  3.284876819571583e+02  3.284876819571583e+02  3.284876819571583e+02  0
5.906945031515193e-06  3.245865099641206e+02  3.245865099641206e+02  3.245865099641206e+02  3.245865099641206e+02  0
6.473765000094363e-06  3.410521559748673e+02  3.410521559748673e+02  3.410521559748673e+02  3.410521559748673e+02  0
7.094976007538114e-06  3.707867173563764e+02  3.707867173563764e+02  3.707867173563764e+02  3.707867173563764e+02  0
7.775797321467140e-06  4.170907535006299e+02  4.170907535006299e+02  4.170907535006299e+02  4.170907535006299e+02  0
8.521949041166052e-06  4.381109432964072e+02  4.381109432964072e+02  4.381109432964072e+02  4.381109432964072e+02  0
9.339700156501548e-06  4.390199612676255e+02  4.390199612676255e+02  4.390199612676255e+02  4.390199612676255e+02  0
1.023592121848917e-05  4.189031280430246e+02  4.189031280430246e+02  4.189031280430246e+02  4.189031280430246e+02  0
1.121814206403421e-05  3.849220418162504e+02  3.849220418162504e+02  3.849220418162504e+02  3.849220418162504e+02  0
1.229461507983633e-05  3.931324079214988e+02  3.931324079214988e+02  3.931324079214988e+02  3.931324079214988e+02  0
1.347438453698637e-05  3.679049373080962e+02  3.679049373080962e+02  3.679049373080962e+02  3.679049373080962e+02  0
1.476736257878798e-05  3.597149734604922e+02  3.597149734604922e+02  3.597149734604922e+02  3.597149734604922e+02  0
1.618441250023591e-05  3.714606790202462e+02  3.714606790202462e+02  3.714606790202462e+02  3.714606790202462e+02  0
1.773744001884528e-05  3.974553152034479e+02  3.974553152034479e+02  3.974553152034479e+02  3.974553152034479e+02  0
1.943949330366785e-05  4.522495720584390e+02  4.522495720584390e+02  4.522495720584390e+02  4.522495720584390e+02  0
2.130487260291513e-05  4.718846829414027e+02  4.718846829414027e+02  4.718846829414027e+02  4.718846829414027e+02  0
2.334925039125387e-05  4.751923903986528e+02  4.751923903986528e+02  4.751923903986528e+02  4.751923903986528e+02  0
2.558980304622294e-05  4.585393665365985e+02  4.585393665365985e+02  4.585393665365985e+02  4.585393665365985e+02  0
2.804535516008552e-05  4.264504845295907e+02  4.264504845295907e+02  4.264504845295907e+02  4.264504845295907e+02  0
3.073653769959083e-05  4.689167676783850e+02  4.689167676783850e+02  4.689167676783850e+02  4.689167676783850e+02  0
3.368596134246593e-05  4.435616740739709e+02  4.435616740739709e+02  4.435616740739709e+02  4.435616740739709e+02  0
3.691840644696995e-05  4.273077060647141e+02  4.273077060647141e+02  4.273077060647141e+02  4.273077060647141e+02  0
4.046103125058977e-05  4.271873575861324e+02  4.271873575861324e+02  4.271873575861324e+02  4.271873575861324e+02  0
4.434360004711321e-05  4.423268111503425e+02  4.423268111503425e+02  4.423268111503425e+02  4.423268111503425e+02  0
4.859873325916964e-05  5.163522736517789e+02  5.163522736517789e+02  5.163522736517789e+02  5.163522736517789e+02  0
5.326218150728783e-05  5.314369192450946e+02  5.314369192450946e+02  5.314369192450946e+02  5.314369192450946e+02  0
5.837312597813469e-05  5.377644712765621e+02  5.377644712765621e+02  5.377644712765621e+02  5.377644712765621e+02  0
6.397450761555734e-05  5.292461856158852e+02  5.292461856158852e+02  5.292461856158852e+02  5.292461856158852e+02  0
7.011338790021381e-05  5.053497707562613e+02  5.053497707562613e+02  5.053497707562613e+02  5.053497707562613e+02  0
7.684134424897707e-05  5.179379811167872e+02  5.179379811167872e+02  5.179379811167872e+02  5.179379811167872e+02  0
8.421490335616483e-05  5.187295539925905e+02  5.187295539925905e+02  5.187295539925905e+02  5.187295539925905e+02  0
9.229601611742488e-05  5.140840162290715e+02  5.140840162290715e+02  5.140840162290715e+02  5.140840162290715e+02  0
1.011525781264744e-04  5.121956806603531e+02  5.121956806603531e+02  5.121956806603531e+02  5.121956806603531e+02  0
1.108590001177830e-04  5.178794854256769e+02  5.178794854256769e+02  5.178794854256769e+02  5.178794854256769e+02  0
1.214968331479241e-04  4.062297620106937e+02  4.062297620106937e+02  4.062297620106937e+02  4.062297620106937e+02  0
1.331554537682195e-04  4.447975874508488e+02  4.447975874508488e+02  4.447975874508488e+02  4.447975874508488e+02  0
1.459328149453367e-04  4.805184094960013e+02  4.805184094960013e+02  4.805184094960013e+02  4.805184094960013e+02  0
1.599362690388933e-04  5.083267426948179e+02  5.083267426948179e+02  5.083267426948179e+02  5.083267426948179e+02  0
1.752834697505345e-04  5.238719838804703e+02  5.238719838804703e+02  5.238719838804703e+02  5.238719838804703e+02  0
1.921033606224427e-04  2.353293442567651e+02  2.353293442567651e+02  2.353293442567651e+02  2.353293442567651e+02  0
2.105372583904121e-04  2.707057456910174e+02  2.707057456910174e+02  2.707057456910174e+02  2.707057456910174e+02  0
2.307400402935622e-04  3.052579177644925e+02  3.052579177644925e+02  3.052579177644925e+02  3.052579177644925e+02  0
2.528814453161860e-04  3.399304652787740e+02  3.399304652787740e+02  3.399304652787740e+02  3.399304652787740e+02  0
2.771475002944575e-04  3.763027609196284e+02  3.763027609196284e+02  3.763027609196284e+02  3.763027609196284e+02  0
3.037420828698102e-04  9.436021845493255e+01  9.436021845493255e+01  9.436021845493255e+01  9.436021845493255e+01  0
3.328886344205489e-04  1.159380073156445e+02  1.159380073156445e+02  1.159380073156445e+02  1.159380073156445e+02  0
3.648320373633417e-04  1.417753092159927e+02  1.417753092159927e+02  1.417753092159927e+02  1.417753092159927e+02  0
3.998406725972333e-04  1.715934222307718e+02  1.715934222307718e+02  1.715934222307718e+02  1.715934222307718e+02  0
4.382086743763362e-04  2.041162699978010e+02  2.041162699978010e+02  2.041162699978010e+02  2.041162699978010e+02  0
4.802584015561067e-04  3.368191827830532e+01  3.368191827830532e+01  3.368191827830532e+01  3.368191827830532e+01  0
5.263431459760303e-04  4.243147477377619e+01  4.243147477377619e+01  4.243147477377619e+01  4.243147477377619e+01  0
5.768501007339055e-04  5.283012340596849e+01  5.283012340596849e+01  5.283012340596849e+01  5.283012340596849e+01  0
6.322036132904651e-04  6.523201737475078e+01  6.523201737475078e+01  6.523201737475078e+01  6.523201737475078e+01  0
6.928687507361440e-04  8.031278660254966e+01  8.031278660254966e+01  8.031278660254966e+01  8.031278660254966e+01  0
7.593552071745256e-04  1.110512692845671e+01  1.110512692845671e+01  1.110512692845671e+01  1.110512692845671e+01  0
8.322215860513723e-04  1.382356112141368e+01  1.382356112141368e+01  1.382356112141368e+01  1.382356112141368e+01  0
9.120800934083544e-04  1.730187983067717e+01  1.730187983067717e+01  1.730187983067717e+01  1.730187983067717e+01  0
9.996016814930835e-04  2.182419435730289e+01  2.182419435730289e+01  2.182419435730289e+01  2.182419435730289e+01  0
1.095521685940841e-03  2.762016936211915e+01  2.762016936211915e+01  2.762016936211915e+01  2.762016936211915e+01  0
1.200646003890267e-03  3.588197809142630e+00  3.588197809142630e+00  3.588197809142630e+00  3.588197809142630e+00  0
1.315857864940076e-03  4.610433455367164e+00  4.610433455367164e+00  4.610433455367164e+00  4.610433455367164e+00  0
1.442125251834764e-03  5.899161231086345e+00  5.899161231086345e+00  5.899161231086345e+00  5.899161231086345e+00  0
1.580509033226163e-03  7.495633418178911e+00  7.495633418178911e+00  7.495633418178911e+00  7.495633418178911e+00  0
1.732171876840360e-03  9.476199496950002e+00  9.476199496950002e+00  9.476199496950002e+00  9.476199496950002e+00  0
1.898388017936314e-03  1.288365130874537e+00  1.288365130874537e+00  1.288365130874537e+00  1.288365130874537e+00  0
2.080553965128431e-03  1.576600322585415e+00  1.576600322585415e+00  1.576600322585415e+00  1.576600322585415e+00  0
2.280200233520886e-03  1.929002852060854e+00  1.929002852060854e+00  1.929002852060854e+00  1.929002852060854e+00  0
2.499004203732709e-03  2.390480332816030e+00  2.390480332816030e+00  2.390480332816030e+00  2.390480332816030e+00  0
2.738804214852102e-03  3.015984370664901e+00  3.015984370664901e+00  3.015984370664901e+00  3.015984370664901e+00  0
3.001615009725670e-03  3.938315099701118e-01  3.938315099701118e-01  3.938315099701118e-01  3.938315099701118e-01  0
3.289644662350192e-03  5.131017636928725e-01  5.131017636928725e-01  5.131017636928725e-01  5.131017636928725e-01  0
3.605313129586913e-03  6.697736608400263e-01  6.697736608400263e-01  6.697736608400263e-01  6.697736608400263e-01  0
3.951272583065411e-03  8.677988092621673e-01  8.677988092621673e-01  8.677988092621673e-01  8.677988092621673e-01  0
4.330429692100904e-03  1.111139953925749e+00  1.111139953925749e+00  1.111139953925749e+00  1.111139953925749e+00  0
4.745970044840788e-03  1.576250664630763e-01  1.576250664630763e-01  1.576250664630763e-01  1.576250664630763e-01  0
5.201384912821080e-03  1.907730384542093e-01  1.907730384542093e-01  1.907730384542093e-01  1.907730384542093e-01  0
5.700500583802218e-03  2.285605752733970e-01  2.285605752733970e-01  2.285605752733970e-01  2.285605752733970e-01  0
6.247510509331775e-03  2.767030859784360e-01  2.767030859784360e-01  2.767030859784360e-01  2.767030859784360e-01  0
6.847010537130258e-03  3.439269616959810e-01  3.439269616959810e-01  3.439269616959810e-01  3.439269616959810e-01  0
7.504037524314174e-03  4.491556525672620e-02  4.491556525672620e-02  4.491556525672620e-02  4.491556525672620e-02  0
8.224111655875478e-03  5.963180276772550e-02  5.963180276772550e-02  5.963180276772550e-02  5.963180276772550e-02  0
9.013282823967282e-03  7.951807093856036e-02  7.951807093856036e-02  7.951807093856036e-02  7.951807093856036e-02  0
9.878181457663525e-03  1.050453761279779e-01  1.050453761279779e-01  1.050453761279779e-01  1.050453761279779e-01  0
1.082607423025226e-02  1.361922327177319e-01  1.361922327177319e-01  1.361922327177319e-01  1.361922327177319e-01  0
1.186492511210197e-02  1.995366490796801e-02  1.995366490796801e-02  1.995366490796801e-02  1.995366490796801e-02  0
1.300346228205270e-02  2.406417828458866e-02  2.406417828458866e-02  2.406417828458866e-02  2.406417828458866e-02  0
1.425125145950555e-02  2.843235031179830e-02  2.843235031179830e-02  2.843235031179830e-02  2.843235031179830e-02  0
1.561877627332944e-02  3.373263350792580e-02  3.373263350792580e-02  3.373263350792580e-02  3.373263350792580e-02  0
1.711752634282565e-02  4.119186809238739e-02  4.119186809238739e-02  4.119186809238739e-02  4.119186809238739e-02  0
1.876009381078543e-02  5.682469402648404e-03  5.682469402648404e-03  5.682469402648404e-03  5.682469402648404e-03  0
2.056027913968870e-02  7.440997249674412e-03  7.440997249674412e-03  7.440997249674412e-03  7.440997249674412e-03  0
2.253320705991821e-02  9.918638989036220e-03  9.918638989036220e-03  9.918638989036220e-03  9.918638989036220e-03  0
2.469545364415881e-02  1.319158222781340e-02  1.319158222781340e-02  1.319158222781340e-02  1.319158222781340e-02  0
2.706518557563065e-02  1.721688908419872e-02  1.721688908419872e-02  1.721688908419872e-02  1.721688908419872e-02  0
2.966231278025492e-02  2.668939627815106e-03  2.668939627815106e-03  2.668939627815106e-03  2.668939627815106e-03  0
3.250865570513176e-02  3.241157504452857e-03  3.241157504452857e-03  3.241157504452857e-03  3.241157504452857e-03  0
3.562812864876387e-02  3.809255545029138e-03  3.809255545029138e-03  3.809255545029138e-03  3.809255545029138e-03  0
3.904694068332360e-02  4.440659581542223e-03  4.440659581542223e-03  4.440659581542223e-03  4.440659581542223e-03  0
4.279381585706412e-02  5.292086892137772e-03  5.292086892137772e-03  5.292086892137772e-03  5.292086892137772e-03  0
4.690023452696358e-02  9.197914460717812e-04  9.197914460717812e-04  9.197914460717812e-04  9.197914460717812e-04  0
5.140069784922174e-02  1.115163513452582e-03  1.115163513452582e-03  1.115163513452582e-03  1.115163513452582e-03  0
5.633301764979550e-02  1.405665048659309e-03  1.405665048659309e-03  1.405665048659309e-03  1.405665048659309e-03  0
6.173863411039702e-02  1.812950247680600e-03  1.812950247680600e-03  1.812950247680600e-03  1.812950247680600e-03  0
6.766296393907660e-02  2.335962562925139e-03  2.335962562925139e-03  2.335962562925139e-03  2.335962562925139e-03  0
7.415578195063731e-02  4.459950281660964e-04  4.459950281660964e-04  4.459950281660964e-04  4.459950281660964e-04  0
8.127163926282939e-02  5.591689842989319e-04  5.591689842989319e-04  5.591689842989319e-04  5.591689842989319e-04  0
8.907032162190968e-02  6.662284158757652e-04  6.662284158757652e-04  6.662284158757652e-04  6.662284158757652e-04  0
9.761735170830900e-02  7.669654132504888e-04  7.669654132504888e-04  7.669654132504888e-04  7.669654132504888e-04  0
1.069845396426603e-01  8.756680943650589e-04  8.756680943650589e-04  8.756680943650589e-04  8.756680943650589e-04  0
1.172505863174089e-01  2.927219228667154e-04  2.927219228667154e-04  2.927219228667154e-04  2.927219228667154e-04  0
1.285017446230543e-01  3.350561164128221e-04  3.350561164128221e-04  3.350561164128221e-04  3.350561164128221e-04  0
1.408325441244888e-01  3.787656421357483e-04  3.787656421357483e-04  3.787656421357483e-04  3.787656421357483e-04  0
1.543465852759926e-01  4.306462736844420e-04  4.306462736844420e-04  4.306462736844420e-04  4.306462736844420e-04  0
1.691574098476915e-01  4.968440164435369e-04  4.968440164435369e-04  4.968440164435369e-04  4.968440164435369e-04  0
1.853894548765933e-01  1.018702110150534e-04  1.018702110150534e-04  1.018702110150534e-04  1.018702110150534e-04  0
2.031790981570735e-01  1.369475897737112e-04  1.369475897737112e-04  1.369475897737112e-04  1.369475897737112e-04  0
2.226758040547742e-01  1.775635888653963e-04  1.775635888653963e-04  1.775635888653963e-04  1.775635888653963e-04  0
2.440433792707725e-01  2.212537063957761e-04  2.212537063957761e-04  2.212537063957761e-04  2.212537063957761e-04  0
2.674613491066508e-01  2.651653414902883e-04  2.651653414902883e-04  2.651653414902883e-04  2.651653414902883e-04  0
2.931264657935224e-01  1.496040944416069e-05  1.496040944416069e-05  1.496040944416069e-05  1.496040944416069e-05  0
3.212543615576359e-01  2.333023345921973e-05  2.333023345921973e-05  2.333023345921973e-05  2.333023345921973e-05  0
3.520813603112219e-01  3.507810157057304e-05  3.507810157057304e-05  3.507810157057304e-05  3.507810157057304e-05  0
3.858664631899815e-01  5.131734041012525e-05  5.131734041012525e-05  5.131734041012525e-05  5.131734041012525e-05  0
4.228935246192289e-01  7.345717633816428e-05  7.345717633816428e-05  7.345717633816428e-05  7.345717633816428e-05  0
4.634736371914833e-01  1.386695885027349e-06  1.386695885027349e-06  1.386695885027349e-06  1.386695885027349e-06  0
5.079477453926837e-01  2.257659366537419e-06  2.257659366537419e-06  2.257659366537419e-06  2.257659366537419e-06  0
5.566895101369356e-01  3.703104989859220e-06  3.703104989859220e-06  3.703104989859220e-06  3.703104989859220e-06  0
6.101084481769313e-01  6.053369398651234e-06  6.053369398651234e-06  6.053369398651234e-06  6.053369398651234e-06  0
6.686533727666270e-01  9.733341689069765e-06  9.733341689069765e-06  9.733341689069765e-06  9.733341689069765e-06  0
7.328161644838057e-01  1.000285450418839e-07  1.000285450418839e-07  1.000285450418839e-07  1.000285450418839e-07  0
8.031359038940895e-01  1.799367709761404e-07  1.799367709761404e-07  1.799367709761404e-07  1.799367709761404e-07  0
8.802034007780546e-01  3.049145128905875e-07  3.049145128905875e-07  3.049145128905875e-07  3.049145128905875e-07  0
9.646661579749534e-01  4.945949218040663e-07  4.945949218040663e-07  4.945949218040663e-07  4.945949218040663e-07  0
1.057233811548072e+00  7.864032636656785e-07  7.864032636656785e-07  7.864032636656785e-07  7.864032636656785e-07  0
1.158684092978708e+00  1.870541511266825e-09  1.870541511266825e-09  1.870541511266825e-09  1.870541511266825e-09  0
1.269869363481709e+00  4.894240852503894e-09  4.894240852503894e-09  4.894240852503894e-09  4.894240852503894e-09  0
1.391723775342339e+00  1.183085336136266e-08  1.183085336136266e-08  1.183085336136266e-08  1.183085336136266e-08  0
1.525271120442328e+00  2.647392196852973e-08  2.647392196852973e-08  2.647392196852973e-08  2.647392196852973e-08  0
1.671633431916567e+00  5.493600077462755e-08  5.493600077462755e-08  5.493600077462755e-08  5.493600077462755e-08  0
1.832040411209514e+00  9.900497678757562e-12  9.900497678757562e-12  9.900497678757562e-12  9.900497678757562e-12  0
2.007839759735224e+00  2.212096954794489e-11  2.212096954794489e-11  2.212096954794489e-11  2.212096954794489e-11  0
2.200508501945136e+00  5.083095082464042e-11  5.083095082464042e-11  5.083095082464042e-11  5.083095082464042e-11  0
2.411665394937383e+00  1.254886243095103e-10  1.254886243095103e-10  1.254886243095103e-10  1.254886243095103e-10  0
2.643084528870179e+00  3.362405483255051e-10  3.362405483255051e-10  3.362405483255051e-10  3.362405483255051e-10  0
