-2.643084528870179e+00  1.086102190040927e-05  1.086102190040927e-05  1.086102190040927e-05  1.086102190040927e-05  0
-2.411665394937383e+00  6.231051014507383e-06  6.231051014507383e-06  6.231051014507383e-06  6.231051014507383e-06  0
-2.200508501945136e+00  3.335653346350946e-06  3.335653346350946e-06  3.335653346350946e-06  3.335653346350946e-06  0
-2.007839759735224e+00  1.657343607790858e-06  1.657343607790858e-06  1.657343607790858e-06  1.657343607790858e-06  0
-1.832040411209514e+00  7.635226158272860e-07  7.635226158272860e-07  7.635226158272860e-07  7.635226158272860e-07  0
-1.671633431916567e+00  5.723774239956517e-04  5.723774239956517e-04  5.723774239956517e-04  5.723774239956517e-04  0
-1.525271120442328e+00  2.800641671859848e-04  2.800641671859848e-04  2.800641671859848e-04  2.800641671859848e-04  0
-1.391723775342339e+00  1.295003112052515e-04  1.295003112052515e-04  1.295003112052515e-04  1.295003112052515e-04  0
-1.269869363481709e+00  5.722934878747734e-05  5.722934878747734e-05  5.722934878747734e-05  5.722934878747734e-05  0
-1.158684092978708e+00  2.453090696310405e-05  2.453090696310405e-05  2.453090696310405e-05  2.453090696310405e-05  0
-1.057233811548072e+00  5.814616728059910e-03  5.814616728059910e-03  5.814616728059910e-03  5.814616728059910e-03  0
-9.646661579749534e-01  4.152217957420865e-03  4.152217957420865e-03  4.152217957420865e-03  4.152217957420865e-03  0
-8.802034007780546e-01  2.743987648623231e-03  2.743987648623231e-03  2.743987648623231e-03  2.743987648623231e-03  0
-8.031359038940895e-01  1.677980776263181e-03  1.677980776263181e-03  1.677980776263181e-03  1.677980776263181e-03  0
-7.328161644838057e-01  9.499467497863372e-04  9.499467497863372e-04  9.499467497863372e-04  9.499467497863372e-04  0
-6.686533727666270e-01  1.620108836261434e-02  1.620108836261434e-02  1.620108836261434e-02  1.620108836261434e-02  0
-6.101084481769313e-01  1.349756222637014e-02  1.349756222637014e-02  1.349756222637014e-02  1.349756222637014e-02  0
-5.566895101369356e-01  1.130961130372142e-02  1.130961130372142e-02  1.130961130372142e-02  1.130961130372142e-02  0
-5.079477453926837e-01  9.329346969576538e-03  9.329346969576538e-03  9.329346969576538e-03  9.329346969576538e-03  0
-4.634736371914833e-01  7.415765091263551e-03  7.415765091263551e-03  7.415765091263551e-03  7.415765091263551e-03  0
-4.228935246192289e-01  3.704406778909338e-02  3.704406778909338e-02  3.704406778909338e-02  3.704406778909338e-02  0
-3.858664631899815e-01  3.019905492374832e-02  3.019905492374832e-02  3.019905492374832e-02  3.019905492374832e-02  0
-3.520813603112219e-01  2.304508573069124e-02  2.304508573069124e-02  2.304508573069124e-02  2.304508573069124e-02  0
-3.212543615576359e-01  1.646773120096959e-02  1.646773120096959e-02  1.646773120096959e-02  1.646773120096959e-02  0
-2.931264657935224e-01  1.103231987755173e-02  1.103231987755173e-02  1.103231987755173e-02  1.103231987755173e-02  0
-2.674613491066508e-01  5.218172835424301e-02  5.218172835424301e-02  5.218172835424301e-02  5.218172835424301e-02  0
-2.440433792707725e-01  5.149095009121314e-02  5.149095009121314e-02  5.149095009121314e-02  5.149095009121314e-02  0
-2.226758040547742e-01  5.011418371465057e-02  5.011418371465057e-02  5.011418371465057e-02  5.011418371465057e-02  0
-2.031790981570735e-01  4.719286003269637e-02  4.719286003269637e-02  4.719286003269637e-02  4.719286003269637e-02  0
-1.853894548765933e-01  4.239766648834001e-02  4.239766648834001e-02  4.239766648834001e-02  4.239766648834001e-02  0
-1.691574098476915e-01  7.391792343705239e-02  7.391792343705239e-02  7.391792343705239e-02  7.391792343705239e-02  0
-1.543465852759926e-01  6.471922251030944e-02  6.471922251030944e-02  6.471922251030944e-02  6.471922251030944e-02  0
-1.408325441244888e-01  5.406572556369249e-02  5.406572556369249e-02  5.406572556369249e-02  5.406572556369249e-02  0
-1.285017446230543e-01  4.351859168428162e-02  4.351859168428162e-02  4.351859168428162e-02  4.351859168428162e-02  0
-1.172505863174089e-01  3.407636442719471e-02  3.407636442719471e-02  3.407636442719471e-02  3.407636442719471e-02  0
-1.069845396426603e-01  7.402072972718181e-02  7.402072972718181e-02  7.402072972718181e-02  7.402072972718181e-02  0
-9.761735170830900e-02  7.666546709008377e-02  7.666546709008377e-02  7.666546709008377e-02  7.666546709008377e-02  0
-8.907032162190968e-02  7.937917173887150e-02  7.937917173887150e-02  7.937917173887150e-02  7.937917173887150e-02  0
-8.127163926282939e-02  7.947533104839741e-02  7.947533104839741e-02  7.947533104839741e-02  7.947533104839741e-02  0
-7.415578195063731e-02  7.533023295271385e-02  7.533023295271385e-02  7.533023295271385e-02  7.533023295271385e-02  0
-6.766296393907660e-02  1.124412896956604e-01  1.124412896956604e-01  1.124412896956604e-01  1.124412896956604e-01  0
-6.173863411039702e-02  9.612876450807556e-02  9.612876450807556e-02  9.612876450807556e-02  9.612876450807556e-02  0
-5.633301764979550e-02  7.675173905622337e-02  7.675173905622337e-02  7.675173905622337e-02  7.675173905622337e-02  0
-5.140069784922174e-02  5.750309136972100e-02  5.750309136972100e-02  5.750309136972100e-02  5.750309136972100e-02  0
-4.690023452696358e-02  4.080175507252471e-02  4.080175507252471e-02  4.080175507252471e-02  4.080175507252471e-02  0
-4.279381585706412e-02  1.099205328622993e-01  1.099205328622993e-01  1.099205328622993e-01  1.099205328622993e-01  0
-3.904694068332360e-02  1.154498235373300e-01  1.154498235373300e-01  1.154498235373300e-01  1.154498235373300e-01  0
-3.562812864876387e-02  1.217247791197417e-01  1.217247791197417e-01  1.217247791197417e-01  1.217247791197417e-01  0
-3.250865570513176e-02  1.245458999319575e-01  1.245458999319575e-01  1.245458999319575e-01  1.245458999319575e-01  0
-2.966231278025492e-02  1.209186771869484e-01  1.209186771869484e-01  1.209186771869484e-01  1.209186771869484e-01  0
-2.706518557563065e-02  1.501184476640589e-01  1.501184476640589e-01  1.501184476640589e-01  1.501184476640589e-01  0
-2.469545364415881e-02  1.330406009719004e-01  1.330406009719004e-01  1.330406009719004e-01  1.330406009719004e-01  0
-2.253320705991821e-02  1.106240788779968e-01  1.106240788779968e-01  1.106240788779968e-01  1.106240788779968e-01  0
-2.056027913968870e-02  8.697176868672273e-02  8.697176868672273e-02  8.697176868672273e-02  8.697176868672273e-02  0
-1.876009381078543e-02  6.558295801082940e-02  6.558295801082940e-02  6.558295801082940e-02  6.558295801082940e-02  0
-1.711752634282565e-02  1.308979286584151e-01  1.308979286584151e-01  1.308979286584151e-01  1.308979286584151e-01  0
-1.561877627332944e-02  1.391417142217821e-01  1.391417142217821e-01  1.391417142217821e-01  1.391417142217821e-01  0
-1.425125145950555e-02  1.494471675648432e-01  1.494471675648432e-01  1.494471675648432e-01  1.494471675648432e-01  0
-1.300346228205270e-02  1.566228582486545e-01  1.566228582486545e-01  1.566228582486545e-01  1.566228582486545e-01  0
-1.186492511210197e-02  1.563025299704876e-01  1.563025299704876e-01  1.563025299704876e-01  1.563025299704876e-01  0
-1.082607423025226e-02  1.649101699134106e-01  1.649101699134106e-01  1.649101699134106e-01  1.649101699134106e-01  0
-9.878181457663525e-03  1.559945699716791e-01  1.559945699716791e-01  1.559945699716791e-01  1.559945699716791e-01  0
-9.013282823967282e-03  1.417381009250681e-01  1.417381009250681e-01  1.417381009250681e-01  1.417381009250681e-01  0
-8.224111655875478e-03  1.268645694150491e-01  1.268645694150491e-01  1.268645694150491e-01  1.268645694150491e-01  0
-7.504037524314174e-03  1.156780828168287e-01  1.156780828168287e-01  1.156780828168287e-01  1.156780828168287e-01  0
-6.847010537130258e-03  1.234209070857112e-01  1.234209070857112e-01  1.234209070857112e-01  1.234209070857112e-01  0
-6.247510509331775e-03  1.320086312695736e-01  1.320086312695736e-01  1.320086312695736e-01  1.320086312695736e-01  0
-5.700500583802218e-03  1.447491054366510e-01  1.447491054366510e-01  1.447491054366510e-01  1.447491054366510e-01  0
-5.201384912821080e-03  1.564931255071073e-01  1.564931255071073e-01  1.564931255071073e-01  1.564931255071073e-01  0
-4.745970044840788e-03  1.620042611129514e-01  1.620042611129514e-01  1.620042611129514e-01  1.620042611129514e-01  0
-4.330429692100904e-03  1.499543779235272e-01  1.499543779235272e-01  1.499543779235272e-01  1.499543779235272e-01  0
-3.951272583065411e-03  1.463448949097763e-01  1.463448949097763e-01  1.463448949097763e-01  1.463448949097763e-01  0
-3.605313129586913e-03  1.369123877466753e-01  1.369123877466753e-01  1.369123877466753e-01  1.369123877466753e-01  0
-3.289644662350192e-03  1.259965765483413e-01  1.259965765483413e-01  1.259965765483413e-01  1.259965765483413e-01  0
-3.001615009725670e-03  1.182627761873601e-01  1.182627761873601e-01  1.182627761873601e-01  1.182627761873601e-01  0
-2.738804214852102e-03  1.043453591508202e-01  1.043453591508202e-01  1.043453591508202e-01  1.043453591508202e-01  0
-2.499004203732709e-03  1.104975798866396e-01  1.104975798866396e-01  1.104975798866396e-01  1.104975798866396e-01  0
-2.280200233520886e-03  1.221225471096086e-01  1.221225471096086e-01  1.221225471096086e-01  1.221225471096086e-01  0
-2.080553965128431e-03  1.349644907920435e-01  1.349644907920435e-01  1.349644907920435e-01  1.349644907920435e-01  0
-1.898388017936314e-03  1.439524107980223e-01  1.439524107980223e-01  1.439524107980223e-01  1.439524107980223e-01  0
-1.732171876840360e-03  1.307399467008842e-01  1.307399467008842e-01  1.307399467008842e-01  1.307399467008842e-01  0
-1.580509033226163e-03  1.291467452303247e-01  1.291467452303247e-01  1.291467452303247e-01  1.291467452303247e-01  0
-1.442125251834764e-03  1.215663854331474e-01  1.215663854331474e-01  1.215663854331474e-01  1.215663854331474e-01  0
-1.315857864940076e-03  1.116412371606765e-01  1.116412371606765e-01  1.116412371606765e-01  1.116412371606765e-01  0
-1.200646003890267e-03  1.038242001713508e-01  1.038242001713508e-01  1.038242001713508e-01  1.038242001713508e-01  0
-1.095521685940841e-03  9.014148753553870e-02  9.014148753553870e-02  9.014148753553870e-02  9.014148753553870e-02  0
-9.996016814930835e-04  9.390862353877412e-02  9.390862353877412e-02  9.390862353877412e-02  9.390862353877412e-02  0
-9.120800934083544e-04  1.033994918931471e-01  1.033994918931471e-01  1.033994918931471e-01  1.033994918931471e-01  0
-8.322215860513723e-04  1.151626148614163e-01  1.151626148614163e-01  1.151626148614163e-01  1.151626148614163e-01  0
-7.593552071745256e-04  1.246588442892142e-01  1.246588442892142e-01  1.246588442892142e-01  1.246588442892142e-01  0
-6.928687507361440e-04  1.172820637716598e-01  1.172820637716598e-01  1.172820637716598e-01  1.172820637716598e-01  0
-6.322036132904651e-04  1.163763703823922e-01  1.163763703823922e-01  1.163763703823922e-01  1.163763703823922e-01  0
-5.768501007339055e-04  1.095690547861575e-01  1.095690547861575e-01  1.095690547861575e-01  1.095690547861575e-01  0
-5.263431459760303e-04  9.996318939281332e-02  9.996318939281332e-02  9.996318939281332e-02  9.996318939281332e-02  0
-4.802584015561067e-04  9.164173264908947e-02  9.164173264908947e-02  9.164173264908947e-02  9.164173264908947e-02  0
-4.382086743763362e-04  8.157930846036372e-02  8.157930846036372e-02  8.157930846036372e-02  8.157930846036372e-02  0
-3.998406725972333e-04  8.396665607965555e-02  8.396665607965555e-02  8.396665607965555e-02  8.396665607965555e-02  0
-3.648320373633417e-04  9.194264742046668e-02  9.194264742046668e-02  9.194264742046668e-02  9.194264742046668e-02  0
-3.328886344205489e-04  1.025375753185409e-01  1.025375753185409e-01  1.025375753185409e-01  1.025375753185409e-01  0
-3.037420828698102e-04  1.116395145755479e-01  1.116395145755479e-01  1.116395145755479e-01  1.116395145755479e-01  0
-2.771475002944575e-04  1.086787358423085e-01  1.086787358423085e-01  1.086787358423085e-01  1.086787358423085e-01  0
-2.528814453161860e-04  1.080210645624645e-01  1.080210645624645e-01  1.080210645624645e-01  1.080210645624645e-01  0
-2.307400402935622e-04  1.017203422674490e-01  1.017203422674490e-01  1.017203422674490e-01  1.017203422674490e-01  0
-2.105372583904121e-04  9.255670045943561e-02  9.255670045943561e-02  9.255670045943561e-02  9.255670045943561e-02  0
-1.921033606224427e-04  8.432559559026682e-02  8.432559559026682e-02  8.432559559026682e-02  8.432559559026682e-02  0
-1.752834697505345e-04  7.627062507582437e-02  7.627062507582437e-02  7.627062507582437e-02  7.627062507582437e-02  0
-1.599362690388933e-04  7.793715562399954e-02  7.793715562399954e-02  7.793715562399954e-02  7.793715562399954e-02  0
-1.459328149453367e-04  8.498801231938388e-02  8.498801231938388e-02  8.498801231938388e-02  8.498801231938388e-02  0
-1.331554537682195e-04  9.473013292454467e-02  9.473013292454467e-02  9.473013292454467e-02  9.473013292454467e-02  0
-1.214968331479241e-04  1.033389703433401e-01  1.033389703433401e-01  1.033389703433401e-01  1.033389703433401e-01  0
-1.108590001177830e-04  1.029121314459810e-01  1.029121314459810e-01  1.029121314459810e-01  1.029121314459810e-01  0
-1.011525781264744e-04  1.022855934289933e-01  1.022855934289933e-01  1.022855934289933e-01  1.022855934289933e-01  0
-9.229601611742488e-05  9.626623557661480e-02  9.626623557661480e-02  9.626623557661480e-02  9.626623557661480e-02  0
-8.421490335616483e-05  8.742372821087774e-02  8.742372821087774e-02  8.742372821087774e-02  8.742372821087774e-02  0
-7.684134424897707e-05  7.934034841153775e-02  7.934034841153775e-02  7.934034841153775e-02  7.934034841153775e-02  0
-7.011338790021381e-05  7.277893329234668e-02  7.277893329234668e-02  7.277893329234668e-02  7.277893329234668e-02  0
-6.397450761555734e-05  7.401683230018549e-02  7.401683230018549e-02  7.401683230018549e-02  7.401683230018549e-02  0
-5.837312597813469e-05  8.046373628725742e-02  8.046373628725742e-02  8.046373628725742e-02  8.046373628725742e-02  0
-5.326218150728783e-05  8.959531389689035e-02  8.959531389689035e-02  8.959531389689035e-02  8.959531389689035e-02  0
-4.859873325916964e-05  9.778043618502297e-02  9.778043618502297e-02  9.778043618502297e-02  9.778043618502297e-02  0
-4.434360004711321e-05  9.871324703489109e-02  9.871324703489109e-02  9.871324703489109e-02  9.871324703489109e-02  0
-4.046103125058977e-05  9.811388748026306e-02  9.811388748026306e-02  9.811388748026306e-02  9.811388748026306e-02  0
-3.691840644696995e-05  9.234687852131619e-02  9.234687852131619e-02  9.234687852131619e-02  9.234687852131619e-02  0
-3.368596134246593e-05  8.386347621722845e-02  8.386347621722845e-02  8.386347621722845e-02  8.386347621722845e-02  0
-3.073653769959083e-05  7.610074046264842e-02  7.610074046264842e-02  7.610074046264842e-02  7.610074046264842e-02  0
-2.804535516008552e-05  7.032121396456419e-02  7.032121396456419e-02  7.032121396456419e-02  7.032121396456419e-02  0
-2.558980304622294e-05  7.128730633926796e-02  7.128730633926796e-02  7.128730633926796e-02  7.128730633926796e-02  0
-2.334925039125387e-05  7.732507382516444e-02  7.732507382516444e-02  7.732507382516444e-02  7.732507382516444e-02  0
-2.130487260291513e-05  8.601908356980409e-02  8.601908356980409e-02  8.601908356980409e-02  8.601908356980409e-02  0
-1.943949330366785e-05  9.387452128381110e-02  9.387452128381110e-02  9.387452128381110e-02  9.387452128381110e-02  0
-1.773744001884528e-05  9.564731798770292e-02  9.564731798770292e-02  9.564731798770292e-02  9.564731798770292e-02  0
-1.618441250023591e-05  9.514704928238579e-02  9.514704928238579e-02  9.514704928238579e-02  9.514704928238579e-02  0
-1.476736257878798e-05  8.958906027465523e-02  8.958906027465523e-02  8.958906027465523e-02  8.958906027465523e-02  0
-1.347438453698637e-05  8.133251116954941e-02  8.133251116954941e-02  8.133251116954941e-02  8.133251116954941e-02  0
-1.229461507983633e-05  7.370956949284839e-02  7.370956949284839e-02  7.370956949284839e-02  7.370956949284839e-02  0
-1.121814206403421e-05  6.875309905196643e-02  6.875309905196643e-02  6.875309905196643e-02  6.875309905196643e-02  0
-1.023592121848917e-05  6.951750565410249e-02  6.951750565410249e-02  6.951750565410249e-02  6.951750565410249e-02  0
-9.339700156501548e-06  7.525902650763719e-02  7.525902650763719e-02  7.525902650763719e-02  7.525902650763719e-02  0
-8.521949041166052e-06  8.363586844163144e-02  8.363586844163144e-02  8.363586844163144e-02  8.363586844163144e-02  0
-7.775797321467140e-06  9.124567062255616e-02  9.124567062255616e-02  9.124567062255616e-02  9.124567062255616e-02  0
-7.094976007538114e-06  9.401416576567818e-02  9.401416576567818e-02  9.401416576567818e-02  9.401416576567818e-02  0
-6.473765000094363e-06  9.351209664485975e-02  9.351209664485975e-02  9.351209664485975e-02  9.351209664485975e-02  0
-5.906945031515193e-06  8.801936948740920e-02  8.801936948740920e-02  8.801936948740920e-02  8.801936948740920e-02  0
-5.389753814794549e-06  7.984076536508358e-02  7.984076536508358e-02  7.984076536508358e-02  7.984076536508358e-02  0
-4.917846031934533e-06  7.224270122825706e-02  7.224270122825706e-02  7.224270122825706e-02  7.224270122825706e-02  0
-4.487256825613684e-06  6.789619258669395e-02  6.789619258669395e-02  6.789619258669395e-02  6.789619258669395e-02  0
-4.094368487395670e-06  6.852425632672043e-02  6.852425632672043e-02  6.852425632672043e-02  6.852425632672043e-02  0
-3.735880062600620e-06  7.407769379599885e-02  7.407769379599885e-02  7.407769379599885e-02  7.407769379599885e-02  0
-3.408779616466421e-06  8.225700370472901e-02  8.225700370472901e-02  8.225700370472901e-02  8.225700370472901e-02  0
-3.110318928586857e-06  8.971309351728766e-02  8.971309351728766e-02  8.971309351728766e-02  8.971309351728766e-02  0
-2.837990403015245e-06  9.319727415787132e-02  9.319727415787132e-02  9.319727415787132e-02  9.319727415787132e-02  0
-2.589506000037745e-06  9.268864220507778e-02  9.268864220507778e-02  9.268864220507778e-02  9.268864220507778e-02  0
-2.362778012606077e-06  8.721948744952389e-02  8.721948744952389e-02  8.721948744952389e-02  8.721948744952389e-02  0
-2.155901525917819e-06  7.906557251612548e-02  7.906557251612548e-02  7.906557251612548e-02  7.906557251612548e-02  0
-1.967138412773813e-06  7.145852330057138e-02  7.145852330057138e-02  7.145852330057138e-02  7.145852330057138e-02  0
-1.794902730245473e-06  6.748602950383624e-02  6.748602950383624e-02  6.748602950383624e-02  6.748602950383624e-02  0
-1.637747394958268e-06  6.804134693976058e-02  6.804134693976058e-02  6.804134693976058e-02  6.804134693976058e-02  0
-1.494352025040248e-06  7.349735269518803e-02  7.349735269518803e-02  7.349735269518803e-02  7.349735269518803e-02  0
-1.363511846586568e-06  8.157540390036866e-02  8.157540390036866e-02  8.157540390036866e-02  8.157540390036866e-02  0
-1.244127571434742e-06  8.895265695342892e-02  8.895265695342892e-02  8.895265695342892e-02  8.895265695342892e-02  0
-1.135196161206098e-06  9.282852125118696e-02  9.282852125118696e-02  9.282852125118696e-02  9.282852125118696e-02  0
-1.035802400015098e-06  9.231529869502268e-02  9.231529869502268e-02  9.231529869502268e-02  9.231529869502268e-02  0
-9.451112050424309e-07  8.685413768003192e-02  8.685413768003192e-02  8.685413768003192e-02  8.685413768003192e-02  0
-8.623606103671279e-07  7.870714087197249e-02  7.870714087197249e-02  7.870714087197249e-02  7.870714087197249e-02  0
-7.868553651095252e-07  7.108965478728106e-02  7.108965478728106e-02  7.108965478728106e-02  7.108965478728106e-02  0
-7.179610920981894e-07  6.730635626654029e-02  6.730635626654029e-02  6.730635626654029e-02  6.730635626654029e-02  0
-6.550989579833072e-07  6.782743151915711e-02  6.782743151915711e-02  6.782743151915711e-02  6.782743151915711e-02  0
-5.977408100160992e-07  7.323842984347002e-02  7.323842984347002e-02  7.323842984347002e-02  7.323842984347002e-02  0
-5.454047386346274e-07  8.127004753152819e-02  8.127004753152819e-02  8.127004753152819e-02  8.127004753152819e-02  0
-4.976510285738970e-07  8.861117246303216e-02  8.861117246303216e-02  8.861117246303216e-02  8.861117246303216e-02  0
-4.540784644824392e-07  9.267396464328884e-02  9.267396464328884e-02  9.267396464328884e-02  9.267396464328884e-02  0
-4.143209600060391e-07  9.215832525470943e-02  9.215832525470943e-02  9.215832525470943e-02  9.215832525470943e-02  0
-3.780444820169723e-07  8.669966870274895e-02  8.669966870274895e-02  8.669966870274895e-02  8.669966870274895e-02  0
-3.449442441468511e-07  7.855417806664106e-02  7.855417806664106e-02  7.855417806664106e-02  7.855417806664106e-02  0
-3.147421460438101e-07  7.093018810107719e-02  7.093018810107719e-02  7.093018810107719e-02  7.093018810107719e-02  0
-2.871844368392758e-07  6.723289688053632e-02  6.723289688053632e-02  6.723289688053632e-02  6.723289688053632e-02  0
-2.620395831933229e-07  6.773911145486736e-02  6.773911145486736e-02  6.773911145486736e-02  6.773911145486736e-02  0
-2.390963240064397e-07  7.313087796218985e-02  7.313087796218985e-02  7.313087796218985e-02  7.313087796218985e-02  0
-2.181618954538510e-07  8.114278999999280e-02  8.114278999999280e-02  8.114278999999280e-02  8.114278999999280e-02  0
-1.990604114295588e-07  8.846861459356485e-02  8.846861459356485e-02  8.846861459356485e-02  8.846861459356485e-02  0
-1.816313857929757e-07  9.261323960307655e-02  9.261323960307655e-02  9.261323960307655e-02  9.261323960307655e-02  0
-1.657283840024157e-07  9.209648891744178e-02  9.209648891744178e-02  9.209648891744178e-02  9.209648891744178e-02  0
-1.512177928067889e-07  8.663851662292395e-02  8.663851662292395e-02  8.663851662292395e-02  8.663851662292395e-02  0
-1.379776976587405e-07  7.849310159181509e-02  7.849310159181509e-02  7.849310159181509e-02  7.849310159181509e-02  0
-1.258968584175240e-07  7.086575401675595e-02  7.086575401675595e-02  7.086575401675595e-02  7.086575401675595e-02  0
-1.148737747357103e-07  6.720489709240730e-02  6.720489709240730e-02  6.720489709240730e-02  6.720489709240730e-02  0
-1.048158332773291e-07  6.770499311814523e-02  6.770499311814523e-02  6.770499311814523e-02  6.770499311814523e-02  0
-9.563852960257586e-08  7.308900197774296e-02  7.308900197774296e-02  7.308900197774296e-02  7.308900197774296e-02  0
-8.726475818154038e-08  8.109304673655716e-02  8.109304673655716e-02  8.109304673655716e-02  8.109304673655716e-02  0
-7.962416457182352e-08  8.841279508047338e-02  8.841279508047338e-02  8.841279508047338e-02  8.841279508047338e-02  0
-7.265255431719029e-08  9.259138569984851e-02  9.259138569984851e-02  9.259138569984851e-02  9.259138569984851e-02  0
-6.629135360096627e-08  9.207415470879378e-02  9.207415470879378e-02  9.207415470879378e-02  9.207415470879378e-02  0
-6.048711712271557e-08  8.661627197480425e-02  8.661627197480425e-02  8.661627197480425e-02  8.661627197480425e-02  0
-5.519107906349619e-08  7.847060387428989e-02  7.847060387428989e-02  7.847060387428989e-02  7.847060387428989e-02  0
-5.035874336700961e-08  7.084160584362796e-02  7.084160584362796e-02  7.084160584362796e-02  7.084160584362796e-02  0
-4.594950989428412e-08  6.719555662325027e-02  6.719555662325027e-02  6.719555662325027e-02  6.719555662325027e-02  0
-4.192633331093166e-08  6.769319035651281e-02  6.769319035651281e-02  6.769319035651281e-02  6.769319035651281e-02  0
-3.825541184103035e-08  7.307421783652178e-02  7.307421783652178e-02  7.307421783652178e-02  7.307421783652178e-02  0
-3.490590327261615e-08  8.107531394628283e-02  8.107531394628283e-02  8.107531394628283e-02  8.107531394628283e-02  0
-3.184966582872941e-08  8.839281784205401e-02  8.839281784205401e-02  8.839281784205401e-02  8.839281784205401e-02  0
-2.906102172687611e-08  9.258528794937598e-02  9.258528794937598e-02  9.258528794937598e-02  9.258528794937598e-02  0
-2.651654144038651e-08  9.206784663162930e-02  9.206784663162930e-02  9.206784663162930e-02  9.206784663162930e-02  0
-2.419484684908623e-08  8.660983757749034e-02  8.660983757749034e-02  8.660983757749034e-02  8.660983757749034e-02  0
-2.207643162539847e-08  7.846382491560154e-02  7.846382491560154e-02  7.846382491560154e-02  7.846382491560154e-02  0
-2.014349734680384e-08  7.083393223670569e-02  7.083393223670569e-02  7.083393223670569e-02  7.083393223670569e-02  0
-1.837980395771364e-08  6.719375362304063e-02  6.719375362304063e-02  6.719375362304063e-02  6.719375362304063e-02  0
-1.677053332437266e-08  6.769041216526712e-02  6.769041216526712e-02  6.769041216526712e-02  6.769041216526712e-02  0
-1.530216473641213e-08  7.307039756783897e-02  7.307039756783897e-02  7.307039756783897e-02  7.307039756783897e-02  0
-1.396236130904646e-08  8.107054074845163e-02  8.107054074845163e-02  8.107054074845163e-02  8.107054074845163e-02  0
-1.273986633149176e-08  8.838735481518548e-02  8.838735481518548e-02  8.838735481518548e-02  8.838735481518548e-02  0
-1.162440869075045e-08  9.258552448654303e-02  9.258552448654303e-02  9.258552448654303e-02  9.258552448654303e-02  0
-1.060661657615460e-08  9.206798352223766e-02  9.206798352223766e-02  9.206798352223766e-02  9.206798352223766e-02  0
-9.677938739634492e-09  8.660976517505092e-02  8.660976517505092e-02  8.660976517505092e-02  8.660976517505092e-02  0
-8.830572650159389e-09  7.846337749905608e-02  7.846337749905608e-02  7.846337749905608e-02  7.846337749905608e-02  0
-8.057398938721539e-09  7.083290369214572e-02  7.083290369214572e-02  7.083290369214572e-02  7.083290369214572e-02  0
-7.351921583085459e-09  6.719497818514736e-02  6.719497818514736e-02  6.719497818514736e-02  6.719497818514736e-02  0
-6.708213329749065e-09  6.769125966194178e-02  6.769125966194178e-02  6.769125966194178e-02  6.769125966194178e-02  0
-6.120865894564855e-09  7.307098277643301e-02  7.307098277643301e-02  7.307098277643301e-02  7.307098277643301e-02  0
-5.584944523618584e-09  8.107097543419453e-02  8.107097543419453e-02  8.107097543419453e-02  8.107097543419453e-02  0
-5.095946532596706e-09  8.838772475983291e-02  8.838772475983291e-02  8.838772475983291e-02  8.838772475983291e-02  0
-4.649763476300179e-09  9.258830098992095e-02  9.258830098992095e-02  9.258830098992095e-02  9.258830098992095e-02  0
-4.242646630461842e-09  9.207070490504568e-02  9.207070490504568e-02  9.207070490504568e-02  9.207070490504568e-02  0
-3.871175495853797e-09  8.661224427577986e-02  8.661224427577986e-02  8.661224427577986e-02  8.661224427577986e-02  0
-3.532229060063756e-09  7.846546982706351e-02  7.846546982706351e-02  7.846546982706351e-02  7.846546982706351e-02  0
-3.222959575488616e-09  7.083454126690793e-02  7.083454126690793e-02  7.083454126690793e-02  7.083454126690793e-02  0
-2.940768633234184e-09  6.719742017267180e-02  6.719742017267180e-02  6.719742017267180e-02  6.719742017267180e-02  0
-2.683285331899626e-09  6.769356308304646e-02  6.769356308304646e-02  6.769356308304646e-02  6.769356308304646e-02  0
-2.448346357825942e-09  7.307333565308789e-02  7.307333565308789e-02  7.307333565308789e-02  7.307333565308789e-02  0
-2.233977809447434e-09  8.107349897986192e-02  8.107349897986192e-02  8.107349897986192e-02  8.107349897986192e-02  0
-2.038378613038682e-09  8.839043394407153e-02  8.839043394407153e-02  8.839043394407153e-02  8.839043394407153e-02  0
-1.859905390520071e-09  9.259209857225272e-02  9.259209857225272e-02  9.259209857225272e-02  9.259209857225272e-02  0
-1.697058652184737e-09  9.207446455991224e-02  9.207446455991224e-02  9.207446455991224e-02  9.207446455991224e-02  0
-1.548470198341519e-09  8.661574719446481e-02  8.661574719446481e-02  8.661574719446481e-02  8.661574719446481e-02  0
-1.412891624025502e-09  7.846857919594427e-02  7.846857919594427e-02  7.846857919594427e-02  7.846857919594427e-02  0
-1.289183830195446e-09  7.083724342474260e-02  7.083724342474260e-02  7.083724342474260e-02  7.083724342474260e-02  0
-1.176307453293673e-09  6.720036377182559e-02  6.720036377182559e-02  6.720036377182559e-02  6.720036377182559e-02  0
-1.073314132759850e-09  6.769645967763339e-02  6.769645967763339e-02  6.769645967763339e-02  6.769645967763339e-02  0
-9.793385431303769e-10  7.307640406284663e-02  7.307640406284663e-02  7.307640406284663e-02  7.307640406284663e-02  0
-8.935911237789734e-10  8.107686544741137e-02  8.107686544741137e-02  8.107686544741137e-02  8.107686544741137e-02  0
-8.153514452154729e-10  8.839408586151322e-02  8.839408586151322e-02  8.839408586151322e-02  8.839408586151322e-02  0
-7.439621562080285e-10  9.259630847616654e-02  9.259630847616654e-02  9.259630847616654e-02  9.259630847616654e-02  0
-6.788234608738945e-10  9.207863776198630e-02  9.207863776198630e-02  9.207863776198630e-02  9.207863776198630e-02  0
-6.193880793366075e-10  8.661964766798456e-02  8.661964766798456e-02  8.661964766798456e-02  8.661964766798456e-02  0
-5.651566496102009e-10  7.847206600812419e-02  7.847206600812419e-02  7.847206600812419e-02  7.847206600812419e-02  0
-5.156735320781784e-10  7.084031496744600e-02  7.084031496744600e-02  7.084031496744600e-02  7.084031496744600e-02  0
-4.705229813174694e-10  6.720354965558852e-02  6.720354965558852e-02  6.720354965558852e-02  6.720354965558852e-02  0
-4.293256531039402e-10  6.769962232998251e-02  6.769962232998251e-02  6.769962232998251e-02  6.769962232998251e-02  0
-3.917354172521507e-10  7.307978032769243e-02  7.307978032769243e-02  7.307978032769243e-02  7.307978032769243e-02  0
-3.574364495115894e-10  8.108058820431220e-02  8.108058820431220e-02  8.108058820431220e-02  8.108058820431220e-02  0
-3.261405780861892e-10  8.839813411173336e-02  8.839813411173336e-02  8.839813411173336e-02  8.839813411173336e-02  0
3.261405780861892e-10  6.763607676934288e-02  6.763607676934288e-02  6.763607676934288e-02  6.763607676934288e-02  0
3.574364495115894e-10  7.330323469085956e-02  7.330323469085956e-02  7.330323469085956e-02  7.330323469085956e-02  0
3.917354172521507e-10  8.150556871383950e-02  8.150556871383950e-02  8.150556871383950e-02  8.150556871383950e-02  0
4.293256531039402e-10  8.905108049985866e-02  8.905108049985866e-02  8.905108049985866e-02  8.905108049985866e-02  0
4.705229813174694e-10  9.290880032414756e-02  9.290880032414756e-02  9.290880032414756e-02  9.290880032414756e-02  0
5.156735320781784e-10  9.203352973498033e-02  9.203352973498033e-02  9.203352973498033e-02  9.203352973498033e-02  0
5.651566496102009e-10  8.642636875136876e-02  8.642636875136876e-02  8.642636875136876e-02  8.642636875136876e-02  0
6.193880793366075e-10  7.825350255635989e-02  7.825350255635989e-02  7.825350255635989e-02  7.825350255635989e-02  0
6.788234608738945e-10  7.074822322731135e-02  7.074822322731135e-02  7.074822322731135e-02  7.074822322731135e-02  0
7.439621562080285e-10  6.693048638338525e-02  6.693048638338525e-02  6.693048638338525e-02  6.693048638338525e-02  0
8.153514452154729e-10  6.763249548101206e-02  6.763249548101206e-02  6.763249548101206e-02  6.763249548101206e-02  0
8.935911237789734e-10  7.329944729027245e-02  7.329944729027245e-02  7.329944729027245e-02  7.329944729027245e-02  0
9.793385431303769e-10  8.150142493369211e-02  8.150142493369211e-02  8.150142493369211e-02  8.150142493369211e-02  0
1.073314132759850e-09  8.904659534835715e-02  8.904659534835715e-02  8.904659534835715e-02  8.904659534835715e-02  0
1.176307453293673e-09  9.290414677021809e-02  9.290414677021809e-02  9.290414677021809e-02  9.290414677021809e-02  0
1.289183830195446e-09  9.206485892818465e-02  9.206485892818465e-02  9.206485892818465e-02  9.206485892818465e-02  0
1.412891624025502e-09  8.643662384027741e-02  8.643662384027741e-02  8.643662384027741e-02  8.643662384027741e-02  0
1.548470198341519e-09  7.825499362346026e-02  7.825499362346026e-02  7.825499362346026e-02  7.825499362346026e-02  0
1.697058652184737e-09  7.074649330782987e-02  7.074649330782987e-02  7.074649330782987e-02  7.074649330782987e-02  0
1.859905390520071e-09  6.692766988782267e-02  6.692766988782267e-02  6.692766988782267e-02  6.692766988782267e-02  0
2.038378613038682e-09  6.762876428337231e-02  6.762876428337231e-02  6.762876428337231e-02  6.762876428337231e-02  0
2.233977809447434e-09  7.329548088296210e-02  7.329548088296210e-02  7.329548088296210e-02  7.329548088296210e-02  0
2.448346357825942e-09  8.149707019578384e-02  8.149707019578384e-02  8.149707019578384e-02  8.149707019578384e-02  0
2.683285331899626e-09  8.904187208981235e-02  8.904187208981235e-02  8.904187208981235e-02  8.904187208981235e-02  0
2.940768633234184e-09  9.289923977252415e-02  9.289923977252415e-02  9.289923977252415e-02  9.289923977252415e-02  0
3.222959575488616e-09  9.206388822643058e-02  9.206388822643058e-02  9.206388822643058e-02  9.206388822643058e-02  0
3.532229060063756e-09  8.643337568284444e-02  8.643337568284444e-02  8.643337568284444e-02  8.643337568284444e-02  0
3.871175495853797e-09  7.825113052411531e-02  7.825113052411531e-02  7.825113052411531e-02  7.825113052411531e-02  0
4.242646630461842e-09  7.074267756633897e-02  7.074267756633897e-02  7.074267756633897e-02  7.074267756633897e-02  0
4.649763476300179e-09  6.692398835344258e-02  6.692398835344258e-02  6.692398835344258e-02  6.692398835344258e-02  0
5.095946532596706e-09  6.762436429659267e-02  6.762436429659267e-02  6.762436429659267e-02  6.762436429659267e-02  0
5.584944523618584e-09  7.329089408500949e-02  7.329089408500949e-02  7.329089408500949e-02  7.329089408500949e-02  0
6.120865894564855e-09  8.149210050825381e-02  8.149210050825381e-02  8.149210050825381e-02  8.149210050825381e-02  0
6.708213329749065e-09  8.903652340394989e-02  8.903652340394989e-02  8.903652340394989e-02  8.903652340394989e-02  0
7.351921583085459e-09  9.289370765582328e-02  9.289370765582328e-02  9.289370765582328e-02  9.289370765582328e-02  0
8.057398938721539e-09  9.205742328938843e-02  9.205742328938843e-02  9.205742328938843e-02  9.205742328938843e-02  0
8.830572650159389e-09  8.642713838612651e-02  8.642713838612651e-02  8.642713838612651e-02  8.642713838612651e-02  0
9.677938739634492e-09  7.824548971808246e-02  7.824548971808246e-02  7.824548971808246e-02  7.824548971808246e-02  0
1.060661657615460e-08  7.073768819781599e-02  7.073768819781599e-02  7.073768819781599e-02  7.073768819781599e-02  0
1.162440869075045e-08  6.691944738869422e-02  6.691944738869422e-02  6.691944738869422e-02  6.691944738869422e-02  0
1.273986633149176e-08  6.761826510760978e-02  6.761826510760978e-02  6.761826510760978e-02  6.761826510760978e-02  0
1.396236130904646e-08  7.328473664082646e-02  7.328473664082646e-02  7.328473664082646e-02  7.328473664082646e-02  0
1.530216473641213e-08  8.148557868971451e-02  8.148557868971451e-02  8.148557868971451e-02  8.148557868971451e-02  0
1.677053332437266e-08  8.902959971127467e-02  8.902959971127467e-02  8.902959971127467e-02  8.902959971127467e-02  0
1.837980395771364e-08  9.288660410865385e-02  9.288660410865385e-02  9.288660410865385e-02  9.288660410865385e-02  0
2.014349734680384e-08  9.204671773512245e-02  9.204671773512245e-02  9.204671773512245e-02  9.204671773512245e-02  0
2.207643162539847e-08  8.641730437086097e-02  8.641730437086097e-02  8.641730437086097e-02  8.641730437086097e-02  0
2.419484684908623e-08  7.823686141368737e-02  7.823686141368737e-02  7.823686141368737e-02  7.823686141368737e-02  0
2.651654144038651e-08  7.073026696613786e-02  7.073026696613786e-02  7.073026696613786e-02  7.073026696613786e-02  0
2.906102172687611e-08  6.691291544209105e-02  6.691291544209105e-02  6.691291544209105e-02  6.691291544209105e-02  0
3.184966582872941e-08  6.760789875408486e-02  6.760789875408486e-02  6.760789875408486e-02  6.760789875408486e-02  0
3.490590327261615e-08  7.327463685255046e-02  7.327463685255046e-02  7.327463685255046e-02  7.327463685255046e-02  0
3.825541184103035e-08  8.147516260419900e-02  8.147516260419900e-02  8.147516260419900e-02  8.147516260419900e-02  0
4.192633331093166e-08  8.901872543915373e-02  8.901872543915373e-02  8.901872543915373e-02  8.901872543915373e-02  0
4.594950989428412e-08  9.287555966014079e-02  9.287555966014079e-02  9.287555966014079e-02  9.287555966014079e-02  0
5.035874336700961e-08  9.202655966618134e-02  9.202655966618134e-02  9.202655966618134e-02  9.202655966618134e-02  0
5.519107906349619e-08  8.639893089806304e-02  8.639893089806304e-02  8.639893089806304e-02  8.639893089806304e-02  0
6.048711712271557e-08  7.822091982615403e-02  7.822091982615403e-02  7.822091982615403e-02  7.822091982615403e-02  0
6.629135360096627e-08  7.071680755934187e-02  7.071680755934187e-02  7.071680755934187e-02  7.071680755934187e-02  0
7.265255431719029e-08  6.690140907850535e-02  6.690140907850535e-02  6.690140907850535e-02  6.690140907850535e-02  0
7.962416457182352e-08  6.758679737956508e-02  6.758679737956508e-02  6.758679737956508e-02  6.758679737956508e-02  0
8.726475818154038e-08  7.325462808895573e-02  7.325462808895573e-02  7.325462808895573e-02  7.325462808895573e-02  0
9.563852960257586e-08  8.145496561130013e-02  8.145496561130013e-02  8.145496561130013e-02  8.145496561130013e-02  0
1.048158332773291e-07  8.899793347627163e-02  8.899793347627163e-02  8.899793347627163e-02  8.899793347627163e-02  0
1.148737747357103e-07  9.285462430045412e-02  9.285462430045412e-02  9.285462430045412e-02  9.285462430045412e-02  0
1.258968584175240e-07  9.198266136214160e-02  9.198266136214160e-02  9.198266136214160e-02  9.198266136214160e-02  0
1.379776976587405e-07  8.635907353981574e-02  8.635907353981574e-02  8.635907353981574e-02  8.635907353981574e-02  0
1.512177928067889e-07  7.818656657941528e-02  7.818656657941528e-02  7.818656657941528e-02  7.818656657941528e-02  0
1.657283840024157e-07  7.068814538885655e-02  7.068814538885655e-02  7.068814538885655e-02  7.068814538885655e-02  0
1.816313857929757e-07  6.687738293084665e-02  6.687738293084665e-02  6.687738293084665e-02  6.687738293084665e-02  0
1.990604114295588e-07  6.753847530606638e-02  6.753847530606638e-02  6.753847530606638e-02  6.753847530606638e-02  0
2.181618954538510e-07  7.320954792232240e-02  7.320954792232240e-02  7.320954792232240e-02  7.320954792232240e-02  0
2.390963240064397e-07  8.141006588737842e-02  8.141006588737842e-02  8.141006588737842e-02  8.141006588737842e-02  0
2.620395831933229e-07  8.895212213880259e-02  8.895212213880259e-02  8.895212213880259e-02  8.895212213880259e-02  0
2.871844368392758e-07  9.280875246170597e-02  9.280875246170597e-02  9.280875246170597e-02  9.280875246170597e-02  0
3.147421460438101e-07  9.187824286563830e-02  9.187824286563830e-02  9.187824286563830e-02  9.187824286563830e-02  0
3.449442441468511e-07  8.626448701371549e-02  8.626448701371549e-02  8.626448701371549e-02  8.626448701371549e-02  0
3.780444820169723e-07  7.810533896668644e-02  7.810533896668644e-02  7.810533896668644e-02  7.810533896668644e-02  0
4.143209600060391e-07  7.062081153737261e-02  7.062081153737261e-02  7.062081153737261e-02  7.062081153737261e-02  0
4.540784644824392e-07  6.682155457078454e-02  6.682155457078454e-02  6.682155457078454e-02  6.682155457078454e-02  0
4.976510285738970e-07  6.741978543210071e-02  6.741978543210071e-02  6.741978543210071e-02  6.741978543210071e-02  0
5.454047386346274e-07  7.309998535545623e-02  7.309998535545623e-02  7.309998535545623e-02  7.309998535545623e-02  0
5.977408100160992e-07  8.130190098923719e-02  8.130190098923719e-02  8.130190098923719e-02  8.130190098923719e-02  0
6.550989579833072e-07  8.884240860666046e-02  8.884240860666046e-02  8.884240860666046e-02  8.884240860666046e-02  0
7.179610920981894e-07  9.269928288646218e-02  9.269928288646218e-02  9.269928288646218e-02  9.269928288646218e-02  0
7.868553651095252e-07  9.161555847466329e-02  9.161555847466329e-02  9.161555847466329e-02  9.161555847466329e-02  0
8.623606103671279e-07  8.602694374347791e-02  8.602694374347791e-02  8.602694374347791e-02  8.602694374347791e-02  0
9.451112050424309e-07  7.790182003062096e-02  7.790182003062096e-02  7.790182003062096e-02  7.790182003062096e-02  0
1.035802400015098e-06  7.045278097180215e-02  7.045278097180215e-02  7.045278097180215e-02  7.045278097180215e-02  0
1.135196161206098e-06  6.668318640420935e-02  6.668318640420935e-02  6.668318640420935e-02  6.668318640420935e-02  0
1.244127571434742e-06  6.711094441022884e-02  6.711094441022884e-02  6.711094441022884e-02  6.711094441022884e-02  0
1.363511846586568e-06  7.281816295215354e-02  7.281816295215354e-02  7.281816295215354e-02  7.281816295215354e-02  0
1.494352025040248e-06  8.102635382389807e-02  8.102635382389807e-02  8.102635382389807e-02  8.102635382389807e-02  0
1.637747394958268e-06  8.856467925170269e-02  8.856467925170269e-02  8.856467925170269e-02  8.856467925170269e-02  0
1.794902730245473e-06  9.242315817843257e-02  9.242315817843257e-02  9.242315817843257e-02  9.242315817843257e-02  0
1.967138412773813e-06  9.091194791445796e-02  9.091194791445796e-02  9.091194791445796e-02  9.091194791445796e-02  0
2.155901525917819e-06  8.539322131106147e-02  8.539322131106147e-02  8.539322131106147e-02  8.539322131106147e-02  0
2.362778012606077e-06  7.736079481525455e-02  7.736079481525455e-02  7.736079481525455e-02  7.736079481525455e-02  0
2.589506000037745e-06  7.000827296712570e-02  7.000827296712570e-02  7.000827296712570e-02  7.000827296712570e-02  0
2.837990403015245e-06  6.631995675300777e-02  6.631995675300777e-02  6.631995675300777e-02  6.631995675300777e-02  0
3.110318928586857e-06  6.617521305783498e-02  6.617521305783498e-02  6.617521305783498e-02  6.617521305783498e-02  0
3.408779616466421e-06  7.199864737090307e-02  7.199864737090307e-02  7.199864737090307e-02  7.199864737090307e-02  0
3.735880062600620e-06  8.025351782807774e-02  8.025351782807774e-02  8.025351782807774e-02  8.025351782807774e-02  0
4.094368487395670e-06  8.780440276102108e-02  8.780440276102108e-02  8.780440276102108e-02  8.780440276102108e-02  0
4.487256825613684e-06  9.167743917885204e-02  9.167743917885204e-02  9.167743917885204e-02  9.167743917885204e-02  0
4.917846031934533e-06  8.920826829669690e-02  8.920826829669690e-02  8.920826829669690e-02  8.920826829669690e-02  0
5.389753814794549e-06  8.362660147014539e-02  8.362660147014539e-02  8.362660147014539e-02  8.362660147014539e-02  0
5.906945031515193e-06  7.575270129706844e-02  7.575270129706844e-02  7.575270129706844e-02  7.575270129706844e-02  0
6.473765000094363e-06  6.865539891410175e-02  6.865539891410175e-02  6.865539891410175e-02  6.865539891410175e-02  0
7.094976007538114e-06  6.521817398822770e-02  6.521817398822770e-02  6.521817398822770e-02  6.521817398822770e-02  0
7.775797321467140e-06  8.267876023333164e-02  8.267876023333164e-02  8.267876023333164e-02  8.267876023333164e-02  0
8.521949041166052e-06  8.158698162663289e-02  8.158698162663289e-02  8.158698162663289e-02  8.158698162663289e-02  0
9.339700156501548e-06  8.490489142628500e-02  8.490489142628500e-02  8.490489142628500e-02  8.490489142628500e-02  0
1.023592121848917e-05  8.922403461297281e-02  8.922403461297281e-02  8.922403461297281e-02  8.922403461297281e-02  0
1.121814206403421e-05  9.120163764798202e-02  9.120163764798202e-02  9.120163764798202e-02  9.120163764798202e-02  0
1.229461507983633e-05  1.711881852951788e-01  1.711881852951788e-01  1.711881852951788e-01  1.711881852951788e-01  0
1.347438453698637e-05  1.523112870392827e-01  1.523112870392827e-01  1.523112870392827e-01  1.523112870392827e-01  0
1.476736257878798e-05  1.303649894151547e-01  1.303649894151547e-01  1.303649894151547e-01  1.303649894151547e-01  0
1.618441250023591e-05  1.095047889468564e-01  1.095047889468564e-01  1.095047889468564e-01  1.095047889468564e-01  0
1.773744001884528e-05  9.347361041719406e-02  9.347361041719406e-02  9.347361041719406e-02  9.347361041719406e-02  0
1.943949330366785e-05  1.899214094380737e-01  1.899214094380737e-01  1.899214094380737e-01  1.899214094380737e-01  0
2.130487260291513e-05  1.932372428549926e-01  1.932372428549926e-01  1.932372428549926e-01  1.932372428549926e-01  0
2.334925039125387e-05  1.958002779619369e-01  1.958002779619369e-01  1.958002779619369e-01  1.958002779619369e-01  0
2.558980304622294e-05  1.940151202509035e-01  1.940151202509035e-01  1.940151202509035e-01  1.940151202509035e-01  0
2.804535516008552e-05  1.852330531559182e-01  1.852330531559182e-01  1.852330531559182e-01  1.852330531559182e-01  0
3.073653769959083e-05  2.166217100899599e-01  2.166217100899599e-01  2.166217100899599e-01  2.166217100899599e-01  0
3.368596134246593e-05  2.104692209808542e-01  2.104692209808542e-01  2.104692209808542e-01  2.104692209808542e-01  0
3.691840644696995e-05  2.004677577688570e-01  2.004677577688570e-01  2.004677577688570e-01  2.004677577688570e-01  0
4.046103125058977e-05  1.903153531672441e-01  1.903153531672441e-01  1.903153531672441e-01  1.903153531672441e-01  0
4.434360004711321e-05  1.828379250046044e-01  1.828379250046044e-01  1.828379250046044e-01  1.828379250046044e-01  0
4.859873325916964e-05  1.782117541192707e-01  1.782117541192707e-01  1.782117541192707e-01  1.782117541192707e-01  0
5.326218150728783e-05  1.890811526996525e-01  1.890811526996525e-01  1.890811526996525e-01  1.890811526996525e-01  0
5.837312597813469e-05  2.019676587930877e-01  2.019676587930877e-01  2.019676587930877e-01  2.019676587930877e-01  0
6.397450761555734e-05  2.123072769561847e-01  2.123072769561847e-01  2.123072769561847e-01  2.123072769561847e-01  0
7.011338790021381e-05  2.169984146232478e-01  2.169984146232478e-01  2.169984146232478e-01  2.169984146232478e-01  0
7.684134424897707e-05  2.033105332487461e-01  2.033105332487461e-01  2.033105332487461e-01  2.033105332487461e-01  0
8.421490335616483e-05  1.977583438432430e-01  1.977583438432430e-01  1.977583438432430e-01  1.977583438432430e-01  0
9.229601611742488e-05  1.883133719429241e-01  1.883133719429241e-01  1.883133719429241e-01  1.883133719429241e-01  0
1.011525781264744e-04  1.808125029879821e-01  1.808125029879821e-01  1.808125029879821e-01  1.808125029879821e-01  0
1.108590001177830e-04  1.799615084686290e-01  1.799615084686290e-01  1.799615084686290e-01  1.799615084686290e-01  0
1.214968331479241e-04  1.610744304350394e-01  1.610744304350394e-01  1.610744304350394e-01  1.610744304350394e-01  0
1.331554537682195e-04  1.718373210067678e-01  1.718373210067678e-01  1.718373210067678e-01  1.718373210067678e-01  0
1.459328149453367e-04  1.864597713597780e-01  1.864597713597780e-01  1.864597713597780e-01  1.864597713597780e-01  0
1.599362690388933e-04  1.995022766773423e-01  1.995022766773423e-01  1.995022766773423e-01  1.995022766773423e-01  0
1.752834697505345e-04  2.059508361006343e-01  2.059508361006343e-01  2.059508361006343e-01  2.059508361006343e-01  0
1.921033606224427e-04  2.155605821936238e-01  2.155605821936238e-01  2.155605821936238e-01  2.155605821936238e-01  0
2.105372583904121e-04  2.016099934251626e-01  2.016099934251626e-01  2.016099934251626e-01  2.016099934251626e-01  0
2.307400402935622e-04  1.841994121228242e-01  1.841994121228242e-01  1.841994121228242e-01  1.841994121228242e-01  0
2.528814453161860e-04  1.696307269671261e-01  1.696307269671261e-01  1.696307269671261e-01  1.696307269671261e-01  0
2.771475002944575e-04  1.630194600818564e-01  1.630194600818564e-01  1.630194600818564e-01  1.630194600818564e-01  0
3.037420828698102e-04  1.840717364774297e-01  1.840717364774297e-01  1.840717364774297e-01  1.840717364774297e-01  0
3.328886344205489e-04  1.960181944297082e-01  1.960181944297082e-01  1.960181944297082e-01  1.960181944297082e-01  0
3.648320373633417e-04  2.108839255741780e-01  2.108839255741780e-01  2.108839255741780e-01  2.108839255741780e-01  0
3.998406725972333e-04  2.219982966480332e-01  2.219982966480332e-01  2.219982966480332e-01  2.219982966480332e-01  0
4.382086743763362e-04  2.242563401059588e-01  2.242563401059588e-01  2.242563401059588e-01  2.242563401059588e-01  0
4.802584015561067e-04  2.566210064014662e-01  2.566210064014662e-01  2.566210064014662e-01  2.566210064014662e-01  0
5.263431459760303e-04  2.382033920265050e-01  2.382033920265050e-01  2.382033920265050e-01  2.382033920265050e-01  0
5.768501007339055e-04  2.151064168874994e-01  2.151064168874994e-01  2.151064168874994e-01  2.151064168874994e-01  0
6.322036132904651e-04  1.958737640276099e-01  1.958737640276099e-01  1.958737640276099e-01  1.958737640276099e-01  0
6.928687507361440e-04  1.868761485251198e-01  1.868761485251198e-01  1.868761485251198e-01  1.868761485251198e-01  0
7.593552071745256e-04  2.019799006729594e-01  2.019799006729594e-01  2.019799006729594e-01  2.019799006729594e-01  0
8.322215860513723e-04  2.220073245367827e-01  2.220073245367827e-01  2.220073245367827e-01  2.220073245367827e-01  0
9.120800934083544e-04  2.448961646192808e-01  2.448961646192808e-01  2.448961646192808e-01  2.448961646192808e-01  0
9.996016814930835e-04  2.620282720337865e-01  2.620282720337865e-01  2.620282720337865e-01  2.620282720337865e-01  0
1.095521685940841e-03  2.666032365737817e-01  2.666032365737817e-01  2.666032365737817e-01  2.666032365737817e-01  0
1.200646003890267e-03  2.509849063556505e-01  2.509849063556505e-01  2.509849063556505e-01  2.509849063556505e-01  0
1.315857864940076e-03  2.376374660781510e-01  2.376374660781510e-01  2.376374660781510e-01  2.376374660781510e-01  0
1.442125251834764e-03  2.189444209541881e-01  2.189444209541881e-01  2.189444209541881e-01  2.189444209541881e-01  0
1.580509033226163e-03  2.039757746839022e-01  2.039757746839022e-01  2.039757746839022e-01  2.039757746839022e-01  0
1.732171876840360e-03  2.001113200982209e-01  2.001113200982209e-01  2.001113200982209e-01  2.001113200982209e-01  0
1.898388017936314e-03  1.618187171402946e-01  1.618187171402946e-01  1.618187171402946e-01  1.618187171402946e-01  0
2.080553965128431e-03  1.900031248771653e-01  1.900031248771653e-01  1.900031248771653e-01  1.900031248771653e-01  0
2.280200233520886e-03  2.196739041636473e-01  2.196739041636473e-01  2.196739041636473e-01  2.196739041636473e-01  0
2.499004203732709e-03  2.432315689443277e-01  2.432315689443277e-01  2.432315689443277e-01  2.432315689443277e-01  0
2.738804214852102e-03  2.541275665410258e-01  2.541275665410258e-01  2.541275665410258e-01  2.541275665410258e-01  0
3.001615009725670e-03  1.561048383674272e-01  1.561048383674272e-01  1.561048383674272e-01  1.561048383674272e-01  0
3.289644662350192e-03  1.509779649563468e-01  1.509779649563468e-01  1.509779649563468e-01  1.509779649563468e-01  0
3.605313129586913e-03  1.448874459087058e-01  1.448874459087058e-01  1.448874459087058e-01  1.448874459087058e-01  0
3.951272583065411e-03  1.435247379485924e-01  1.435247379485924e-01  1.435247379485924e-01  1.435247379485924e-01  0
4.330429692100904e-03  1.517392330142207e-01  1.517392330142207e-01  1.517392330142207e-01  1.517392330142207e-01  0
4.745970044840788e-03  1.221000192893651e-01  1.221000192893651e-01  1.221000192893651e-01  1.221000192893651e-01  0
5.201384912821080e-03  1.375785300704442e-01  1.375785300704442e-01  1.375785300704442e-01  1.375785300704442e-01  0
5.700500583802218e-03  1.511141119950297e-01  1.511141119950297e-01  1.511141119950297e-01  1.511141119950297e-01  0
6.247510509331775e-03  1.602754728415640e-01  1.602754728415640e-01  1.602754728415640e-01  1.602754728415640e-01  0
6.847010537130258e-03  1.628605877643638e-01  1.628605877643638e-01  1.628605877643638e-01  1.628605877643638e-01  0
7.504037524314174e-03  2.182310585543548e-01  2.182310585543548e-01  2.182310585543548e-01  2.182310585543548e-01  0
8.224111655875478e-03  1.863109127929285e-01  1.863109127929285e-01  1.863109127929285e-01  1.863109127929285e-01  0
9.013282823967282e-03  1.614503658302463e-01  1.614503658302463e-01  1.614503658302463e-01  1.614503658302463e-01  0
9.878181457663525e-03  1.460998004868879e-01  1.460998004868879e-01  1.460998004868879e-01  1.460998004868879e-01  0
1.082607423025226e-02  1.406381663610794e-01  1.406381663610794e-01  1.406381663610794e-01  1.406381663610794e-01  0
1.186492511210197e-02  5.352340864870972e-01  5.352340864870972e-01  5.352340864870972e-01  5.352340864870972e-01  0
1.300346228205270e-02  5.245129435287291e-01  5.245129435287291e-01  5.245129435287291e-01  5.245129435287291e-01  0
1.425125145950555e-02  4.832117764133760e-01  4.832117764133760e-01  4.832117764133760e-01  4.832117764133760e-01  0
1.561877627332944e-02  4.206845708602145e-01  4.206845708602145e-01  4.206845708602145e-01  4.206845708602145e-01  0
1.711752634282565e-02  3.489912360071870e-01  3.489912360071870e-01  3.489912360071870e-01  3.489912360071870e-01  0
1.876009381078543e-02  6.602865398618166e-01  6.602865398618166e-01  6.602865398618166e-01  6.602865398618166e-01  0
2.056027913968870e-02  6.312412056973823e-01  6.312412056973823e-01  6.312412056973823e-01  6.312412056973823e-01  0
2.253320705991821e-02  6.138308096371634e-01  6.138308096371634e-01  6.138308096371634e-01  6.138308096371634e-01  0
2.469545364415881e-02  6.066633705819405e-01  6.066633705819405e-01  6.066633705819405e-01  6.066633705819405e-01  0
2.706518557563065e-02  6.007860506592209e-01  6.007860506592209e-01  6.007860506592209e-01  6.007860506592209e-01  0
2.966231278025492e-02  8.269065442885422e-01  8.269065442885422e-01  8.269065442885422e-01  8.269065442885422e-01  0
3.250865570513176e-02  9.031588313904210e-01  9.031588313904210e-01  9.031588313904210e-01  9.031588313904210e-01  0
3.562812864876387e-02  9.263508466206432e-01  9.263508466206432e-01  9.263508466206432e-01  9.263508466206432e-01  0
3.904694068332360e-02  8.997888837975849e-01  8.997888837975849e-01  8.997888837975849e-01  8.997888837975849e-01  0
4.279381585706412e-02  8.394748334247499e-01  8.394748334247499e-01  8.394748334247499e-01  8.394748334247499e-01  0
4.690023452696358e-02  1.021995391312683e+00  1.021995391312683e+00  1.021995391312683e+00  1.021995391312683e+00  0
5.140069784922174e-02  9.599070491917260e-01  9.599070491917260e-01  9.599070491917260e-01  9.599070491917260e-01  0
5.633301764979550e-02  9.166418060960188e-01  9.166418060960188e-01  9.166418060960188e-01  9.166418060960188e-01  0
6.173863411039702e-02  9.068666914927381e-01  9.068666914927381e-01  9.068666914927381e-01  9.068666914927381e-01  0
6.766296393907660e-02  9.267890219806617e-01  9.267890219806617e-01  9.267890219806617e-01  9.267890219806617e-01  0
7.415578195063731e-02  1.023499306391099e+00  1.023499306391099e+00  1.023499306391099e+00  1.023499306391099e+00  0
8.127163926282939e-02  1.191767466283073e+00  1.191767466283073e+00  1.191767466283073e+00  1.191767466283073e+00  0
8.907032162190968e-02  1.296130671088048e+00  1.296130671088048e+00  1.296130671088048e+00  1.296130671088048e+00  0
9.761735170830900e-02  1.321696712761544e+00  1.321696712761544e+00  1.321696712761544e+00  1.321696712761544e+00  0
1.069845396426603e-01  1.274497590609787e+00  1.274497590609787e+00  1.274497590609787e+00  1.274497590609787e+00  0
1.172505863174089e-01  2.686562004227690e+00  2.686562004227690e+00  2.686562004227690e+00  2.686562004227690e+00  0
1.285017446230543e-01  2.766522282786567e+00  2.766522282786567e+00  2.766522282786567e+00  2.766522282786567e+00  0
1.408325441244888e-01  2.699988170609518e+00  2.699988170609518e+00  2.699988170609518e+00  2.699988170609518e+00  0
1.543465852759926e-01  2.532080126245251e+00  2.532080126245251e+00  2.532080126245251e+00  2.532080126245251e+00  0
1.691574098476915e-01  2.320272523300297e+00  2.320272523300297e+00  2.320272523300297e+00  2.320272523300297e+00  0
1.853894548765933e-01  1.427182560615120e+00  1.427182560615120e+00  1.427182560615120e+00  1.427182560615120e+00  0
2.031790981570735e-01  1.811405965535035e+00  1.811405965535035e+00  1.811405965535035e+00  1.811405965535035e+00  0
2.226758040547742e-01  2.206345032639519e+00  2.206345032639519e+00  2.206345032639519e+00  2.206345032639519e+00  0
2.440433792707725e-01  2.566857373622562e+00  2.566857373622562e+00  2.566857373622562e+00  2.566857373622562e+00  0
2.674613491066508e-01  2.840269258612611e+00  2.840269258612611e+00  2.840269258612611e+00  2.840269258612611e+00  0
2.931264657935224e-01  2.515365411425666e-01  2.515365411425666e-01  2.515365411425666e-01  2.515365411425666e-01  0
3.212543615576359e-01  3.908142889803518e-01  3.908142889803518e-01  3.908142889803518e-01  3.908142889803518e-01  0
3.520813603112219e-01  5.777268374305640e-01  5.777268374305640e-01  5.777268374305640e-01  5.777268374305640e-01  0
3.858664631899815e-01  8.178248449190630e-01  8.178248449190630e-01  8.178248449190630e-01  8.178248449190630e-01  0
4.228935246192289e-01  1.114425450144921e+00  1.114425450144921e+00  1.114425450144921e+00  1.114425450144921e+00  0
4.634736371914833e-01  3.920915207035796e-02  3.920915207035796e-02  3.920915207035796e-02  3.920915207035796e-02  0
5.079477453926837e-01  5.634123714387231e-02  5.634123714387231e-02  5.634123714387231e-02  5.634123714387231e-02  0
5.566895101369356e-01  8.232210855127182e-02  8.232210855127182e-02  8.232210855127182e-02  8.232210855127182e-02  0
6.101084481769313e-01  1.229369834795080e-01  1.229369834795080e-01  1.229369834795080e-01  1.229369834795080e-01  0
6.686533727666270e-01  1.857525461798310e-01  1.857525461798310e-01  1.857525461798310e-01  1.857525461798310e-01  0
7.328161644838057e-01  4.136583806757087e-03  4.136583806757087e-03  4.136583806757087e-03  4.136583806757087e-03  0
8.031359038940895e-01  7.301939645001590e-03  7.301939645001590e-03  7.301939645001590e-03  7.301939645001590e-03  0
8.802034007780546e-01  1.201524542535895e-02  1.201524542535895e-02  1.201524542535895e-02  1.201524542535895e-02  0
9.646661579749534e-01  1.856045045378343e-02  1.856045045378343e-02  1.856045045378343e-02  1.856045045378343e-02  0
1.057233811548072e+00  2.725947706569900e-02  2.725947706569900e-02  2.725947706569900e-02  2.725947706569900e-02  0
1.158684092978708e+00  7.709857576414305e-05  7.709857576414305e-05  7.709857576414305e-05  7.709857576414305e-05  0
1.269869363481709e+00  1.987426521585613e-04  1.987426521585613e-04  1.987426521585613e-04  1.987426521585613e-04  0
1.391723775342339e+00  4.770899767997020e-04  4.770899767997020e-04  4.770899767997020e-04  4.770899767997020e-04  0
1.525271120442328e+00  1.064879682742932e-03  1.064879682742932e-03  1.064879682742932e-03  1.064879682742932e-03  0
1.671633431916567e+00  2.207698913959147e-03  2.207698913959147e-03  2.207698913959147e-03  2.207698913959147e-03  0
1.832040411209514e+00  9.017883719701969e-07  9.017883719701969e-07  9.017883719701969e-07  9.017883719701969e-07  0
2.007839759735224e+00  2.116135185790086e-06  2.116135185790086e-06  2.116135185790086e-06  2.116135185790086e-06  0
2.200508501945136e+00  4.809312471328495e-06  4.809312471328495e-06  4.809312471328495e-06  4.809312471328495e-06  0
2.411665394937383e+00  1.078585616333255e-05  1.078585616333255e-05  1.078585616333255e-05  1.078585616333255e-05  0
2.643084528870179e+00  2.437222807937635e-05  2.437222807937635e-05  2.437222807937635e-05  2.437222807937635e-05  0
