-3.174673408704273e+00  5.231637029988764e-06  5.231637029988764e-06  5.231637029988764e-06  5.231637029988764e-06  0
-2.896710232446770e+00  2.439576369130391e-06  2.439576369130391e-06  2.439576369130391e-06  2.439576369130391e-06  0
-2.643084528870180e+00  1.074532261075975e-06  1.074532261075975e-06  1.074532261075975e-06  1.074532261075975e-06  0
-2.411665394937384e+00  4.445429821672294e-07  4.445429821672294e-07  4.445429821672294e-07  4.445429821672294e-07  0
-2.200508501945137e+00  1.722614291405859e-07  1.722614291405859e-07  1.722614291405859e-07  1.722614291405859e-07  0
-2.007839759735224e+00  3.158652895532434e-04  3.158652895532434e-04  3.158652895532434e-04  3.158652895532434e-04  0
-1.832040411209515e+00  1.352658351734139e-04  1.352658351734139e-04  1.352658351734139e-04  1.352658351734139e-04  0
-1.671633431916567e+00  5.430482169669599e-05  5.430482169669599e-05  5.430482169669599e-05  5.430482169669599e-05  0
-1.525271120442328e+00  2.054784150091583e-05  2.054784150091583e-05  2.054784150091583e-05  2.054784150091583e-05  0
-1.391723775342338e+00  7.386524079040072e-06  7.386524079040072e-06  7.386524079040072e-06  7.386524079040072e-06  0
-1.269869363481709e+00  6.955185024211914e-03  6.955185024211914e-03  6.955185024211914e-03  6.955185024211914e-03  0
-1.158684092978708e+00  4.304882482560685e-03  4.304882482560685e-03  4.304882482560685e-03  4.304882482560685e-03  0
-1.057233811548072e+00  2.499724974713147e-03  2.499724974713147e-03  2.499724974713147e-03  2.499724974713147e-03  0
-9.646661579749535e-01  1.353677635578767e-03  1.353677635578767e-03  1.353677635578767e-03  1.353677635578767e-03  0
-8.802034007780546e-01  6.815408678531588e-04  6.815408678531588e-04  6.815408678531588e-04  6.815408678531588e-04  0
-8.031359038940895e-01  5.413612256819967e-02  5.413612256819967e-02  5.413612256819967e-02  5.413612256819967e-02  0
-7.328161644838058e-01  3.644496605857808e-02  3.644496605857808e-02  3.644496605857808e-02  3.644496605857808e-02  0
-6.686533727666267e-01  2.456438923609662e-02  2.456438923609662e-02  2.456438923609662e-02  2.456438923609662e-02  0
-6.101084481769312e-01  1.653068529264083e-02  1.653068529264083e-02  1.653068529264083e-02  1.653068529264083e-02  0
-5.566895101369354e-01  1.098052697120645e-02  1.098052697120645e-02  1.098052697120645e-02  1.098052697120645e-02  0
-5.079477453926835e-01  3.177003862146531e-01  3.177003862146531e-01  3.177003862146531e-01  3.177003862146531e-01  0
-4.634736371914831e-01  2.256740247640857e-01  2.256740247640857e-01  2.256740247640857e-01  2.256740247640857e-01  0
-4.228935246192287e-01  1.552028748508364e-01  1.552028748508364e-01  1.552028748508364e-01  1.552028748508364e-01  0
-3.858664631899814e-01  1.025275859775248e-01  1.025275859775248e-01  1.025275859775248e-01  1.025275859775248e-01  0
-3.520813603112218e-01  6.451191272912453e-02  6.451191272912453e-02  6.451191272912453e-02  6.451191272912453e-02  0
-3.212543615576358e-01  1.104582778311396e+00  1.104582778311396e+00  1.104582778311396e+00  1.104582778311396e+00  0
-2.931264657935223e-01  9.277300516153305e-01  9.277300516153305e-01  9.277300516153305e-01  9.277300516153305e-01  0
-2.674613491066506e-01  7.454452827656711e-01  7.454452827656711e-01  7.454452827656711e-01  7.454452827656711e-01  0
-2.440433792707724e-01  5.764664414389843e-01  5.764664414389843e-01  5.764664414389843e-01  5.764664414389843e-01  0
-2.226758040547741e-01  4.315802337680728e-01  4.315802337680728e-01  4.315802337680728e-01  4.315802337680728e-01  0
-2.031790981570734e-01  1.317282424039514e+00  1.317282424039514e+00  1.317282424039514e+00  1.317282424039514e+00  0
-1.853894548765933e-01  1.365236540238790e+00  1.365236540238790e+00  1.365236540238790e+00  1.365236540238790e+00  0
-1.691574098476915e-01  1.364717867238696e+00  1.364717867238696e+00  1.364717867238696e+00  1.364717867238696e+00  0
-1.543465852759926e-01  1.301317189723314e+00  1.301317189723314e+00  1.301317189723314e+00  1.301317189723314e+00  0
-1.408325441244888e-01  1.172863156325997e+00  1.172863156325997e+00  1.172863156325997e+00  1.172863156325997e+00  0
-1.285017446230544e-01  7.064100995443026e-01  7.064100995443026e-01  7.064100995443026e-01  7.064100995443026e-01  0
-1.172505863174090e-01  7.255929396552933e-01  7.255929396552933e-01  7.255929396552933e-01  7.255929396552933e-01  0
-1.069845396426603e-01  7.049891917966267e-01  7.049891917966267e-01  7.049891917966267e-01  7.049891917966267e-01  0
-9.761735170830904e-02  6.434359634430403e-01  6.434359634430403e-01  6.434359634430403e-01  6.434359634430403e-01  0
-8.907032162190970e-02  5.502848656676913e-01  5.502848656676913e-01  5.502848656676913e-01  5.502848656676913e-01  0
-8.127163926282940e-02  5.273176101112407e-01  5.273176101112407e-01  5.273176101112407e-01  5.273176101112407e-01  0
-7.415578195063734e-02  5.223269339760651e-01  5.223269339760651e-01  5.223269339760651e-01  5.223269339760651e-01  0
-6.766296393907663e-02  5.384997657224684e-01  5.384997657224684e-01  5.384997657224684e-01  5.384997657224684e-01  0
-6.173863411039705e-02  5.748087068609687e-01  5.748087068609687e-01  5.748087068609687e-01  5.748087068609687e-01  0
-5.633301764979552e-02  6.194647465233967e-01  6.194647465233967e-01  6.194647465233967e-01  6.194647465233967e-01  0
-5.140069784922175e-02  5.209482215893257e-01  5.209482215893257e-01  5.209482215893257e-01  5.209482215893257e-01  0
-4.690023452696359e-02  5.353950168844772e-01  5.353950168844772e-01  5.353950168844772e-01  5.353950168844772e-01  0
-4.279381585706413e-02  5.343012985139487e-01  5.343012985139487e-01  5.343012985139487e-01  5.343012985139487e-01  0
-3.904694068332362e-02  5.077952888787535e-01  5.077952888787535e-01  5.077952888787535e-01  5.077952888787535e-01  0
-3.562812864876388e-02  4.544175237715999e-01  4.544175237715999e-01  4.544175237715999e-01  4.544175237715999e-01  0
-3.250865570513176e-02  5.646948075532711e-01  5.646948075532711e-01  5.646948075532711e-01  5.646948075532711e-01  0
-2.966231278025493e-02  5.228298892945643e-01  5.228298892945643e-01  5.228298892945643e-01  5.228298892945643e-01  0
-2.706518557563065e-02  4.859622172886360e-01  4.859622172886360e-01  4.859622172886360e-01  4.859622172886360e-01  0
-2.469545364415882e-02  4.643198092874458e-01  4.643198092874458e-01  4.643198092874458e-01  4.643198092874458e-01  0
-2.253320705991821e-02  4.598534764578127e-01  4.598534764578127e-01  4.598534764578127e-01  4.598534764578127e-01  0
-2.056027913968870e-02  6.326136927386682e-01  6.326136927386682e-01  6.326136927386682e-01  6.326136927386682e-01  0
-1.876009381078543e-02  6.247160912046836e-01  6.247160912046836e-01  6.247160912046836e-01  6.247160912046836e-01  0
-1.711752634282565e-02  6.193958796304807e-01  6.193958796304807e-01  6.193958796304807e-01  6.193958796304807e-01  0
-1.561877627332944e-02  6.017044381991836e-01  6.017044381991836e-01  6.017044381991836e-01  6.017044381991836e-01  0
-1.425125145950555e-02  5.611089526468485e-01  5.611089526468485e-01  5.611089526468485e-01  5.611089526468485e-01  0
-1.300346228205270e-02  7.346698542247893e-01  7.346698542247893e-01  7.346698542247893e-01  7.346698542247893e-01  0
-1.186492511210197e-02  7.021930515484761e-01  7.021930515484761e-01  7.021930515484761e-01  7.021930515484761e-01  0
-1.082607423025226e-02  6.566519401555060e-01  6.566519401555060e-01  6.566519401555060e-01  6.566519401555060e-01  0
-9.878181457663527e-03  6.078838316290138e-01  6.078838316290138e-01  6.078838316290138e-01  6.078838316290138e-01  0
-9.013282823967282e-03  5.664784249966797e-01  5.664784249966797e-01  5.664784249966797e-01  5.664784249966797e-01  0
-8.224111655875480e-03  9.108499884821073e-01  9.108499884821073e-01  9.108499884821073e-01  9.108499884821073e-01  0
-7.504037524314174e-03  8.716376692099872e-01  8.716376692099872e-01  8.716376692099872e-01  8.716376692099872e-01  0
-6.847010537130260e-03  8.360057659760072e-01  8.360057659760072e-01  8.360057659760072e-01  8.360057659760072e-01  0
-6.247510509331778e-03  8.030381686314065e-01  8.030381686314065e-01  8.030381686314065e-01  8.030381686314065e-01  0
-5.700500583802221e-03  7.648457201762733e-01  7.648457201762733e-01  7.648457201762733e-01  7.648457201762733e-01  0
-5.201384912821082e-03  1.224093909921102e+00  1.224093909921102e+00  1.224093909921102e+00  1.224093909921102e+00  0
-4.745970044840789e-03  1.134669999535966e+00  1.134669999535966e+00  1.134669999535966e+00  1.134669999535966e+00  0
-4.330429692100905e-03  1.043448519507166e+00  1.043448519507166e+00  1.043448519507166e+00  1.043448519507166e+00  0
-3.951272583065412e-03  9.505923436717254e-01  9.505923436717254e-01  9.505923436717254e-01  9.505923436717254e-01  0
-3.605313129586914e-03  8.566096884651894e-01  8.566096884651894e-01  8.566096884651894e-01  8.566096884651894e-01  0
-3.289644662350192e-03  1.451415975637976e+00  1.451415975637976e+00  1.451415975637976e+00  1.451415975637976e+00  0
-3.001615009725670e-03  1.439131234632786e+00  1.439131234632786e+00  1.439131234632786e+00  1.439131234632786e+00  0
-2.738804214852104e-03  1.389562649419550e+00  1.389562649419550e+00  1.389562649419550e+00  1.389562649419550e+00  0
-2.499004203732711e-03  1.319604477921729e+00  1.319604477921729e+00  1.319604477921729e+00  1.319604477921729e+00  0
-2.280200233520888e-03  1.241594615746964e+00  1.241594615746964e+00  1.241594615746964e+00  1.241594615746964e+00  0
-2.080553965128433e-03  6.966240997438713e-01  6.966240997438713e-01  6.966240997438713e-01  6.966240997438713e-01  0
-1.898388017936316e-03  8.933461166916250e-01  8.933461166916250e-01  8.933461166916250e-01  8.933461166916250e-01  0
-1.732171876840361e-03  1.086237533686717e+00  1.086237533686717e+00  1.086237533686717e+00  1.086237533686717e+00  0
-1.580509033226164e-03  1.249543784620013e+00  1.249543784620013e+00  1.249543784620013e+00  1.249543784620013e+00  0
-1.442125251834765e-03  1.359185620670733e+00  1.359185620670733e+00  1.359185620670733e+00  1.359185620670733e+00  0
-1.315857864940077e-03  1.113001669912440e-01  1.113001669912440e-01  1.113001669912440e-01  1.113001669912440e-01  0
-1.200646003890268e-03  1.647219509458107e-01  1.647219509458107e-01  1.647219509458107e-01  1.647219509458107e-01  0
-1.095521685940842e-03  2.426278983023508e-01  2.426278983023508e-01  2.426278983023508e-01  2.426278983023508e-01  0
-9.996016814930845e-04  3.516787694438833e-01  3.516787694438833e-01  3.516787694438833e-01  3.516787694438833e-01  0
-9.120800934083554e-04  4.946058157025882e-01  4.946058157025882e-01  4.946058157025882e-01  4.946058157025882e-01  0
-8.322215860513730e-04  1.705751910014583e-02  1.705751910014583e-02  1.705751910014583e-02  1.705751910014583e-02  0
-7.593552071745262e-04  2.300729590962063e-02  2.300729590962063e-02  2.300729590962063e-02  2.300729590962063e-02  0
-6.928687507361445e-04  3.226195983522095e-02  3.226195983522095e-02  3.226195983522095e-02  3.226195983522095e-02  0
-6.322036132904656e-04  4.564891208064802e-02  4.564891208064802e-02  4.564891208064802e-02  4.564891208064802e-02  0
-5.768501007339061e-04  6.385133673582898e-02  6.385133673582898e-02  6.385133673582898e-02  6.385133673582898e-02  0
-5.263431459760307e-04  6.863997682332216e-03  6.863997682332216e-03  6.863997682332216e-03  6.863997682332216e-03  0
-4.802584015561072e-04  8.273812392622941e-03  8.273812392622941e-03  8.273812392622941e-03  8.273812392622941e-03  0
-4.382086743763367e-04  9.642603489995613e-03  9.642603489995613e-03  9.642603489995613e-03  9.642603489995613e-03  0
-3.998406725972338e-04  1.111970154784081e-02  1.111970154784081e-02  1.111970154784081e-02  1.111970154784081e-02  0
-3.648320373633421e-04  1.309795293254051e-02  1.309795293254051e-02  1.309795293254051e-02  1.309795293254051e-02  0
-3.328886344205492e-04  1.956741352241681e-03  1.956741352241681e-03  1.956741352241681e-03  1.956741352241681e-03  0
-3.037420828698105e-04  2.437690318262843e-03  2.437690318262843e-03  2.437690318262843e-03  2.437690318262843e-03  0
-2.771475002944578e-04  3.183124056628540e-03  3.183124056628540e-03  3.183124056628540e-03  3.183124056628540e-03  0
-2.528814453161863e-04  4.203167752386727e-03  4.203167752386727e-03  4.203167752386727e-03  4.203167752386727e-03  0
-2.307400402935625e-04  5.422312268581949e-03  5.422312268581949e-03  5.422312268581949e-03  5.422312268581949e-03  0
-2.105372583904123e-04  9.776111953314650e-04  9.776111953314650e-04  9.776111953314650e-04  9.776111953314650e-04  0
-1.921033606224429e-04  1.167058772542259e-03  1.167058772542259e-03  1.167058772542259e-03  1.167058772542259e-03  0
-1.752834697505346e-04  1.332314159609897e-03  1.332314159609897e-03  1.332314159609897e-03  1.332314159609897e-03  0
-1.599362690388935e-04  1.482566413197800e-03  1.482566413197800e-03  1.482566413197800e-03  1.482566413197800e-03  0
-1.459328149453368e-04  1.660068599798046e-03  1.660068599798046e-03  1.660068599798046e-03  1.660068599798046e-03  0
-1.331554537682197e-04  2.798876502915987e-04  2.798876502915987e-04  2.798876502915987e-04  2.798876502915987e-04  0
-1.214968331479242e-04  3.460951736216030e-04  3.460951736216030e-04  3.460951736216030e-04  3.460951736216030e-04  0
-1.108590001177831e-04  4.519252991022715e-04  4.519252991022715e-04  4.519252991022715e-04  4.519252991022715e-04  0
-1.011525781264745e-04  5.995593451872292e-04  5.995593451872292e-04  5.995593451872292e-04  5.995593451872292e-04  0
-9.229601611742499e-05  7.779849248300891e-04  7.779849248300891e-04  7.779849248300891e-04  7.779849248300891e-04  0
-8.421490335616491e-05  1.464972701464573e-04  1.464972701464573e-04  1.464972701464573e-04  1.464972701464573e-04  0
-7.684134424897715e-05  1.743511574123506e-04  1.743511574123506e-04  1.743511574123506e-04  1.743511574123506e-04  0
-7.011338790021387e-05  1.976608394589166e-04  1.976608394589166e-04  1.976608394589166e-04  1.976608394589166e-04  0
-6.397450761555741e-05  2.175742205269089e-04  2.175742205269089e-04  2.175742205269089e-04  2.175742205269089e-04  0
-5.837312597813474e-05  2.404774055061918e-04  2.404774055061918e-04  2.404774055061918e-04  2.404774055061918e-04  0
-5.326218150728787e-05  4.165575635784013e-05  4.165575635784013e-05  4.165575635784013e-05  4.165575635784013e-05  0
-4.859873325916968e-05  5.130391042656620e-05  5.130391042656620e-05  5.130391042656620e-05  5.130391042656620e-05  0
-4.434360004711325e-05  6.710155272413032e-05  6.710155272413032e-05  6.710155272413032e-05  6.710155272413032e-05  0
-4.046103125058980e-05  8.942326481796282e-05  8.942326481796282e-05  8.942326481796282e-05  8.942326481796282e-05  0
-3.691840644696999e-05  1.165496651612266e-04  1.165496651612266e-04  1.165496651612266e-04  1.165496651612266e-04  0
-3.368596134246597e-05  2.267298040898160e-05  2.267298040898160e-05  2.267298040898160e-05  2.267298040898160e-05  0
-3.073653769959086e-05  2.687644779910382e-05  2.687644779910382e-05  2.687644779910382e-05  2.687644779910382e-05  0
-2.804535516008555e-05  3.026919940398529e-05  3.026919940398529e-05  3.026919940398529e-05  3.026919940398529e-05  0
-2.558980304622297e-05  3.301591046825877e-05  3.301591046825877e-05  3.301591046825877e-05  3.301591046825877e-05  0
-2.334925039125390e-05  3.612365705393459e-05  3.612365705393459e-05  3.612365705393459e-05  3.612365705393459e-05  0
-2.130487260291515e-05  6.475920252146102e-06  6.475920252146102e-06  6.475920252146102e-06  6.475920252146102e-06  0
-1.943949330366787e-05  7.949062302648285e-06  7.949062302648285e-06  7.949062302648285e-06  7.949062302648285e-06  0
-1.773744001884530e-05  1.038708898773977e-05  1.038708898773977e-05  1.038708898773977e-05  1.038708898773977e-05  0
-1.618441250023592e-05  1.384809835729416e-05  1.384809835729416e-05  1.384809835729416e-05  1.384809835729416e-05  0
-1.476736257878800e-05  1.805512444336677e-05  1.805512444336677e-05  1.805512444336677e-05  1.805512444336677e-05  0
-1.347438453698639e-05  3.594362835882938e-06  3.594362835882938e-06  3.594362835882938e-06  3.594362835882938e-06  0
-1.229461507983634e-05  4.253879917954338e-06  4.253879917954338e-06  4.253879917954338e-06  4.253879917954338e-06  0
-1.121814206403422e-05  4.777364464965321e-06  4.777364464965321e-06  4.777364464965321e-06  4.777364464965321e-06  0
-1.023592121848918e-05  5.189070847574934e-06  5.189070847574934e-06  5.189070847574934e-06  5.189070847574934e-06  0
-9.339700156501558e-06  5.648313320794429e-06  5.648313320794429e-06  5.648313320794429e-06  5.648313320794429e-06  0
-8.521949041166062e-06  1.029323709079145e-06  1.029323709079145e-06  1.029323709079145e-06  1.029323709079145e-06  0
-7.775797321467150e-06  1.262060832106813e-06  1.262060832106813e-06  1.262060832106813e-06  1.262060832106813e-06  0
-7.094976007538121e-06  1.648255677951925e-06  1.648255677951925e-06  1.648255677951925e-06  1.648255677951925e-06  0
-6.473765000094370e-06  2.197036848606721e-06  2.197036848606721e-06  2.197036848606721e-06  2.197036848606721e-06  0
-5.906945031515200e-06  2.863835385174284e-06  2.863835385174284e-06  2.863835385174284e-06  2.863835385174284e-06  0
-5.389753814794554e-06  5.740979711729178e-07  5.740979711729178e-07  5.740979711729178e-07  5.740979711729178e-07  0
-4.917846031934537e-06  6.792684733473671e-07  6.792684733473671e-07  6.792684733473671e-07  6.792684733473671e-07  0
-4.487256825613687e-06  7.624664555876776e-07  7.624664555876776e-07  7.624664555876776e-07  7.624664555876776e-07  0
-4.094368487395674e-06  8.274838819441430e-07  8.274838819441430e-07  8.274838819441430e-07  8.274838819441430e-07  0
-3.735880062600623e-06  8.997390162871317e-07  8.997390162871317e-07  8.997390162871317e-07  8.997390162871317e-07  0
-3.408779616466424e-06  1.644912804078149e-07  1.644912804078149e-07  1.644912804078149e-07  1.644912804078149e-07  0
-3.110318928586860e-06  2.016376065069143e-07  2.016376065069143e-07  2.016376065069143e-07  2.016376065069143e-07  0
-2.837990403015248e-06  2.633125192983051e-07  2.633125192983051e-07  2.633125192983051e-07  2.633125192983051e-07  0
-2.589506000037748e-06  3.509777110151235e-07  3.509777110151235e-07  3.509777110151235e-07  3.509777110151235e-07  0
-2.362778012606080e-06  4.575026963954757e-07  4.575026963954757e-07  4.575026963954757e-07  4.575026963954757e-07  0
-2.155901525917819e-06  9.182479045894913e-08  9.182479045894913e-08  9.182479045894913e-08  9.182479045894913e-08  0
-1.967138412773812e-06  1.086432848881943e-07  1.086432848881943e-07  1.086432848881943e-07  1.086432848881943e-07  0
-1.794902730245472e-06  1.219394839900251e-07  1.219394839900251e-07  1.219394839900251e-07  1.219394839900251e-07  0
-1.637747394958267e-06  1.323155514664577e-07  1.323155514664577e-07  1.323155514664577e-07  1.323155514664577e-07  0
-1.494352025040247e-06  1.438336943311566e-07  1.438336943311566e-07  1.438336943311566e-07  1.438336943311566e-07  0
-1.363511846586567e-06  2.631127089582822e-08  2.631127089582822e-08  2.631127089582822e-08  2.631127089582822e-08  0
-1.244127571434742e-06  3.225166917271018e-08  3.225166917271018e-08  3.225166917271018e-08  3.225166917271018e-08  0
-1.135196161206098e-06  4.211593036868697e-08  4.211593036868697e-08  4.211593036868697e-08  4.211593036868697e-08  0
-1.035802400015097e-06  5.613821172031731e-08  5.613821172031731e-08  5.613821172031731e-08  5.613821172031731e-08  0
-9.451112050424303e-07  7.317796239666254e-08  7.317796239666254e-08  7.317796239666254e-08  7.317796239666254e-08  0
-8.623606103671273e-07  1.468996086153290e-08  1.468996086153290e-08  1.468996086153290e-08  1.468996086153290e-08  0
-7.868553651095247e-07  1.738060884542666e-08  1.738060884542666e-08  1.738060884542666e-08  1.738060884542666e-08  0
-7.179610920981888e-07  1.950754099105076e-08  1.950754099105076e-08  1.950754099105076e-08  1.950754099105076e-08  0
-6.550989579833068e-07  2.116692994667052e-08  2.116692994667052e-08  2.116692994667052e-08  2.116692994667052e-08  0
-5.977408100160987e-07  2.300852488582656e-08  2.300852488582656e-08  2.300852488582656e-08  2.300852488582656e-08  0
-5.454047386346270e-07  4.208900260800347e-09  4.208900260800347e-09  4.208900260800347e-09  4.208900260800347e-09  0
-4.976510285738967e-07  5.159250502814052e-09  5.159250502814052e-09  5.159250502814052e-09  5.159250502814052e-09  0
-4.540784644824390e-07  6.737357589773255e-09  6.737357589773255e-09  6.737357589773255e-09  6.737357589773255e-09  0
-4.143209600060390e-07  8.980700316142302e-09  8.980700316142302e-09  8.980700316142302e-09  8.980700316142302e-09  0
-3.780444820169721e-07  1.170682752330469e-08  1.170682752330469e-08  1.170682752330469e-08  1.170682752330469e-08  0
-3.449442441468510e-07  2.349794298377110e-09  2.349794298377110e-09  2.349794298377110e-09  2.349794298377110e-09  0
-3.147421460438099e-07  2.780213914819544e-09  2.780213914819544e-09  2.780213914819544e-09  2.780213914819544e-09  0
-2.871844368392756e-07  3.120460903963005e-09  3.120460903963005e-09  3.120460903963005e-09  3.120460903963005e-09  0
-2.620395831933227e-07  3.385922220887041e-09  3.385922220887041e-09  3.385922220887041e-09  3.385922220887041e-09  0
-2.390963240064395e-07  3.680541939003056e-09  3.680541939003056e-09  3.680541939003056e-09  3.680541939003056e-09  0
-2.181618954538508e-07  6.731095187415382e-10  6.731095187415382e-10  6.731095187415382e-10  6.731095187415382e-10  0
-1.990604114295587e-07  8.251548832195658e-10  8.251548832195658e-10  8.251548832195658e-10  8.251548832195658e-10  0
-1.816313857929756e-07  1.077617402223823e-09  1.077617402223823e-09  1.077617402223823e-09  1.077617402223823e-09  0
-1.657283840024156e-07  1.436489978560969e-09  1.436489978560969e-09  1.436489978560969e-09  1.436489978560969e-09  0
-1.512177928067889e-07  1.872587257195084e-09  1.872587257195084e-09  1.872587257195084e-09  1.872587257195084e-09  0
-1.379776976587404e-07  3.757231455501164e-10  3.757231455501164e-10  3.757231455501164e-10  3.757231455501164e-10  0
-1.258968584175239e-07  4.445539752900867e-10  4.445539752900867e-10  4.445539752900867e-10  4.445539752900867e-10  0
-1.148737747357102e-07  4.989690597505750e-10  4.989690597505750e-10  4.989690597505750e-10  4.989690597505750e-10  0
-1.048158332773291e-07  5.414331647980950e-10  5.414331647980950e-10  5.414331647980950e-10  5.414331647980950e-10  0
-9.563852960257580e-08  5.885734543241236e-10  5.885734543241236e-10  5.885734543241236e-10  5.885734543241236e-10  0
-8.726475818154030e-08  1.075712126866612e-10  1.075712126866612e-10  1.075712126866612e-10  1.075712126866612e-10  0
-7.962416457182346e-08  1.318951624561910e-10  1.318951624561910e-10  1.318951624561910e-10  1.318951624561910e-10  0
-7.265255431719022e-08  1.722757472405773e-10  1.722757472405773e-10  1.722757472405773e-10  1.722757472405773e-10  0
-6.629135360096623e-08  2.296696842521994e-10  2.296696842521994e-10  2.296696842521994e-10  2.296696842521994e-10  0
-6.048711712271553e-08  2.994095508051073e-10  2.994095508051073e-10  2.994095508051073e-10  2.994095508051073e-10  0
-5.519107906349615e-08  6.001670975507029e-11  6.001670975507029e-11  6.001670975507029e-11  6.001670975507029e-11  0
-5.035874336700958e-08  7.101467830096926e-11  7.101467830096926e-11  7.101467830096926e-11  7.101467830096926e-11  0
-4.594950989428408e-08  7.971104964151866e-11  7.971104964151866e-11  7.971104964151866e-11  7.971104964151866e-11  0
-4.192633331093163e-08  8.650148599557950e-11  8.650148599557950e-11  8.650148599557950e-11  8.650148599557950e-11  0
-3.825541184103032e-08  9.404485093580398e-11  9.404485093580398e-11  9.404485093580398e-11  9.404485093580398e-11  0
-3.490590327261613e-08  1.716058632277258e-11  1.716058632277258e-11  1.716058632277258e-11  1.716058632277258e-11  0
-3.184966582872939e-08  2.105106886781759e-11  2.105106886781759e-11  2.105106886781759e-11  2.105106886781759e-11  0
-2.906102172687609e-08  2.750648992214014e-11  2.750648992214014e-11  2.750648992214014e-11  2.750648992214014e-11  0
-2.651654144038649e-08  3.667902011060262e-11  3.667902011060262e-11  3.667902011060262e-11  3.667902011060262e-11  0
-2.419484684908621e-08  4.782274332885857e-11  4.782274332885857e-11  4.782274332885857e-11  4.782274332885857e-11  0
-2.207643162539846e-08  9.562889467879636e-12  9.562889467879636e-12  9.562889467879636e-12  9.562889467879636e-12  0
-2.014349734680383e-08  1.131652707015989e-11  1.131652707015989e-11  1.131652707015989e-11  1.131652707015989e-11  0
-1.837980395771363e-08  1.270389081692318e-11  1.270389081692318e-11  1.270389081692318e-11  1.270389081692318e-11  0
-1.677053332437265e-08  1.378881345434327e-11  1.378881345434327e-11  1.378881345434327e-11  1.378881345434327e-11  0
-1.530216473641213e-08  1.499611720590396e-11  1.499611720590396e-11  1.499611720590396e-11  1.499611720590396e-11  0
-1.396236130904645e-08  2.725367701646392e-12  2.725367701646392e-12  2.725367701646392e-12  2.725367701646392e-12  0
-1.273986633149176e-08  3.347287603954320e-12  3.347287603954320e-12  3.347287603954320e-12  3.347287603954320e-12  0
-1.162440869075044e-08  4.377939128119782e-12  4.377939128119782e-12  4.377939128119782e-12  4.377939128119782e-12  0
-1.060661657615460e-08  5.841305989564554e-12  5.841305989564554e-12  5.841305989564554e-12  5.841305989564554e-12  0
-9.677938739634486e-09  7.618390563101358e-12  7.618390563101358e-12  7.618390563101358e-12  7.618390563101358e-12  0
-8.830572650159383e-09  1.514170292154076e-12  1.514170292154076e-12  1.514170292154076e-12  1.514170292154076e-12  0
-8.057398938721533e-09  1.792335626962557e-12  1.792335626962557e-12  1.792335626962557e-12  1.792335626962557e-12  0
-7.351921583085453e-09  2.012689324951339e-12  2.012689324951339e-12  2.012689324951339e-12  2.012689324951339e-12  0
-6.708213329749061e-09  2.185654213370056e-12  2.185654213370056e-12  2.185654213370056e-12  2.185654213370056e-12  0
-6.120865894564850e-09  2.378962240067812e-12  2.378962240067812e-12  2.378962240067812e-12  2.378962240067812e-12  0
-5.584944523618580e-09  4.279796260002374e-13  4.279796260002374e-13  4.279796260002374e-13  4.279796260002374e-13  0
-5.095946532596702e-09  5.272553398515273e-13  5.272553398515273e-13  5.272553398515273e-13  5.272553398515273e-13  0
-4.649763476300175e-09  6.912652973610178e-13  6.912652973610178e-13  6.912652973610178e-13  6.912652973610178e-13  0
-4.242646630461839e-09  9.237026546442691e-13  9.237026546442691e-13  9.237026546442691e-13  9.237026546442691e-13  0
-3.871175495853794e-09  1.205667674736722e-12  1.205667674736722e-12  1.205667674736722e-12  1.205667674736722e-12  0
-3.532229060063754e-09  2.359652122455152e-13  2.359652122455152e-13  2.359652122455152e-13  2.359652122455152e-13  0
-3.222959575488613e-09  2.795101155288478e-13  2.795101155288478e-13  2.795101155288478e-13  2.795101155288478e-13  0
-2.940768633234181e-09  3.141199581111785e-13  3.141199581111785e-13  3.141199581111785e-13  3.141199581111785e-13  0
-2.683285331899625e-09  3.415447325629389e-13  3.415447325629389e-13  3.415447325629389e-13  3.415447325629389e-13  0
-2.448346357825941e-09  3.725254790340933e-13  3.725254790340933e-13  3.725254790340933e-13  3.725254790340933e-13  0
-2.233977809447432e-09  6.530546802904411e-14  6.530546802904411e-14  6.530546802904411e-14  6.530546802904411e-14  0
-2.038378613038681e-09  8.109029623090088e-14  8.109029623090088e-14  8.109029623090088e-14  8.109029623090088e-14  0
-1.859905390520070e-09  1.069695552099025e-13  1.069695552099025e-13  1.069695552099025e-13  1.069695552099025e-13  0
-1.697058652184735e-09  1.434779027404030e-13  1.434779027404030e-13  1.434779027404030e-13  1.434779027404030e-13  0
-1.548470198341518e-09  1.876473919064131e-13  1.876473919064131e-13  1.876473919064131e-13  1.876473919064131e-13  0
-1.412891624025501e-09  3.529371478373228e-14  3.529371478373228e-14  3.529371478373228e-14  3.529371478373228e-14  0
-1.289183830195445e-09  4.188243423342151e-14  4.188243423342151e-14  4.188243423342151e-14  4.188243423342151e-14  0
-1.176307453293673e-09  4.716518479233514e-14  4.716518479233514e-14  4.716518479233514e-14  4.716518479233514e-14  0
-1.073314132759850e-09  5.145341605432358e-14  5.145341605432358e-14  5.145341605432358e-14  5.145341605432358e-14  0
-9.793385431303761e-10  5.642726130044224e-14  5.642726130044224e-14  5.642726130044224e-14  5.642726130044224e-14  0
-8.935911237789728e-10  9.242294159333833e-15  9.242294159333833e-15  9.242294159333833e-15  9.242294159333833e-15  0
-8.153514452154724e-10  1.172177543901712e-14  1.172177543901712e-14  1.172177543901712e-14  1.172177543901712e-14  0
-7.439621562080280e-10  1.571345527343704e-14  1.571345527343704e-14  1.571345527343704e-14  1.571345527343704e-14  0
-6.788234608738942e-10  2.128185300046273e-14  2.128185300046273e-14  2.128185300046273e-14  2.128185300046273e-14  0
-6.193880793366070e-10  2.797450437375601e-14  2.797450437375601e-14  2.797450437375601e-14  2.797450437375601e-14  0
-5.651566496102005e-10  4.723744538915365e-15  4.723744538915365e-15  4.723744538915365e-15  4.723744538915365e-15  0
-5.156735320781780e-10  5.632986452368915e-15  5.632986452368915e-15  5.632986452368915e-15  5.632986452368915e-15  0
-4.705229813174689e-10  6.380564281410205e-15  6.380564281410205e-15  6.380564281410205e-15  6.380564281410205e-15  0
-4.293256531039398e-10  7.027548703485211e-15  7.027548703485211e-15  7.027548703485211e-15  7.027548703485211e-15  0
-3.917354172521504e-10  7.827636960795750e-15  7.827636960795750e-15  7.827636960795750e-15  7.827636960795750e-15  0
3.917354172521504e-10  1.221682416090993e-14  1.221682416090993e-14  1.221682416090993e-14  1.221682416090993e-14  0
4.293256531039398e-10  1.144682522298793e-14  1.144682522298793e-14  1.144682522298793e-14  1.144682522298793e-14  0
4.705229813174689e-10  1.066614147396930e-14  1.066614147396930e-14  1.066614147396930e-14  1.066614147396930e-14  0
5.156735320781780e-10  9.569658228941232e-15  9.569658228941232e-15  9.569658228941232e-15  9.569658228941232e-15  0
5.651566496102005e-10  8.141495715105889e-15  8.141495715105889e-15  8.141495715105889e-15  8.141495715105889e-15  0
6.193880793366070e-10  3.511491249043767e-14  3.511491249043767e-14  3.511491249043767e-14  3.511491249043767e-14  0
6.788234608738942e-10  2.715313275182420e-14  2.715313275182420e-14  2.715313275182420e-14  2.715313275182420e-14  0
7.439621562080280e-10  2.067533471728151e-14  2.067533471728151e-14  2.067533471728151e-14  2.067533471728151e-14  0
8.153514452154724e-10  1.620875038010240e-14  1.620875038010240e-14  1.620875038010240e-14  1.620875038010240e-14  0
8.935911237789728e-10  1.361056501508475e-14  1.361056501508475e-14  1.361056501508475e-14  1.361056501508475e-14  0
9.793385431303761e-10  6.739839370627847e-14  6.739839370627847e-14  6.739839370627847e-14  6.739839370627847e-14  0
1.073314132759850e-09  6.250058422144257e-14  6.250058422144257e-14  6.250058422144257e-14  6.250058422144257e-14  0
1.176307453293673e-09  5.787853744202068e-14  5.787853744202068e-14  5.787853744202068e-14  5.787853744202068e-14  0
1.289183830195445e-09  5.172374631267912e-14  5.172374631267912e-14  5.172374631267912e-14  5.172374631267912e-14  0
1.412891624025501e-09  4.383784389271322e-14  4.383784389271322e-14  4.383784389271322e-14  4.383784389271322e-14  0
1.548470198341518e-09  2.054980157459923e-13  2.054980157459923e-13  2.054980157459923e-13  2.054980157459923e-13  0
1.697058652184735e-09  1.581557758273367e-13  1.581557758273367e-13  1.581557758273367e-13  1.581557758273367e-13  0
1.859905390520070e-09  1.193739771689079e-13  1.193739771689079e-13  1.193739771689079e-13  1.193739771689079e-13  0
2.038378613038681e-09  9.230748210400208e-14  9.230748210400208e-14  9.230748210400208e-14  9.230748210400208e-14  0
2.233977809447432e-09  7.622589901922052e-14  7.622589901922052e-14  7.622589901922052e-14  7.622589901922052e-14  0
2.448346357825941e-09  3.999525820238785e-13  3.999525820238785e-13  3.999525820238785e-13  3.999525820238785e-13  0
2.683285331899625e-09  3.691619794982490e-13  3.691619794982490e-13  3.691619794982490e-13  3.691619794982490e-13  0
2.940768633234181e-09  3.409027160205961e-13  3.409027160205961e-13  3.409027160205961e-13  3.409027160205961e-13  0
3.222959575488613e-09  3.041128359774029e-13  3.041128359774029e-13  3.041128359774029e-13  3.041128359774029e-13  0
3.532229060063754e-09  2.573250546465567e-13  2.573250546465567e-13  2.573250546465567e-13  2.573250546465567e-13  0
3.871175495853794e-09  1.250293241486899e-12  1.250293241486899e-12  1.250293241486899e-12  1.250293241486899e-12  0
4.242646630461839e-09  9.603965220827636e-13  9.603965220827636e-13  9.603965220827636e-13  9.603965220827636e-13  0
4.649763476300175e-09  7.222756627208158e-13  7.222756627208158e-13  7.222756627208158e-13  7.222756627208158e-13  0
5.095946532596702e-09  5.552976793395432e-13  5.552976793395432e-13  5.552976793395432e-13  5.552976793395432e-13  0
5.584944523618580e-09  4.552800929909915e-13  4.552800929909915e-13  4.552800929909915e-13  4.552800929909915e-13  0
6.120865894564850e-09  2.447528432111803e-12  2.447528432111803e-12  2.447528432111803e-12  2.447528432111803e-12  0
6.708213329749061e-09  2.254695767413236e-12  2.254695767413236e-12  2.254695767413236e-12  2.254695767413236e-12  0
7.351921583085453e-09  2.079644712600032e-12  2.079644712600032e-12  2.079644712600032e-12  2.079644712600032e-12  0
8.057398938721533e-09  1.853841050093527e-12  1.853841050093527e-12  1.853841050093527e-12  1.853841050093527e-12  0
8.830572650159383e-09  1.567568706438521e-12  1.567568706438521e-12  1.567568706438521e-12  1.567568706438521e-12  0
9.677938739634486e-09  7.729952007791193e-12  7.729952007791193e-12  7.729952007791193e-12  7.729952007791193e-12  0
1.060661657615460e-08  5.933038633184884e-12  5.933038633184884e-12  5.933038633184884e-12  5.933038633184884e-12  0
1.162440869075044e-08  4.455463328427181e-12  4.455463328427181e-12  4.455463328427181e-12  4.455463328427181e-12  0
1.273986633149176e-08  3.417391895300524e-12  3.417391895300524e-12  3.417391895300524e-12  3.417391895300524e-12  0
1.396236130904645e-08  2.793617343614404e-12  2.793617343614404e-12  2.793617343614404e-12  2.793617343614404e-12  0
1.530216473641213e-08  1.516752879545189e-11  1.516752879545189e-11  1.516752879545189e-11  1.516752879545189e-11  0
1.677053332437265e-08  1.396141342140961e-11  1.396141342140961e-11  1.396141342140961e-11  1.396141342140961e-11  0
1.837980395771363e-08  1.287127550258281e-11  1.287127550258281e-11  1.287127550258281e-11  1.287127550258281e-11  0
2.014349734680383e-08  1.147028717566281e-11  1.147028717566281e-11  1.147028717566281e-11  1.147028717566281e-11  0
2.207643162539846e-08  9.696382528437815e-12  9.696382528437815e-12  9.696382528437815e-12  9.696382528437815e-12  0
2.419484684908621e-08  4.810164081551848e-11  4.810164081551848e-11  4.810164081551848e-11  4.810164081551848e-11  0
2.651654144038649e-08  3.690834673272963e-11  3.690834673272963e-11  3.690834673272963e-11  3.690834673272963e-11  0
2.906102172687609e-08  2.770029619831844e-11  2.770029619831844e-11  2.770029619831844e-11  2.770029619831844e-11  0
3.184966582872939e-08  2.122632572583413e-11  2.122632572583413e-11  2.122632572583413e-11  2.122632572583413e-11  0
3.490590327261613e-08  1.733120660311009e-11  1.733120660311009e-11  1.733120660311009e-11  1.733120660311009e-11  0
3.825541184103032e-08  9.447336994131110e-11  9.447336994131110e-11  9.447336994131110e-11  9.447336994131110e-11  0
4.192633331093163e-08  8.693297585943277e-11  8.693297585943277e-11  8.693297585943277e-11  8.693297585943277e-11  0
4.594950989428408e-08  8.012950170299127e-11  8.012950170299127e-11  8.012950170299127e-11  8.012950170299127e-11  0
5.035874336700958e-08  7.139906984216163e-11  7.139906984216163e-11  7.139906984216163e-11  7.139906984216163e-11  0
5.519107906349615e-08  6.035043497203356e-11  6.035043497203356e-11  6.035043497203356e-11  6.035043497203356e-11  0
6.048711712271553e-08  3.001067793740141e-10  3.001067793740141e-10  3.001067793740141e-10  3.001067793740141e-10  0
6.629135360096623e-08  2.302429886620502e-10  2.302429886620502e-10  2.302429886620502e-10  2.302429886620502e-10  0
7.265255431719022e-08  1.727602526104787e-10  1.727602526104787e-10  1.727602526104787e-10  1.727602526104787e-10  0
7.962416457182346e-08  1.323332949720445e-10  1.323332949720445e-10  1.323332949720445e-10  1.323332949720445e-10  0
8.726475818154030e-08  1.079977536828781e-10  1.079977536828781e-10  1.079977536828781e-10  1.079977536828781e-10  0
9.563852960257580e-08  5.896447246604475e-10  5.896447246604475e-10  5.896447246604475e-10  5.896447246604475e-10  0
1.048158332773291e-07  5.425118621843124e-10  5.425118621843124e-10  5.425118621843124e-10  5.425118621843124e-10  0
1.148737747357102e-07  5.000151641862362e-10  5.000151641862362e-10  5.000151641862362e-10  5.000151641862362e-10  0
1.258968584175239e-07  4.455149314832129e-10  4.455149314832129e-10  4.455149314832129e-10  4.455149314832129e-10  0
1.379776976587404e-07  3.765574398059024e-10  3.765574398059024e-10  3.765574398059024e-10  3.765574398059024e-10  0
1.512177928067889e-07  1.874330289610865e-09  1.874330289610865e-09  1.874330289610865e-09  1.874330289610865e-09  0
1.657283840024156e-07  1.437923209438955e-09  1.437923209438955e-09  1.437923209438955e-09  1.437923209438955e-09  0
1.816313857929756e-07  1.078828639872305e-09  1.078828639872305e-09  1.078828639872305e-09  1.078828639872305e-09  0
1.990604114295587e-07  8.262501895306196e-10  8.262501895306196e-10  8.262501895306196e-10  8.262501895306196e-10  0
2.181618954538508e-07  6.741758451387110e-10  6.741758451387110e-10  6.741758451387110e-10  6.741758451387110e-10  0
2.390963240064395e-07  3.683220023386762e-09  3.683220023386762e-09  3.683220023386762e-09  3.683220023386762e-09  0
2.620395831933227e-07  3.388618876098600e-09  3.388618876098600e-09  3.388618876098600e-09  3.388618876098600e-09  0
2.871844368392756e-07  3.123076086087062e-09  3.123076086087062e-09  3.123076086087062e-09  3.123076086087062e-09  0
3.147421460438099e-07  2.782616239849455e-09  2.782616239849455e-09  2.782616239849455e-09  2.782616239849455e-09  0
3.449442441468510e-07  2.351879983116896e-09  2.351879983116896e-09  2.351879983116896e-09  2.351879983116896e-09  0
3.780444820169721e-07  1.171118496441749e-08  1.171118496441749e-08  1.171118496441749e-08  1.171118496441749e-08  0
4.143209600060390e-07  8.984283290486217e-09  8.984283290486217e-09  8.984283290486217e-09  8.984283290486217e-09  0
4.540784644824390e-07  6.740385596168082e-09  6.740385596168082e-09  6.740385596168082e-09  6.740385596168082e-09  0
4.976510285738967e-07  5.161988681848224e-09  5.161988681848224e-09  5.161988681848224e-09  5.161988681848224e-09  0
5.454047386346270e-07  4.211565985835709e-09  4.211565985835709e-09  4.211565985835709e-09  4.211565985835709e-09  0
5.977408100160987e-07  2.301521956887786e-08  2.301521956887786e-08  2.301521956887786e-08  2.301521956887786e-08  0
6.550989579833068e-07  2.117367112924646e-08  2.117367112924646e-08  2.117367112924646e-08  2.117367112924646e-08  0
7.179610920981888e-07  1.951407857914623e-08  1.951407857914623e-08  1.951407857914623e-08  1.951407857914623e-08  0
7.868553651095247e-07  1.738661438226656e-08  1.738661438226656e-08  1.738661438226656e-08  1.738661438226656e-08  0
8.623606103671273e-07  1.469517487769718e-08  1.469517487769718e-08  1.469517487769718e-08  1.469517487769718e-08  0
9.451112050424303e-07  7.318885482126800e-08  7.318885482126800e-08  7.318885482126800e-08  7.318885482126800e-08  0
1.035802400015097e-06  5.614716826628142e-08  5.614716826628142e-08  5.614716826628142e-08  5.614716826628142e-08  0
1.135196161206098e-06  4.212349964442039e-08  4.212349964442039e-08  4.212349964442039e-08  4.212349964442039e-08  0
1.244127571434742e-06  3.225851395225654e-08  3.225851395225654e-08  3.225851395225654e-08  3.225851395225654e-08  0
1.363511846586567e-06  2.631793458985093e-08  2.631793458985093e-08  2.631793458985093e-08  2.631793458985093e-08  0
1.494352025040247e-06  1.438504254723018e-07  1.438504254723018e-07  1.438504254723018e-07  1.438504254723018e-07  0
1.637747394958267e-06  1.323324000959982e-07  1.323324000959982e-07  1.323324000959982e-07  1.323324000959982e-07  0
1.794902730245472e-06  1.219558247443459e-07  1.219558247443459e-07  1.219558247443459e-07  1.219558247443459e-07  0
1.967138412773812e-06  1.086582964336725e-07  1.086582964336725e-07  1.086582964336725e-07  1.086582964336725e-07  0
2.155901525917819e-06  9.183782388592524e-08  9.183782388592524e-08  9.183782388592524e-08  9.183782388592524e-08  0
2.362778012606080e-06  4.575299107048326e-07  4.575299107048326e-07  4.575299107048326e-07  4.575299107048326e-07  0
2.589506000037748e-06  3.510000891561694e-07  3.510000891561694e-07  3.510000891561694e-07  3.510000891561694e-07  0
2.837990403015248e-06  2.633314316405560e-07  2.633314316405560e-07  2.633314316405560e-07  2.633314316405560e-07  0
3.110318928586860e-06  2.016547093714381e-07  2.016547093714381e-07  2.016547093714381e-07  2.016547093714381e-07  0
3.408779616466424e-06  1.645079320941682e-07  1.645079320941682e-07  1.645079320941682e-07  1.645079320941682e-07  0
3.735880062600623e-06  8.997807671390548e-07  8.997807671390548e-07  8.997807671390548e-07  8.997807671390548e-07  0
4.094368487395674e-06  8.275259459852699e-07  8.275259459852699e-07  8.275259459852699e-07  8.275259459852699e-07  0
4.487256825613687e-06  7.625072657425808e-07  7.625072657425808e-07  7.625072657425808e-07  7.625072657425808e-07  0
4.917846031934537e-06  6.793059723527372e-07  6.793059723527372e-07  6.793059723527372e-07  6.793059723527372e-07  0
5.389753814794554e-06  5.741305330469052e-07  5.741305330469052e-07  5.741305330469052e-07  5.741305330469052e-07  0
5.906945031515200e-06  2.863903166566535e-06  2.863903166566535e-06  2.863903166566535e-06  2.863903166566535e-06  0
6.473765000094370e-06  2.197092589623180e-06  2.197092589623180e-06  2.197092589623180e-06  2.197092589623180e-06  0
7.094976007538121e-06  1.648302791613011e-06  1.648302791613011e-06  1.648302791613011e-06  1.648302791613011e-06  0
7.775797321467150e-06  1.262103452113332e-06  1.262103452113332e-06  1.262103452113332e-06  1.262103452113332e-06  0
8.521949041166062e-06  1.029365227830563e-06  1.029365227830563e-06  1.029365227830563e-06  1.029365227830563e-06  0
9.339700156501558e-06  5.648416590608692e-06  5.648416590608692e-06  5.648416590608692e-06  5.648416590608692e-06  0
1.023592121848918e-05  5.189175177106054e-06  5.189175177106054e-06  5.189175177106054e-06  5.189175177106054e-06  0
1.121814206403422e-05  4.777465883766320e-06  4.777465883766320e-06  4.777465883766320e-06  4.777465883766320e-06  0
1.229461507983634e-05  4.253973226771980e-06  4.253973226771980e-06  4.253973226771980e-06  4.253973226771980e-06  0
1.347438453698639e-05  3.594443917836178e-06  3.594443917836178e-06  3.594443917836178e-06  3.594443917836178e-06  0
1.476736257878800e-05  1.805529048321911e-05  1.805529048321911e-05  1.805529048321911e-05  1.805529048321911e-05  0
1.618441250023592e-05  1.384823495510300e-05  1.384823495510300e-05  1.384823495510300e-05  1.384823495510300e-05  0
1.773744001884530e-05  1.038720450477210e-05  1.038720450477210e-05  1.038720450477210e-05  1.038720450477210e-05  0
1.943949330366787e-05  7.949166974244103e-06  7.949166974244103e-06  7.949166974244103e-06  7.949166974244103e-06  0
2.130487260291515e-05  6.476022510264982e-06  6.476022510264982e-06  6.476022510264982e-06  6.476022510264982e-06  0
2.334925039125390e-05  3.612390325663479e-05  3.612390325663479e-05  3.612390325663479e-05  3.612390325663479e-05  0
2.558980304622297e-05  3.301616175529600e-05  3.301616175529600e-05  3.301616175529600e-05  3.301616175529600e-05  0
2.804535516008555e-05  3.026944560083920e-05  3.026944560083920e-05  3.026944560083920e-05  3.026944560083920e-05  0
3.073653769959086e-05  2.687667552828071e-05  2.687667552828071e-05  2.687667552828071e-05  2.687667552828071e-05  0
3.368596134246597e-05  2.267317894079794e-05  2.267317894079794e-05  2.267317894079794e-05  2.267317894079794e-05  0
3.691840644696999e-05  1.165500516210690e-04  1.165500516210690e-04  1.165500516210690e-04  1.165500516210690e-04  0
4.046103125058980e-05  8.942358221631449e-05  8.942358221631449e-05  8.942358221631449e-05  8.942358221631449e-05  0
4.434360004711325e-05  6.710182089049251e-05  6.710182089049251e-05  6.710182089049251e-05  6.710182089049251e-05  0
4.859873325916968e-05  5.130415428341661e-05  5.130415428341661e-05  5.130415428341661e-05  5.130415428341661e-05  0
5.326218150728787e-05  4.165599667707450e-05  4.165599667707450e-05  4.165599667707450e-05  4.165599667707450e-05  0
5.837312597813474e-05  2.404779515333641e-04  2.404779515333641e-04  2.404779515333641e-04  2.404779515333641e-04  0
6.397450761555741e-05  2.175747879015815e-04  2.175747879015815e-04  2.175747879015815e-04  2.175747879015815e-04  0
7.011338790021387e-05  1.976614036181261e-04  1.976614036181261e-04  1.976614036181261e-04  1.976614036181261e-04  0
7.684134424897715e-05  1.743516847325700e-04  1.743516847325700e-04  1.743516847325700e-04  1.743516847325700e-04  0
8.421490335616491e-05  1.464977326993134e-04  1.464977326993134e-04  1.464977326993134e-04  1.464977326993134e-04  0
9.229601611742499e-05  7.779857854651540e-04  7.779857854651540e-04  7.779857854651540e-04  7.779857854651540e-04  0
1.011525781264745e-04  5.995600426245130e-04  5.995600426245130e-04  5.995600426245130e-04  5.995600426245130e-04  0
1.108590001177831e-04  4.519258801686616e-04  4.519258801686616e-04  4.519258801686616e-04  4.519258801686616e-04  0
1.214968331479242e-04  3.460956991969936e-04  3.460956991969936e-04  3.460956991969936e-04  3.460956991969936e-04  0
1.331554537682197e-04  2.798881723321746e-04  2.798881723321746e-04  2.798881723321746e-04  2.798881723321746e-04  0
1.459328149453368e-04  1.660069799255767e-03  1.660069799255767e-03  1.660069799255767e-03  1.660069799255767e-03  0
1.599362690388935e-04  1.482567668570161e-03  1.482567668570161e-03  1.482567668570161e-03  1.482567668570161e-03  0
1.752834697505346e-04  1.332315418399605e-03  1.332315418399605e-03  1.332315418399605e-03  1.332315418399605e-03  0
1.921033606224429e-04  1.167059955790447e-03  1.167059955790447e-03  1.167059955790447e-03  1.167059955790447e-03  0
2.105372583904123e-04  9.776122346057692e-04  9.776122346057692e-04  9.776122346057692e-04  9.776122346057692e-04  0
2.307400402935625e-04  5.422314361402586e-03  5.422314361402586e-03  5.422314361402586e-03  5.422314361402586e-03  0
2.528814453161863e-04  4.203169412757050e-03  4.203169412757050e-03  4.203169412757050e-03  4.203169412757050e-03  0
2.771475002944578e-04  3.183125396059244e-03  3.183125396059244e-03  3.183125396059244e-03  3.183125396059244e-03  0
3.037420828698105e-04  2.437691490228512e-03  2.437691490228512e-03  2.437691490228512e-03  2.437691490228512e-03  0
3.328886344205492e-04  1.956742493566814e-03  1.956742493566814e-03  1.956742493566814e-03  1.956742493566814e-03  0
3.648320373633421e-04  1.309795634179588e-02  1.309795634179588e-02  1.309795634179588e-02  1.309795634179588e-02  0
3.998406725972338e-04  1.111970486237461e-02  1.111970486237461e-02  1.111970486237461e-02  1.111970486237461e-02  0
4.382086743763367e-04  9.642606692984942e-03  9.642606692984942e-03  9.642606692984942e-03  9.642606692984942e-03  0
4.802584015561072e-04  8.273815351075046e-03  8.273815351075046e-03  8.273815351075046e-03  8.273815351075046e-03  0
5.263431459760307e-04  6.864000253966471e-03  6.864000253966471e-03  6.864000253966471e-03  6.864000253966471e-03  0
5.768501007339061e-04  6.385135910232040e-02  6.385135910232040e-02  6.385135910232040e-02  6.385135910232040e-02  0
6.322036132904656e-04  4.564892562562137e-02  4.564892562562137e-02  4.564892562562137e-02  4.564892562562137e-02  0
6.928687507361445e-04  3.226196823597784e-02  3.226196823597784e-02  3.226196823597784e-02  3.226196823597784e-02  0
7.593552071745262e-04  2.300730149576770e-02  2.300730149576770e-02  2.300730149576770e-02  2.300730149576770e-02  0
8.322215860513730e-04  1.705752329452340e-02  1.705752329452340e-02  1.705752329452340e-02  1.705752329452340e-02  0
9.120800934083554e-04  4.946058952927449e-01  4.946058952927449e-01  4.946058952927449e-01  4.946058952927449e-01  0
9.996016814930845e-04  3.516788337172210e-01  3.516788337172210e-01  3.516788337172210e-01  3.516788337172210e-01  0
1.095521685940842e-03  2.426279469107300e-01  2.426279469107300e-01  2.426279469107300e-01  2.426279469107300e-01  0
1.200646003890268e-03  1.647219857967309e-01  1.647219857967309e-01  1.647219857967309e-01  1.647219857967309e-01  0
1.315857864940077e-03  1.113001909965058e-01  1.113001909965058e-01  1.113001909965058e-01  1.113001909965058e-01  0
1.442125251834765e-03  1.359185675210730e+00  1.359185675210730e+00  1.359185675210730e+00  1.359185675210730e+00  0
1.580509033226164e-03  1.249543860659848e+00  1.249543860659848e+00  1.249543860659848e+00  1.249543860659848e+00  0
1.732171876840361e-03  1.086237622966547e+00  1.086237622966547e+00  1.086237622966547e+00  1.086237622966547e+00  0
1.898388017936316e-03  8.933462094670558e-01  8.933462094670558e-01  8.933462094670558e-01  8.933462094670558e-01  0
2.080553965128433e-03  6.966241872783019e-01  6.966241872783019e-01  6.966241872783019e-01  6.966241872783019e-01  0
2.280200233520888e-03  1.241594600186334e+00  1.241594600186334e+00  1.241594600186334e+00  1.241594600186334e+00  0
2.499004203732711e-03  1.319604462080894e+00  1.319604462080894e+00  1.319604462080894e+00  1.319604462080894e+00  0
2.738804214852104e-03  1.389562639070728e+00  1.389562639070728e+00  1.389562639070728e+00  1.389562639070728e+00  0
3.001615009725670e-03  1.439131237386846e+00  1.439131237386846e+00  1.439131237386846e+00  1.439131237386846e+00  0
3.289644662350192e-03  1.451415998952698e+00  1.451415998952698e+00  1.451415998952698e+00  1.451415998952698e+00  0
3.605313129586914e-03  8.566097021591695e-01  8.566097021591695e-01  8.566097021591695e-01  8.566097021591695e-01  0
3.951272583065412e-03  9.505923480661661e-01  9.505923480661661e-01  9.505923480661661e-01  9.505923480661661e-01  0
4.330429692100905e-03  1.043448515469351e+00  1.043448515469351e+00  1.043448515469351e+00  1.043448515469351e+00  0
4.745970044840789e-03  1.134669988693281e+00  1.134669988693281e+00  1.134669988693281e+00  1.134669988693281e+00  0
5.201384912821082e-03  1.224093895728734e+00  1.224093895728734e+00  1.224093895728734e+00  1.224093895728734e+00  0
5.700500583802221e-03  7.648457262684991e-01  7.648457262684991e-01  7.648457262684991e-01  7.648457262684991e-01  0
6.247510509331778e-03  8.030381758333719e-01  8.030381758333719e-01  8.030381758333719e-01  8.030381758333719e-01  0
6.847010537130260e-03  8.360057739377206e-01  8.360057739377206e-01  8.360057739377206e-01  8.360057739377206e-01  0
7.504037524314174e-03  8.716376782241803e-01  8.716376782241803e-01  8.716376782241803e-01  8.716376782241803e-01  0
8.224111655875480e-03  9.108499991634906e-01  9.108499991634906e-01  9.108499991634906e-01  9.108499991634906e-01  0
9.013282823967282e-03  5.664784310984815e-01  5.664784310984815e-01  5.664784310984815e-01  5.664784310984815e-01  0
9.878181457663527e-03  6.078838372730344e-01  6.078838372730344e-01  6.078838372730344e-01  6.078838372730344e-01  0
1.082607423025226e-02  6.566519463231444e-01  6.566519463231444e-01  6.566519463231444e-01  6.566519463231444e-01  0
1.186492511210197e-02  7.021930590190976e-01  7.021930590190976e-01  7.021930590190976e-01  7.021930590190976e-01  0
1.300346228205270e-02  7.346698628416448e-01  7.346698628416448e-01  7.346698628416448e-01  7.346698628416448e-01  0
1.425125145950555e-02  5.611089579666367e-01  5.611089579666367e-01  5.611089579666367e-01  5.611089579666367e-01  0
1.561877627332944e-02  6.017044451776188e-01  6.017044451776188e-01  6.017044451776188e-01  6.017044451776188e-01  0
1.711752634282565e-02  6.193958874370826e-01  6.193958874370826e-01  6.193958874370826e-01  6.193958874370826e-01  0
1.876009381078543e-02  6.247160987897773e-01  6.247160987897773e-01  6.247160987897773e-01  6.247160987897773e-01  0
2.056027913968870e-02  6.326136992936483e-01  6.326136992936483e-01  6.326136992936483e-01  6.326136992936483e-01  0
2.253320705991821e-02  4.598534833789653e-01  4.598534833789653e-01  4.598534833789653e-01  4.598534833789653e-01  0
2.469545364415882e-02  4.643198151012418e-01  4.643198151012418e-01  4.643198151012418e-01  4.643198151012418e-01  0
2.706518557563065e-02  4.859622223725585e-01  4.859622223725585e-01  4.859622223725585e-01  4.859622223725585e-01  0
2.966231278025493e-02  5.228298944466182e-01  5.228298944466182e-01  5.228298944466182e-01  5.228298944466182e-01  0
3.250865570513176e-02  5.646948136971998e-01  5.646948136971998e-01  5.646948136971998e-01  5.646948136971998e-01  0
3.562812864876388e-02  4.544175288370376e-01  4.544175288370376e-01  4.544175288370376e-01  4.544175288370376e-01  0
3.904694068332362e-02  5.077952954037389e-01  5.077952954037389e-01  5.077952954037389e-01  5.077952954037389e-01  0
4.279381585706413e-02  5.343013060966720e-01  5.343013060966720e-01  5.343013060966720e-01  5.343013060966720e-01  0
4.690023452696359e-02  5.353950248504626e-01  5.353950248504626e-01  5.353950248504626e-01  5.353950248504626e-01  0
5.140069784922175e-02  5.209482291731393e-01  5.209482291731393e-01  5.209482291731393e-01  5.209482291731393e-01  0
5.633301764979552e-02  6.194647570808066e-01  6.194647570808066e-01  6.194647570808066e-01  6.194647570808066e-01  0
6.173863411039705e-02  5.748087161723826e-01  5.748087161723826e-01  5.748087161723826e-01  5.748087161723826e-01  0
6.766296393907663e-02  5.384997737572604e-01  5.384997737572604e-01  5.384997737572604e-01  5.384997737572604e-01  0
7.415578195063734e-02  5.223269411333297e-01  5.223269411333297e-01  5.223269411333297e-01  5.223269411333297e-01  0
8.127163926282940e-02  5.273176170502153e-01  5.273176170502153e-01  5.273176170502153e-01  5.273176170502153e-01  0
8.907032162190970e-02  5.502848734143667e-01  5.502848734143667e-01  5.502848734143667e-01  5.502848734143667e-01  0
9.761735170830904e-02  6.434359731006544e-01  6.434359731006544e-01  6.434359731006544e-01  6.434359731006544e-01  0
1.069845396426603e-01  7.049892029734032e-01  7.049892029734032e-01  7.049892029734032e-01  7.049892029734032e-01  0
1.172505863174090e-01  7.255929516444832e-01  7.255929516444832e-01  7.255929516444832e-01  7.255929516444832e-01  0
1.285017446230544e-01  7.064101114731561e-01  7.064101114731561e-01  7.064101114731561e-01  7.064101114731561e-01  0
1.408325441244888e-01  1.172863176187072e+00  1.172863176187072e+00  1.172863176187072e+00  1.172863176187072e+00  0
1.543465852759926e-01  1.301317211859560e+00  1.301317211859560e+00  1.301317211859560e+00  1.301317211859560e+00  0
1.691574098476915e-01  1.364717890464690e+00  1.364717890464690e+00  1.364717890464690e+00  1.364717890464690e+00  0
1.853894548765933e-01  1.365236563410393e+00  1.365236563410393e+00  1.365236563410393e+00  1.365236563410393e+00  0
2.031790981570734e-01  1.317282446318665e+00  1.317282446318665e+00  1.317282446318665e+00  1.317282446318665e+00  0
2.226758040547741e-01  4.315802404044398e-01  4.315802404044398e-01  4.315802404044398e-01  4.315802404044398e-01  0
2.440433792707724e-01  5.764664504652661e-01  5.764664504652661e-01  5.764664504652661e-01  5.764664504652661e-01  0
2.674613491066506e-01  7.454452946667606e-01  7.454452946667606e-01  7.454452946667606e-01  7.454452946667606e-01  0
2.931264657935223e-01  9.277300667096726e-01  9.277300667096726e-01  9.277300667096726e-01  9.277300667096726e-01  0
3.212543615576358e-01  1.104582796587260e+00  1.104582796587260e+00  1.104582796587260e+00  1.104582796587260e+00  0
3.520813603112218e-01  6.451191365279409e-02  6.451191365279409e-02  6.451191365279409e-02  6.451191365279409e-02  0
3.858664631899814e-01  1.025275874622693e-01  1.025275874622693e-01  1.025275874622693e-01  1.025275874622693e-01  0
4.228935246192287e-01  1.552028771250698e-01  1.552028771250698e-01  1.552028771250698e-01  1.552028771250698e-01  0
4.634736371914831e-01  2.256740281165391e-01  2.256740281165391e-01  2.256740281165391e-01  2.256740281165391e-01  0
5.079477453926835e-01  3.177003910137897e-01  3.177003910137897e-01  3.177003910137897e-01  3.177003910137897e-01  0
5.566895101369354e-01  1.098052709093118e-02  1.098052709093118e-02  1.098052709093118e-02  1.098052709093118e-02  0
6.101084481769312e-01  1.653068547870764e-02  1.653068547870764e-02  1.653068547870764e-02  1.653068547870764e-02  0
6.686533727666267e-01  2.456438952433263e-02  2.456438952433263e-02  2.456438952433263e-02  2.456438952433263e-02  0
7.328161644838058e-01  3.644496650667275e-02  3.644496650667275e-02  3.644496650667275e-02  3.644496650667275e-02  0
8.031359038940895e-01  5.413612326473288e-02  5.413612326473288e-02  5.413612326473288e-02  5.413612326473288e-02  0
8.802034007780546e-01  6.815408742788994e-04  6.815408742788994e-04  6.815408742788994e-04  6.815408742788994e-04  0
9.646661579749535e-01  1.353677648505584e-03  1.353677648505584e-03  1.353677648505584e-03  1.353677648505584e-03  0
1.057233811548072e+00  2.499724998914248e-03  2.499724998914248e-03  2.499724998914248e-03  2.499724998914248e-03  0
1.158684092978708e+00  4.304882524967435e-03  4.304882524967435e-03  4.304882524967435e-03  4.304882524967435e-03  0
1.269869363481709e+00  6.955185094437876e-03  6.955185094437876e-03  6.955185094437876e-03  6.955185094437876e-03  0
1.391723775342338e+00  7.386524101503820e-06  7.386524101503820e-06  7.386524101503820e-06  7.386524101503820e-06  0
1.525271120442328e+00  2.054784160501425e-05  2.054784160501425e-05  2.054784160501425e-05  2.054784160501425e-05  0
1.671633431916567e+00  5.430482204602374e-05  5.430482204602374e-05  5.430482204602374e-05  5.430482204602374e-05  0
1.832040411209515e+00  1.352658361648462e-04  1.352658361648462e-04  1.352658361648462e-04  1.352658361648462e-04  0
2.007839759735224e+00  3.158652920526187e-04  3.158652920526187e-04  3.158652920526187e-04  3.158652920526187e-04  0
2.200508501945137e+00  1.722614293479124e-07  1.722614293479124e-07  1.722614293479124e-07  1.722614293479124e-07  0
2.411665394937384e+00  4.445429827765457e-07  4.445429827765457e-07  4.445429827765457e-07  4.445429827765457e-07  0
2.643084528870180e+00  1.074532262855177e-06  1.074532262855177e-06  1.074532262855177e-06  1.074532262855177e-06  0
2.896710232446770e+00  2.439576374305932e-06  2.439576374305932e-06  2.439576374305932e-06  2.439576374305932e-06  0
3.174673408704273e+00  5.231637044922441e-06  5.231637044922441e-06  5.231637044922441e-06  5.231637044922441e-06  0
