-2.643084528870179e+00  2.192990902464046e-05  2.192990902464046e-05  2.192990902464046e-05  2.192990902464046e-05  0
-2.411665394937383e+00  1.199778278908512e-05  1.199778278908512e-05  1.199778278908512e-05  1.199778278908512e-05  0
-2.200508501945136e+00  6.270842815064426e-06  6.270842815064426e-06  6.270842815064426e-06  6.270842815064426e-06  0
-2.007839759735224e+00  3.087745477596096e-06  3.087745477596096e-06  3.087745477596096e-06  3.087745477596096e-06  0
-1.832040411209514e+00  1.422333631756144e-06  1.422333631756144e-06  1.422333631756144e-06  1.422333631756144e-06  0
-1.671633431916567e+00  1.008258232822330e-03  1.008258232822330e-03  1.008258232822330e-03  1.008258232822330e-03  0
-1.525271120442328e+00  4.990999863697200e-04  4.990999863697200e-04  4.990999863697200e-04  4.990999863697200e-04  0
-1.391723775342339e+00  2.321866342721559e-04  2.321866342721559e-04  2.321866342721559e-04  2.321866342721559e-04  0
-1.269869363481709e+00  1.021273852620853e-04  1.021273852620853e-04  1.021273852620853e-04  1.021273852620853e-04  0
-1.158684092978708e+00  4.282988926730987e-05  4.282988926730987e-05  4.282988926730987e-05  4.282988926730987e-05  0
-1.057233811548072e+00  1.132914751655967e-02  1.132914751655967e-02  1.132914751655967e-02  1.132914751655967e-02  0
-9.646661579749534e-01  7.772257290721644e-03  7.772257290721644e-03  7.772257290721644e-03  7.772257290721644e-03  0
-8.802034007780546e-01  5.033590700675483e-03  5.033590700675483e-03  5.033590700675483e-03  5.033590700675483e-03  0
-8.031359038940895e-01  3.054662824164758e-03  3.054662824164758e-03  3.054662824164758e-03  3.054662824164758e-03  0
-7.328161644838057e-01  1.729766167888467e-03  1.729766167888467e-03  1.729766167888467e-03  1.729766167888467e-03  0
-6.686533727666270e-01  6.087452507111644e-02  6.087452507111644e-02  6.087452507111644e-02  6.087452507111644e-02  0
-6.101084481769313e-01  4.337536777377553e-02  4.337536777377553e-02  4.337536777377553e-02  4.337536777377553e-02  0
-5.566895101369356e-01  3.091305034736587e-02  3.091305034736587e-02  3.091305034736587e-02  3.091305034736587e-02  0
-5.079477453926837e-01  2.208665685982340e-02  2.208665685982340e-02  2.208665685982340e-02  2.208665685982340e-02  0
-4.634736371914833e-01  1.570159065065998e-02  1.570159065065998e-02  1.570159065065998e-02  1.570159065065998e-02  0
-4.228935246192289e-01  2.291020051123868e-01  2.291020051123868e-01  2.291020051123868e-01  2.291020051123868e-01  0
-3.858664631899815e-01  1.858846544127320e-01  1.858846544127320e-01  1.858846544127320e-01  1.858846544127320e-01  0
-3.520813603112219e-01  1.430374460365346e-01  1.430374460365346e-01  1.430374460365346e-01  1.430374460365346e-01  0
-3.212543615576359e-01  1.042241080272162e-01  1.042241080272162e-01  1.042241080272162e-01  1.042241080272162e-01  0
-2.931264657935224e-01  7.178103536056674e-02  7.178103536056674e-02  7.178103536056674e-02  7.178103536056674e-02  0
-2.674613491066508e-01  3.105593675475757e-01  3.105593675475757e-01  3.105593675475757e-01  3.105593675475757e-01  0
-2.440433792707725e-01  3.196645869202041e-01  3.196645869202041e-01  3.196645869202041e-01  3.196645869202041e-01  0
-2.226758040547742e-01  3.152122944194058e-01  3.152122944194058e-01  3.152122944194058e-01  3.152122944194058e-01  0
-2.031790981570735e-01  2.961719757590959e-01  2.961719757590959e-01  2.961719757590959e-01  2.961719757590959e-01  0
-1.853894548765933e-01  2.644540842811189e-01  2.644540842811189e-01  2.644540842811189e-01  2.644540842811189e-01  0
-1.691574098476915e-01  2.067055318936959e-01  2.067055318936959e-01  2.067055318936959e-01  2.067055318936959e-01  0
-1.543465852759926e-01  2.117202481426844e-01  2.117202481426844e-01  2.117202481426844e-01  2.117202481426844e-01  0
-1.408325441244888e-01  2.181089849694800e-01  2.181089849694800e-01  2.181089849694800e-01  2.181089849694800e-01  0
-1.285017446230543e-01  2.251075043859351e-01  2.251075043859351e-01  2.251075043859351e-01  2.251075043859351e-01  0
-1.172505863174089e-01  2.295273192215817e-01  2.295273192215817e-01  2.295273192215817e-01  2.295273192215817e-01  0
-1.069845396426603e-01  1.757616213665562e-01  1.757616213665562e-01  1.757616213665562e-01  1.757616213665562e-01  0
-9.761735170830900e-02  1.770295123114195e-01  1.770295123114195e-01  1.770295123114195e-01  1.770295123114195e-01  0
-8.907032162190968e-02  1.791911520075916e-01  1.791911520075916e-01  1.791911520075916e-01  1.791911520075916e-01  0
-8.127163926282939e-02  1.767520122212519e-01  1.767520122212519e-01  1.767520122212519e-01  1.767520122212519e-01  0
-7.415578195063731e-02  1.662381040985136e-01  1.662381040985136e-01  1.662381040985136e-01  1.662381040985136e-01  0
-6.766296393907660e-02  2.522740224224843e-01  2.522740224224843e-01  2.522740224224843e-01  2.522740224224843e-01  0
-6.173863411039702e-02  2.224949998863961e-01  2.224949998863961e-01  2.224949998863961e-01  2.224949998863961e-01  0
-5.633301764979550e-02  1.864005808400584e-01  1.864005808400584e-01  1.864005808400584e-01  1.864005808400584e-01  0
-5.140069784922174e-02  1.501049123091393e-01  1.501049123091393e-01  1.501049123091393e-01  1.501049123091393e-01  0
-4.690023452696358e-02  1.183390989275302e-01  1.183390989275302e-01  1.183390989275302e-01  1.183390989275302e-01  0
-4.279381585706412e-02  2.911862952852226e-01  2.911862952852226e-01  2.911862952852226e-01  2.911862952852226e-01  0
-3.904694068332360e-02  2.834394171242135e-01  2.834394171242135e-01  2.834394171242135e-01  2.834394171242135e-01  0
-3.562812864876387e-02  2.834188178771341e-01  2.834188178771341e-01  2.834188178771341e-01  2.834188178771341e-01  0
-3.250865570513176e-02  2.820456811278050e-01  2.820456811278050e-01  2.820456811278050e-01  2.820456811278050e-01  0
-2.966231278025492e-02  2.716269700253759e-01  2.716269700253759e-01  2.716269700253759e-01  2.716269700253759e-01  0
-2.706518557563065e-02  4.705887262534945e-01  4.705887262534945e-01  4.705887262534945e-01  4.705887262534945e-01  0
-2.469545364415881e-02  4.173159427093614e-01  4.173159427093614e-01  4.173159427093614e-01  4.173159427093614e-01  0
-2.253320705991821e-02  3.509249711748536e-01  3.509249711748536e-01  3.509249711748536e-01  3.509249711748536e-01  0
-2.056027913968870e-02  2.801938341991146e-01  2.801938341991146e-01  2.801938341991146e-01  2.801938341991146e-01  0
-1.876009381078543e-02  2.138613062776752e-01  2.138613062776752e-01  2.138613062776752e-01  2.138613062776752e-01  0
-1.711752634282565e-02  5.985078663369721e-01  5.985078663369721e-01  5.985078663369721e-01  5.985078663369721e-01  0
-1.561877627332944e-02  5.554604432688931e-01  5.554604432688931e-01  5.554604432688931e-01  5.554604432688931e-01  0
-1.425125145950555e-02  5.341947274878260e-01  5.341947274878260e-01  5.341947274878260e-01  5.341947274878260e-01  0
-1.300346228205270e-02  5.208407659628480e-01  5.208407659628480e-01  5.208407659628480e-01  5.208407659628480e-01  0
-1.186492511210197e-02  5.006589613728221e-01  5.006589613728221e-01  5.006589613728221e-01  5.006589613728221e-01  0
-1.082607423025226e-02  1.022573623763261e+00  1.022573623763261e+00  1.022573623763261e+00  1.022573623763261e+00  0
-9.878181457663525e-03  9.481398031770006e-01  9.481398031770006e-01  9.481398031770006e-01  9.481398031770006e-01  0
-9.013282823967282e-03  8.432014146400999e-01  8.432014146400999e-01  8.432014146400999e-01  8.432014146400999e-01  0
-8.224111655875478e-03  7.244046530394923e-01  7.244046530394923e-01  7.244046530394923e-01  7.244046530394923e-01  0
-7.504037524314174e-03  6.108786779457636e-01  6.108786779457636e-01  6.108786779457636e-01  6.108786779457636e-01  0
-6.847010537130258e-03  1.101726024358231e+00  1.101726024358231e+00  1.101726024358231e+00  1.101726024358231e+00  0
-6.247510509331775e-03  1.067986134560417e+00  1.067986134560417e+00  1.067986134560417e+00  1.067986134560417e+00  0
-5.700500583802218e-03  1.057477137565709e+00  1.057477137565709e+00  1.057477137565709e+00  1.057477137565709e+00  0
-5.201384912821080e-03  1.056328500605927e+00  1.056328500605927e+00  1.056328500605927e+00  1.056328500605927e+00  0
-4.745970044840788e-03  1.042788659232337e+00  1.042788659232337e+00  1.042788659232337e+00  1.042788659232337e+00  0
-4.330429692100904e-03  1.250522128095910e+00  1.250522128095910e+00  1.250522128095910e+00  1.250522128095910e+00  0
-3.951272583065411e-03  1.278952440810964e+00  1.278952440810964e+00  1.278952440810964e+00  1.278952440810964e+00  0
-3.605313129586913e-03  1.261188719321750e+00  1.261188719321750e+00  1.261188719321750e+00  1.261188719321750e+00  0
-3.289644662350192e-03  1.204751177777558e+00  1.204751177777558e+00  1.204751177777558e+00  1.204751177777558e+00  0
-3.001615009725670e-03  1.129196196200072e+00  1.129196196200072e+00  1.129196196200072e+00  1.129196196200072e+00  0
-2.738804214852102e-03  1.091203573789391e+00  1.091203573789391e+00  1.091203573789391e+00  1.091203573789391e+00  0
-2.499004203732709e-03  1.058475294511985e+00  1.058475294511985e+00  1.058475294511985e+00  1.058475294511985e+00  0
-2.280200233520886e-03  1.069613516218698e+00  1.069613516218698e+00  1.069613516218698e+00  1.069613516218698e+00  0
-2.080553965128431e-03  1.117964571616977e+00  1.117964571616977e+00  1.117964571616977e+00  1.117964571616977e+00  0
-1.898388017936314e-03  1.180368048738148e+00  1.180368048738148e+00  1.180368048738148e+00  1.180368048738148e+00  0
-1.732171876840360e-03  1.160798223564732e+00  1.160798223564732e+00  1.160798223564732e+00  1.160798223564732e+00  0
-1.580509033226163e-03  1.218272839182576e+00  1.218272839182576e+00  1.218272839182576e+00  1.218272839182576e+00  0
-1.442125251834764e-03  1.227782093415891e+00  1.227782093415891e+00  1.227782093415891e+00  1.227782093415891e+00  0
-1.315857864940076e-03  1.187707544225591e+00  1.187707544225591e+00  1.187707544225591e+00  1.187707544225591e+00  0
-1.200646003890267e-03  1.115130327801436e+00  1.115130327801436e+00  1.115130327801436e+00  1.115130327801436e+00  0
-1.095521685940841e-03  1.104401938370051e+00  1.104401938370051e+00  1.104401938370051e+00  1.104401938370051e+00  0
-9.996016814930835e-04  1.022957359771796e+00  1.022957359771796e+00  1.022957359771796e+00  1.022957359771796e+00  0
-9.120800934083544e-04  9.950878978197660e-01  9.950878978197660e-01  9.950878978197660e-01  9.950878978197660e-01  0
-8.322215860513723e-04  1.024409153009095e+00  1.024409153009095e+00  1.024409153009095e+00  1.024409153009095e+00  0
-7.593552071745256e-04  1.091485266848385e+00  1.091485266848385e+00  1.091485266848385e+00  1.091485266848385e+00  0
-6.928687507361440e-04  1.264613880657277e+00  1.264613880657277e+00  1.264613880657277e+00  1.264613880657277e+00  0
-6.322036132904651e-04  1.334947085443011e+00  1.334947085443011e+00  1.334947085443011e+00  1.334947085443011e+00  0
-5.768501007339055e-04  1.348952577301582e+00  1.348952577301582e+00  1.348952577301582e+00  1.348952577301582e+00  0
-5.263431459760303e-04  1.297761618698985e+00  1.297761618698985e+00  1.297761618698985e+00  1.297761618698985e+00  0
-4.802584015561067e-04  1.198986074243911e+00  1.198986074243911e+00  1.198986074243911e+00  1.198986074243911e+00  0
-4.382086743763362e-04  1.284731375180103e+00  1.284731375180103e+00  1.284731375180103e+00  1.284731375180103e+00  0
-3.998406725972333e-04  1.170939867346871e+00  1.170939867346871e+00  1.170939867346871e+00  1.170939867346871e+00  0
-3.648320373633417e-04  1.112453224319230e+00  1.112453224319230e+00  1.112453224319230e+00  1.112453224319230e+00  0
-3.328886344205489e-04  1.123608128746815e+00  1.123608128746815e+00  1.123608128746815e+00  1.123608128746815e+00  0
-3.037420828698102e-04  1.189137435879899e+00  1.189137435879899e+00  1.189137435879899e+00  1.189137435879899e+00  0
-2.771475002944575e-04  1.355531072030237e+00  1.355531072030237e+00  1.355531072030237e+00  1.355531072030237e+00  0
-2.528814453161860e-04  1.468030915204334e+00  1.468030915204334e+00  1.468030915204334e+00  1.468030915204334e+00  0
-2.307400402935622e-04  1.521488400938729e+00  1.521488400938729e+00  1.521488400938729e+00  1.521488400938729e+00  0
-2.105372583904121e-04  1.494919990273770e+00  1.494919990273770e+00  1.494919990273770e+00  1.494919990273770e+00  0
-1.921033606224427e-04  1.399443304619756e+00  1.399443304619756e+00  1.399443304619756e+00  1.399443304619756e+00  0
-1.752834697505345e-04  1.333227589790784e+00  1.333227589790784e+00  1.333227589790784e+00  1.333227589790784e+00  0
-1.599362690388933e-04  1.210564644254057e+00  1.210564644254057e+00  1.210564644254057e+00  1.210564644254057e+00  0
-1.459328149453367e-04  1.144014092591352e+00  1.144014092591352e+00  1.144014092591352e+00  1.144014092591352e+00  0
-1.331554537682195e-04  1.157689443250046e+00  1.157689443250046e+00  1.157689443250046e+00  1.157689443250046e+00  0
-1.214968331479241e-04  1.242940239213777e+00  1.242940239213777e+00  1.242940239213777e+00  1.242940239213777e+00  0
-1.108590001177830e-04  1.341636977937748e+00  1.341636977937748e+00  1.341636977937748e+00  1.341636977937748e+00  0
-1.011525781264744e-04  1.470134128371915e+00  1.470134128371915e+00  1.470134128371915e+00  1.470134128371915e+00  0
-9.229601611742488e-05  1.543927739006515e+00  1.543927739006515e+00  1.543927739006515e+00  1.543927739006515e+00  0
-8.421490335616483e-05  1.535251000159386e+00  1.535251000159386e+00  1.535251000159386e+00  1.535251000159386e+00  0
-7.684134424897707e-05  1.449303004211715e+00  1.449303004211715e+00  1.449303004211715e+00  1.449303004211715e+00  0
-7.011338790021381e-05  1.341411410817119e+00  1.341411410817119e+00  1.341411410817119e+00  1.341411410817119e+00  0
-6.397450761555734e-05  1.210742839080733e+00  1.210742839080733e+00  1.210742839080733e+00  1.210742839080733e+00  0
-5.837312597813469e-05  1.133532774399387e+00  1.133532774399387e+00  1.133532774399387e+00  1.133532774399387e+00  0
-5.326218150728783e-05  1.138643475539918e+00  1.138643475539918e+00  1.138643475539918e+00  1.138643475539918e+00  0
-4.859873325916964e-05  1.222360533024400e+00  1.222360533024400e+00  1.222360533024400e+00  1.222360533024400e+00  0
-4.434360004711321e-05  1.330375255567349e+00  1.330375255567349e+00  1.330375255567349e+00  1.330375255567349e+00  0
-4.046103125058977e-05  1.464001863310108e+00  1.464001863310108e+00  1.464001863310108e+00  1.464001863310108e+00  0
-3.691840644696995e-05  1.545145250935112e+00  1.545145250935112e+00  1.545145250935112e+00  1.545145250935112e+00  0
-3.368596134246593e-05  1.543129140615543e+00  1.543129140615543e+00  1.543129140615543e+00  1.543129140615543e+00  0
-3.073653769959083e-05  1.460072628636949e+00  1.460072628636949e+00  1.460072628636949e+00  1.460072628636949e+00  0
-2.804535516008552e-05  1.343918038142944e+00  1.343918038142944e+00  1.343918038142944e+00  1.343918038142944e+00  0
-2.558980304622294e-05  1.209806527812188e+00  1.209806527812188e+00  1.209806527812188e+00  1.209806527812188e+00  0
-2.334925039125387e-05  1.127678671070915e+00  1.127678671070915e+00  1.127678671070915e+00  1.127678671070915e+00  0
-2.130487260291513e-05  1.128242086272117e+00  1.128242086272117e+00  1.128242086272117e+00  1.128242086272117e+00  0
-1.943949330366785e-05  1.209871931323702e+00  1.209871931323702e+00  1.209871931323702e+00  1.209871931323702e+00  0
-1.773744001884528e-05  1.325146856094543e+00  1.325146856094543e+00  1.325146856094543e+00  1.325146856094543e+00  0
-1.618441250023591e-05  1.460687028547019e+00  1.460687028547019e+00  1.460687028547019e+00  1.460687028547019e+00  0
-1.476736257878798e-05  1.544737455360907e+00  1.544737455360907e+00  1.544737455360907e+00  1.544737455360907e+00  0
-1.347438453698637e-05  1.545459999251028e+00  1.545459999251028e+00  1.545459999251028e+00  1.545459999251028e+00  0
-1.229461507983633e-05  1.463676046083194e+00  1.463676046083194e+00  1.463676046083194e+00  1.463676046083194e+00  0
-1.121814206403421e-05  1.344839201728457e+00  1.344839201728457e+00  1.344839201728457e+00  1.344839201728457e+00  0
-1.023592121848917e-05  1.209323080896102e+00  1.209323080896102e+00  1.209323080896102e+00  1.209323080896102e+00  0
-9.339700156501548e-06  1.125143569306202e+00  1.125143569306202e+00  1.125143569306202e+00  1.125143569306202e+00  0
-8.521949041166052e-06  1.123738643234795e+00  1.123738643234795e+00  1.123738643234795e+00  1.123738643234795e+00  0
-7.775797321467140e-06  1.204335105057531e+00  1.204335105057531e+00  1.204335105057531e+00  1.204335105057531e+00  0
-7.094976007538114e-06  1.322960914393262e+00  1.322960914393262e+00  1.322960914393262e+00  1.322960914393262e+00  0
-6.473765000094363e-06  1.459245915381248e+00  1.459245915381248e+00  1.459245915381248e+00  1.459245915381248e+00  0
-5.906945031515193e-06  1.544452900091838e+00  1.544452900091838e+00  1.544452900091838e+00  1.544452900091838e+00  0
-5.389753814794549e-06  1.546277510115767e+00  1.546277510115767e+00  1.546277510115767e+00  1.546277510115767e+00  0
-4.917846031934533e-06  1.465009939348021e+00  1.465009939348021e+00  1.465009939348021e+00  1.465009939348021e+00  0
-4.487256825613684e-06  1.345214142664713e+00  1.345214142664713e+00  1.345214142664713e+00  1.345214142664713e+00  0
-4.094368487395670e-06  1.209130148338003e+00  1.209130148338003e+00  1.209130148338003e+00  1.209130148338003e+00  0
-3.735880062600620e-06  1.124115768338786e+00  1.124115768338786e+00  1.124115768338786e+00  1.124115768338786e+00  0
-3.408779616466421e-06  1.121900389924188e+00  1.121900389924188e+00  1.121900389924188e+00  1.121900389924188e+00  0
-3.110318928586857e-06  1.202053988107355e+00  1.202053988107355e+00  1.202053988107355e+00  1.202053988107355e+00  0
-2.837990403015245e-06  1.322090552249076e+00  1.322090552249076e+00  1.322090552249076e+00  1.322090552249076e+00  0
-2.589506000037745e-06  1.458672982496007e+00  1.458672982496007e+00  1.458672982496007e+00  1.458672982496007e+00  0
-2.362778012606077e-06  1.544344737286750e+00  1.544344737286750e+00  1.544344737286750e+00  1.544344737286750e+00  0
-2.155901525917819e-06  1.546615271269415e+00  1.546615271269415e+00  1.546615271269415e+00  1.546615271269415e+00  0
-1.967138412773813e-06  1.465561911092488e+00  1.465561911092488e+00  1.465561911092488e+00  1.465561911092488e+00  0
-1.794902730245473e-06  1.345384083655901e+00  1.345384083655901e+00  1.345384083655901e+00  1.345384083655901e+00  0
-1.637747394958268e-06  1.209070055995619e+00  1.209070055995619e+00  1.209070055995619e+00  1.209070055995619e+00  0
-1.494352025040248e-06  1.123718257768620e+00  1.123718257768620e+00  1.123718257768620e+00  1.123718257768620e+00  0
-1.363511846586568e-06  1.121174978712543e+00  1.121174978712543e+00  1.121174978712543e+00  1.121174978712543e+00  0
-1.244127571434742e-06  1.201147867243310e+00  1.201147867243310e+00  1.201147867243310e+00  1.201147867243310e+00  0
-1.135196161206098e-06  1.321761561563979e+00  1.321761561563979e+00  1.321761561563979e+00  1.321761561563979e+00  0
-1.035802400015098e-06  1.458464711733683e+00  1.458464711733683e+00  1.458464711733683e+00  1.458464711733683e+00  0
-9.451112050424309e-07  1.544323711966457e+00  1.544323711966457e+00  1.544323711966457e+00  1.544323711966457e+00  0
-8.623606103671279e-07  1.546773015908458e+00  1.546773015908458e+00  1.546773015908458e+00  1.546773015908458e+00  0
-7.868553651095252e-07  1.465804563769286e+00  1.465804563769286e+00  1.465804563769286e+00  1.465804563769286e+00  0
-7.179610920981894e-07  1.345474193144490e+00  1.345474193144490e+00  1.345474193144490e+00  1.345474193144490e+00  0
-6.550989579833072e-07  1.209065765647495e+00  1.209065765647495e+00  1.209065765647495e+00  1.209065765647495e+00  0
-5.977408100160992e-07  1.123577234661557e+00  1.123577234661557e+00  1.123577234661557e+00  1.123577234661557e+00  0
-5.454047386346274e-07  1.120902155534625e+00  1.120902155534625e+00  1.120902155534625e+00  1.120902155534625e+00  0
-4.976510285738970e-07  1.200803309435775e+00  1.200803309435775e+00  1.200803309435775e+00  1.200803309435775e+00  0
-4.540784644824392e-07  1.321651630853290e+00  1.321651630853290e+00  1.321651630853290e+00  1.321651630853290e+00  0
-4.143209600060391e-07  1.458405274461297e+00  1.458405274461297e+00  1.458405274461297e+00  1.458405274461297e+00  0
-3.780444820169723e-07  1.544340597507779e+00  1.544340597507779e+00  1.544340597507779e+00  1.544340597507779e+00  0
-3.449442441468511e-07  1.546861508874122e+00  1.546861508874122e+00  1.546861508874122e+00  1.546861508874122e+00  0
-3.147421460438101e-07  1.465925753603700e+00  1.465925753603700e+00  1.465925753603700e+00  1.465925753603700e+00  0
-2.871844368392758e-07  1.345532722050285e+00  1.345532722050285e+00  1.345532722050285e+00  1.345532722050285e+00  0
-2.620395831933229e-07  1.209084230482739e+00  1.209084230482739e+00  1.209084230482739e+00  1.209084230482739e+00  0
-2.390963240064397e-07  1.123539517727732e+00  1.123539517727732e+00  1.123539517727732e+00  1.123539517727732e+00  0
-2.181618954538510e-07  1.120811575926525e+00  1.120811575926525e+00  1.120811575926525e+00  1.120811575926525e+00  0
-1.990604114295588e-07  1.200685247099552e+00  1.200685247099552e+00  1.200685247099552e+00  1.200685247099552e+00  0
-1.816313857929757e-07  1.321629730218781e+00  1.321629730218781e+00  1.321629730218781e+00  1.321629730218781e+00  0
-1.657283840024157e-07  1.458405849495440e+00  1.458405849495440e+00  1.458405849495440e+00  1.458405849495440e+00  0
-1.512177928067889e-07  1.544373139070092e+00  1.544373139070092e+00  1.544373139070092e+00  1.544373139070092e+00  0
-1.379776976587405e-07  1.546922742538429e+00  1.546922742538429e+00  1.546922742538429e+00  1.546922742538429e+00  0
-1.258968584175240e-07  1.465998717892816e+00  1.465998717892816e+00  1.465998717892816e+00  1.465998717892816e+00  0
-1.148737747357103e-07  1.345578675974773e+00  1.345578675974773e+00  1.345578675974773e+00  1.345578675974773e+00  0
-1.048158332773291e-07  1.209111868373742e+00  1.209111868373742e+00  1.209111868373742e+00  1.209111868373742e+00  0
-9.563852960257586e-08  1.123543239382601e+00  1.123543239382601e+00  1.123543239382601e+00  1.123543239382601e+00  0
-8.726475818154038e-08  1.120794090367283e+00  1.120794090367283e+00  1.120794090367283e+00  1.120794090367283e+00  0
-7.962416457182352e-08  1.200658086261734e+00  1.200658086261734e+00  1.200658086261734e+00  1.200658086261734e+00  0
-7.265255431719029e-08  1.321643107306164e+00  1.321643107306164e+00  1.321643107306164e+00  1.321643107306164e+00  0
-6.629135360096627e-08  1.458430505624172e+00  1.458430505624172e+00  1.458430505624172e+00  1.458430505624172e+00  0
-6.048711712271557e-08  1.544412018527918e+00  1.544412018527918e+00  1.544412018527918e+00  1.544412018527918e+00  0
-5.519107906349619e-08  1.546973134412754e+00  1.546973134412754e+00  1.546973134412754e+00  1.546973134412754e+00  0
-5.035874336700961e-08  1.466052430612878e+00  1.466052430612878e+00  1.466052430612878e+00  1.466052430612878e+00  0
-4.594950989428412e-08  1.345619609402477e+00  1.345619609402477e+00  1.345619609402477e+00  1.345619609402477e+00  0
-4.192633331093166e-08  1.209143187328093e+00  1.209143187328093e+00  1.209143187328093e+00  1.209143187328093e+00  0
-3.825541184103035e-08  1.123563555779356e+00  1.123563555779356e+00  1.123563555779356e+00  1.123563555779356e+00  0
-3.490590327261615e-08  1.120805874884267e+00  1.120805874884267e+00  1.120805874884267e+00  1.120805874884267e+00  0
-3.184966582872941e-08  1.200667335752798e+00  1.200667335752798e+00  1.200667335752798e+00  1.200667335752798e+00  0
-2.906102172687611e-08  1.321670604791764e+00  1.321670604791764e+00  1.321670604791764e+00  1.321670604791764e+00  0
-2.651654144038651e-08  1.458464802162217e+00  1.458464802162217e+00  1.458464802162217e+00  1.458464802162217e+00  0
-2.419484684908623e-08  1.544453434053571e+00  1.544453434053571e+00  1.544453434053571e+00  1.544453434053571e+00  0
-2.207643162539847e-08  1.547019173803328e+00  1.547019173803328e+00  1.547019173803328e+00  1.547019173803328e+00  0
-2.014349734680384e-08  1.466098395555283e+00  1.466098395555283e+00  1.466098395555283e+00  1.466098395555283e+00  0
-1.837980395771364e-08  1.345658536007208e+00  1.345658536007208e+00  1.345658536007208e+00  1.345658536007208e+00  0
-1.677053332437266e-08  1.209175980574503e+00  1.209175980574503e+00  1.209175980574503e+00  1.209175980574503e+00  0
-1.530216473641213e-08  1.123590513272689e+00  1.123590513272689e+00  1.123590513272689e+00  1.123590513272689e+00  0
-1.396236130904646e-08  1.120829372861310e+00  1.120829372861310e+00  1.120829372861310e+00  1.120829372861310e+00  0
-1.273986633149176e-08  1.200691157644877e+00  1.200691157644877e+00  1.200691157644877e+00  1.200691157644877e+00  0
-1.162440869075045e-08  1.321703746329010e+00  1.321703746329010e+00  1.321703746329010e+00  1.321703746329010e+00  0
-1.060661657615460e-08  1.458502941383452e+00  1.458502941383452e+00  1.458502941383452e+00  1.458502941383452e+00  0
-9.677938739634492e-09  1.544495828427097e+00  1.544495828427097e+00  1.544495828427097e+00  1.544495828427097e+00  0
-8.830572650159389e-09  1.547063390053186e+00  1.547063390053186e+00  1.547063390053186e+00  1.547063390053186e+00  0
-8.057398938721539e-09  1.466141090199831e+00  1.466141090199831e+00  1.466141090199831e+00  1.466141090199831e+00  0
-7.351921583085459e-09  1.345696659065175e+00  1.345696659065175e+00  1.345696659065175e+00  1.345696659065175e+00  0
-6.708213329749065e-09  1.209209363042209e+00  1.209209363042209e+00  1.209209363042209e+00  1.209209363042209e+00  0
-6.120865894564855e-09  1.123620127132609e+00  1.123620127132609e+00  1.123620127132609e+00  1.123620127132609e+00  0
-5.584944523618584e-09  1.120857556640753e+00  1.120857556640753e+00  1.120857556640753e+00  1.120857556640753e+00  0
-5.095946532596706e-09  1.200720809412658e+00  1.200720809412658e+00  1.200720809412658e+00  1.200720809412658e+00  0
-4.649763476300179e-09  1.321739122998400e+00  1.321739122998400e+00  1.321739122998400e+00  1.321739122998400e+00  0
-4.242646630461842e-09  1.458542559671704e+00  1.458542559671704e+00  1.458542559671704e+00  1.458542559671704e+00  0
-3.871175495853797e-09  1.544538474944378e+00  1.544538474944378e+00  1.544538474944378e+00  1.544538474944378e+00  0
-3.532229060063756e-09  1.547106567111823e+00  1.547106567111823e+00  1.547106567111823e+00  1.547106567111823e+00  0
-3.222959575488616e-09  1.466181840218031e+00  1.466181840218031e+00  1.466181840218031e+00  1.466181840218031e+00  0
-2.940768633234184e-09  1.345734457135403e+00  1.345734457135403e+00  1.345734457135403e+00  1.345734457135403e+00  0
-2.683285331899626e-09  1.209242978501303e+00  1.209242978501303e+00  1.209242978501303e+00  1.209242978501303e+00  0
-2.448346357825942e-09  1.123650801663125e+00  1.123650801663125e+00  1.123650801663125e+00  1.123650801663125e+00  0
-2.233977809447434e-09  1.120887613516731e+00  1.120887613516731e+00  1.120887613516731e+00  1.120887613516731e+00  0
-2.038378613038682e-09  1.200752792345929e+00  1.200752792345929e+00  1.200752792345929e+00  1.200752792345929e+00  0
-1.859905390520071e-09  1.321775279900787e+00  1.321775279900787e+00  1.321775279900787e+00  1.321775279900787e+00  0
-1.697058652184737e-09  1.458582476389250e+00  1.458582476389250e+00  1.458582476389250e+00  1.458582476389250e+00  0
-1.548470198341519e-09  1.544580518856506e+00  1.544580518856506e+00  1.544580518856506e+00  1.544580518856506e+00  0
-1.412891624025502e-09  1.547147765717776e+00  1.547147765717776e+00  1.547147765717776e+00  1.547147765717776e+00  0
-1.289183830195446e-09  1.466218603970943e+00  1.466218603970943e+00  1.466218603970943e+00  1.466218603970943e+00  0
-1.176307453293673e-09  1.345772115174108e+00  1.345772115174108e+00  1.345772115174108e+00  1.345772115174108e+00  0
-1.073314132759850e-09  1.209276681122972e+00  1.209276681122972e+00  1.209276681122972e+00  1.209276681122972e+00  0
-9.793385431303769e-10  1.123681898678919e+00  1.123681898678919e+00  1.123681898678919e+00  1.123681898678919e+00  0
-8.935911237789734e-10  1.120918421946788e+00  1.120918421946788e+00  1.120918421946788e+00  1.120918421946788e+00  0
-8.153514452154729e-10  1.200785713728484e+00  1.200785713728484e+00  1.200785713728484e+00  1.200785713728484e+00  0
-7.439621562080285e-10  1.321810691026885e+00  1.321810691026885e+00  1.321810691026885e+00  1.321810691026885e+00  0
-6.788234608738945e-10  1.458619762471197e+00  1.458619762471197e+00  1.458619762471197e+00  1.458619762471197e+00  0
-6.193880793366075e-10  1.544615707637726e+00  1.544615707637726e+00  1.544615707637726e+00  1.544615707637726e+00  0
-5.651566496102009e-10  1.547173468686717e+00  1.547173468686717e+00  1.547173468686717e+00  1.547173468686717e+00  0
-5.156735320781784e-10  1.466223577264095e+00  1.466223577264095e+00  1.466223577264095e+00  1.466223577264095e+00  0
-4.705229813174694e-10  1.345809719452734e+00  1.345809719452734e+00  1.345809719452734e+00  1.345809719452734e+00  0
-4.293256531039402e-10  1.209310455753088e+00  1.209310455753088e+00  1.209310455753088e+00  1.209310455753088e+00  0
-3.917354172521507e-10  1.123713245289179e+00  1.123713245289179e+00  1.123713245289179e+00  1.123713245289179e+00  0
-3.574364495115894e-10  1.120949661602872e+00  1.120949661602872e+00  1.120949661602872e+00  1.120949661602872e+00  0
-3.261405780861892e-10  1.200819193757606e+00  1.200819193757606e+00  1.200819193757606e+00  1.200819193757606e+00  0
3.261405780861892e-10  1.200819076956734e+00  1.200819076956734e+00  1.200819076956734e+00  1.200819076956734e+00  0
3.574364495115894e-10  1.120949565560831e+00  1.120949565560831e+00  1.120949565560831e+00  1.120949565560831e+00  0
3.917354172521507e-10  1.123713164122216e+00  1.123713164122216e+00  1.123713164122216e+00  1.123713164122216e+00  0
4.293256531039402e-10  1.209310382354576e+00  1.209310382354576e+00  1.209310382354576e+00  1.209310382354576e+00  0
4.705229813174694e-10  1.345809647996644e+00  1.345809647996644e+00  1.345809647996644e+00  1.345809647996644e+00  0
5.156735320781784e-10  1.466223397808137e+00  1.466223397808137e+00  1.466223397808137e+00  1.466223397808137e+00  0
5.651566496102009e-10  1.547173287985210e+00  1.547173287985210e+00  1.547173287985210e+00  1.547173287985210e+00  0
6.193880793366075e-10  1.544615532395788e+00  1.544615532395788e+00  1.544615532395788e+00  1.544615532395788e+00  0
6.788234608738945e-10  1.458619601492798e+00  1.458619601492798e+00  1.458619601492798e+00  1.458619601492798e+00  0
7.439621562080285e-10  1.321810551265943e+00  1.321810551265943e+00  1.321810551265943e+00  1.321810551265943e+00  0
8.153514452154729e-10  1.200785421733257e+00  1.200785421733257e+00  1.200785421733257e+00  1.200785421733257e+00  0
8.935911237789734e-10  1.120918181847379e+00  1.120918181847379e+00  1.120918181847379e+00  1.120918181847379e+00  0
9.793385431303769e-10  1.123681695766302e+00  1.123681695766302e+00  1.123681695766302e+00  1.123681695766302e+00  0
1.073314132759850e-09  1.209276497631007e+00  1.209276497631007e+00  1.209276497631007e+00  1.209276497631007e+00  0
1.176307453293673e-09  1.345771936538064e+00  1.345771936538064e+00  1.345771936538064e+00  1.345771936538064e+00  0
1.289183830195446e-09  1.466218155316275e+00  1.466218155316275e+00  1.466218155316275e+00  1.466218155316275e+00  0
1.412891624025502e-09  1.547147313962401e+00  1.547147313962401e+00  1.547147313962401e+00  1.547147313962401e+00  0
1.548470198341519e-09  1.544580080756533e+00  1.544580080756533e+00  1.544580080756533e+00  1.544580080756533e+00  0
1.697058652184737e-09  1.458582073950505e+00  1.458582073950505e+00  1.458582073950505e+00  1.458582073950505e+00  0
1.859905390520071e-09  1.321774930505816e+00  1.321774930505816e+00  1.321774930505816e+00  1.321774930505816e+00  0
2.038378613038682e-09  1.200752062375156e+00  1.200752062375156e+00  1.200752062375156e+00  1.200752062375156e+00  0
2.233977809447434e-09  1.120887013282342e+00  1.120887013282342e+00  1.120887013282342e+00  1.120887013282342e+00  0
2.448346357825942e-09  1.123650294393521e+00  1.123650294393521e+00  1.123650294393521e+00  1.123650294393521e+00  0
2.683285331899626e-09  1.209242519782229e+00  1.209242519782229e+00  1.209242519782229e+00  1.209242519782229e+00  0
2.940768633234184e-09  1.345734010555898e+00  1.345734010555898e+00  1.345734010555898e+00  1.345734010555898e+00  0
3.222959575488616e-09  1.466180718600642e+00  1.466180718600642e+00  1.466180718600642e+00  1.466180718600642e+00  0
3.532229060063756e-09  1.547105437747025e+00  1.547105437747025e+00  1.547105437747025e+00  1.547105437747025e+00  0
3.871175495853797e-09  1.544537379719286e+00  1.544537379719286e+00  1.544537379719286e+00  1.544537379719286e+00  0
4.242646630461842e-09  1.458541553598343e+00  1.458541553598343e+00  1.458541553598343e+00  1.458541553598343e+00  0
4.649763476300179e-09  1.321738249531535e+00  1.321738249531535e+00  1.321738249531535e+00  1.321738249531535e+00  0
5.095946532596706e-09  1.200718984528436e+00  1.200718984528436e+00  1.200718984528436e+00  1.200718984528436e+00  0
5.584944523618584e-09  1.120856056089449e+00  1.120856056089449e+00  1.120856056089449e+00  1.120856056089449e+00  0
6.120865894564855e-09  1.123618858987968e+00  1.123618858987968e+00  1.123618858987968e+00  1.123618858987968e+00  0
6.708213329749065e-09  1.209208216271525e+00  1.209208216271525e+00  1.209208216271525e+00  1.209208216271525e+00  0
7.351921583085459e-09  1.345695542643202e+00  1.345695542643202e+00  1.345695542643202e+00  1.345695542643202e+00  0
8.057398938721539e-09  1.466138286221721e+00  1.466138286221721e+00  1.466138286221721e+00  1.466138286221721e+00  0
8.830572650159389e-09  1.547060566709823e+00  1.547060566709823e+00  1.547060566709823e+00  1.547060566709823e+00  0
9.677938739634492e-09  1.544493090431404e+00  1.544493090431404e+00  1.544493090431404e+00  1.544493090431404e+00  0
1.060661657615460e-08  1.458500426260955e+00  1.458500426260955e+00  1.458500426260955e+00  1.458500426260955e+00  0
1.162440869075045e-08  1.321701562713751e+00  1.321701562713751e+00  1.321701562713751e+00  1.321701562713751e+00  0
1.273986633149176e-08  1.200686595537535e+00  1.200686595537535e+00  1.200686595537535e+00  1.200686595537535e+00  0
1.396236130904646e-08  1.120825621565131e+00  1.120825621565131e+00  1.120825621565131e+00  1.120825621565131e+00  0
1.530216473641213e-08  1.123587342981009e+00  1.123587342981009e+00  1.123587342981009e+00  1.123587342981009e+00  0
1.677053332437266e-08  1.209173113713857e+00  1.209173113713857e+00  1.209173113713857e+00  1.209173113713857e+00  0
1.837980395771364e-08  1.345655745019848e+00  1.345655745019848e+00  1.345655745019848e+00  1.345655745019848e+00  0
2.014349734680384e-08  1.466091385791602e+00  1.466091385791602e+00  1.466091385791602e+00  1.466091385791602e+00  0
2.207643162539847e-08  1.547012115632539e+00  1.547012115632539e+00  1.547012115632539e+00  1.547012115632539e+00  0
2.419484684908623e-08  1.544446589243002e+00  1.544446589243002e+00  1.544446589243002e+00  1.544446589243002e+00  0
2.651654144038651e-08  1.458458514513153e+00  1.458458514513153e+00  1.458458514513153e+00  1.458458514513153e+00  0
2.906102172687611e-08  1.321665145882905e+00  1.321665145882905e+00  1.321665145882905e+00  1.321665145882905e+00  0
3.184966582872941e-08  1.200655930719514e+00  1.200655930719514e+00  1.200655930719514e+00  1.200655930719514e+00  0
3.490590327261615e-08  1.120796496819777e+00  1.120796496819777e+00  1.120796496819777e+00  1.120796496819777e+00  0
3.825541184103035e-08  1.123555630202403e+00  1.123555630202403e+00  1.123555630202403e+00  1.123555630202403e+00  0
4.192633331093166e-08  1.209136020331995e+00  1.209136020331995e+00  1.209136020331995e+00  1.209136020331995e+00  0
4.594950989428412e-08  1.345612632105917e+00  1.345612632105917e+00  1.345612632105917e+00  1.345612632105917e+00  0
5.035874336700961e-08  1.466034906726750e+00  1.466034906726750e+00  1.466034906726750e+00  1.466034906726750e+00  0
5.519107906349619e-08  1.546955489532772e+00  1.546955489532772e+00  1.546955489532772e+00  1.546955489532772e+00  0
6.048711712271557e-08  1.544394907006852e+00  1.544394907006852e+00  1.544394907006852e+00  1.544394907006852e+00  0
6.629135360096627e-08  1.458414786920364e+00  1.458414786920364e+00  1.458414786920364e+00  1.458414786920364e+00  0
7.265255431719029e-08  1.321629460352092e+00  1.321629460352092e+00  1.321629460352092e+00  1.321629460352092e+00  0
7.962416457182352e-08  1.200629574122326e+00  1.200629574122326e+00  1.200629574122326e+00  1.200629574122326e+00  0
8.726475818154038e-08  1.120770645462667e+00  1.120770645462667e+00  1.120770645462667e+00  1.120770645462667e+00  0
9.563852960257586e-08  1.123523425679279e+00  1.123523425679279e+00  1.123523425679279e+00  1.123523425679279e+00  0
1.048158332773291e-07  1.209093951211242e+00  1.209093951211242e+00  1.209093951211242e+00  1.209093951211242e+00  0
1.148737747357103e-07  1.345561233180280e+00  1.345561233180280e+00  1.345561233180280e+00  1.345561233180280e+00  0
1.258968584175240e-07  1.465954909886956e+00  1.465954909886956e+00  1.465954909886956e+00  1.465954909886956e+00  0
1.379776976587405e-07  1.546878632178331e+00  1.546878632178331e+00  1.546878632178331e+00  1.546878632178331e+00  0
1.512177928067889e-07  1.544330361890782e+00  1.544330361890782e+00  1.544330361890782e+00  1.544330361890782e+00  0
1.657283840024157e-07  1.458366553941858e+00  1.458366553941858e+00  1.458366553941858e+00  1.458366553941858e+00  0
1.816313857929757e-07  1.321595613595088e+00  1.321595613595088e+00  1.321595613595088e+00  1.321595613595088e+00  0
1.990604114295588e-07  1.200613966964659e+00  1.200613966964659e+00  1.200613966964659e+00  1.200613966964659e+00  0
2.181618954538510e-07  1.120752963163306e+00  1.120752963163306e+00  1.120752963163306e+00  1.120752963163306e+00  0
2.390963240064397e-07  1.123489983183643e+00  1.123489983183643e+00  1.123489983183643e+00  1.123489983183643e+00  0
2.620395831933229e-07  1.209039438014845e+00  1.209039438014845e+00  1.209039438014845e+00  1.209039438014845e+00  0
2.871844368392758e-07  1.345489116289336e+00  1.345489116289336e+00  1.345489116289336e+00  1.345489116289336e+00  0
3.147421460438101e-07  1.465816240357519e+00  1.465816240357519e+00  1.465816240357519e+00  1.465816240357519e+00  0
3.449442441468511e-07  1.546751240520581e+00  1.546751240520581e+00  1.546751240520581e+00  1.546751240520581e+00  0
3.780444820169723e-07  1.544233660868153e+00  1.544233660868153e+00  1.544233660868153e+00  1.544233660868153e+00  0
4.143209600060391e-07  1.458307039587695e+00  1.458307039587695e+00  1.458307039587695e+00  1.458307039587695e+00  0
4.540784644824392e-07  1.321566340990696e+00  1.321566340990696e+00  1.321566340990696e+00  1.321566340990696e+00  0
4.976510285738970e-07  1.200625104094574e+00  1.200625104094574e+00  1.200625104094574e+00  1.200625104094574e+00  0
5.454047386346274e-07  1.120755615271750e+00  1.120755615271750e+00  1.120755615271750e+00  1.120755615271750e+00  0
5.977408100160992e-07  1.123453392095123e+00  1.123453392095123e+00  1.123453392095123e+00  1.123453392095123e+00  0
6.550989579833072e-07  1.208953783210938e+00  1.208953783210938e+00  1.208953783210938e+00  1.208953783210938e+00  0
7.179610920981894e-07  1.345365182492107e+00  1.345365182492107e+00  1.345365182492107e+00  1.345365182492107e+00  0
7.868553651095252e-07  1.465530813283984e+00  1.465530813283984e+00  1.465530813283984e+00  1.465530813283984e+00  0
8.623606103671279e-07  1.546497382413452e+00  1.546497382413452e+00  1.546497382413452e+00  1.546497382413452e+00  0
9.451112050424309e-07  1.544056400300038e+00  1.544056400300038e+00  1.544056400300038e+00  1.544056400300038e+00  0
1.035802400015098e-06  1.458219140886770e+00  1.458219140886770e+00  1.458219140886770e+00  1.458219140886770e+00  0
1.135196161206098e-06  1.321548339931541e+00  1.321548339931541e+00  1.321548339931541e+00  1.321548339931541e+00  0
1.244127571434742e-06  1.200702307721139e+00  1.200702307721139e+00  1.200702307721139e+00  1.200702307721139e+00  0
1.363511846586568e-06  1.120808563483228e+00  1.120808563483228e+00  1.120808563483228e+00  1.120808563483228e+00  0
1.494352025040248e-06  1.123408601980403e+00  1.123408601980403e+00  1.123408601980403e+00  1.123408601980403e+00  0
1.637747394958268e-06  1.208790082269340e+00  1.208790082269340e+00  1.208790082269340e+00  1.208790082269340e+00  0
1.794902730245473e-06  1.345111570885817e+00  1.345111570885817e+00  1.345111570885817e+00  1.345111570885817e+00  0
1.967138412773813e-06  1.464877716756656e+00  1.464877716756656e+00  1.464877716756656e+00  1.464877716756656e+00  0
2.155901525917819e-06  1.545926398523704e+00  1.545926398523704e+00  1.545926398523704e+00  1.545926398523704e+00  0
2.362778012606077e-06  1.543676623039292e+00  1.543676623039292e+00  1.543676623039292e+00  1.543676623039292e+00  0
2.589506000037745e-06  1.458059137087552e+00  1.458059137087552e+00  1.458059137087552e+00  1.458059137087552e+00  0
2.837990403015245e-06  1.321557499326736e+00  1.321557499326736e+00  1.321557499326736e+00  1.321557499326736e+00  0
3.110318928586857e-06  1.200939777990569e+00  1.200939777990569e+00  1.200939777990569e+00  1.200939777990569e+00  0
3.408779616466421e-06  1.120983927909127e+00  1.120983927909127e+00  1.120983927909127e+00  1.120983927909127e+00  0
3.735880062600620e-06  1.123341300904518e+00  1.123341300904518e+00  1.123341300904518e+00  1.123341300904518e+00  0
4.094368487395670e-06  1.208430084046288e+00  1.208430084046288e+00  1.208430084046288e+00  1.208430084046288e+00  0
4.487256825613684e-06  1.344532926387393e+00  1.344532926387393e+00  1.344532926387393e+00  1.344532926387393e+00  0
4.917846031934533e-06  1.463300565254571e+00  1.463300565254571e+00  1.463300565254571e+00  1.463300565254571e+00  0
5.389753814794549e-06  1.544556615898497e+00  1.544556615898497e+00  1.544556615898497e+00  1.544556615898497e+00  0
5.906945031515193e-06  1.542783613382797e+00  1.542783613382797e+00  1.542783613382797e+00  1.542783613382797e+00  0
6.473765000094363e-06  1.457711782991236e+00  1.457711782991236e+00  1.457711782991236e+00  1.457711782991236e+00  0
7.094976007538114e-06  1.321628263332107e+00  1.321628263332107e+00  1.321628263332107e+00  1.321628263332107e+00  0
7.775797321467140e-06  1.201547772776637e+00  1.201547772776637e+00  1.201547772776637e+00  1.201547772776637e+00  0
8.521949041166052e-06  1.121444930032634e+00  1.121444930032634e+00  1.121444930032634e+00  1.121444930032634e+00  0
9.339700156501548e-06  1.123205398440243e+00  1.123205398440243e+00  1.123205398440243e+00  1.123205398440243e+00  0
1.023592121848917e-05  1.207572120462069e+00  1.207572120462069e+00  1.207572120462069e+00  1.207572120462069e+00  0
1.121814206403421e-05  1.343136560156772e+00  1.343136560156772e+00  1.343136560156772e+00  1.343136560156772e+00  0
1.229461507983633e-05  1.459409765656452e+00  1.459409765656452e+00  1.459409765656452e+00  1.459409765656452e+00  0
1.347438453698637e-05  1.541166008396298e+00  1.541166008396298e+00  1.541166008396298e+00  1.541166008396298e+00  0
1.476736257878798e-05  1.540570685654841e+00  1.540570685654841e+00  1.540570685654841e+00  1.540570685654841e+00  0
1.618441250023591e-05  1.456854904941155e+00  1.456854904941155e+00  1.456854904941155e+00  1.456854904941155e+00  0
1.773744001884528e-05  1.321815287792195e+00  1.321815287792195e+00  1.321815287792195e+00  1.321815287792195e+00  0
1.943949330366785e-05  1.202895940393735e+00  1.202895940393735e+00  1.202895940393735e+00  1.202895940393735e+00  0
2.130487260291513e-05  1.122494433507997e+00  1.122494433507997e+00  1.122494433507997e+00  1.122494433507997e+00  0
2.334925039125387e-05  1.122822449219092e+00  1.122822449219092e+00  1.122822449219092e+00  1.122822449219092e+00  0
2.558980304622294e-05  1.205425175431747e+00  1.205425175431747e+00  1.205425175431747e+00  1.205425175431747e+00  0
2.804535516008552e-05  1.339664548226512e+00  1.339664548226512e+00  1.339664548226512e+00  1.339664548226512e+00  0
3.073653769959083e-05  1.449461426966080e+00  1.449461426966080e+00  1.449461426966080e+00  1.449461426966080e+00  0
3.368596134246593e-05  1.532453145881367e+00  1.532453145881367e+00  1.532453145881367e+00  1.532453145881367e+00  0
3.691840644696995e-05  1.534774960400207e+00  1.534774960400207e+00  1.534774960400207e+00  1.534774960400207e+00  0
4.046103125058977e-05  1.454447153287827e+00  1.454447153287827e+00  1.454447153287827e+00  1.454447153287827e+00  0
4.434360004711321e-05  1.322051379313893e+00  1.322051379313893e+00  1.322051379313893e+00  1.322051379313893e+00  0
4.859873325916964e-05  1.204935040622666e+00  1.204935040622666e+00  1.204935040622666e+00  1.204935040622666e+00  0
5.326218150728783e-05  1.124236456879818e+00  1.124236456879818e+00  1.124236456879818e+00  1.124236456879818e+00  0
5.837312597813469e-05  1.121355563100658e+00  1.121355563100658e+00  1.121355563100658e+00  1.121355563100658e+00  0
6.397450761555734e-05  1.199784419849215e+00  1.199784419849215e+00  1.199784419849215e+00  1.199784419849215e+00  0
7.011338790021381e-05  1.330809711297722e+00  1.330809711297722e+00  1.330809711297722e+00  1.330809711297722e+00  0
7.684134424897707e-05  1.423277844820604e+00  1.423277844820604e+00  1.423277844820604e+00  1.423277844820604e+00  0
8.421490335616483e-05  1.509054775279877e+00  1.509054775279877e+00  1.509054775279877e+00  1.509054775279877e+00  0
9.229601611742488e-05  1.518400443411201e+00  1.518400443411201e+00  1.518400443411201e+00  1.518400443411201e+00  0
1.011525781264744e-04  1.446501348741507e+00  1.446501348741507e+00  1.446501348741507e+00  1.446501348741507e+00  0
1.108590001177830e-04  1.320938351040757e+00  1.320938351040757e+00  1.320938351040757e+00  1.320938351040757e+00  0
1.214968331479241e-04  1.200569707250168e+00  1.200569707250168e+00  1.200569707250168e+00  1.200569707250168e+00  0
1.331554537682195e-04  1.122259957957569e+00  1.122259957957569e+00  1.122259957957569e+00  1.122259957957569e+00  0
1.459328149453367e-04  1.113910538926836e+00  1.113910538926836e+00  1.113910538926836e+00  1.113910538926836e+00  0
1.599362690388933e-04  1.183506828931108e+00  1.183506828931108e+00  1.183506828931108e+00  1.183506828931108e+00  0
1.752834697505345e-04  1.307161780843449e+00  1.307161780843449e+00  1.307161780843449e+00  1.307161780843449e+00  0
1.921033606224427e-04  1.341003642513089e+00  1.341003642513089e+00  1.341003642513089e+00  1.341003642513089e+00  0
2.105372583904121e-04  1.435145455437381e+00  1.435145455437381e+00  1.435145455437381e+00  1.435145455437381e+00  0
2.307400402935622e-04  1.462279179597291e+00  1.462279179597291e+00  1.462279179597291e+00  1.462279179597291e+00  0
2.528814453161860e-04  1.412305309816905e+00  1.412305309816905e+00  1.412305309816905e+00  1.412305309816905e+00  0
2.771475002944575e-04  1.305936671530481e+00  1.305936671530481e+00  1.305936671530481e+00  1.305936671530481e+00  0
3.037420828698102e-04  1.098583896735190e+00  1.098583896735190e+00  1.098583896735190e+00  1.098583896735190e+00  0
3.328886344205489e-04  1.047292837830273e+00  1.047292837830273e+00  1.047292837830273e+00  1.047292837830273e+00  0
3.648320373633417e-04  1.046980985813599e+00  1.046980985813599e+00  1.046980985813599e+00  1.046980985813599e+00  0
3.998406725972333e-04  1.111458870122787e+00  1.111458870122787e+00  1.111458870122787e+00  1.111458870122787e+00  0
4.382086743763362e-04  1.226761278685662e+00  1.226761278685662e+00  1.226761278685662e+00  1.226761278685662e+00  0
4.802584015561067e-04  1.065100325812657e+00  1.065100325812657e+00  1.065100325812657e+00  1.065100325812657e+00  0
5.263431459760303e-04  1.164936776509206e+00  1.164936776509206e+00  1.164936776509206e+00  1.164936776509206e+00  0
5.768501007339055e-04  1.219914563307742e+00  1.219914563307742e+00  1.219914563307742e+00  1.219914563307742e+00  0
6.322036132904651e-04  1.214681484209438e+00  1.214681484209438e+00  1.214681484209438e+00  1.214681484209438e+00  0
6.928687507361440e-04  1.157925626673751e+00  1.157925626673751e+00  1.157925626673751e+00  1.157925626673751e+00  0
7.593552071745256e-04  8.400823570944903e-01  8.400823570944903e-01  8.400823570944903e-01  8.400823570944903e-01  0
8.322215860513723e-04  8.137885364498884e-01  8.137885364498884e-01  8.137885364498884e-01  8.137885364498884e-01  0
9.120800934083544e-04  8.179417598605214e-01  8.179417598605214e-01  8.179417598605214e-01  8.179417598605214e-01  0
9.996016814930835e-04  8.683452982917782e-01  8.683452982917782e-01  8.683452982917782e-01  8.683452982917782e-01  0
1.095521685940841e-03  9.616833187468963e-01  9.616833187468963e-01  9.616833187468963e-01  9.616833187468963e-01  0
1.200646003890267e-03  7.263164573072394e-01  7.263164573072394e-01  7.263164573072394e-01  7.263164573072394e-01  0
1.315857864940076e-03  8.057503303135699e-01  8.057503303135699e-01  8.057503303135699e-01  8.057503303135699e-01  0
1.442125251834764e-03  8.625219748023228e-01  8.625219748023228e-01  8.625219748023228e-01  8.625219748023228e-01  0
1.580509033226163e-03  8.822612770768310e-01  8.822612770768310e-01  8.822612770768310e-01  8.822612770768310e-01  0
1.732171876840360e-03  8.651239400683057e-01  8.651239400683057e-01  8.651239400683057e-01  8.651239400683057e-01  0
1.898388017936314e-03  5.167441902126603e-01  5.167441902126603e-01  5.167441902126603e-01  5.167441902126603e-01  0
2.080553965128431e-03  5.282531283115032e-01  5.282531283115032e-01  5.282531283115032e-01  5.282531283115032e-01  0
2.280200233520886e-03  5.482221927725911e-01  5.482221927725911e-01  5.482221927725911e-01  5.482221927725911e-01  0
2.499004203732709e-03  5.900783271960930e-01  5.900783271960930e-01  5.900783271960930e-01  5.900783271960930e-01  0
2.738804214852102e-03  6.583250293571774e-01  6.583250293571774e-01  6.583250293571774e-01  6.583250293571774e-01  0
3.001615009725670e-03  7.986638746146713e-01  7.986638746146713e-01  7.986638746146713e-01  7.986638746146713e-01  0
3.289644662350192e-03  6.967066911454713e-01  6.967066911454713e-01  6.967066911454713e-01  6.967066911454713e-01  0
3.605313129586913e-03  6.294474794145067e-01  6.294474794145067e-01  6.294474794145067e-01  6.294474794145067e-01  0
3.951272583065411e-03  5.878854831895144e-01  5.878854831895144e-01  5.878854831895144e-01  5.878854831895144e-01  0
4.330429692100904e-03  5.599641353324426e-01  5.599641353324426e-01  5.599641353324426e-01  5.599641353324426e-01  0
4.745970044840788e-03  1.615554996623809e+00  1.615554996623809e+00  1.615554996623809e+00  1.615554996623809e+00  0
5.201384912821080e-03  1.540289130978089e+00  1.540289130978089e+00  1.540289130978089e+00  1.540289130978089e+00  0
5.700500583802218e-03  1.388850070767878e+00  1.388850070767878e+00  1.388850070767878e+00  1.388850070767878e+00  0
6.247510509331775e-03  1.196013816336429e+00  1.196013816336429e+00  1.196013816336429e+00  1.196013816336429e+00  0
6.847010537130258e-03  1.001107030906661e+00  1.001107030906661e+00  1.001107030906661e+00  1.001107030906661e+00  0
7.504037524314174e-03  1.460799222800321e+00  1.460799222800321e+00  1.460799222800321e+00  1.460799222800321e+00  0
8.224111655875478e-03  1.572851774444127e+00  1.572851774444127e+00  1.572851774444127e+00  1.572851774444127e+00  0
9.013282823967282e-03  1.658741968042332e+00  1.658741968042332e+00  1.658741968042332e+00  1.658741968042332e+00  0
9.878181457663525e-03  1.709234074199929e+00  1.709234074199929e+00  1.709234074199929e+00  1.709234074199929e+00  0
1.082607423025226e-02  1.713813439170324e+00  1.713813439170324e+00  1.713813439170324e+00  1.713813439170324e+00  0
1.186492511210197e-02  1.026254539178272e+00  1.026254539178272e+00  1.026254539178272e+00  1.026254539178272e+00  0
1.300346228205270e-02  1.128651858735653e+00  1.128651858735653e+00  1.128651858735653e+00  1.128651858735653e+00  0
1.425125145950555e-02  1.220283651980362e+00  1.220283651980362e+00  1.220283651980362e+00  1.220283651980362e+00  0
1.561877627332944e-02  1.304747834219456e+00  1.304747834219456e+00  1.304747834219456e+00  1.304747834219456e+00  0
1.711752634282565e-02  1.388982485880085e+00  1.388982485880085e+00  1.388982485880085e+00  1.388982485880085e+00  0
1.876009381078543e-02  8.495896243352038e-01  8.495896243352038e-01  8.495896243352038e-01  8.495896243352038e-01  0
2.056027913968870e-02  9.045447868113585e-01  9.045447868113585e-01  9.045447868113585e-01  9.045447868113585e-01  0
2.253320705991821e-02  9.560028844323233e-01  9.560028844323233e-01  9.560028844323233e-01  9.560028844323233e-01  0
2.469545364415881e-02  1.011112098392848e+00  1.011112098392848e+00  1.011112098392848e+00  1.011112098392848e+00  0
2.706518557563065e-02  1.075831094812808e+00  1.075831094812808e+00  1.075831094812808e+00  1.075831094812808e+00  0
2.966231278025492e-02  9.020049014802336e-01  9.020049014802336e-01  9.020049014802336e-01  9.020049014802336e-01  0
3.250865570513176e-02  9.887793737292934e-01  9.887793737292934e-01  9.887793737292934e-01  9.887793737292934e-01  0
3.562812864876387e-02  1.042400298065876e+00  1.042400298065876e+00  1.042400298065876e+00  1.042400298065876e+00  0
3.904694068332360e-02  1.066401785777389e+00  1.066401785777389e+00  1.066401785777389e+00  1.066401785777389e+00  0
4.279381585706412e-02  1.069191749413952e+00  1.069191749413952e+00  1.069191749413952e+00  1.069191749413952e+00  0
4.690023452696358e-02  1.219118504840680e+00  1.219118504840680e+00  1.219118504840680e+00  1.219118504840680e+00  0
5.140069784922174e-02  1.165045238429607e+00  1.165045238429607e+00  1.165045238429607e+00  1.165045238429607e+00  0
5.633301764979550e-02  1.113544060339533e+00  1.113544060339533e+00  1.113544060339533e+00  1.113544060339533e+00  0
6.173863411039702e-02  1.081928683966724e+00  1.081928683966724e+00  1.081928683966724e+00  1.081928683966724e+00  0
6.766296393907660e-02  1.074165268141780e+00  1.074165268141780e+00  1.074165268141780e+00  1.074165268141780e+00  0
7.415578195063731e-02  1.299065183645055e+00  1.299065183645055e+00  1.299065183645055e+00  1.299065183645055e+00  0
8.127163926282939e-02  1.486373263233657e+00  1.486373263233657e+00  1.486373263233657e+00  1.486373263233657e+00  0
8.907032162190968e-02  1.601904315437174e+00  1.601904315437174e+00  1.601904315437174e+00  1.601904315437174e+00  0
9.761735170830900e-02  1.632703104245149e+00  1.632703104245149e+00  1.632703104245149e+00  1.632703104245149e+00  0
1.069845396426603e-01  1.585875601794614e+00  1.585875601794614e+00  1.585875601794614e+00  1.585875601794614e+00  0
1.172505863174089e-01  2.375534387091641e+00  2.375534387091641e+00  2.375534387091641e+00  2.375534387091641e+00  0
1.285017446230543e-01  2.690494730175014e+00  2.690494730175014e+00  2.690494730175014e+00  2.690494730175014e+00  0
1.408325441244888e-01  2.874057159704892e+00  2.874057159704892e+00  2.874057159704892e+00  2.874057159704892e+00  0
1.543465852759926e-01  2.920531752501631e+00  2.920531752501631e+00  2.920531752501631e+00  2.920531752501631e+00  0
1.691574098476915e-01  2.852266973641666e+00  2.852266973641666e+00  2.852266973641666e+00  2.852266973641666e+00  0
1.853894548765933e-01  7.523419884967213e-01  7.523419884967213e-01  7.523419884967213e-01  7.523419884967213e-01  0
2.031790981570735e-01  1.020702547594804e+00  1.020702547594804e+00  1.020702547594804e+00  1.020702547594804e+00  0
2.226758040547742e-01  1.352583415715463e+00  1.352583415715463e+00  1.352583415715463e+00  1.352583415715463e+00  0
2.440433792707725e-01  1.733301694511241e+00  1.733301694511241e+00  1.733301694511241e+00  1.733301694511241e+00  0
2.674613491066508e-01  2.128144195848519e+00  2.128144195848519e+00  2.128144195848519e+00  2.128144195848519e+00  0
2.931264657935224e-01  1.232514804397086e-01  1.232514804397086e-01  1.232514804397086e-01  1.232514804397086e-01  0
3.212543615576359e-01  1.894054828687461e-01  1.894054828687461e-01  1.894054828687461e-01  1.894054828687461e-01  0
3.520813603112219e-01  2.781625525324609e-01  2.781625525324609e-01  2.781625525324609e-01  2.781625525324609e-01  0
3.858664631899815e-01  3.953081452825079e-01  3.953081452825079e-01  3.953081452825079e-01  3.953081452825079e-01  0
4.228935246192289e-01  5.503057215971442e-01  5.503057215971442e-01  5.503057215971442e-01  5.503057215971442e-01  0
4.634736371914833e-01  2.708250155165627e-02  2.708250155165627e-02  2.708250155165627e-02  2.708250155165627e-02  0
5.079477453926837e-01  3.696288546126357e-02  3.696288546126357e-02  3.696288546126357e-02  3.696288546126357e-02  0
5.566895101369356e-01  5.063330311864446e-02  5.063330311864446e-02  5.063330311864446e-02  5.063330311864446e-02  0
6.101084481769313e-01  7.065930530631929e-02  7.065930530631929e-02  7.065930530631929e-02  7.065930530631929e-02  0
6.686533727666270e-01  1.004948470465821e-01  1.004948470465821e-01  1.004948470465821e-01  1.004948470465821e-01  0
7.328161644838057e-01  3.093588289269577e-03  3.093588289269577e-03  3.093588289269577e-03  3.093588289269577e-03  0
8.031359038940895e-01  5.463915038914317e-03  5.463915038914317e-03  5.463915038914317e-03  5.463915038914317e-03  0
8.802034007780546e-01  8.963770523373707e-03  8.963770523373707e-03  8.963770523373707e-03  8.963770523373707e-03  0
9.646661579749534e-01  1.371469116726165e-02  1.371469116726165e-02  1.371469116726165e-02  1.371469116726165e-02  0
1.057233811548072e+00  1.972467262416609e-02  1.972467262416609e-02  1.972467262416609e-02  1.972467262416609e-02  0
1.158684092978708e+00  5.708118742783693e-05  5.708118742783693e-05  5.708118742783693e-05  5.708118742783693e-05  0
1.269869363481709e+00  1.469818683999209e-04  1.469818683999209e-04  1.469818683999209e-04  1.469818683999209e-04  0
1.391723775342339e+00  3.530164308455015e-04  3.530164308455015e-04  3.530164308455015e-04  3.530164308455015e-04  0
1.525271120442328e+00  7.887852556582579e-04  7.887852556582579e-04  7.887852556582579e-04  7.887852556582579e-04  0
1.671633431916567e+00  1.637014437403043e-03  1.637014437403043e-03  1.637014437403043e-03  1.637014437403043e-03  0
1.832040411209514e+00  1.029778758975684e-06  1.029778758975684e-06  1.029778758975684e-06  1.029778758975684e-06  0
2.007839759735224e+00  2.374849091517303e-06  2.374849091517303e-06  2.374849091517303e-06  2.374849091517303e-06  0
2.200508501945136e+00  5.223363135463096e-06  5.223363135463096e-06  5.223363135463096e-06  5.223363135463096e-06  0
2.411665394937383e+00  1.109462746020870e-05  1.109462746020870e-05  1.109462746020870e-05  1.109462746020870e-05  0
2.643084528870179e+00  2.317868992365721e-05  2.317868992365721e-05  2.317868992365721e-05  2.317868992365721e-05  0
