-2.643084528870179e+00  1.639382160890391e-08  1.639382160890391e-08  1.639382160890391e-08  1.639382160890391e-08  0
-2.411665394937383e+00  6.407925363827281e-09  6.407925363827281e-09  6.407925363827281e-09  6.407925363827281e-09  0
-2.200508501945136e+00  2.499996014135695e-09  2.499996014135695e-09  2.499996014135695e-09  2.499996014135695e-09  0
-2.007839759735224e+00  9.766911020703971e-10  9.766911020703971e-10  9.766911020703971e-10  9.766911020703971e-10  0
-1.832040411209514e+00  3.797695569923937e-10  3.797695569923937e-10  3.797695569923937e-10  3.797695569923937e-10  0
-1.671633431916567e+00  5.278132321004196e-07  5.278132321004196e-07  5.278132321004196e-07  5.278132321004196e-07  0
-1.525271120442328e+00  2.256097114191238e-07  2.256097114191238e-07  2.256097114191238e-07  2.256097114191238e-07  0
-1.391723775342339e+00  9.470959643213643e-08  9.470959643213643e-08  9.470959643213643e-08  9.470959643213643e-08  0
-1.269869363481709e+00  3.892603025859559e-08  3.892603025859559e-08  3.892603025859559e-08  3.892603025859559e-08  0
-1.158684092978708e+00  1.581355759586881e-08  1.581355759586881e-08  1.581355759586881e-08  1.581355759586881e-08  0
-1.057233811548072e+00  6.746365294681684e-05  6.746365294681684e-05  6.746365294681684e-05  6.746365294681684e-05  0
-9.646661579749534e-01  2.156767214586280e-05  2.156767214586280e-05  2.156767214586280e-05  2.156767214586280e-05  0
-8.802034007780546e-01  6.767782308828861e-06  6.767782308828861e-06  6.767782308828861e-06  6.767782308828861e-06  0
-8.031359038940895e-01  2.080572978533862e-06  2.080572978533862e-06  2.080572978533862e-06  2.080572978533862e-06  0
-7.328161644838057e-01  5.887229614627977e-07  5.887229614627977e-07  5.887229614627977e-07  5.887229614627977e-07  0
-6.686533727666270e-01  9.519424634367328e-03  9.519424634367328e-03  9.519424634367328e-03  9.519424634367328e-03  0
-6.101084481769313e-01  4.013913696185608e-03  4.013913696185608e-03  4.013913696185608e-03  4.013913696185608e-03  0
-5.566895101369356e-01  1.561807062954533e-03  1.561807062954533e-03  1.561807062954533e-03  1.561807062954533e-03  0
-5.079477453926837e-01  5.588684630505989e-04  5.588684630505989e-04  5.588684630505989e-04  5.588684630505989e-04  0
-4.634736371914833e-01  1.828062705349755e-04  1.828062705349755e-04  1.828062705349755e-04  1.828062705349755e-04  0
-4.228935246192289e-01  2.222709584565514e-01  2.222709584565514e-01  2.222709584565514e-01  2.222709584565514e-01  0
-3.858664631899815e-01  1.381826475376484e-01  1.381826475376484e-01  1.381826475376484e-01  1.381826475376484e-01  0
-3.520813603112219e-01  7.950980943909694e-02  7.950980943909694e-02  7.950980943909694e-02  7.950980943909694e-02  0
-3.212543615576359e-01  4.235073174221844e-02  4.235073174221844e-02  4.235073174221844e-02  4.235073174221844e-02  0
-2.931264657935224e-01  2.088789519618059e-02  2.088789519618059e-02  2.088789519618059e-02  2.088789519618059e-02  0
-2.674613491066508e-01  7.486107524865462e-01  7.486107524865462e-01  7.486107524865462e-01  7.486107524865462e-01  0
-2.440433792707725e-01  6.858362559718808e-01  6.858362559718808e-01  6.858362559718808e-01  6.858362559718808e-01  0
-2.226758040547742e-01  5.815433107311476e-01  5.815433107311476e-01  5.815433107311476e-01  5.815433107311476e-01  0
-2.031790981570735e-01  4.563449560200785e-01  4.563449560200785e-01  4.563449560200785e-01  4.563449560200785e-01  0
-1.853894548765933e-01  3.313812239341841e-01  3.313812239341841e-01  3.313812239341841e-01  3.313812239341841e-01  0
-1.691574098476915e-01  3.619465137419349e-01  3.619465137419349e-01  3.619465137419349e-01  3.619465137419349e-01  0
-1.543465852759926e-01  4.842576654418158e-01  4.842576654418158e-01  4.842576654418158e-01  4.842576654418158e-01  0
-1.408325441244888e-01  6.019489131918603e-01  6.019489131918603e-01  6.019489131918603e-01  6.019489131918603e-01  0
-1.285017446230543e-01  6.939536480531325e-01  6.939536480531325e-01  6.939536480531325e-01  6.939536480531325e-01  0
-1.172505863174089e-01  7.412344864746330e-01  7.412344864746330e-01  7.412344864746330e-01  7.412344864746330e-01  0
-1.069845396426603e-01  1.055913451749680e-02  1.055913451749680e-02  1.055913451749680e-02  1.055913451749680e-02  0
-9.761735170830900e-02  1.139284165285567e-02  1.139284165285567e-02  1.139284165285567e-02  1.139284165285567e-02  0
-8.907032162190968e-02  1.159832616171456e-02  1.159832616171456e-02  1.159832616171456e-02  1.159832616171456e-02  0
-8.127163926282939e-02  1.110330321729406e-02  1.110330321729406e-02  1.110330321729406e-02  1.110330321729406e-02  0
-7.415578195063731e-02  9.992426376825314e-03  9.992426376825314e-03  9.992426376825314e-03  9.992426376825314e-03  0
-6.766296393907660e-02  5.568728038999165e-03  5.568728038999165e-03  5.568728038999165e-03  5.568728038999165e-03  0
-6.173863411039702e-02  5.926126606739327e-03  5.926126606739327e-03  5.926126606739327e-03  5.926126606739327e-03  0
-5.633301764979550e-02  6.548105835081136e-03  6.548105835081136e-03  6.548105835081136e-03  6.548105835081136e-03  0
-5.140069784922174e-02  7.395545233628746e-03  7.395545233628746e-03  7.395545233628746e-03  7.395545233628746e-03  0
-4.690023452696358e-02  8.312349878223812e-03  8.312349878223812e-03  8.312349878223812e-03  8.312349878223812e-03  0
-4.279381585706412e-02  4.749090490702425e-03  4.749090490702425e-03  4.749090490702425e-03  4.749090490702425e-03  0
-3.904694068332360e-02  4.981313254813362e-03  4.981313254813362e-03  4.981313254813362e-03  4.981313254813362e-03  0
-3.562812864876387e-02  5.095619539887760e-03  5.095619539887760e-03  5.095619539887760e-03  5.095619539887760e-03  0
-3.250865570513176e-02  5.003171133725724e-03  5.003171133725724e-03  5.003171133725724e-03  5.003171133725724e-03  0
-2.966231278025492e-02  4.667490318755015e-03  4.667490318755015e-03  4.667490318755015e-03  4.667490318755015e-03  0
-2.706518557563065e-02  5.193732316882656e-03  5.193732316882656e-03  5.193732316882656e-03  5.193732316882656e-03  0
-2.469545364415881e-02  4.712469405544514e-03  4.712469405544514e-03  4.712469405544514e-03  4.712469405544514e-03  0
-2.253320705991821e-02  4.353913485103504e-03  4.353913485103504e-03  4.353913485103504e-03  4.353913485103504e-03  0
-2.056027913968870e-02  4.077086834154122e-03  4.077086834154122e-03  4.077086834154122e-03  4.077086834154122e-03  0
-1.876009381078543e-02  3.860108953556389e-03  3.860108953556389e-03  3.860108953556389e-03  3.860108953556389e-03  0
-1.711752634282565e-02  1.371601617742159e-02  1.371601617742159e-02  1.371601617742159e-02  1.371601617742159e-02  0
-1.561877627332944e-02  1.012780525168910e-02  1.012780525168910e-02  1.012780525168910e-02  1.012780525168910e-02  0
-1.425125145950555e-02  7.777206959407985e-03  7.777206959407985e-03  7.777206959407985e-03  7.777206959407985e-03  0
-1.300346228205270e-02  6.322259182376007e-03  6.322259182376007e-03  6.322259182376007e-03  6.322259182376007e-03  0
-1.186492511210197e-02  5.400527386475295e-03  5.400527386475295e-03  5.400527386475295e-03  5.400527386475295e-03  0
-1.082607423025226e-02  5.193748373907553e-02  5.193748373907553e-02  5.193748373907553e-02  5.193748373907553e-02  0
-9.878181457663525e-03  4.201916914028620e-02  4.201916914028620e-02  4.201916914028620e-02  4.201916914028620e-02  0
-9.013282823967282e-03  3.306749488888223e-02  3.306749488888223e-02  3.306749488888223e-02  3.306749488888223e-02  0
-8.224111655875478e-03  2.505990502088817e-02  2.505990502088817e-02  2.505990502088817e-02  2.505990502088817e-02  0
-7.504037524314174e-03  1.822398677108993e-02  1.822398677108993e-02  1.822398677108993e-02  1.822398677108993e-02  0
-6.847010537130258e-03  1.481146851036908e-01  1.481146851036908e-01  1.481146851036908e-01  1.481146851036908e-01  0
-6.247510509331775e-03  1.196090017845041e-01  1.196090017845041e-01  1.196090017845041e-01  1.196090017845041e-01  0
-5.700500583802218e-03  9.666367202544490e-02  9.666367202544490e-02  9.666367202544490e-02  9.666367202544490e-02  0
-5.201384912821080e-03  7.887215658838002e-02  7.887215658838002e-02  7.887215658838002e-02  7.887215658838002e-02  0
-4.745970044840788e-03  6.485759828414857e-02  6.485759828414857e-02  6.485759828414857e-02  6.485759828414857e-02  0
-4.330429692100904e-03  2.956812198484445e-01  2.956812198484445e-01  2.956812198484445e-01  2.956812198484445e-01  0
-3.951272583065411e-03  2.729337847644958e-01  2.729337847644958e-01  2.729337847644958e-01  2.729337847644958e-01  0
-3.605313129586913e-03  2.456732192816295e-01  2.456732192816295e-01  2.456732192816295e-01  2.456732192816295e-01  0
-3.289644662350192e-03  2.135738821003111e-01  2.135738821003111e-01  2.135738821003111e-01  2.135738821003111e-01  0
-3.001615009725670e-03  1.791421059005427e-01  1.791421059005427e-01  1.791421059005427e-01  1.791421059005427e-01  0
-2.738804214852102e-03  4.439807320123068e-01  4.439807320123068e-01  4.439807320123068e-01  4.439807320123068e-01  0
-2.499004203732709e-03  4.069731751450890e-01  4.069731751450890e-01  4.069731751450890e-01  4.069731751450890e-01  0
-2.280200233520886e-03  3.712724574320754e-01  3.712724574320754e-01  3.712724574320754e-01  3.712724574320754e-01  0
-2.080553965128431e-03  3.417446756419504e-01  3.417446756419504e-01  3.417446756419504e-01  3.417446756419504e-01  0
-1.898388017936314e-03  3.180484771998883e-01  3.180484771998883e-01  3.180484771998883e-01  3.180484771998883e-01  0
-1.732171876840360e-03  4.604108348228664e-01  4.604108348228664e-01  4.604108348228664e-01  4.604108348228664e-01  0
-1.580509033226163e-03  4.776255117874963e-01  4.776255117874963e-01  4.776255117874963e-01  4.776255117874963e-01  0
-1.442125251834764e-03  4.914571342476822e-01  4.914571342476822e-01  4.914571342476822e-01  4.914571342476822e-01  0
-1.315857864940076e-03  4.915282549274422e-01  4.915282549274422e-01  4.915282549274422e-01  4.915282549274422e-01  0
-1.200646003890267e-03  4.736497825771540e-01  4.736497825771540e-01  4.736497825771540e-01  4.736497825771540e-01  0
-1.095521685940841e-03  5.075645625035026e-01  5.075645625035026e-01  5.075645625035026e-01  5.075645625035026e-01  0
-9.996016814930835e-04  4.904914473696346e-01  4.904914473696346e-01  4.904914473696346e-01  4.904914473696346e-01  0
-9.120800934083544e-04  4.667928377659854e-01  4.667928377659854e-01  4.667928377659854e-01  4.667928377659854e-01  0
-8.322215860513723e-04  4.493734624198513e-01  4.493734624198513e-01  4.493734624198513e-01  4.493734624198513e-01  0
-7.593552071745256e-04  4.462920625300353e-01  4.462920625300353e-01  4.462920625300353e-01  4.462920625300353e-01  0
-6.928687507361440e-04  3.970770866861772e-01  3.970770866861772e-01  3.970770866861772e-01  3.970770866861772e-01  0
-6.322036132904651e-04  4.207590954831022e-01  4.207590954831022e-01  4.207590954831022e-01  4.207590954831022e-01  0
-5.768501007339055e-04  4.563081373224664e-01  4.563081373224664e-01  4.563081373224664e-01  4.563081373224664e-01  0
-5.263431459760303e-04  4.887450478160002e-01  4.887450478160002e-01  4.887450478160002e-01  4.887450478160002e-01  0
-4.802584015561067e-04  5.045659485144997e-01  5.045659485144997e-01  5.045659485144997e-01  5.045659485144997e-01  0
-4.382086743763362e-04  4.737726944962760e-01  4.737726944962760e-01  4.737726944962760e-01  4.737726944962760e-01  0
-3.998406725972333e-04  4.621736959182680e-01  4.621736959182680e-01  4.621736959182680e-01  4.621736959182680e-01  0
-3.648320373633417e-04  4.346452085251246e-01  4.346452085251246e-01  4.346452085251246e-01  4.346452085251246e-01  0
-3.328886344205489e-04  4.054687001976802e-01  4.054687001976802e-01  4.054687001976802e-01  4.054687001976802e-01  0
-3.037420828698102e-04  3.890953602515707e-01  3.890953602515707e-01  3.890953602515707e-01  3.890953602515707e-01  0
-2.771475002944575e-04  3.493713865332826e-01  3.493713865332826e-01  3.493713865332826e-01  3.493713865332826e-01  0
-2.528814453161860e-04  3.634320108590065e-01  3.634320108590065e-01  3.634320108590065e-01  3.634320108590065e-01  0
-2.307400402935622e-04  3.960748121310062e-01  3.960748121310062e-01  3.960748121310062e-01  3.960748121310062e-01  0
-2.105372583904121e-04  4.332792323596559e-01  4.332792323596559e-01  4.332792323596559e-01  4.332792323596559e-01  0
-1.921033606224427e-04  4.585731703147739e-01  4.585731703147739e-01  4.585731703147739e-01  4.585731703147739e-01  0
-1.752834697505345e-04  4.538992087084187e-01  4.538992087084187e-01  4.538992087084187e-01  4.538992087084187e-01  0
-1.599362690388933e-04  4.460911785073141e-01  4.460911785073141e-01  4.460911785073141e-01  4.460911785073141e-01  0
-1.459328149453367e-04  4.179724157662749e-01  4.179724157662749e-01  4.179724157662749e-01  4.179724157662749e-01  0
-1.331554537682195e-04  3.823756377218991e-01  3.823756377218991e-01  3.823756377218991e-01  3.823756377218991e-01  0
-1.214968331479241e-04  3.547548663247076e-01  3.547548663247076e-01  3.547548663247076e-01  3.547548663247076e-01  0
-1.108590001177830e-04  3.300685771674259e-01  3.300685771674259e-01  3.300685771674259e-01  3.300685771674259e-01  0
-1.011525781264744e-04  3.385153258512422e-01  3.385153258512422e-01  3.385153258512422e-01  3.385153258512422e-01  0
-9.229601611742488e-05  3.681283109807347e-01  3.681283109807347e-01  3.681283109807347e-01  3.681283109807347e-01  0
-8.421490335616483e-05  4.064099869633483e-01  4.064099869633483e-01  4.064099869633483e-01  4.064099869633483e-01  0
-7.684134424897707e-05  4.371011414890332e-01  4.371011414890332e-01  4.371011414890332e-01  4.371011414890332e-01  0
-7.011338790021381e-05  4.452323835898407e-01  4.452323835898407e-01  4.452323835898407e-01  4.452323835898407e-01  0
-6.397450761555734e-05  4.394660310564892e-01  4.394660310564892e-01  4.394660310564892e-01  4.394660310564892e-01  0
-5.837312597813469e-05  4.117676234575692e-01  4.117676234575692e-01  4.117676234575692e-01  4.117676234575692e-01  0
-5.326218150728783e-05  3.740309918137351e-01  3.740309918137351e-01  3.740309918137351e-01  3.740309918137351e-01  0
-4.859873325916964e-05  3.416965327488363e-01  3.416965327488363e-01  3.416965327488363e-01  3.416965327488363e-01  0
-4.434360004711321e-05  3.226321278668697e-01  3.226321278668697e-01  3.226321278668697e-01  3.226321278668697e-01  0
-4.046103125058977e-05  3.285039517089307e-01  3.285039517089307e-01  3.285039517089307e-01  3.285039517089307e-01  0
-3.691840644696995e-05  3.564728455128772e-01  3.564728455128772e-01  3.564728455128772e-01  3.564728455128772e-01  0
-3.368596134246593e-05  3.947786881839692e-01  3.947786881839692e-01  3.947786881839692e-01  3.947786881839692e-01  0
-3.073653769959083e-05  4.274042419730104e-01  4.274042419730104e-01  4.274042419730104e-01  4.274042419730104e-01  0
-2.804535516008552e-05  4.417660396711433e-01  4.417660396711433e-01  4.417660396711433e-01  4.417660396711433e-01  0
-2.558980304622294e-05  4.369175050280039e-01  4.369175050280039e-01  4.369175050280039e-01  4.369175050280039e-01  0
-2.334925039125387e-05  4.095145750901090e-01  4.095145750901090e-01  4.095145750901090e-01  4.095145750901090e-01  0
-2.130487260291513e-05  3.710230348351969e-01  3.710230348351969e-01  3.710230348351969e-01  3.710230348351969e-01  0
-1.943949330366785e-05  3.368115916931351e-01  3.368115916931351e-01  3.368115916931351e-01  3.368115916931351e-01  0
-1.773744001884528e-05  3.197523074163737e-01  3.197523074163737e-01  3.197523074163737e-01  3.197523074163737e-01  0
-1.618441250023591e-05  3.245509612027494e-01  3.245509612027494e-01  3.245509612027494e-01  3.245509612027494e-01  0
-1.476736257878798e-05  3.518058458602894e-01  3.518058458602894e-01  3.518058458602894e-01  3.518058458602894e-01  0
-1.347438453698637e-05  3.900694302773056e-01  3.900694302773056e-01  3.900694302773056e-01  3.900694302773056e-01  0
-1.229461507983633e-05  4.234426698676892e-01  4.234426698676892e-01  4.234426698676892e-01  4.234426698676892e-01  0
-1.121814206403421e-05  4.404032844610757e-01  4.404032844610757e-01  4.404032844610757e-01  4.404032844610757e-01  0
-1.023592121848917e-05  4.359413664705361e-01  4.359413664705361e-01  4.359413664705361e-01  4.359413664705361e-01  0
-9.339700156501548e-06  4.086800999747890e-01  4.086800999747890e-01  4.086800999747890e-01  4.086800999747890e-01  0
-8.521949041166052e-06  3.699069177016935e-01  3.699069177016935e-01  3.699069177016935e-01  3.699069177016935e-01  0
-7.775797321467140e-06  3.349528402684849e-01  3.349528402684849e-01  3.349528402684849e-01  3.349528402684849e-01  0
-7.094976007538114e-06  3.186257672451688e-01  3.186257672451688e-01  3.186257672451688e-01  3.186257672451688e-01  0
-6.473765000094363e-06  3.229888542816086e-01  3.229888542816086e-01  3.229888542816086e-01  3.229888542816086e-01  0
-5.906945031515193e-06  3.499509923818745e-01  3.499509923818745e-01  3.499509923818745e-01  3.499509923818745e-01  0
-5.389753814794549e-06  3.881920326533516e-01  3.881920326533516e-01  3.881920326533516e-01  3.881920326533516e-01  0
-4.917846031934533e-06  4.218626660706123e-01  4.218626660706123e-01  4.218626660706123e-01  4.218626660706123e-01  0
-4.487256825613684e-06  4.398751721229519e-01  4.398751721229519e-01  4.398751721229519e-01  4.398751721229519e-01  0
-4.094368487395670e-06  4.355710640900011e-01  4.355710640900011e-01  4.355710640900011e-01  4.355710640900011e-01  0
-3.735880062600620e-06  4.083695266294252e-01  4.083695266294252e-01  4.083695266294252e-01  4.083695266294252e-01  0
-3.408779616466421e-06  3.694858696183598e-01  3.694858696183598e-01  3.694858696183598e-01  3.694858696183598e-01  0
-3.110318928586857e-06  3.342351499065927e-01  3.342351499065927e-01  3.342351499065927e-01  3.342351499065927e-01  0
-2.837990403015245e-06  3.181877857198696e-01  3.181877857198696e-01  3.181877857198696e-01  3.181877857198696e-01  0
-2.589506000037745e-06  3.223759007513666e-01  3.223759007513666e-01  3.223759007513666e-01  3.223759007513666e-01  0
-2.362778012606077e-06  3.492207422066566e-01  3.492207422066566e-01  3.492207422066566e-01  3.492207422066566e-01  0
-2.155901525917819e-06  3.874531877843801e-01  3.874531877843801e-01  3.874531877843801e-01  3.874531877843801e-01  0
-1.967138412773813e-06  4.212437630368206e-01  4.212437630368206e-01  4.212437630368206e-01  4.212437630368206e-01  0
-1.794902730245473e-06  4.396780880891373e-01  4.396780880891373e-01  4.396780880891373e-01  4.396780880891373e-01  0
-1.637747394958268e-06  4.354375334636594e-01  4.354375334636594e-01  4.354375334636594e-01  4.354375334636594e-01  0
-1.494352025040248e-06  4.082597114229577e-01  4.082597114229577e-01  4.082597114229577e-01  4.082597114229577e-01  0
-1.363511846586568e-06  3.693312576499932e-01  3.693312576499932e-01  3.693312576499932e-01  3.693312576499932e-01  0
-1.244127571434742e-06  3.339611163182506e-01  3.339611163182506e-01  3.339611163182506e-01  3.339611163182506e-01  0
-1.135196161206098e-06  3.180226712271746e-01  3.180226712271746e-01  3.180226712271746e-01  3.180226712271746e-01  0
-1.035802400015098e-06  3.221408408832488e-01  3.221408408832488e-01  3.221408408832488e-01  3.221408408832488e-01  0
-9.451112050424309e-07  3.489394742960424e-01  3.489394742960424e-01  3.489394742960424e-01  3.489394742960424e-01  0
-8.623606103671279e-07  3.871695830080402e-01  3.871695830080402e-01  3.871695830080402e-01  3.871695830080402e-01  0
-7.868553651095252e-07  4.210092092628434e-01  4.210092092628434e-01  4.210092092628434e-01  4.210092092628434e-01  0
-7.179610920981894e-07  4.396121513371147e-01  4.396121513371147e-01  4.396121513371147e-01  4.396121513371147e-01  0
-6.550989579833072e-07  4.353969927321294e-01  4.353969927321294e-01  4.353969927321294e-01  4.353969927321294e-01  0
-5.977408100160992e-07  4.082280029778525e-01  4.082280029778525e-01  4.082280029778525e-01  4.082280029778525e-01  0
-5.454047386346274e-07  3.692806425044294e-01  3.692806425044294e-01  3.692806425044294e-01  3.692806425044294e-01  0
-4.976510285738970e-07  3.338618248592109e-01  3.338618248592109e-01  3.338618248592109e-01  3.338618248592109e-01  0
-4.540784644824392e-07  3.179670395337649e-01  3.179670395337649e-01  3.179670395337649e-01  3.179670395337649e-01  0
-4.143209600060391e-07  3.220569629758043e-01  3.220569629758043e-01  3.220569629758043e-01  3.220569629758043e-01  0
-3.780444820169723e-07  3.488376021939147e-01  3.488376021939147e-01  3.488376021939147e-01  3.488376021939147e-01  0
-3.449442441468511e-07  3.870677010161954e-01  3.870677010161954e-01  3.870677010161954e-01  3.870677010161954e-01  0
-3.147421460438101e-07  4.209278376243558e-01  4.209278376243558e-01  4.209278376243558e-01  4.209278376243558e-01  0
-2.871844368392758e-07  4.396012272649427e-01  4.396012272649427e-01  4.396012272649427e-01  4.396012272649427e-01  0
-2.620395831933229e-07  4.353960834295700e-01  4.353960834295700e-01  4.353960834295700e-01  4.353960834295700e-01  0
-2.390963240064397e-07  4.082296115567605e-01  4.082296115567605e-01  4.082296115567605e-01  4.082296115567605e-01  0
-2.181618954538510e-07  3.692731852128036e-01  3.692731852128036e-01  3.692731852128036e-01  3.692731852128036e-01  0
-1.990604114295588e-07  3.338334286552411e-01  3.338334286552411e-01  3.338334286552411e-01  3.338334286552411e-01  0
-1.816313857929757e-07  3.179539458767826e-01  3.179539458767826e-01  3.179539458767826e-01  3.179539458767826e-01  0
-1.657283840024157e-07  3.220334146548728e-01  3.220334146548728e-01  3.220334146548728e-01  3.220334146548728e-01  0
-1.512177928067889e-07  3.488083257037352e-01  3.488083257037352e-01  3.488083257037352e-01  3.488083257037352e-01  0
-1.379776976587405e-07  3.870401267804104e-01  3.870401267804104e-01  3.870401267804104e-01  3.870401267804104e-01  0
-1.258968584175240e-07  4.209098866956834e-01  4.209098866956834e-01  4.209098866956834e-01  4.209098866956834e-01  0
-1.148737747357103e-07  4.396074170585657e-01  4.396074170585657e-01  4.396074170585657e-01  4.396074170585657e-01  0
-1.048158332773291e-07  4.354062705973791e-01  4.354062705973791e-01  4.354062705973791e-01  4.354062705973791e-01  0
-9.563852960257586e-08  4.082403210886257e-01  4.082403210886257e-01  4.082403210886257e-01  4.082403210886257e-01  0
-8.726475818154038e-08  3.692796134080847e-01  3.692796134080847e-01  3.692796134080847e-01  3.692796134080847e-01  0
-7.962416457182352e-08  3.338310587568090e-01  3.338310587568090e-01  3.338310587568090e-01  3.338310587568090e-01  0
-7.265255431719029e-08  3.179560653635577e-01  3.179560653635577e-01  3.179560653635577e-01  3.179560653635577e-01  0
-6.629135360096627e-08  3.220315325725932e-01  3.220315325725932e-01  3.220315325725932e-01  3.220315325725932e-01  0
-6.048711712271557e-08  3.488048519517691e-01  3.488048519517691e-01  3.488048519517691e-01  3.488048519517691e-01  0
-5.519107906349619e-08  3.870382861433297e-01  3.870382861433297e-01  3.870382861433297e-01  3.870382861433297e-01  0
-5.035874336700961e-08  4.209127276036549e-01  4.209127276036549e-01  4.209127276036549e-01  4.209127276036549e-01  0
-4.594950989428412e-08  4.396198034132543e-01  4.396198034132543e-01  4.396198034132543e-01  4.396198034132543e-01  0
-4.192633331093166e-08  4.354201727847592e-01  4.354201727847592e-01  4.354201727847592e-01  4.354201727847592e-01  0
-3.825541184103035e-08  4.082538401294071e-01  4.082538401294071e-01  4.082538401294071e-01  4.082538401294071e-01  0
-3.490590327261615e-08  3.692905750663965e-01  3.692905750663965e-01  3.692905750663965e-01  3.692905750663965e-01  0
-3.184966582872941e-08  3.338377527742609e-01  3.338377527742609e-01  3.338377527742609e-01  3.338377527742609e-01  0
-2.906102172687611e-08  3.179640422212633e-01  3.179640422212633e-01  3.179640422212633e-01  3.179640422212633e-01  0
-2.651654144038651e-08  3.220380123221228e-01  3.220380123221228e-01  3.220380123221228e-01  3.220380123221228e-01  0
-2.419484684908623e-08  3.488113065870516e-01  3.488113065870516e-01  3.488113065870516e-01  3.488113065870516e-01  0
-2.207643162539847e-08  3.870462607732115e-01  3.870462607732115e-01  3.870462607732115e-01  3.870462607732115e-01  0
-2.014349734680384e-08  4.209233412348635e-01  4.209233412348635e-01  4.209233412348635e-01  4.209233412348635e-01  0
-1.837980395771364e-08  4.396345819771890e-01  4.396345819771890e-01  4.396345819771890e-01  4.396345819771890e-01  0
-1.677053332437266e-08  4.354354657813346e-01  4.354354657813346e-01  4.354354657813346e-01  4.354354657813346e-01  0
-1.530216473641213e-08  4.082683757143031e-01  4.082683757143031e-01  4.082683757143031e-01  4.082683757143031e-01  0
-1.396236130904646e-08  3.693032216223766e-01  3.693032216223766e-01  3.693032216223766e-01  3.693032216223766e-01  0
-1.273986633149176e-08  3.338479070309616e-01  3.338479070309616e-01  3.338479070309616e-01  3.338479070309616e-01  0
-1.162440869075045e-08  3.179743192752541e-01  3.179743192752541e-01  3.179743192752541e-01  3.179743192752541e-01  0
-1.060661657615460e-08  3.220477871478495e-01  3.220477871478495e-01  3.220477871478495e-01  3.220477871478495e-01  0
-9.677938739634492e-09  3.488216737010792e-01  3.488216737010792e-01  3.488216737010792e-01  3.488216737010792e-01  0
-8.830572650159389e-09  3.870580929790766e-01  3.870580929790766e-01  3.870580929790766e-01  3.870580929790766e-01  0
-8.057398938721539e-09  4.209369877729339e-01  4.209369877729339e-01  4.209369877729339e-01  4.209369877729339e-01  0
-7.351921583085459e-09  4.396502869691069e-01  4.396502869691069e-01  4.396502869691069e-01  4.396502869691069e-01  0
-6.708213329749065e-09  4.354512843333508e-01  4.354512843333508e-01  4.354512843333508e-01  4.354512843333508e-01  0
-6.120865894564855e-09  4.082832874678475e-01  4.082832874678475e-01  4.082832874678475e-01  4.082832874678475e-01  0
-5.584944523618584e-09  3.693165117526535e-01  3.693165117526535e-01  3.693165117526535e-01  3.693165117526535e-01  0
-5.095946532596706e-09  3.338594136266507e-01  3.338594136266507e-01  3.338594136266507e-01  3.338594136266507e-01  0
-4.649763476300179e-09  3.179854769022143e-01  3.179854769022143e-01  3.179854769022143e-01  3.179854769022143e-01  0
-4.242646630461842e-09  3.220588451459977e-01  3.220588451459977e-01  3.220588451459977e-01  3.220588451459977e-01  0
-3.871175495853797e-09  3.488335728067128e-01  3.488335728067128e-01  3.488335728067128e-01  3.488335728067128e-01  0
-3.532229060063756e-09  3.870714351314491e-01  3.870714351314491e-01  3.870714351314491e-01  3.870714351314491e-01  0
-3.222959575488616e-09  4.209518137159560e-01  4.209518137159560e-01  4.209518137159560e-01  4.209518137159560e-01  0
-2.940768633234184e-09  4.396663144707595e-01  4.396663144707595e-01  4.396663144707595e-01  4.396663144707595e-01  0
-2.683285331899626e-09  4.354672670778505e-01  4.354672670778505e-01  4.354672670778505e-01  4.354672670778505e-01  0
-2.448346357825942e-09  4.082983080810998e-01  4.082983080810998e-01  4.082983080810998e-01  4.082983080810998e-01  0
-2.233977809447434e-09  3.693300241634794e-01  3.693300241634794e-01  3.693300241634794e-01  3.693300241634794e-01  0
-2.038378613038682e-09  3.338714335983466e-01  3.338714335983466e-01  3.338714335983466e-01  3.338714335983466e-01  0
-1.859905390520071e-09  3.179968980778685e-01  3.179968980778685e-01  3.179968980778685e-01  3.179968980778685e-01  0
-1.697058652184737e-09  3.220703426417370e-01  3.220703426417370e-01  3.220703426417370e-01  3.220703426417370e-01  0
-1.548470198341519e-09  3.488460192899325e-01  3.488460192899325e-01  3.488460192899325e-01  3.488460192899325e-01  0
-1.412891624025502e-09  3.870853192082475e-01  3.870853192082475e-01  3.870853192082475e-01  3.870853192082475e-01  0
-1.289183830195446e-09  4.209670504395380e-01  4.209670504395380e-01  4.209670504395380e-01  4.209670504395380e-01  0
-1.176307453293673e-09  4.396823667346032e-01  4.396823667346032e-01  4.396823667346032e-01  4.396823667346032e-01  0
-1.073314132759850e-09  4.354832183132370e-01  4.354832183132370e-01  4.354832183132370e-01  4.354832183132370e-01  0
-9.793385431303769e-10  4.083132890413668e-01  4.083132890413668e-01  4.083132890413668e-01  4.083132890413668e-01  0
-8.935911237789734e-10  3.693435638427768e-01  3.693435638427768e-01  3.693435638427768e-01  3.693435638427768e-01  0
-8.153514452154729e-10  3.338836256659872e-01  3.338836256659872e-01  3.338836256659872e-01  3.338836256659872e-01  0
-7.439621562080285e-10  3.180082074260367e-01  3.180082074260367e-01  3.180082074260367e-01  3.180082074260367e-01  0
-6.788234608738945e-10  3.220818357485921e-01  3.220818357485921e-01  3.220818357485921e-01  3.220818357485921e-01  0
-6.193880793366075e-10  3.488585252136241e-01  3.488585252136241e-01  3.488585252136241e-01  3.488585252136241e-01  0
-5.651566496102009e-10  3.870992688495685e-01  3.870992688495685e-01  3.870992688495685e-01  3.870992688495685e-01  0
-5.156735320781784e-10  4.209823029765683e-01  4.209823029765683e-01  4.209823029765683e-01  4.209823029765683e-01  0
-4.705229813174694e-10  4.396984013294352e-01  4.396984013294352e-01  4.396984013294352e-01  4.396984013294352e-01  0
-4.293256531039402e-10  4.354991947492957e-01  4.354991947492957e-01  4.354991947492957e-01  4.354991947492957e-01  0
-3.917354172521507e-10  4.083284103559207e-01  4.083284103559207e-01  4.083284103559207e-01  4.083284103559207e-01  0
-3.574364495115894e-10  3.693574763290066e-01  3.693574763290066e-01  3.693574763290066e-01  3.693574763290066e-01  0
-3.261405780861892e-10  3.338965719087925e-01  3.338965719087925e-01  3.338965719087925e-01  3.338965719087925e-01  0
3.261405780861892e-10  4.357784458845536e-01  4.357784458845536e-01  4.357784458845536e-01  4.357784458845536e-01  0
3.574364495115894e-10  4.075997658567674e-01  4.075997658567674e-01  4.075997658567674e-01  4.075997658567674e-01  0
3.917354172521507e-10  3.684169440710818e-01  3.684169440710818e-01  3.684169440710818e-01  3.684169440710818e-01  0
4.293256531039402e-10  3.335627754670387e-01  3.335627754670387e-01  3.335627754670387e-01  3.335627754670387e-01  0
4.705229813174694e-10  3.170030958568869e-01  3.170030958568869e-01  3.170030958568869e-01  3.170030958568869e-01  0
5.156735320781784e-10  3.218611466206114e-01  3.218611466206114e-01  3.218611466206114e-01  3.218611466206114e-01  0
5.651566496102009e-10  3.499588187216564e-01  3.499588187216564e-01  3.499588187216564e-01  3.499588187216564e-01  0
6.193880793366075e-10  3.891318196735482e-01  3.891318196735482e-01  3.891318196735482e-01  3.891318196735482e-01  0
6.788234608738945e-10  4.241182924936551e-01  4.241182924936551e-01  4.241182924936551e-01  4.241182924936551e-01  0
7.439621562080285e-10  4.408322055464445e-01  4.408322055464445e-01  4.408322055464445e-01  4.408322055464445e-01  0
8.153514452154729e-10  4.347813461892275e-01  4.347813461892275e-01  4.347813461892275e-01  4.347813461892275e-01  0
8.935911237789734e-10  4.071849913216495e-01  4.071849913216495e-01  4.071849913216495e-01  4.071849913216495e-01  0
9.793385431303769e-10  3.682525321943406e-01  3.682525321943406e-01  3.682525321943406e-01  3.682525321943406e-01  0
1.073314132759850e-09  3.334973661510800e-01  3.334973661510800e-01  3.334973661510800e-01  3.334973661510800e-01  0
1.176307453293673e-09  3.169733851817717e-01  3.169733851817717e-01  3.169733851817717e-01  3.169733851817717e-01  0
1.289183830195446e-09  3.218487532192005e-01  3.218487532192005e-01  3.218487532192005e-01  3.218487532192005e-01  0
1.412891624025502e-09  3.499451430001838e-01  3.499451430001838e-01  3.499451430001838e-01  3.499451430001838e-01  0
1.548470198341519e-09  3.891164826883871e-01  3.891164826883871e-01  3.891164826883871e-01  3.891164826883871e-01  0
1.697058652184737e-09  4.241015137520099e-01  4.241015137520099e-01  4.241015137520099e-01  4.241015137520099e-01  0
1.859905390520071e-09  4.408147426165609e-01  4.408147426165609e-01  4.408147426165609e-01  4.408147426165609e-01  0
2.038378613038682e-09  4.345313151910138e-01  4.345313151910138e-01  4.345313151910138e-01  4.345313151910138e-01  0
2.233977809447434e-09  4.070743938001605e-01  4.070743938001605e-01  4.070743938001605e-01  4.070743938001605e-01  0
2.448346357825942e-09  3.682026753286947e-01  3.682026753286947e-01  3.682026753286947e-01  3.682026753286947e-01  0
2.683285331899626e-09  3.334720668205700e-01  3.334720668205700e-01  3.334720668205700e-01  3.334720668205700e-01  0
2.940768633234184e-09  3.169570070936594e-01  3.169570070936594e-01  3.169570070936594e-01  3.169570070936594e-01  0
3.222959575488616e-09  3.218363877728124e-01  3.218363877728124e-01  3.218363877728124e-01  3.218363877728124e-01  0
3.532229060063756e-09  3.499315715823165e-01  3.499315715823165e-01  3.499315715823165e-01  3.499315715823165e-01  0
3.871175495853797e-09  3.891013242364212e-01  3.891013242364212e-01  3.891013242364212e-01  3.891013242364212e-01  0
4.242646630461842e-09  4.240849941925784e-01  4.240849941925784e-01  4.240849941925784e-01  4.240849941925784e-01  0
4.649763476300179e-09  4.407976225266649e-01  4.407976225266649e-01  4.407976225266649e-01  4.407976225266649e-01  0
5.095946532596706e-09  4.344316343753702e-01  4.344316343753702e-01  4.344316343753702e-01  4.344316343753702e-01  0
5.584944523618584e-09  4.070250361037403e-01  4.070250361037403e-01  4.070250361037403e-01  4.070250361037403e-01  0
6.120865894564855e-09  3.681759583673314e-01  3.681759583673314e-01  3.681759583673314e-01  3.681759583673314e-01  0
6.708213329749065e-09  3.334549700019896e-01  3.334549700019896e-01  3.334549700019896e-01  3.334549700019896e-01  0
7.351921583085459e-09  3.169434552057183e-01  3.169434552057183e-01  3.169434552057183e-01  3.169434552057183e-01  0
8.057398938721539e-09  3.218238371276834e-01  3.218238371276834e-01  3.218238371276834e-01  3.218238371276834e-01  0
8.830572650159389e-09  3.499176976326911e-01  3.499176976326911e-01  3.499176976326911e-01  3.499176976326911e-01  0
9.677938739634492e-09  3.890857882353769e-01  3.890857882353769e-01  3.890857882353769e-01  3.890857882353769e-01  0
1.060661657615460e-08  4.240681042062512e-01  4.240681042062512e-01  4.240681042062512e-01  4.240681042062512e-01  0
1.162440869075045e-08  4.407802225532373e-01  4.407802225532373e-01  4.407802225532373e-01  4.407802225532373e-01  0
1.273986633149176e-08  4.343819306027809e-01  4.343819306027809e-01  4.343819306027809e-01  4.343819306027809e-01  0
1.396236130904646e-08  4.069958777036897e-01  4.069958777036897e-01  4.069958777036897e-01  4.069958777036897e-01  0
1.530216473641213e-08  3.681568211580913e-01  3.681568211580913e-01  3.681568211580913e-01  3.681568211580913e-01  0
1.677053332437266e-08  3.334405252664065e-01  3.334405252664065e-01  3.334405252664065e-01  3.334405252664065e-01  0
1.837980395771364e-08  3.169307214497555e-01  3.169307214497555e-01  3.169307214497555e-01  3.169307214497555e-01  0
2.014349734680384e-08  3.218105962251449e-01  3.218105962251449e-01  3.218105962251449e-01  3.218105962251449e-01  0
2.207643162539847e-08  3.499027636879811e-01  3.499027636879811e-01  3.499027636879811e-01  3.499027636879811e-01  0
2.419484684908623e-08  3.890689319453596e-01  3.890689319453596e-01  3.890689319453596e-01  3.890689319453596e-01  0
2.651654144038651e-08  4.240498535021809e-01  4.240498535021809e-01  4.240498535021809e-01  4.240498535021809e-01  0
2.906102172687611e-08  4.407616527240492e-01  4.407616527240492e-01  4.407616527240492e-01  4.407616527240492e-01  0
3.184966582872941e-08  4.343491192005174e-01  4.343491192005174e-01  4.343491192005174e-01  4.343491192005174e-01  0
3.490590327261615e-08  4.069731320016861e-01  4.069731320016861e-01  4.069731320016861e-01  4.069731320016861e-01  0
3.825541184103035e-08  3.681399332063754e-01  3.681399332063754e-01  3.681399332063754e-01  3.681399332063754e-01  0
4.192633331093166e-08  3.334267518838285e-01  3.334267518838285e-01  3.334267518838285e-01  3.334267518838285e-01  0
4.594950989428412e-08  3.169179159067577e-01  3.169179159067577e-01  3.169179159067577e-01  3.169179159067577e-01  0
5.035874336700961e-08  3.217955376073804e-01  3.217955376073804e-01  3.217955376073804e-01  3.217955376073804e-01  0
5.519107906349619e-08  3.498850580602708e-01  3.498850580602708e-01  3.498850580602708e-01  3.498850580602708e-01  0
6.048711712271557e-08  3.890486247509858e-01  3.890486247509858e-01  3.890486247509858e-01  3.890486247509858e-01  0
6.629135360096627e-08  4.240280278762393e-01  4.240280278762393e-01  4.240280278762393e-01  4.240280278762393e-01  0
7.265255431719029e-08  4.407399710995714e-01  4.407399710995714e-01  4.407399710995714e-01  4.407399710995714e-01  0
7.962416457182352e-08  4.343178373318602e-01  4.343178373318602e-01  4.343178373318602e-01  4.343178373318602e-01  0
8.726475818154038e-08  4.069498165017159e-01  4.069498165017159e-01  4.069498165017159e-01  4.069498165017159e-01  0
9.563852960257586e-08  3.681223834467287e-01  3.681223834467287e-01  3.681223834467287e-01  3.681223834467287e-01  0
1.048158332773291e-07  3.334124166216248e-01  3.334124166216248e-01  3.334124166216248e-01  3.334124166216248e-01  0
1.148737747357103e-07  3.169041351855412e-01  3.169041351855412e-01  3.169041351855412e-01  3.169041351855412e-01  0
1.258968584175240e-07  3.217759113365383e-01  3.217759113365383e-01  3.217759113365383e-01  3.217759113365383e-01  0
1.379776976587405e-07  3.498603893014419e-01  3.498603893014419e-01  3.498603893014419e-01  3.498603893014419e-01  0
1.512177928067889e-07  3.890196463518897e-01  3.890196463518897e-01  3.890196463518897e-01  3.890196463518897e-01  0
1.657283840024157e-07  4.239972127428570e-01  4.239972127428570e-01  4.239972127428570e-01  4.239972127428570e-01  0
1.816313857929757e-07  4.407104521937267e-01  4.407104521937267e-01  4.407104521937267e-01  4.407104521937267e-01  0
1.990604114295588e-07  4.342744489060422e-01  4.342744489060422e-01  4.342744489060422e-01  4.342744489060422e-01  0
2.181618954538510e-07  4.069185913091367e-01  4.069185913091367e-01  4.069185913091367e-01  4.069185913091367e-01  0
2.390963240064397e-07  3.681007377257020e-01  3.681007377257020e-01  3.681007377257020e-01  3.681007377257020e-01  0
2.620395831933229e-07  3.333958206353457e-01  3.333958206353457e-01  3.333958206353457e-01  3.333958206353457e-01  0
2.871844368392758e-07  3.168876261065947e-01  3.168876261065947e-01  3.168876261065947e-01  3.168876261065947e-01  0
3.147421460438101e-07  3.217444226900199e-01  3.217444226900199e-01  3.217444226900199e-01  3.217444226900199e-01  0
3.449442441468511e-07  3.498180488581682e-01  3.498180488581682e-01  3.498180488581682e-01  3.498180488581682e-01  0
3.780444820169723e-07  3.889688467897744e-01  3.889688467897744e-01  3.889688467897744e-01  3.889688467897744e-01  0
4.143209600060391e-07  4.239438532265253e-01  4.239438532265253e-01  4.239438532265253e-01  4.239438532265253e-01  0
4.540784644824392e-07  4.406613077781341e-01  4.406613077781341e-01  4.406613077781341e-01  4.406613077781341e-01  0
4.976510285738970e-07  4.341925802386518e-01  4.341925802386518e-01  4.341925802386518e-01  4.341925802386518e-01  0
5.454047386346274e-07  4.068634374290900e-01  4.068634374290900e-01  4.068634374290900e-01  4.068634374290900e-01  0
5.977408100160992e-07  3.680666226510764e-01  3.680666226510764e-01  3.680666226510764e-01  3.680666226510764e-01  0
6.550989579833072e-07  3.333722934351814e-01  3.333722934351814e-01  3.333722934351814e-01  3.333722934351814e-01  0
7.179610920981894e-07  3.168635327091190e-01  3.168635327091190e-01  3.168635327091190e-01  3.168635327091190e-01  0
7.868553651095252e-07  3.216720610282052e-01  3.216720610282052e-01  3.216720610282052e-01  3.216720610282052e-01  0
8.623606103671279e-07  3.497241313333553e-01  3.497241313333553e-01  3.497241313333553e-01  3.497241313333553e-01  0
9.451112050424309e-07  3.888586140212727e-01  3.888586140212727e-01  3.888586140212727e-01  3.888586140212727e-01  0
1.035802400015098e-06  4.238307635611431e-01  4.238307635611431e-01  4.238307635611431e-01  4.238307635611431e-01  0
1.135196161206098e-06  4.405605940584940e-01  4.405605940584940e-01  4.405605940584940e-01  4.405605940584940e-01  0
1.244127571434742e-06  4.339742790253938e-01  4.339742790253938e-01  4.339742790253938e-01  4.339742790253938e-01  0
1.363511846586568e-06  4.067129673779606e-01  4.067129673779606e-01  4.067129673779606e-01  4.067129673779606e-01  0
1.494352025040248e-06  3.679718602723187e-01  3.679718602723187e-01  3.679718602723187e-01  3.679718602723187e-01  0
1.637747394958268e-06  3.333085362200858e-01  3.333085362200858e-01  3.333085362200858e-01  3.333085362200858e-01  0
1.794902730245473e-06  3.168037921261078e-01  3.168037921261078e-01  3.168037921261078e-01  3.168037921261078e-01  0
1.967138412773813e-06  3.214923206358023e-01  3.214923206358023e-01  3.214923206358023e-01  3.214923206358023e-01  0
2.155901525917819e-06  3.494841094087942e-01  3.494841094087942e-01  3.494841094087942e-01  3.494841094087942e-01  0
2.362778012606077e-06  3.885726561126553e-01  3.885726561126553e-01  3.885726561126553e-01  3.885726561126553e-01  0
2.589506000037745e-06  4.235340968689312e-01  4.235340968689312e-01  4.235340968689312e-01  4.235340968689312e-01  0
2.837990403015245e-06  4.402931172801124e-01  4.402931172801124e-01  4.402931172801124e-01  4.402931172801124e-01  0
3.110318928586857e-06  4.344250250273397e-01  4.344250250273397e-01  4.344250250273397e-01  4.344250250273397e-01  0
3.408779616466421e-06  4.067582922254547e-01  4.067582922254547e-01  4.067582922254547e-01  4.067582922254547e-01  0
3.735880062600620e-06  3.679056319030000e-01  3.679056319030000e-01  3.679056319030000e-01  3.679056319030000e-01  0
4.094368487395670e-06  3.332164757557096e-01  3.332164757557096e-01  3.332164757557096e-01  3.332164757557096e-01  0
4.487256825613684e-06  3.166797166547841e-01  3.166797166547841e-01  3.166797166547841e-01  3.166797166547841e-01  0
4.917846031934533e-06  3.210685711760458e-01  3.210685711760458e-01  3.210685711760458e-01  3.210685711760458e-01  0
5.389753814794549e-06  3.489124011244135e-01  3.489124011244135e-01  3.489124011244135e-01  3.489124011244135e-01  0
5.906945031515193e-06  3.878892518171382e-01  3.878892518171382e-01  3.878892518171382e-01  3.878892518171382e-01  0
6.473765000094363e-06  4.228263962839786e-01  4.228263962839786e-01  4.228263962839786e-01  4.228263962839786e-01  0
7.094976007538114e-06  4.396592113051115e-01  4.396592113051115e-01  4.396592113051115e-01  4.396592113051115e-01  0
7.775797321467140e-06  4.331935360670023e-01  4.331935360670023e-01  4.331935360670023e-01  4.331935360670023e-01  0
8.521949041166052e-06  4.059272001824566e-01  4.059272001824566e-01  4.059272001824566e-01  4.059272001824566e-01  0
9.339700156501548e-06  3.674000699452281e-01  3.674000699452281e-01  3.674000699452281e-01  3.674000699452281e-01  0
1.023592121848917e-05  3.328831595068290e-01  3.328831595068290e-01  3.328831595068290e-01  3.328831595068290e-01  0
1.121814206403421e-05  3.163520763158092e-01  3.163520763158092e-01  3.163520763158092e-01  3.163520763158092e-01  0
1.229461507983633e-05  3.200427793837304e-01  3.200427793837304e-01  3.200427793837304e-01  3.200427793837304e-01  0
1.347438453698637e-05  3.475187813442254e-01  3.475187813442254e-01  3.475187813442254e-01  3.475187813442254e-01  0
1.476736257878798e-05  3.862175344798465e-01  3.862175344798465e-01  3.862175344798465e-01  3.862175344798465e-01  0
1.618441250023591e-05  4.210939999963169e-01  4.210939999963169e-01  4.210939999963169e-01  4.210939999963169e-01  0
1.773744001884528e-05  4.381102393508066e-01  4.381102393508066e-01  4.381102393508066e-01  4.381102393508066e-01  0
1.943949330366785e-05  4.301615569358720e-01  4.301615569358720e-01  4.301615569358720e-01  4.301615569358720e-01  0
2.130487260291513e-05  4.038853414984212e-01  4.038853414984212e-01  4.038853414984212e-01  4.038853414984212e-01  0
2.334925039125387e-05  3.661669889247692e-01  3.661669889247692e-01  3.661669889247692e-01  3.661669889247692e-01  0
2.558980304622294e-05  3.320798272292660e-01  3.320798272292660e-01  3.320798272292660e-01  3.320798272292660e-01  0
2.804535516008552e-05  3.155642321560505e-01  3.155642321560505e-01  3.155642321560505e-01  3.155642321560505e-01  0
3.073653769959083e-05  3.175997281276924e-01  3.175997281276924e-01  3.175997281276924e-01  3.175997281276924e-01  0
3.368596134246593e-05  3.441517199156552e-01  3.441517199156552e-01  3.441517199156552e-01  3.441517199156552e-01  0
3.691840644696995e-05  3.821418886176002e-01  3.821418886176002e-01  3.821418886176002e-01  3.821418886176002e-01  0
4.046103125058977e-05  4.168499336169796e-01  4.168499336169796e-01  4.168499336169796e-01  4.168499336169796e-01  0
4.434360004711321e-05  4.343095142162700e-01  4.343095142162700e-01  4.343095142162700e-01  4.343095142162700e-01  0
4.859873325916964e-05  4.227630012608956e-01  4.227630012608956e-01  4.227630012608956e-01  4.227630012608956e-01  0
5.326218150728783e-05  3.989057007856590e-01  3.989057007856590e-01  3.989057007856590e-01  3.989057007856590e-01  0
5.837312597813469e-05  3.631914525306077e-01  3.631914525306077e-01  3.631914525306077e-01  3.631914525306077e-01  0
6.397450761555734e-05  3.301825957531243e-01  3.301825957531243e-01  3.301825957531243e-01  3.301825957531243e-01  0
7.011338790021381e-05  3.137133169913490e-01  3.137133169913490e-01  3.137133169913490e-01  3.137133169913490e-01  0
7.684134424897707e-05  3.121191887276495e-01  3.121191887276495e-01  3.121191887276495e-01  3.121191887276495e-01  0
8.421490335616483e-05  3.363892068333753e-01  3.363892068333753e-01  3.363892068333753e-01  3.363892068333753e-01  0
9.229601611742488e-05  3.725234840195857e-01  3.725234840195857e-01  3.725234840195857e-01  3.725234840195857e-01  0
1.011525781264744e-04  4.066840603398070e-01  4.066840603398070e-01  4.066840603398070e-01  4.066840603398070e-01  0
1.108590001177830e-04  4.251410109693687e-01  4.251410109693687e-01  4.251410109693687e-01  4.251410109693687e-01  0
1.214968331479241e-04  4.034033088882446e-01  4.034033088882446e-01  4.034033088882446e-01  4.034033088882446e-01  0
1.331554537682195e-04  3.859375597006925e-01  3.859375597006925e-01  3.859375597006925e-01  3.859375597006925e-01  0
1.459328149453367e-04  3.556093644445817e-01  3.556093644445817e-01  3.556093644445817e-01  3.556093644445817e-01  0
1.599362690388933e-04  3.256864099522406e-01  3.256864099522406e-01  3.256864099522406e-01  3.256864099522406e-01  0
1.752834697505345e-04  3.096333919702688e-01  3.096333919702688e-01  3.096333919702688e-01  3.096333919702688e-01  0
1.921033606224427e-04  2.941409335009654e-01  2.941409335009654e-01  2.941409335009654e-01  2.941409335009654e-01  0
2.105372583904121e-04  3.154485622791533e-01  3.154485622791533e-01  3.154485622791533e-01  3.154485622791533e-01  0
2.307400402935622e-04  3.482190441127063e-01  3.482190441127063e-01  3.482190441127063e-01  3.482190441127063e-01  0
2.528814453161860e-04  3.812625905603652e-01  3.812625905603652e-01  3.812625905603652e-01  3.812625905603652e-01  0
2.771475002944575e-04  4.020710316094023e-01  4.020710316094023e-01  4.020710316094023e-01  4.020710316094023e-01  0
3.037420828698102e-04  3.390155418377530e-01  3.390155418377530e-01  3.390155418377530e-01  3.390155418377530e-01  0
3.328886344205489e-04  3.357308720412516e-01  3.357308720412516e-01  3.357308720412516e-01  3.357308720412516e-01  0
3.648320373633417e-04  3.201775410950073e-01  3.201775410950073e-01  3.201775410950073e-01  3.201775410950073e-01  0
3.998406725972333e-04  3.016855537769743e-01  3.016855537769743e-01  3.016855537769743e-01  3.016855537769743e-01  0
4.382086743763362e-04  2.913534911187931e-01  2.913534911187931e-01  2.913534911187931e-01  2.913534911187931e-01  0
4.802584015561067e-04  2.229443197908896e-01  2.229443197908896e-01  2.229443197908896e-01  2.229443197908896e-01  0
5.263431459760303e-04  2.432172380363894e-01  2.432172380363894e-01  2.432172380363894e-01  2.432172380363894e-01  0
5.768501007339055e-04  2.721624907152375e-01  2.721624907152375e-01  2.721624907152375e-01  2.721624907152375e-01  0
6.322036132904651e-04  3.032766500081504e-01  3.032766500081504e-01  3.032766500081504e-01  3.032766500081504e-01  0
6.928687507361440e-04  3.278811513239441e-01  3.278811513239441e-01  3.278811513239441e-01  3.278811513239441e-01  0
7.593552071745256e-04  2.200159090554007e-01  2.200159090554007e-01  2.200159090554007e-01  2.200159090554007e-01  0
8.322215860513723e-04  2.228163776546123e-01  2.228163776546123e-01  2.228163776546123e-01  2.228163776546123e-01  0
9.120800934083544e-04  2.194358690045507e-01  2.194358690045507e-01  2.194358690045507e-01  2.194358690045507e-01  0
9.996016814930835e-04  2.146586003771210e-01  2.146586003771210e-01  2.146586003771210e-01  2.146586003771210e-01  0
1.095521685940841e-03  2.146917712680480e-01  2.146917712680480e-01  2.146917712680480e-01  2.146917712680480e-01  0
1.200646003890267e-03  1.759718408483796e-01  1.759718408483796e-01  1.759718408483796e-01  1.759718408483796e-01  0
1.315857864940076e-03  1.789203302402463e-01  1.789203302402463e-01  1.789203302402463e-01  1.789203302402463e-01  0
1.442125251834764e-03  1.893244574903300e-01  1.893244574903300e-01  1.893244574903300e-01  1.893244574903300e-01  0
1.580509033226163e-03  2.036116992193517e-01  2.036116992193517e-01  2.036116992193517e-01  2.036116992193517e-01  0
1.732171876840360e-03  2.171477634168807e-01  2.171477634168807e-01  2.171477634168807e-01  2.171477634168807e-01  0
1.898388017936314e-03  3.062757496599671e-01  3.062757496599671e-01  3.062757496599671e-01  3.062757496599671e-01  0
2.080553965128431e-03  2.763786575427380e-01  2.763786575427380e-01  2.763786575427380e-01  2.763786575427380e-01  0
2.280200233520886e-03  2.438675429807703e-01  2.438675429807703e-01  2.438675429807703e-01  2.438675429807703e-01  0
2.499004203732709e-03  2.141660517419028e-01  2.141660517419028e-01  2.141660517419028e-01  2.141660517419028e-01  0
2.738804214852102e-03  1.921395644974728e-01  1.921395644974728e-01  1.921395644974728e-01  1.921395644974728e-01  0
3.001615009725670e-03  4.488829709890725e-01  4.488829709890725e-01  4.488829709890725e-01  4.488829709890725e-01  0
3.289644662350192e-03  4.357019006739106e-01  4.357019006739106e-01  4.357019006739106e-01  4.357019006739106e-01  0
3.605313129586913e-03  4.156078955561099e-01  4.156078955561099e-01  4.156078955561099e-01  4.156078955561099e-01  0
3.951272583065411e-03  3.900982599756185e-01  3.900982599756185e-01  3.900982599756185e-01  3.900982599756185e-01  0
4.330429692100904e-03  3.597358180675954e-01  3.597358180675954e-01  3.597358180675954e-01  3.597358180675954e-01  0
4.745970044840788e-03  4.082708815543704e-01  4.082708815543704e-01  4.082708815543704e-01  4.082708815543704e-01  0
5.201384912821080e-03  4.426747585170071e-01  4.426747585170071e-01  4.426747585170071e-01  4.426747585170071e-01  0
5.700500583802218e-03  4.654396560770211e-01  4.654396560770211e-01  4.654396560770211e-01  4.654396560770211e-01  0
6.247510509331775e-03  4.757326375072350e-01  4.757326375072350e-01  4.757326375072350e-01  4.757326375072350e-01  0
6.847010537130258e-03  4.744603208384956e-01  4.744603208384956e-01  4.744603208384956e-01  4.744603208384956e-01  0
7.504037524314174e-03  2.113946235289291e-01  2.113946235289291e-01  2.113946235289291e-01  2.113946235289291e-01  0
8.224111655875478e-03  2.506950668959899e-01  2.506950668959899e-01  2.506950668959899e-01  2.506950668959899e-01  0
9.013282823967282e-03  2.936095740170701e-01  2.936095740170701e-01  2.936095740170701e-01  2.936095740170701e-01  0
9.878181457663525e-03  3.382556358554323e-01  3.382556358554323e-01  3.382556358554323e-01  3.382556358554323e-01  0
1.082607423025226e-02  3.812963658671170e-01  3.812963658671170e-01  3.812963658671170e-01  3.812963658671170e-01  0
1.186492511210197e-02  1.047860717238369e-01  1.047860717238369e-01  1.047860717238369e-01  1.047860717238369e-01  0
1.300346228205270e-02  1.226042462460355e-01  1.226042462460355e-01  1.226042462460355e-01  1.226042462460355e-01  0
1.425125145950555e-02  1.420251940055678e-01  1.420251940055678e-01  1.420251940055678e-01  1.420251940055678e-01  0
1.561877627332944e-02  1.638586149621720e-01  1.638586149621720e-01  1.638586149621720e-01  1.638586149621720e-01  0
1.711752634282565e-02  1.888353423367631e-01  1.888353423367631e-01  1.888353423367631e-01  1.888353423367631e-01  0
1.876009381078543e-02  4.748346095629265e-02  4.748346095629265e-02  4.748346095629265e-02  4.748346095629265e-02  0
2.056027913968870e-02  5.570167131197008e-02  5.570167131197008e-02  5.570167131197008e-02  5.570167131197008e-02  0
2.253320705991821e-02  6.630123616546486e-02  6.630123616546486e-02  6.630123616546486e-02  6.630123616546486e-02  0
2.469545364415881e-02  7.953954974040381e-02  7.953954974040381e-02  7.953954974040381e-02  7.953954974040381e-02  0
2.706518557563065e-02  9.536429908296352e-02  9.536429908296352e-02  9.536429908296352e-02  9.536429908296352e-02  0
2.966231278025492e-02  3.802739115453360e-02  3.802739115453360e-02  3.802739115453360e-02  3.802739115453360e-02  0
3.250865570513176e-02  4.263097727013501e-02  4.263097727013501e-02  4.263097727013501e-02  4.263097727013501e-02  0
3.562812864876387e-02  4.621128076597578e-02  4.621128076597578e-02  4.621128076597578e-02  4.621128076597578e-02  0
3.904694068332360e-02  4.930189792062219e-02  4.930189792062219e-02  4.930189792062219e-02  4.930189792062219e-02  0
4.279381585706412e-02  5.283111025471363e-02  5.283111025471363e-02  5.283111025471363e-02  5.283111025471363e-02  0
4.690023452696358e-02  4.229973550320024e-02  4.229973550320024e-02  4.229973550320024e-02  4.229973550320024e-02  0
5.140069784922174e-02  3.972183735722586e-02  3.972183735722586e-02  3.972183735722586e-02  3.972183735722586e-02  0
5.633301764979550e-02  3.814193324927482e-02  3.814193324927482e-02  3.814193324927482e-02  3.814193324927482e-02  0
6.173863411039702e-02  3.824374380235795e-02  3.824374380235795e-02  3.824374380235795e-02  3.824374380235795e-02  0
6.766296393907660e-02  4.006365604044865e-02  4.006365604044865e-02  4.006365604044865e-02  4.006365604044865e-02  0
7.415578195063731e-02  5.044270169118177e-02  5.044270169118177e-02  5.044270169118177e-02  5.044270169118177e-02  0
8.127163926282939e-02  5.543406966125910e-02  5.543406966125910e-02  5.543406966125910e-02  5.543406966125910e-02  0
8.907032162190968e-02  5.756302253823798e-02  5.756302253823798e-02  5.756302253823798e-02  5.756302253823798e-02  0
9.761735170830900e-02  5.670158648498339e-02  5.670158648498339e-02  5.670158648498339e-02  5.670158648498339e-02  0
1.069845396426603e-01  5.349911682092939e-02  5.349911682092939e-02  5.349911682092939e-02  5.349911682092939e-02  0
1.172505863174089e-01  3.592146934037070e+00  3.592146934037070e+00  3.592146934037070e+00  3.592146934037070e+00  0
1.285017446230543e-01  3.376718620007596e+00  3.376718620007596e+00  3.376718620007596e+00  3.376718620007596e+00  0
1.408325441244888e-01  2.942527742416935e+00  2.942527742416935e+00  2.942527742416935e+00  2.942527742416935e+00  0
1.543465852759926e-01  2.379382002305539e+00  2.379382002305539e+00  2.379382002305539e+00  2.379382002305539e+00  0
1.691574098476915e-01  1.788527098412430e+00  1.788527098412430e+00  1.788527098412430e+00  1.788527098412430e+00  0
1.853894548765933e-01  1.594173937119663e+00  1.594173937119663e+00  1.594173937119663e+00  1.594173937119663e+00  0
2.031790981570735e-01  2.196365011445797e+00  2.196365011445797e+00  2.196365011445797e+00  2.196365011445797e+00  0
2.226758040547742e-01  2.802320005476511e+00  2.802320005476511e+00  2.802320005476511e+00  2.802320005476511e+00  0
2.440433792707725e-01  3.311134215070963e+00  3.311134215070963e+00  3.311134215070963e+00  3.311134215070963e+00  0
2.674613491066508e-01  3.623406939429600e+00  3.623406939429600e+00  3.623406939429600e+00  3.623406939429600e+00  0
2.931264657935224e-01  1.018831262323096e-01  1.018831262323096e-01  1.018831262323096e-01  1.018831262323096e-01  0
3.212543615576359e-01  2.053662516406312e-01  2.053662516406312e-01  2.053662516406312e-01  2.053662516406312e-01  0
3.520813603112219e-01  3.839789170063087e-01  3.839789170063087e-01  3.839789170063087e-01  3.839789170063087e-01  0
3.858664631899815e-01  6.655841043734299e-01  6.655841043734299e-01  6.655841043734299e-01  6.655841043734299e-01  0
4.228935246192289e-01  1.069171646372031e+00  1.069171646372031e+00  1.069171646372031e+00  1.069171646372031e+00  0
4.634736371914833e-01  9.246712559160228e-04  9.246712559160228e-04  9.246712559160228e-04  9.246712559160228e-04  0
5.079477453926837e-01  2.810294388093622e-03  2.810294388093622e-03  2.810294388093622e-03  2.810294388093622e-03  0
5.566895101369356e-01  7.771210436825302e-03  7.771210436825302e-03  7.771210436825302e-03  7.771210436825302e-03  0
6.101084481769313e-01  1.976793020366469e-02  1.976793020366469e-02  1.976793020366469e-02  1.976793020366469e-02  0
6.686533727666270e-01  4.648755098205240e-02  4.648755098205240e-02  4.648755098205240e-02  4.648755098205240e-02  0
7.328161644838057e-01  -2.852273596323580e-06  -2.852273596323580e-06  -2.852273596323580e-06  -2.852273596323580e-06  0
8.031359038940895e-01  -9.287057020862494e-07  -9.287057020862494e-07  -9.287057020862494e-07  -9.287057020862494e-07  0
8.802034007780546e-01  1.482797982563959e-05  1.482797982563959e-05  1.482797982563959e-05  1.482797982563959e-05  0
9.646661579749534e-01  8.139375354723836e-05  8.139375354723836e-05  8.139375354723836e-05  8.139375354723836e-05  0
1.057233811548072e+00  3.097634272312262e-04  3.097634272312262e-04  3.097634272312262e-04  3.097634272312262e-04  0
1.158684092978708e+00  3.835754454413295e-08  3.835754454413295e-08  3.835754454413295e-08  3.835754454413295e-08  0
1.269869363481709e+00  1.005798358953913e-07  1.005798358953913e-07  1.005798358953913e-07  1.005798358953913e-07  0
1.391723775342339e+00  2.661926868934886e-07  2.661926868934886e-07  2.661926868934886e-07  2.661926868934886e-07  0
1.525271120442328e+00  7.044614092564039e-07  7.044614092564039e-07  7.044614092564039e-07  7.044614092564039e-07  0
1.671633431916567e+00  1.866643913411692e-06  1.866643913411692e-06  1.866643913411692e-06  1.866643913411692e-06  0
1.832040411209514e+00  -1.576103767649575e-10  -1.576103767649575e-10  -1.576103767649575e-10  -1.576103767649575e-10  0
2.007839759735224e+00  -1.209329621805165e-09  -1.209329621805165e-09  -1.209329621805165e-09  -1.209329621805165e-09  0
2.200508501945136e+00  -4.899429031807188e-09  -4.899429031807188e-09  -4.899429031807188e-09  -4.899429031807188e-09  0
2.411665394937383e+00  -1.557920495979038e-08  -1.557920495979038e-08  -1.557920495979038e-08  -1.557920495979038e-08  0
2.643084528870179e+00  -4.201196489023525e-08  -4.201196489023525e-08  -4.201196489023525e-08  -4.201196489023525e-08  0
