-2.643084528870179e+00  2.679768451212969e-05  2.679768451212969e-05  2.679768451212969e-05  2.679768451212969e-05  0
-2.411665394937383e+00  1.395004769517763e-05  1.395004769517763e-05  1.395004769517763e-05  1.395004769517763e-05  0
-2.200508501945136e+00  6.925803896540183e-06  6.925803896540183e-06  6.925803896540183e-06  6.925803896540183e-06  0
-2.007839759735224e+00  3.248152681599948e-06  3.248152681599948e-06  3.248152681599948e-06  3.248152681599948e-06  0
-1.832040411209514e+00  1.431319689978977e-06  1.431319689978977e-06  1.431319689978977e-06  1.431319689978977e-06  0
-1.671633431916567e+00  1.040701111897406e-03  1.040701111897406e-03  1.040701111897406e-03  1.040701111897406e-03  0
-1.525271120442328e+00  5.156206975505029e-04  5.156206975505029e-04  5.156206975505029e-04  5.156206975505029e-04  0
-1.391723775342339e+00  2.413484426299465e-04  2.413484426299465e-04  2.413484426299465e-04  2.413484426299465e-04  0
-1.269869363481709e+00  1.075403509153858e-04  1.075403509153858e-04  1.075403509153858e-04  1.075403509153858e-04  0
-1.158684092978708e+00  4.607332466036702e-05  4.607332466036702e-05  4.607332466036702e-05  4.607332466036702e-05  0
-1.057233811548072e+00  1.256346526511048e-02  1.256346526511048e-02  1.256346526511048e-02  1.256346526511048e-02  0
-9.646661579749534e-01  8.587240588830609e-03  8.587240588830609e-03  8.587240588830609e-03  8.587240588830609e-03  0
-8.802034007780546e-01  5.534546411142373e-03  5.534546411142373e-03  5.534546411142373e-03  5.534546411142373e-03  0
-8.031359038940895e-01  3.342141011840142e-03  3.342141011840142e-03  3.342141011840142e-03  3.342141011840142e-03  0
-7.328161644838057e-01  1.885220480753572e-03  1.885220480753572e-03  1.885220480753572e-03  1.885220480753572e-03  0
-6.686533727666270e-01  6.844311846268518e-02  6.844311846268518e-02  6.844311846268518e-02  6.844311846268518e-02  0
-6.101084481769313e-01  4.804054190376936e-02  4.804054190376936e-02  4.804054190376936e-02  4.804054190376936e-02  0
-5.566895101369356e-01  3.388344129385920e-02  3.388344129385920e-02  3.388344129385920e-02  3.388344129385920e-02  0
-5.079477453926837e-01  2.403353292625607e-02  2.403353292625607e-02  2.403353292625607e-02  2.403353292625607e-02  0
-4.634736371914833e-01  1.698071024204997e-02  1.698071024204997e-02  1.698071024204997e-02  1.698071024204997e-02  0
-4.228935246192289e-01  3.035837384061831e-01  3.035837384061831e-01  3.035837384061831e-01  3.035837384061831e-01  0
-3.858664631899815e-01  2.359309263447606e-01  2.359309263447606e-01  2.359309263447606e-01  2.359309263447606e-01  0
-3.520813603112219e-01  1.754088387018240e-01  1.754088387018240e-01  1.754088387018240e-01  1.754088387018240e-01  0
-3.212543615576359e-01  1.242934342114772e-01  1.242934342114772e-01  1.242934342114772e-01  1.242934342114772e-01  0
-2.931264657935224e-01  8.365035786068124e-02  8.365035786068124e-02  8.365035786068124e-02  8.365035786068124e-02  0
-2.674613491066508e-01  5.847096087950854e-01  5.847096087950854e-01  5.847096087950854e-01  5.847096087950854e-01  0
-2.440433792707725e-01  5.609940022013097e-01  5.609940022013097e-01  5.609940022013097e-01  5.609940022013097e-01  0
-2.226758040547742e-01  5.144186487236933e-01  5.144186487236933e-01  5.144186487236933e-01  5.144186487236933e-01  0
-2.031790981570735e-01  4.508467808715555e-01  4.508467808715555e-01  4.508467808715555e-01  4.508467808715555e-01  0
-1.853894548765933e-01  3.779261283103494e-01  3.779261283103494e-01  3.779261283103494e-01  3.779261283103494e-01  0
-1.691574098476915e-01  4.285591179304726e-01  4.285591179304726e-01  4.285591179304726e-01  4.285591179304726e-01  0
-1.543465852759926e-01  4.688883549038759e-01  4.688883549038759e-01  4.688883549038759e-01  4.688883549038759e-01  0
-1.408325441244888e-01  5.084881999730954e-01  5.084881999730954e-01  5.084881999730954e-01  5.084881999730954e-01  0
-1.285017446230543e-01  5.382982661244471e-01  5.382982661244471e-01  5.382982661244471e-01  5.382982661244471e-01  0
-1.172505863174089e-01  5.484188023497197e-01  5.484188023497197e-01  5.484188023497197e-01  5.484188023497197e-01  0
-1.069845396426603e-01  2.839450760955763e-01  2.839450760955763e-01  2.839450760955763e-01  2.839450760955763e-01  0
-9.761735170830900e-02  3.019661854757520e-01  3.019661854757520e-01  3.019661854757520e-01  3.019661854757520e-01  0
-8.907032162190968e-02  3.215423920595402e-01  3.215423920595402e-01  3.215423920595402e-01  3.215423920595402e-01  0
-8.127163926282939e-02  3.383605167860832e-01  3.383605167860832e-01  3.383605167860832e-01  3.383605167860832e-01  0
-7.415578195063731e-02  3.506714542295922e-01  3.506714542295922e-01  3.506714542295922e-01  3.506714542295922e-01  0
-6.766296393907660e-02  3.167519235407151e-01  3.167519235407151e-01  3.167519235407151e-01  3.167519235407151e-01  0
-6.173863411039702e-02  2.941400476254998e-01  2.941400476254998e-01  2.941400476254998e-01  2.941400476254998e-01  0
-5.633301764979550e-02  2.750485727247787e-01  2.750485727247787e-01  2.750485727247787e-01  2.750485727247787e-01  0
-5.140069784922174e-02  2.646636714960963e-01  2.646636714960963e-01  2.646636714960963e-01  2.646636714960963e-01  0
-4.690023452696358e-02  2.643244574758040e-01  2.643244574758040e-01  2.643244574758040e-01  2.643244574758040e-01  0
-4.279381585706412e-02  3.510563263492079e-01  3.510563263492079e-01  3.510563263492079e-01  3.510563263492079e-01  0
-3.904694068332360e-02  3.461863793628223e-01  3.461863793628223e-01  3.461863793628223e-01  3.461863793628223e-01  0
-3.562812864876387e-02  3.468975707478069e-01  3.468975707478069e-01  3.468975707478069e-01  3.468975707478069e-01  0
-3.250865570513176e-02  3.431519659965282e-01  3.431519659965282e-01  3.431519659965282e-01  3.431519659965282e-01  0
-2.966231278025492e-02  3.275862835571201e-01  3.275862835571201e-01  3.275862835571201e-01  3.275862835571201e-01  0
-2.706518557563065e-02  5.480146241856149e-01  5.480146241856149e-01  5.480146241856149e-01  5.480146241856149e-01  0
-2.469545364415881e-02  4.951479856748581e-01  4.951479856748581e-01  4.951479856748581e-01  4.951479856748581e-01  0
-2.253320705991821e-02  4.400018523247514e-01  4.400018523247514e-01  4.400018523247514e-01  4.400018523247514e-01  0
-2.056027913968870e-02  3.930799129384905e-01  3.930799129384905e-01  3.930799129384905e-01  3.930799129384905e-01  0
-1.876009381078543e-02  3.614678919295012e-01  3.614678919295012e-01  3.614678919295012e-01  3.614678919295012e-01  0
-1.711752634282565e-02  6.743328532635627e-01  6.743328532635627e-01  6.743328532635627e-01  6.743328532635627e-01  0
-1.561877627332944e-02  6.384864026372017e-01  6.384864026372017e-01  6.384864026372017e-01  6.384864026372017e-01  0
-1.425125145950555e-02  6.228192638938752e-01  6.228192638938752e-01  6.228192638938752e-01  6.228192638938752e-01  0
-1.300346228205270e-02  6.091178583610055e-01  6.091178583610055e-01  6.091178583610055e-01  6.091178583610055e-01  0
-1.186492511210197e-02  5.822659790774442e-01  5.822659790774442e-01  5.822659790774442e-01  5.822659790774442e-01  0
-1.082607423025226e-02  1.209113255178926e+00  1.209113255178926e+00  1.209113255178926e+00  1.209113255178926e+00  0
-9.878181457663525e-03  1.093061862553747e+00  1.093061862553747e+00  1.093061862553747e+00  1.093061862553747e+00  0
-9.013282823967282e-03  9.581719579286193e-01  9.581719579286193e-01  9.581719579286193e-01  9.581719579286193e-01  0
-8.224111655875478e-03  8.301909386954265e-01  8.301909386954265e-01  8.301909386954265e-01  8.301909386954265e-01  0
-7.504037524314174e-03  7.297048187178771e-01  7.297048187178771e-01  7.297048187178771e-01  7.297048187178771e-01  0
-6.847010537130258e-03  1.583647285539820e+00  1.583647285539820e+00  1.583647285539820e+00  1.583647285539820e+00  0
-6.247510509331775e-03  1.448030840346595e+00  1.448030840346595e+00  1.448030840346595e+00  1.448030840346595e+00  0
-5.700500583802218e-03  1.381650260325838e+00  1.381650260325838e+00  1.381650260325838e+00  1.381650260325838e+00  0
-5.201384912821080e-03  1.341197840157821e+00  1.341197840157821e+00  1.341197840157821e+00  1.341197840157821e+00  0
-4.745970044840788e-03  1.284864017618508e+00  1.284864017618508e+00  1.284864017618508e+00  1.284864017618508e+00  0
-4.330429692100904e-03  2.860808545871669e+00  2.860808545871669e+00  2.860808545871669e+00  2.860808545871669e+00  0
-3.951272583065411e-03  2.667953496252572e+00  2.667953496252572e+00  2.667953496252572e+00  2.667953496252572e+00  0
-3.605313129586913e-03  2.381990110571648e+00  2.381990110571648e+00  2.381990110571648e+00  2.381990110571648e+00  0
-3.289644662350192e-03  2.061346566839914e+00  2.061346566839914e+00  2.061346566839914e+00  2.061346566839914e+00  0
-3.001615009725670e-03  1.772233886120223e+00  1.772233886120223e+00  1.772233886120223e+00  1.772233886120223e+00  0
-2.738804214852102e-03  3.500345570890474e+00  3.500345570890474e+00  3.500345570890474e+00  3.500345570890474e+00  0
-2.499004203732709e-03  3.203405477885855e+00  3.203405477885855e+00  3.203405477885855e+00  3.203405477885855e+00  0
-2.280200233520886e-03  3.059037908538901e+00  3.059037908538901e+00  3.059037908538901e+00  3.059037908538901e+00  0
-2.080553965128431e-03  3.010169924477936e+00  3.010169924477936e+00  3.010169924477936e+00  3.010169924477936e+00  0
-1.898388017936314e-03  2.963715729048588e+00  2.963715729048588e+00  2.963715729048588e+00  2.963715729048588e+00  0
-1.732171876840360e-03  4.895089344253213e+00  4.895089344253213e+00  4.895089344253213e+00  4.895089344253213e+00  0
-1.580509033226163e-03  4.921094667591075e+00  4.921094667591075e+00  4.921094667591075e+00  4.921094667591075e+00  0
-1.442125251834764e-03  4.720223374268176e+00  4.720223374268176e+00  4.720223374268176e+00  4.720223374268176e+00  0
-1.315857864940076e-03  4.333823074195767e+00  4.333823074195767e+00  4.333823074195767e+00  4.333823074195767e+00  0
-1.200646003890267e-03  3.872494864811376e+00  3.872494864811376e+00  3.872494864811376e+00  3.872494864811376e+00  0
-1.095521685940841e-03  4.927680875268216e+00  4.927680875268216e+00  4.927680875268216e+00  4.927680875268216e+00  0
-9.996016814930835e-04  4.575570214247862e+00  4.575570214247862e+00  4.575570214247862e+00  4.575570214247862e+00  0
-9.120800934083544e-04  4.449232771979934e+00  4.449232771979934e+00  4.449232771979934e+00  4.449232771979934e+00  0
-8.322215860513723e-04  4.538891643231141e+00  4.538891643231141e+00  4.538891643231141e+00  4.538891643231141e+00  0
-7.593552071745256e-04  4.733280935321145e+00  4.733280935321145e+00  4.733280935321145e+00  4.733280935321145e+00  0
-6.928687507361440e-04  5.543890774697753e+00  5.543890774697753e+00  5.543890774697753e+00  5.543890774697753e+00  0
-6.322036132904651e-04  5.881628875711886e+00  5.881628875711886e+00  5.881628875711886e+00  5.881628875711886e+00  0
-5.768501007339055e-04  5.962065399845598e+00  5.962065399845598e+00  5.962065399845598e+00  5.962065399845598e+00  0
-5.263431459760303e-04  5.751670782853950e+00  5.751670782853950e+00  5.751670782853950e+00  5.751670782853950e+00  0
-4.802584015561067e-04  5.336736042504287e+00  5.336736042504287e+00  5.336736042504287e+00  5.336736042504287e+00  0
-4.382086743763362e-04  5.310620348088445e+00  5.310620348088445e+00  5.310620348088445e+00  5.310620348088445e+00  0
-3.998406725972333e-04  4.878087823975134e+00  4.878087823975134e+00  4.878087823975134e+00  4.878087823975134e+00  0
-3.648320373633417e-04  4.686944474016386e+00  4.686944474016386e+00  4.686944474016386e+00  4.686944474016386e+00  0
-3.328886344205489e-04  4.798148990743684e+00  4.798148990743684e+00  4.798148990743684e+00  4.798148990743684e+00  0
-3.037420828698102e-04  5.142555272778671e+00  5.142555272778671e+00  5.142555272778671e+00  5.142555272778671e+00  0
-2.771475002944575e-04  5.492178660830847e+00  5.492178660830847e+00  5.492178660830847e+00  5.492178660830847e+00  0
-2.528814453161860e-04  5.967148924026953e+00  5.967148924026953e+00  5.967148924026953e+00  5.967148924026953e+00  0
-2.307400402935622e-04  6.205541148673429e+00  6.205541148673429e+00  6.205541148673429e+00  6.205541148673429e+00  0
-2.105372583904121e-04  6.119280377245108e+00  6.119280377245108e+00  6.119280377245108e+00  6.119280377245108e+00  0
-1.921033606224427e-04  5.752939139882366e+00  5.752939139882366e+00  5.752939139882366e+00  5.752939139882366e+00  0
-1.752834697505345e-04  5.376036802149832e+00  5.376036802149832e+00  5.376036802149832e+00  5.376036802149832e+00  0
-1.599362690388933e-04  4.880730468662223e+00  4.880730468662223e+00  4.880730468662223e+00  4.880730468662223e+00  0
-1.459328149453367e-04  4.611707388362275e+00  4.611707388362275e+00  4.611707388362275e+00  4.611707388362275e+00  0
-1.331554537682195e-04  4.669535288230955e+00  4.669535288230955e+00  4.669535288230955e+00  4.669535288230955e+00  0
-1.214968331479241e-04  5.022315075320671e+00  5.022315075320671e+00  5.022315075320671e+00  5.022315075320671e+00  0
-1.108590001177830e-04  5.390547778769533e+00  5.390547778769533e+00  5.390547778769533e+00  5.390547778769533e+00  0
-1.011525781264744e-04  5.912117786246349e+00  5.912117786246349e+00  5.912117786246349e+00  5.912117786246349e+00  0
-9.229601611742488e-05  6.214703657839681e+00  6.214703657839681e+00  6.214703657839681e+00  6.214703657839681e+00  0
-8.421490335616483e-05  6.184888878738735e+00  6.184888878738735e+00  6.184888878738735e+00  6.184888878738735e+00  0
-7.684134424897707e-05  5.841958908221346e+00  5.841958908221346e+00  5.841958908221346e+00  5.841958908221346e+00  0
-7.011338790021381e-05  5.387333686433792e+00  5.387333686433792e+00  5.387333686433792e+00  5.387333686433792e+00  0
-6.397450761555734e-05  4.861873239246407e+00  4.861873239246407e+00  4.861873239246407e+00  4.861873239246407e+00  0
-5.837312597813469e-05  4.550590474308847e+00  4.550590474308847e+00  4.550590474308847e+00  4.550590474308847e+00  0
-5.326218150728783e-05  4.570541171827654e+00  4.570541171827654e+00  4.570541171827654e+00  4.570541171827654e+00  0
-4.859873325916964e-05  4.908006975190697e+00  4.908006975190697e+00  4.908006975190697e+00  4.908006975190697e+00  0
-4.434360004711321e-05  5.335719081156905e+00  5.335719081156905e+00  5.335719081156905e+00  5.335719081156905e+00  0
-4.046103125058977e-05  5.873663844304108e+00  5.873663844304108e+00  5.873663844304108e+00  5.873663844304108e+00  0
-3.691840644696995e-05  6.201514847655567e+00  6.201514847655567e+00  6.201514847655567e+00  6.201514847655567e+00  0
-3.368596134246593e-05  6.195492740210765e+00  6.195492740210765e+00  6.195492740210765e+00  6.195492740210765e+00  0
-3.073653769959083e-05  5.863383117139881e+00  5.863383117139881e+00  5.863383117139881e+00  5.863383117139881e+00  0
-2.804535516008552e-05  5.389741759070557e+00  5.389741759070557e+00  5.389741759070557e+00  5.389741759070557e+00  0
-2.558980304622294e-05  4.851597084411525e+00  4.851597084411525e+00  4.851597084411525e+00  4.851597084411525e+00  0
-2.334925039125387e-05  4.521677004750848e+00  4.521677004750848e+00  4.521677004750848e+00  4.521677004750848e+00  0
-2.130487260291513e-05  4.523573501692448e+00  4.523573501692448e+00  4.523573501692448e+00  4.523573501692448e+00  0
-1.943949330366785e-05  4.851253295546681e+00  4.851253295546681e+00  4.851253295546681e+00  4.851253295546681e+00  0
-1.773744001884528e-05  5.311556748497378e+00  5.311556748497378e+00  5.311556748497378e+00  5.311556748497378e+00  0
-1.618441250023591e-05  5.855630268157092e+00  5.855630268157092e+00  5.855630268157092e+00  5.855630268157092e+00  0
-1.476736257878798e-05  6.193483268302738e+00  6.193483268302738e+00  6.193483268302738e+00  6.193483268302738e+00  0
-1.347438453698637e-05  6.197192100186648e+00  6.197192100186648e+00  6.197192100186648e+00  6.197192100186648e+00  0
-1.229461507983633e-05  5.869743748335806e+00  5.869743748335806e+00  5.869743748335806e+00  5.869743748335806e+00  0
-1.121814206403421e-05  5.390463131954664e+00  5.390463131954664e+00  5.390463131954664e+00  5.390463131954664e+00  0
-1.023592121848917e-05  4.847157089068111e+00  4.847157089068111e+00  4.847157089068111e+00  4.847157089068111e+00  0
-9.339700156501548e-06  4.509513680320759e+00  4.509513680320759e+00  4.509513680320759e+00  4.509513680320759e+00  0
-8.521949041166052e-06  4.503719101405152e+00  4.503719101405152e+00  4.503719101405152e+00  4.503719101405152e+00  0
-7.775797321467140e-06  4.826868821265395e+00  4.826868821265395e+00  4.826868821265395e+00  4.826868821265395e+00  0
-7.094976007538114e-06  5.301610077445457e+00  5.301610077445457e+00  5.301610077445457e+00  5.301610077445457e+00  0
-6.473765000094363e-06  5.848073296999230e+00  5.848073296999230e+00  5.848073296999230e+00  5.848073296999230e+00  0
-5.906945031515193e-06  6.189917144040204e+00  6.189917144040204e+00  6.189917144040204e+00  6.189917144040204e+00  0
-5.389753814794549e-06  6.197564022579686e+00  6.197564022579686e+00  6.197564022579686e+00  6.197564022579686e+00  0
-4.917846031934533e-06  5.872055918423964e+00  5.872055918423964e+00  5.872055918423964e+00  5.872055918423964e+00  0
-4.487256825613684e-06  5.390789193416417e+00  5.390789193416417e+00  5.390789193416417e+00  5.390789193416417e+00  0
-4.094368487395670e-06  4.845398668687299e+00  4.845398668687299e+00  4.845398668687299e+00  4.845398668687299e+00  0
-3.735880062600620e-06  4.504619695846122e+00  4.504619695846122e+00  4.504619695846122e+00  4.504619695846122e+00  0
-3.408779616466421e-06  4.495673836739097e+00  4.495673836739097e+00  4.495673836739097e+00  4.495673836739097e+00  0
-3.110318928586857e-06  4.816915960343284e+00  4.816915960343284e+00  4.816915960343284e+00  4.816915960343284e+00  0
-2.837990403015245e-06  5.297659791095998e+00  5.297659791095998e+00  5.297659791095998e+00  5.297659791095998e+00  0
-2.589506000037745e-06  5.845076014863094e+00  5.845076014863094e+00  5.845076014863094e+00  5.845076014863094e+00  0
-2.362778012606077e-06  6.188518572772570e+00  6.188518572772570e+00  6.188518572772570e+00  6.188518572772570e+00  0
-2.155901525917819e-06  6.197746958742901e+00  6.197746958742901e+00  6.197746958742901e+00  6.197746958742901e+00  0
-1.967138412773813e-06  5.873020765703360e+00  5.873020765703360e+00  5.873020765703360e+00  5.873020765703360e+00  0
-1.794902730245473e-06  5.391001452538931e+00  5.391001452538931e+00  5.391001452538931e+00  5.391001452538931e+00  0
-1.637747394958268e-06  4.844766260841258e+00  4.844766260841258e+00  4.844766260841258e+00  4.844766260841258e+00  0
-1.494352025040248e-06  4.502720792808756e+00  4.502720792808756e+00  4.502720792808756e+00  4.502720792808756e+00  0
-1.363511846586568e-06  4.492502137247975e+00  4.492502137247975e+00  4.492502137247975e+00  4.492502137247975e+00  0
-1.244127571434742e-06  4.812970139907010e+00  4.812970139907010e+00  4.812970139907010e+00  4.812970139907010e+00  0
-1.135196161206098e-06  5.296158656496964e+00  5.296158656496964e+00  5.296158656496964e+00  5.296158656496964e+00  0
-1.035802400015098e-06  5.843963311192748e+00  5.843963311192748e+00  5.843963311192748e+00  5.843963311192748e+00  0
-9.451112050424309e-07  6.188050566236261e+00  6.188050566236261e+00  6.188050566236261e+00  6.188050566236261e+00  0
-8.623606103671279e-07  6.197912705180896e+00  6.197912705180896e+00  6.197912705180896e+00  6.197912705180896e+00  0
-7.868553651095252e-07  5.873495658009828e+00  5.873495658009828e+00  5.873495658009828e+00  5.873495658009828e+00  0
-7.179610920981894e-07  5.391175327705131e+00  5.391175327705131e+00  5.391175327705131e+00  5.391175327705131e+00  0
-6.550989579833072e-07  4.844592828455336e+00  4.844592828455336e+00  4.844592828455336e+00  4.844592828455336e+00  0
-5.977408100160992e-07  4.502033962737505e+00  4.502033962737505e+00  4.502033962737505e+00  4.502033962737505e+00  0
-5.454047386346274e-07  4.491304050797518e+00  4.491304050797518e+00  4.491304050797518e+00  4.491304050797518e+00  0
-4.976510285738970e-07  4.811465112963546e+00  4.811465112963546e+00  4.811465112963546e+00  4.811465112963546e+00  0
-4.540784644824392e-07  5.295645355422136e+00  5.295645355422136e+00  5.295645355422136e+00  5.295645355422136e+00  0
-4.143209600060391e-07  5.843614252286383e+00  5.843614252286383e+00  5.843614252286383e+00  5.843614252286383e+00  0
-3.780444820169723e-07  6.187965068550803e+00  6.187965068550803e+00  6.187965068550803e+00  6.187965068550803e+00  0
-3.449442441468511e-07  6.198081033924534e+00  6.198081033924534e+00  6.198081033924534e+00  6.198081033924534e+00  0
-3.147421460438101e-07  5.873782492186418e+00  5.873782492186418e+00  5.873782492186418e+00  5.873782492186418e+00  0
-2.871844368392758e-07  5.391335001150131e+00  5.391335001150131e+00  5.391335001150131e+00  5.391335001150131e+00  0
-2.620395831933229e-07  4.844604368782124e+00  4.844604368782124e+00  4.844604368782124e+00  4.844604368782124e+00  0
-2.390963240064397e-07  4.501834225243699e+00  4.501834225243699e+00  4.501834225243699e+00  4.501834225243699e+00  0
-2.181618954538510e-07  4.490899308124699e+00  4.490899308124699e+00  4.490899308124699e+00  4.490899308124699e+00  0
-1.990604114295588e-07  4.810942526928542e+00  4.810942526928542e+00  4.810942526928542e+00  4.810942526928542e+00  0
-1.816313857929757e-07  5.295528510356879e+00  5.295528510356879e+00  5.295528510356879e+00  5.295528510356879e+00  0
-1.657283840024157e-07  5.843572235202475e+00  5.843572235202475e+00  5.843572235202475e+00  5.843572235202475e+00  0
-1.512177928067889e-07  6.188034227795822e+00  6.188034227795822e+00  6.188034227795822e+00  6.188034227795822e+00  0
-1.379776976587405e-07  6.198251904338131e+00  6.198251904338131e+00  6.198251904338131e+00  6.198251904338131e+00  0
-1.258968584175240e-07  5.873995343223630e+00  5.873995343223630e+00  5.873995343223630e+00  5.873995343223630e+00  0
-1.148737747357103e-07  5.391489181953760e+00  5.391489181953760e+00  5.391489181953760e+00  5.391489181953760e+00  0
-1.048158332773291e-07  4.844690124568219e+00  4.844690124568219e+00  4.844690124568219e+00  4.844690124568219e+00  0
-9.563852960257586e-08  4.501829694666997e+00  4.501829694666997e+00  4.501829694666997e+00  4.501829694666997e+00  0
-8.726475818154038e-08  4.490812537807518e+00  4.490812537807518e+00  4.490812537807518e+00  4.490812537807518e+00  0
-7.962416457182352e-08  4.810813911478124e+00  4.810813911478124e+00  4.810813911478124e+00  4.810813911478124e+00  0
-7.265255431719029e-08  5.295570461525782e+00  5.295570461525782e+00  5.295570461525782e+00  5.295570461525782e+00  0
-6.629135360096627e-08  5.843653284612001e+00  5.843653284612001e+00  5.843653284612001e+00  5.843653284612001e+00  0
-6.048711712271557e-08  6.188165496794105e+00  6.188165496794105e+00  6.188165496794105e+00  6.188165496794105e+00  0
-5.519107906349619e-08  6.198423986622503e+00  6.198423986622503e+00  6.198423986622503e+00  6.198423986622503e+00  0
-5.035874336700961e-08  5.874178699480487e+00  5.874178699480487e+00  5.874178699480487e+00  5.874178699480487e+00  0
-4.594950989428412e-08  5.391641197859991e+00  5.391641197859991e+00  5.391641197859991e+00  5.391641197859991e+00  0
-4.192633331093166e-08  4.844805605476994e+00  4.844805605476994e+00  4.844805605476994e+00  4.844805605476994e+00  0
-3.825541184103035e-08  4.501903309807438e+00  4.501903309807438e+00  4.501903309807438e+00  4.501903309807438e+00  0
-3.490590327261615e-08  4.490853062995201e+00  4.490853062995201e+00  4.490853062995201e+00  4.490853062995201e+00  0
-3.184966582872941e-08  4.810843049365161e+00  4.810843049365161e+00  4.810843049365161e+00  4.810843049365161e+00  0
-2.906102172687611e-08  5.295675959164997e+00  5.295675959164997e+00  5.295675959164997e+00  5.295675959164997e+00  0
-2.651654144038651e-08  5.843783578707365e+00  5.843783578707365e+00  5.843783578707365e+00  5.843783578707365e+00  0
-2.419484684908623e-08  6.188321591254832e+00  6.188321591254832e+00  6.188321591254832e+00  6.188321591254832e+00  0
-2.207643162539847e-08  6.198596451447616e+00  6.198596451447616e+00  6.198596451447616e+00  6.198596451447616e+00  0
-2.014349734680384e-08  5.874349995992956e+00  5.874349995992956e+00  5.874349995992956e+00  5.874349995992956e+00  0
-1.837980395771364e-08  5.391792354829449e+00  5.391792354829449e+00  5.391792354829449e+00  5.391792354829449e+00  0
-1.677053332437266e-08  4.844932985164783e+00  4.844932985164783e+00  4.844932985164783e+00  4.844932985164783e+00  0
-1.530216473641213e-08  4.502008196615888e+00  4.502008196615888e+00  4.502008196615888e+00  4.502008196615888e+00  0
-1.396236130904646e-08  4.490944527607780e+00  4.490944527607780e+00  4.490944527607780e+00  4.490944527607780e+00  0
-1.273986633149176e-08  4.810935319910301e+00  4.810935319910301e+00  4.810935319910301e+00  4.810935319910301e+00  0
-1.162440869075045e-08  5.295806854346486e+00  5.295806854346486e+00  5.295806854346486e+00  5.295806854346486e+00  0
-1.060661657615460e-08  5.843933501287250e+00  5.843933501287250e+00  5.843933501287250e+00  5.843933501287250e+00  0
-9.677938739634492e-09  6.188487433140545e+00  6.188487433140545e+00  6.188487433140545e+00  6.188487433140545e+00  0
-8.830572650159389e-09  6.198768647589060e+00  6.198768647589060e+00  6.198768647589060e+00  6.198768647589060e+00  0
-8.057398938721539e-09  5.874515589454540e+00  5.874515589454540e+00  5.874515589454540e+00  5.874515589454540e+00  0
-7.351921583085459e-09  5.391943170806140e+00  5.391943170806140e+00  5.391943170806140e+00  5.391943170806140e+00  0
-6.708213329749065e-09  4.845065128850440e+00  4.845065128850440e+00  4.845065128850440e+00  4.845065128850440e+00  0
-6.120865894564855e-09  4.502125599087124e+00  4.502125599087124e+00  4.502125599087124e+00  4.502125599087124e+00  0
-5.584944523618584e-09  4.491056377937479e+00  4.491056377937479e+00  4.491056377937479e+00  4.491056377937479e+00  0
-5.095946532596706e-09  4.811052856503083e+00  4.811052856503083e+00  4.811052856503083e+00  4.811052856503083e+00  0
-4.649763476300179e-09  5.295947803642017e+00  5.295947803642017e+00  5.295947803642017e+00  5.295947803642017e+00  0
-4.242646630461842e-09  5.844090990153253e+00  5.844090990153253e+00  5.844090990153253e+00  5.844090990153253e+00  0
-3.871175495853797e-09  6.188656475643889e+00  6.188656475643889e+00  6.188656475643889e+00  6.188656475643889e+00  0
-3.532229060063756e-09  6.198939171538445e+00  6.198939171538445e+00  6.198939171538445e+00  6.198939171538445e+00  0
-3.222959575488616e-09  5.874675677686210e+00  5.874675677686210e+00  5.874675677686210e+00  5.874675677686210e+00  0
-2.940768633234184e-09  5.392093854292268e+00  5.392093854292268e+00  5.392093854292268e+00  5.392093854292268e+00  0
-2.683285331899626e-09  4.845199186716589e+00  4.845199186716589e+00  4.845199186716589e+00  4.845199186716589e+00  0
-2.448346357825942e-09  4.502248021272328e+00  4.502248021272328e+00  4.502248021272328e+00  4.502248021272328e+00  0
-2.233977809447434e-09  4.491176400542304e+00  4.491176400542304e+00  4.491176400542304e+00  4.491176400542304e+00  0
-2.038378613038682e-09  4.811180521237427e+00  4.811180521237427e+00  4.811180521237427e+00  4.811180521237427e+00  0
-1.859905390520071e-09  5.296092225794117e+00  5.296092225794117e+00  5.296092225794117e+00  5.296092225794117e+00  0
-1.697058652184737e-09  5.844250035530235e+00  5.844250035530235e+00  5.844250035530235e+00  5.844250035530235e+00  0
-1.548470198341519e-09  6.188823221967787e+00  6.188823221967787e+00  6.188823221967787e+00  6.188823221967787e+00  0
-1.412891624025502e-09  6.199101037458763e+00  6.199101037458763e+00  6.199101037458763e+00  6.199101037458763e+00  0
-1.289183830195446e-09  5.874817123961028e+00  5.874817123961028e+00  5.874817123961028e+00  5.874817123961028e+00  0
-1.176307453293673e-09  5.392244517973174e+00  5.392244517973174e+00  5.392244517973174e+00  5.392244517973174e+00  0
-1.073314132759850e-09  4.845334058017717e+00  4.845334058017717e+00  4.845334058017717e+00  4.845334058017717e+00  0
-9.793385431303769e-10  4.502372513960881e+00  4.502372513960881e+00  4.502372513960881e+00  4.502372513960881e+00  0
-8.935911237789734e-10  4.491299768376856e+00  4.491299768376856e+00  4.491299768376856e+00  4.491299768376856e+00  0
-8.153514452154729e-10  4.811312324750477e+00  4.811312324750477e+00  4.811312324750477e+00  4.811312324750477e+00  0
-7.439621562080285e-10  5.296232641382507e+00  5.296232641382507e+00  5.296232641382507e+00  5.296232641382507e+00  0
-6.788234608738945e-10  5.844395352634621e+00  5.844395352634621e+00  5.844395352634621e+00  5.844395352634621e+00  0
-6.193880793366075e-10  6.188954269917030e+00  6.188954269917030e+00  6.188954269917030e+00  6.188954269917030e+00  0
-5.651566496102009e-10  6.199181894058926e+00  6.199181894058926e+00  6.199181894058926e+00  6.199181894058926e+00  0
-5.156735320781784e-10  5.874791681123713e+00  5.874791681123713e+00  5.874791681123713e+00  5.874791681123713e+00  0
-4.705229813174694e-10  5.392395567298211e+00  5.392395567298211e+00  5.392395567298211e+00  5.392395567298211e+00  0
-4.293256531039402e-10  4.845469750682216e+00  4.845469750682216e+00  4.845469750682216e+00  4.845469750682216e+00  0
-3.917354172521507e-10  4.502498442628077e+00  4.502498442628077e+00  4.502498442628077e+00  4.502498442628077e+00  0
-3.574364495115894e-10  4.491425195409388e+00  4.491425195409388e+00  4.491425195409388e+00  4.491425195409388e+00  0
-3.261405780861892e-10  4.811446608810124e+00  4.811446608810124e+00  4.811446608810124e+00  4.811446608810124e+00  0
3.261405780861892e-10  4.811445948775996e+00  4.811445948775996e+00  4.811445948775996e+00  4.811445948775996e+00  0
3.574364495115894e-10  4.491424652691959e+00  4.491424652691959e+00  4.491424652691959e+00  4.491424652691959e+00  0
3.917354172521507e-10  4.502497983973784e+00  4.502497983973784e+00  4.502497983973784e+00  4.502497983973784e+00  0
4.293256531039402e-10  4.845469335925927e+00  4.845469335925927e+00  4.845469335925927e+00  4.845469335925927e+00  0
4.705229813174694e-10  5.392395163512554e+00  5.392395163512554e+00  5.392395163512554e+00  5.392395163512554e+00  0
5.156735320781784e-10  5.874790667066519e+00  5.874790667066519e+00  5.874790667066519e+00  5.874790667066519e+00  0
5.651566496102009e-10  6.199180872930668e+00  6.199180872930668e+00  6.199180872930668e+00  6.199180872930668e+00  0
6.193880793366075e-10  6.188953279623209e+00  6.188953279623209e+00  6.188953279623209e+00  6.188953279623209e+00  0
6.788234608738945e-10  5.844394442939880e+00  5.844394442939880e+00  5.844394442939880e+00  5.844394442939880e+00  0
7.439621562080285e-10  5.296231851592962e+00  5.296231851592962e+00  5.296231851592962e+00  5.296231851592962e+00  0
8.153514452154729e-10  4.811310674708913e+00  4.811310674708913e+00  4.811310674708913e+00  4.811310674708913e+00  0
8.935911237789734e-10  4.491298411619359e+00  4.491298411619359e+00  4.491298411619359e+00  4.491298411619359e+00  0
9.793385431303769e-10  4.502371367355686e+00  4.502371367355686e+00  4.502371367355686e+00  4.502371367355686e+00  0
1.073314132759850e-09  4.845333021154580e+00  4.845333021154580e+00  4.845333021154580e+00  4.845333021154580e+00  0
1.176307453293673e-09  5.392243508535766e+00  5.392243508535766e+00  5.392243508535766e+00  5.392243508535766e+00  0
1.289183830195446e-09  5.874814588695338e+00  5.874814588695338e+00  5.874814588695338e+00  5.874814588695338e+00  0
1.412891624025502e-09  6.199098484613033e+00  6.199098484613033e+00  6.199098484613033e+00  6.199098484613033e+00  0
1.548470198341519e-09  6.188820746256753e+00  6.188820746256753e+00  6.188820746256753e+00  6.188820746256753e+00  0
1.697058652184737e-09  5.844247761335645e+00  5.844247761335645e+00  5.844247761335645e+00  5.844247761335645e+00  0
1.859905390520071e-09  5.296090251365068e+00  5.296090251365068e+00  5.296090251365068e+00  5.296090251365068e+00  0
2.038378613038682e-09  4.811176396239853e+00  4.811176396239853e+00  4.811176396239853e+00  4.811176396239853e+00  0
2.233977809447434e-09  4.491173008735646e+00  4.491173008735646e+00  4.491173008735646e+00  4.491173008735646e+00  0
2.448346357825942e-09  4.502245154832980e+00  4.502245154832980e+00  4.502245154832980e+00  4.502245154832980e+00  0
2.683285331899626e-09  4.845196594625572e+00  4.845196594625572e+00  4.845196594625572e+00  4.845196594625572e+00  0
2.940768633234184e-09  5.392091330764059e+00  5.392091330764059e+00  5.392091330764059e+00  5.392091330764059e+00  0
3.222959575488616e-09  5.874669339630808e+00  5.874669339630808e+00  5.874669339630808e+00  5.874669339630808e+00  0
3.532229060063756e-09  6.198932789564085e+00  6.198932789564085e+00  6.198932789564085e+00  6.198932789564085e+00  0
3.871175495853797e-09  6.188650286516101e+00  6.188650286516101e+00  6.188650286516101e+00  6.188650286516101e+00  0
4.242646630461842e-09  5.844085304809759e+00  5.844085304809759e+00  5.844085304809759e+00  5.844085304809759e+00  0
4.649763476300179e-09  5.295942867695056e+00  5.295942867695056e+00  5.295942867695056e+00  5.295942867695056e+00  0
5.095946532596706e-09  4.811042544271458e+00  4.811042544271458e+00  4.811042544271458e+00  4.811042544271458e+00  0
5.584944523618584e-09  4.491047898634257e+00  4.491047898634257e+00  4.491047898634257e+00  4.491047898634257e+00  0
6.120865894564855e-09  4.502118433169498e+00  4.502118433169498e+00  4.502118433169498e+00  4.502118433169498e+00  0
6.708213329749065e-09  4.845058648788533e+00  4.845058648788533e+00  4.845058648788533e+00  4.845058648788533e+00  0
7.351921583085459e-09  5.391936862149364e+00  5.391936862149364e+00  5.391936862149364e+00  5.391936862149364e+00  0
8.057398938721539e-09  5.874499744707798e+00  5.874499744707798e+00  5.874499744707798e+00  5.874499744707798e+00  0
8.830572650159389e-09  6.198752693067058e+00  6.198752693067058e+00  6.198752693067058e+00  6.198752693067058e+00  0
9.677938739634492e-09  6.188471960727337e+00  6.188471960727337e+00  6.188471960727337e+00  6.188471960727337e+00  0
1.060661657615460e-08  5.843919288299256e+00  5.843919288299256e+00  5.843919288299256e+00  5.843919288299256e+00  0
1.162440869075045e-08  5.295794514796324e+00  5.295794514796324e+00  5.295794514796324e+00  5.295794514796324e+00  0
1.273986633149176e-08  4.810909539968137e+00  4.810909539968137e+00  4.810909539968137e+00  4.810909539968137e+00  0
1.396236130904646e-08  4.490923329859330e+00  4.490923329859330e+00  4.490923329859330e+00  4.490923329859330e+00  0
1.530216473641213e-08  4.501990282255291e+00  4.501990282255291e+00  4.501990282255291e+00  4.501990282255291e+00  0
1.677053332437266e-08  4.844916785416309e+00  4.844916785416309e+00  4.844916785416309e+00  4.844916785416309e+00  0
1.837980395771364e-08  5.391776583599424e+00  5.391776583599424e+00  5.391776583599424e+00  5.391776583599424e+00  0
2.014349734680384e-08  5.874310385214269e+00  5.874310385214269e+00  5.874310385214269e+00  5.874310385214269e+00  0
2.207643162539847e-08  6.198556566266644e+00  6.198556566266644e+00  6.198556566266644e+00  6.198556566266644e+00  0
2.419484684908623e-08  6.188282911296933e+00  6.188282911296933e+00  6.188282911296933e+00  6.188282911296933e+00  0
2.651654144038651e-08  5.843748047190142e+00  5.843748047190142e+00  5.843748047190142e+00  5.843748047190142e+00  0
2.906102172687611e-08  5.295645111080145e+00  5.295645111080145e+00  5.295645111080145e+00  5.295645111080145e+00  0
3.184966582872941e-08  4.810778600985529e+00  4.810778600985529e+00  4.810778600985529e+00  4.810778600985529e+00  0
3.490590327261615e-08  4.490800069749588e+00  4.490800069749588e+00  4.490800069749588e+00  4.490800069749588e+00  0
3.825541184103035e-08  4.501858524874920e+00  4.501858524874920e+00  4.501858524874920e+00  4.501858524874920e+00  0
4.192633331093166e-08  4.844765107072018e+00  4.844765107072018e+00  4.844765107072018e+00  4.844765107072018e+00  0
4.594950989428412e-08  5.391601770828450e+00  5.391601770828450e+00  5.391601770828450e+00  5.391601770828450e+00  0
5.035874336700961e-08  5.874079675620223e+00  5.874079675620223e+00  5.874079675620223e+00  5.874079675620223e+00  0
5.519107906349619e-08  6.198324276885566e+00  6.198324276885566e+00  6.198324276885566e+00  6.198324276885566e+00  0
6.048711712271557e-08  6.188068799890824e+00  6.188068799890824e+00  6.188068799890824e+00  6.188068799890824e+00  0
6.629135360096627e-08  5.843564458334593e+00  5.843564458334593e+00  5.843564458334593e+00  5.843564458334593e+00  0
7.265255431719029e-08  5.295493343263088e+00  5.295493343263088e+00  5.295493343263088e+00  5.295493343263088e+00  0
7.962416457182352e-08  4.810652793492546e+00  4.810652793492546e+00  4.810652793492546e+00  4.810652793492546e+00  0
8.726475818154038e-08  4.490680056580648e+00  4.490680056580648e+00  4.490680056580648e+00  4.490680056580648e+00  0
9.563852960257586e-08  4.501717734042038e+00  4.501717734042038e+00  4.501717734042038e+00  4.501717734042038e+00  0
1.048158332773291e-07  4.844588880661571e+00  4.844588880661571e+00  4.844588880661571e+00  4.844588880661571e+00  0
1.148737747357103e-07  5.391390617068463e+00  5.391390617068463e+00  5.391390617068463e+00  5.391390617068463e+00  0
1.258968584175240e-07  5.873747793361405e+00  5.873747793361405e+00  5.873747793361405e+00  5.873747793361405e+00  0
1.379776976587405e-07  6.198002640464383e+00  6.198002640464383e+00  6.198002640464383e+00  6.198002640464383e+00  0
1.512177928067889e-07  6.187792494867451e+00  6.187792494867451e+00  6.187792494867451e+00  6.187792494867451e+00  0
1.657283840024157e-07  5.843350176614758e+00  5.843350176614758e+00  5.843350176614758e+00  5.843350176614758e+00  0
1.816313857929757e-07  5.295335719398099e+00  5.295335719398099e+00  5.295335719398099e+00  5.295335719398099e+00  0
1.990604114295588e-07  4.810539734844047e+00  4.810539734844047e+00  4.810539734844047e+00  4.810539734844047e+00  0
2.181618954538510e-07  4.490568103989287e+00  4.490568103989287e+00  4.490568103989287e+00  4.490568103989287e+00  0
2.390963240064397e-07  4.501554323474233e+00  4.501554323474233e+00  4.501554323474233e+00  4.501554323474233e+00  0
2.620395831933229e-07  4.844351262344697e+00  4.844351262344697e+00  4.844351262344697e+00  4.844351262344697e+00  0
2.871844368392758e-07  5.391088596199325e+00  5.391088596199325e+00  5.391088596199325e+00  5.391088596199325e+00  0
3.147421460438101e-07  5.873163654782143e+00  5.873163654782143e+00  5.873163654782143e+00  5.873163654782143e+00  0
3.449442441468511e-07  6.197457915518196e+00  6.197457915518196e+00  6.197457915518196e+00  6.197457915518196e+00  0
3.780444820169723e-07  6.187360771093639e+00  6.187360771093639e+00  6.187360771093639e+00  6.187360771093639e+00  0
4.143209600060391e-07  5.843059128678584e+00  5.843059128678584e+00  5.843059128678584e+00  5.843059128678584e+00  0
4.540784644824392e-07  5.295163388674082e+00  5.295163388674082e+00  5.295163388674082e+00  5.295163388674082e+00  0
4.976510285738970e-07  4.810458111752763e+00  4.810458111752763e+00  4.810458111752763e+00  4.810458111752763e+00  0
5.454047386346274e-07  4.490476001702658e+00  4.490476001702658e+00  4.490476001702658e+00  4.490476001702658e+00  0
5.977408100160992e-07  4.501334179888259e+00  4.501334179888259e+00  4.501334179888259e+00  4.501334179888259e+00  0
6.550989579833072e-07  4.843960058614877e+00  4.843960058614877e+00  4.843960058614877e+00  4.843960058614877e+00  0
7.179610920981894e-07  5.390559336799972e+00  5.390559336799972e+00  5.390559336799972e+00  5.390559336799972e+00  0
7.868553651095252e-07  5.871948737480643e+00  5.871948737480643e+00  5.871948737480643e+00  5.871948737480643e+00  0
8.623606103671279e-07  6.196355106825933e+00  6.196355106825933e+00  6.196355106825933e+00  6.196355106825933e+00  0
9.451112050424309e-07  6.186539981976179e+00  6.186539981976179e+00  6.186539981976179e+00  6.186539981976179e+00  0
1.035802400015098e-06  5.842575591311251e+00  5.842575591311251e+00  5.842575591311251e+00  5.842575591311251e+00  0
1.135196161206098e-06  5.294953759524119e+00  5.294953759524119e+00  5.294953759524119e+00  5.294953759524119e+00  0
1.244127571434742e-06  4.810452409834399e+00  4.810452409834399e+00  4.810452409834399e+00  4.810452409834399e+00  0
1.363511846586568e-06  4.490431693270541e+00  4.490431693270541e+00  4.490431693270541e+00  4.490431693270541e+00  0
1.494352025040248e-06  4.500971090930279e+00  4.500971090930279e+00  4.500971090930279e+00  4.500971090930279e+00  0
1.637747394958268e-06  4.843184251841334e+00  4.843184251841334e+00  4.843184251841334e+00  4.843184251841334e+00  0
1.794902730245473e-06  5.389461549896676e+00  5.389461549896676e+00  5.389461549896676e+00  5.389461549896676e+00  0
1.967138412773813e-06  5.869154397998823e+00  5.869154397998823e+00  5.869154397998823e+00  5.869154397998823e+00  0
2.155901525917819e-06  6.193854049383883e+00  6.193854049383883e+00  6.193854049383883e+00  6.193854049383883e+00  0
2.362778012606077e-06  6.184742964119997e+00  6.184742964119997e+00  6.184742964119997e+00  6.184742964119997e+00  0
2.589506000037745e-06  5.841607140121873e+00  5.841607140121873e+00  5.841607140121873e+00  5.841607140121873e+00  0
2.837990403015245e-06  5.294647558406043e+00  5.294647558406043e+00  5.294647558406043e+00  5.294647558406043e+00  0
3.110318928586857e-06  4.810620002731754e+00  4.810620002731754e+00  4.810620002731754e+00  4.810620002731754e+00  0
3.408779616466421e-06  4.490495539796619e+00  4.490495539796619e+00  4.490495539796619e+00  4.490495539796619e+00  0
3.735880062600620e-06  4.500243754974345e+00  4.500243754974345e+00  4.500243754974345e+00  4.500243754974345e+00  0
4.094368487395670e-06  4.841442972487448e+00  4.841442972487448e+00  4.841442972487448e+00  4.841442972487448e+00  0
4.487256825613684e-06  5.386939757622423e+00  5.386939757622423e+00  5.386939757622423e+00  5.386939757622423e+00  0
4.917846031934533e-06  5.862395499667959e+00  5.862395499667959e+00  5.862395499667959e+00  5.862395499667959e+00  0
5.389753814794549e-06  6.187838199177216e+00  6.187838199177216e+00  6.187838199177216e+00  6.187838199177216e+00  0
5.906945031515193e-06  6.180483120594204e+00  6.180483120594204e+00  6.180483120594204e+00  6.180483120594204e+00  0
6.473765000094363e-06  5.839403470205680e+00  5.839403470205680e+00  5.839403470205680e+00  5.839403470205680e+00  0
7.094976007538114e-06  5.294079301502060e+00  5.294079301502060e+00  5.294079301502060e+00  5.294079301502060e+00  0
7.775797321467140e-06  4.811118590794751e+00  4.811118590794751e+00  4.811118590794751e+00  4.811118590794751e+00  0
8.521949041166052e-06  4.490759522196583e+00  4.490759522196583e+00  4.490759522196583e+00  4.490759522196583e+00  0
9.339700156501548e-06  4.498563071006014e+00  4.498563071006014e+00  4.498563071006014e+00  4.498563071006014e+00  0
1.023592121848917e-05  4.837263367753405e+00  4.837263367753405e+00  4.837263367753405e+00  4.837263367753405e+00  0
1.121814206403421e-05  5.380841235193736e+00  5.380841235193736e+00  5.380841235193736e+00  5.380841235193736e+00  0
1.229461507983633e-05  5.845626744246676e+00  5.845626744246676e+00  5.845626744246676e+00  5.845626744246676e+00  0
1.347438453698637e-05  6.172917468158594e+00  6.172917468158594e+00  6.172917468158594e+00  6.172917468158594e+00  0
1.476736257878798e-05  6.169929137804728e+00  6.169929137804728e+00  6.169929137804728e+00  6.169929137804728e+00  0
1.618441250023591e-05  5.833970235520093e+00  5.833970235520093e+00  5.833970235520093e+00  5.833970235520093e+00  0
1.773744001884528e-05  5.292728437818933e+00  5.292728437818933e+00  5.292728437818933e+00  5.292728437818933e+00  0
1.943949330366785e-05  4.811818667824856e+00  4.811818667824856e+00  4.811818667824856e+00  4.811818667824856e+00  0
2.130487260291513e-05  4.491091803517973e+00  4.491091803517973e+00  4.491091803517973e+00  4.491091803517973e+00  0
2.334925039125387e-05  4.494235276584616e+00  4.494235276584616e+00  4.494235276584616e+00  4.494235276584616e+00  0
2.558980304622294e-05  4.826835531617061e+00  4.826835531617061e+00  4.826835531617061e+00  4.826835531617061e+00  0
2.804535516008552e-05  5.365697597990889e+00  5.365697597990889e+00  5.365697597990889e+00  5.365697597990889e+00  0
3.073653769959083e-05  5.803308476563271e+00  5.803308476563271e+00  5.803308476563271e+00  5.803308476563271e+00  0
3.368596134246593e-05  6.135060685542721e+00  6.135060685542721e+00  6.135060685542721e+00  6.135060685542721e+00  0
3.691840644696995e-05  6.142828951400902e+00  6.142828951400902e+00  6.142828951400902e+00  6.142828951400902e+00  0
4.046103125058977e-05  5.819611476154184e+00  5.819611476154184e+00  5.819611476154184e+00  5.819611476154184e+00  0
4.434360004711321e-05  5.288646293599809e+00  5.288646293599809e+00  5.288646293599809e+00  5.288646293599809e+00  0
4.859873325916964e-05  4.809157619215732e+00  4.809157619215732e+00  4.809157619215732e+00  4.809157619215732e+00  0
5.326218150728783e-05  4.488894883904259e+00  4.488894883904259e+00  4.488894883904259e+00  4.488894883904259e+00  0
5.837312597813469e-05  4.481624774540746e+00  4.481624774540746e+00  4.481624774540746e+00  4.481624774540746e+00  0
6.397450761555734e-05  4.799823654492275e+00  4.799823654492275e+00  4.799823654492275e+00  4.799823654492275e+00  0
7.011338790021381e-05  5.327301332829845e+00  5.327301332829845e+00  5.327301332829845e+00  5.327301332829845e+00  0
7.684134424897707e-05  5.693284940242824e+00  5.693284940242824e+00  5.693284940242824e+00  5.693284940242824e+00  0
8.421490335616483e-05  6.035526681459207e+00  6.035526681459207e+00  6.035526681459207e+00  6.035526681459207e+00  0
9.229601611742488e-05  6.069367514468568e+00  6.069367514468568e+00  6.069367514468568e+00  6.069367514468568e+00  0
1.011525781264744e-04  5.777733906187486e+00  5.777733906187486e+00  5.777733906187486e+00  5.777733906187486e+00  0
1.108590001177830e-04  5.272979738839082e+00  5.272979738839082e+00  5.272979738839082e+00  5.272979738839082e+00  0
1.214968331479241e-04  4.775169267197605e+00  4.775169267197605e+00  4.775169267197605e+00  4.775169267197605e+00  0
1.331554537682195e-04  4.463842319721008e+00  4.463842319721008e+00  4.463842319721008e+00  4.463842319721008e+00  0
1.459328149453367e-04  4.437795334405195e+00  4.437795334405195e+00  4.437795334405195e+00  4.437795334405195e+00  0
1.599362690388933e-04  4.725129511583702e+00  4.725129511583702e+00  4.725129511583702e+00  4.725129511583702e+00  0
1.752834697505345e-04  5.226677744136325e+00  5.226677744136325e+00  5.226677744136325e+00  5.226677744136325e+00  0
1.921033606224427e-04  5.393197767149912e+00  5.393197767149912e+00  5.393197767149912e+00  5.393197767149912e+00  0
2.105372583904121e-04  5.758596693963741e+00  5.758596693963741e+00  5.758596693963741e+00  5.758596693963741e+00  0
2.307400402935622e-04  5.852791118119938e+00  5.852791118119938e+00  5.852791118119938e+00  5.852791118119938e+00  0
2.528814453161860e-04  5.637879659632578e+00  5.637879659632578e+00  5.637879659632578e+00  5.637879659632578e+00  0
2.771475002944575e-04  5.200870755303631e+00  5.200870755303631e+00  5.200870755303631e+00  5.200870755303631e+00  0
3.037420828698102e-04  4.545779605914110e+00  4.545779605914110e+00  4.545779605914110e+00  4.545779605914110e+00  0
3.328886344205489e-04  4.290702334991687e+00  4.290702334991687e+00  4.290702334991687e+00  4.290702334991687e+00  0
3.648320373633417e-04  4.254221855964023e+00  4.254221855964023e+00  4.254221855964023e+00  4.254221855964023e+00  0
3.998406725972333e-04  4.493062658153367e+00  4.493062658153367e+00  4.493062658153367e+00  4.493062658153367e+00  0
4.382086743763362e-04  4.945698348862912e+00  4.945698348862912e+00  4.945698348862912e+00  4.945698348862912e+00  0
4.802584015561067e-04  4.545080196001607e+00  4.545080196001607e+00  4.545080196001607e+00  4.545080196001607e+00  0
5.263431459760303e-04  4.954354281760553e+00  4.954354281760553e+00  4.954354281760553e+00  4.954354281760553e+00  0
5.768501007339055e-04  5.170076743935205e+00  5.170076743935205e+00  5.170076743935205e+00  5.170076743935205e+00  0
6.322036132904651e-04  5.124841428260672e+00  5.124841428260672e+00  5.124841428260672e+00  5.124841428260672e+00  0
6.928687507361440e-04  4.856057236821874e+00  4.856057236821874e+00  4.856057236821874e+00  4.856057236821874e+00  0
7.593552071745256e-04  3.541658707803279e+00  3.541658707803279e+00  3.541658707803279e+00  3.541658707803279e+00  0
8.322215860513723e-04  3.469348496872246e+00  3.469348496872246e+00  3.469348496872246e+00  3.469348496872246e+00  0
9.120800934083544e-04  3.503565852838203e+00  3.503565852838203e+00  3.503565852838203e+00  3.503565852838203e+00  0
9.996016814930835e-04  3.722310890285658e+00  3.722310890285658e+00  3.722310890285658e+00  3.722310890285658e+00  0
1.095521685940841e-03  4.120829246323357e+00  4.120829246323357e+00  4.120829246323357e+00  4.120829246323357e+00  0
1.200646003890267e-03  2.679889241388915e+00  2.679889241388915e+00  2.679889241388915e+00  2.679889241388915e+00  0
1.315857864940076e-03  3.074282322723117e+00  3.074282322723117e+00  3.074282322723117e+00  3.074282322723117e+00  0
1.442125251834764e-03  3.398683748382474e+00  3.398683748382474e+00  3.398683748382474e+00  3.398683748382474e+00  0
1.580509033226163e-03  3.579286893350056e+00  3.579286893350056e+00  3.579286893350056e+00  3.579286893350056e+00  0
1.732171876840360e-03  3.596265288008828e+00  3.596265288008828e+00  3.596265288008828e+00  3.596265288008828e+00  0
1.898388017936314e-03  1.754062963595015e+00  1.754062963595015e+00  1.754062963595015e+00  1.754062963595015e+00  0
2.080553965128431e-03  1.786230615960139e+00  1.786230615960139e+00  1.786230615960139e+00  1.786230615960139e+00  0
2.280200233520886e-03  1.865899316345957e+00  1.865899316345957e+00  1.865899316345957e+00  1.865899316345957e+00  0
2.499004203732709e-03  2.043023365951714e+00  2.043023365951714e+00  2.043023365951714e+00  2.043023365951714e+00  0
2.738804214852102e-03  2.339648813376600e+00  2.339648813376600e+00  2.339648813376600e+00  2.339648813376600e+00  0
3.001615009725670e-03  1.389255377729339e+00  1.389255377729339e+00  1.389255377729339e+00  1.389255377729339e+00  0
3.289644662350192e-03  1.489478391845489e+00  1.489478391845489e+00  1.489478391845489e+00  1.489478391845489e+00  0
3.605313129586913e-03  1.593783860501629e+00  1.593783860501629e+00  1.593783860501629e+00  1.593783860501629e+00  0
3.951272583065411e-03  1.677554555919400e+00  1.677554555919400e+00  1.677554555919400e+00  1.677554555919400e+00  0
4.330429692100904e-03  1.723118717747927e+00  1.723118717747927e+00  1.723118717747927e+00  1.723118717747927e+00  0
4.745970044840788e-03  1.310804325122901e+00  1.310804325122901e+00  1.310804325122901e+00  1.310804325122901e+00  0
5.201384912821080e-03  1.300173182683743e+00  1.300173182683743e+00  1.300173182683743e+00  1.300173182683743e+00  0
5.700500583802218e-03  1.290549662578647e+00  1.290549662578647e+00  1.290549662578647e+00  1.290549662578647e+00  0
6.247510509331775e-03  1.299444479988774e+00  1.299444479988774e+00  1.299444479988774e+00  1.299444479988774e+00  0
6.847010537130258e-03  1.341645626700074e+00  1.341645626700074e+00  1.341645626700074e+00  1.341645626700074e+00  0
7.504037524314174e-03  1.181374970407371e+00  1.181374970407371e+00  1.181374970407371e+00  1.181374970407371e+00  0
8.224111655875478e-03  1.238294398304962e+00  1.238294398304962e+00  1.238294398304962e+00  1.238294398304962e+00  0
9.013282823967282e-03  1.286307814235715e+00  1.286307814235715e+00  1.286307814235715e+00  1.286307814235715e+00  0
9.878181457663525e-03  1.318384329995169e+00  1.318384329995169e+00  1.318384329995169e+00  1.318384329995169e+00  0
1.082607423025226e-02  1.329490968546508e+00  1.329490968546508e+00  1.329490968546508e+00  1.329490968546508e+00  0
1.186492511210197e-02  9.688549553929924e-01  9.688549553929924e-01  9.688549553929924e-01  9.688549553929924e-01  0
1.300346228205270e-02  1.013686626735715e+00  1.013686626735715e+00  1.013686626735715e+00  1.013686626735715e+00  0
1.425125145950555e-02  1.054154968861956e+00  1.054154968861956e+00  1.054154968861956e+00  1.054154968861956e+00  0
1.561877627332944e-02  1.096757695323995e+00  1.096757695323995e+00  1.096757695323995e+00  1.096757695323995e+00  0
1.711752634282565e-02  1.143910525551664e+00  1.143910525551664e+00  1.143910525551664e+00  1.143910525551664e+00  0
1.876009381078543e-02  8.951990406795320e-01  8.951990406795320e-01  8.951990406795320e-01  8.951990406795320e-01  0
2.056027913968870e-02  9.007505032036083e-01  9.007505032036083e-01  9.007505032036083e-01  9.007505032036083e-01  0
2.253320705991821e-02  9.179966724773142e-01  9.179966724773142e-01  9.179966724773142e-01  9.179966724773142e-01  0
2.469545364415881e-02  9.462530966538556e-01  9.462530966538556e-01  9.462530966538556e-01  9.462530966538556e-01  0
2.706518557563065e-02  9.815398308834177e-01  9.815398308834177e-01  9.815398308834177e-01  9.815398308834177e-01  0
2.966231278025492e-02  8.757715548742654e-01  8.757715548742654e-01  8.757715548742654e-01  8.757715548742654e-01  0
3.250865570513176e-02  9.085490682407155e-01  9.085490682407155e-01  9.085490682407155e-01  9.085490682407155e-01  0
3.562812864876387e-02  9.251825490820991e-01  9.251825490820991e-01  9.251825490820991e-01  9.251825490820991e-01  0
3.904694068332360e-02  9.293928272117399e-01  9.293928272117399e-01  9.293928272117399e-01  9.293928272117399e-01  0
4.279381585706412e-02  9.298085209405831e-01  9.298085209405831e-01  9.298085209405831e-01  9.298085209405831e-01  0
4.690023452696358e-02  1.548473558859328e+00  1.548473558859328e+00  1.548473558859328e+00  1.548473558859328e+00  0
5.140069784922174e-02  1.396016778696703e+00  1.396016778696703e+00  1.396016778696703e+00  1.396016778696703e+00  0
5.633301764979550e-02  1.248347309975040e+00  1.248347309975040e+00  1.248347309975040e+00  1.248347309975040e+00  0
6.173863411039702e-02  1.131234036321846e+00  1.131234036321846e+00  1.131234036321846e+00  1.131234036321846e+00  0
6.766296393907660e-02  1.054983417380253e+00  1.054983417380253e+00  1.054983417380253e+00  1.054983417380253e+00  0
7.415578195063731e-02  1.498689697364134e+00  1.498689697364134e+00  1.498689697364134e+00  1.498689697364134e+00  0
8.127163926282939e-02  1.661675561003655e+00  1.661675561003655e+00  1.661675561003655e+00  1.661675561003655e+00  0
8.907032162190968e-02  1.753877126912840e+00  1.753877126912840e+00  1.753877126912840e+00  1.753877126912840e+00  0
9.761735170830900e-02  1.763843862918738e+00  1.763843862918738e+00  1.763843862918738e+00  1.763843862918738e+00  0
1.069845396426603e-01  1.696617695309164e+00  1.696617695309164e+00  1.696617695309164e+00  1.696617695309164e+00  0
1.172505863174089e-01  1.230945862192694e+00  1.230945862192694e+00  1.230945862192694e+00  1.230945862192694e+00  0
1.285017446230543e-01  1.286645653361605e+00  1.286645653361605e+00  1.286645653361605e+00  1.286645653361605e+00  0
1.408325441244888e-01  1.349827864944157e+00  1.349827864944157e+00  1.349827864944157e+00  1.349827864944157e+00  0
1.543465852759926e-01  1.434796921166467e+00  1.434796921166467e+00  1.434796921166467e+00  1.434796921166467e+00  0
1.691574098476915e-01  1.543535168302703e+00  1.543535168302703e+00  1.543535168302703e+00  1.543535168302703e+00  0
1.853894548765933e-01  1.068783675540930e+00  1.068783675540930e+00  1.068783675540930e+00  1.068783675540930e+00  0
2.031790981570735e-01  1.209661490447883e+00  1.209661490447883e+00  1.209661490447883e+00  1.209661490447883e+00  0
2.226758040547742e-01  1.310187114591729e+00  1.310187114591729e+00  1.310187114591729e+00  1.310187114591729e+00  0
2.440433792707725e-01  1.366932781835048e+00  1.366932781835048e+00  1.366932781835048e+00  1.366932781835048e+00  0
2.674613491066508e-01  1.386730529175899e+00  1.386730529175899e+00  1.386730529175899e+00  1.386730529175899e+00  0
2.931264657935224e-01  2.662354718761097e-01  2.662354718761097e-01  2.662354718761097e-01  2.662354718761097e-01  0
3.212543615576359e-01  3.959674768262726e-01  3.959674768262726e-01  3.959674768262726e-01  3.959674768262726e-01  0
3.520813603112219e-01  5.539618594534134e-01  5.539618594534134e-01  5.539618594534134e-01  5.539618594534134e-01  0
3.858664631899815e-01  7.310386875280992e-01  7.310386875280992e-01  7.310386875280992e-01  7.310386875280992e-01  0
4.228935246192289e-01  9.129564691958110e-01  9.129564691958110e-01  9.129564691958110e-01  9.129564691958110e-01  0
4.634736371914833e-01  3.753741324710639e-02  3.753741324710639e-02  3.753741324710639e-02  3.753741324710639e-02  0
5.079477453926837e-01  5.651554977652633e-02  5.651554977652633e-02  5.651554977652633e-02  5.651554977652633e-02  0
5.566895101369356e-01  8.558079827866480e-02  8.558079827866480e-02  8.558079827866480e-02  8.558079827866480e-02  0
6.101084481769313e-01  1.300835107869938e-01  1.300835107869938e-01  1.300835107869938e-01  1.300835107869938e-01  0
6.686533727666270e-01  1.961889267450452e-01  1.961889267450452e-01  1.961889267450452e-01  1.961889267450452e-01  0
7.328161644838057e-01  3.576466006427687e-03  3.576466006427687e-03  3.576466006427687e-03  3.576466006427687e-03  0
8.031359038940895e-01  6.379803563097450e-03  6.379803563097450e-03  6.379803563097450e-03  6.379803563097450e-03  0
8.802034007780546e-01  1.067708046714841e-02  1.067708046714841e-02  1.067708046714841e-02  1.067708046714841e-02  0
9.646661579749534e-01  1.689302791573324e-02  1.689302791573324e-02  1.689302791573324e-02  1.689302791573324e-02  0
1.057233811548072e+00  2.559250108816616e-02  2.559250108816616e-02  2.559250108816616e-02  2.559250108816616e-02  0
1.158684092978708e+00  6.958342449000776e-05  6.958342449000776e-05  6.958342449000776e-05  6.958342449000776e-05  0
1.269869363481709e+00  1.728820440896465e-04  1.728820440896465e-04  1.728820440896465e-04  1.728820440896465e-04  0
1.391723775342339e+00  4.059701974977730e-04  4.059701974977730e-04  4.059701974977730e-04  4.059701974977730e-04  0
1.525271120442328e+00  8.955435533900196e-04  8.955435533900196e-04  8.955435533900196e-04  8.955435533900196e-04  0
1.671633431916567e+00  1.849083335196100e-03  1.849083335196100e-03  1.849083335196100e-03  1.849083335196100e-03  0
1.832040411209514e+00  1.591417651273450e-06  1.591417651273450e-06  1.591417651273450e-06  1.591417651273450e-06  0
2.007839759735224e+00  3.680500351545605e-06  3.680500351545605e-06  3.680500351545605e-06  3.680500351545605e-06  0
2.200508501945136e+00  8.098486224370116e-06  8.098486224370116e-06  8.098486224370116e-06  8.098486224370116e-06  0
2.411665394937383e+00  1.712505168822423e-05  1.712505168822423e-05  1.712505168822423e-05  1.712505168822423e-05  0
2.643084528870179e+00  3.530743711184597e-05  3.530743711184597e-05  3.530743711184597e-05  3.530743711184597e-05  0
