-2.643084528870179e+00  1.270859236386631e-05  1.270859236386631e-05  1.270859236386631e-05  1.270859236386631e-05  0
-2.411665394937383e+00  7.154885528346720e-06  7.154885528346720e-06  7.154885528346720e-06  7.154885528346720e-06  0
-2.200508501945136e+00  3.787440741824397e-06  3.787440741824397e-06  3.787440741824397e-06  3.787440741824397e-06  0
-2.007839759735224e+00  1.868452574870639e-06  1.868452574870639e-06  1.868452574870639e-06  1.868452574870639e-06  0
-1.832040411209514e+00  8.564718194295837e-07  8.564718194295837e-07  8.564718194295837e-07  8.564718194295837e-07  0
-1.671633431916567e+00  6.878785634313216e-04  6.878785634313216e-04  6.878785634313216e-04  6.878785634313216e-04  0
-1.525271120442328e+00  3.364949849444887e-04  3.364949849444887e-04  3.364949849444887e-04  3.364949849444887e-04  0
-1.391723775342339e+00  1.549914327632880e-04  1.549914327632880e-04  1.549914327632880e-04  1.549914327632880e-04  0
-1.269869363481709e+00  6.783753732217336e-05  6.783753732217336e-05  6.783753732217336e-05  6.783753732217336e-05  0
-1.158684092978708e+00  2.857298042915679e-05  2.857298042915679e-05  2.857298042915679e-05  2.857298042915679e-05  0
-1.057233811548072e+00  7.356889846829252e-03  7.356889846829252e-03  7.356889846829252e-03  7.356889846829252e-03  0
-9.646661579749534e-01  5.190726974497907e-03  5.190726974497907e-03  5.190726974497907e-03  5.190726974497907e-03  0
-8.802034007780546e-01  3.411531179440692e-03  3.411531179440692e-03  3.411531179440692e-03  3.411531179440692e-03  0
-8.031359038940895e-01  2.082352647294282e-03  2.082352647294282e-03  2.082352647294282e-03  2.082352647294282e-03  0
-7.328161644838057e-01  1.179068754173460e-03  1.179068754173460e-03  1.179068754173460e-03  1.179068754173460e-03  0
-6.686533727666270e-01  2.798480220015237e-02  2.798480220015237e-02  2.798480220015237e-02  2.798480220015237e-02  0
-6.101084481769313e-01  2.120519478841576e-02  2.120519478841576e-02  2.120519478841576e-02  2.120519478841576e-02  0
-5.566895101369356e-01  1.632777506207482e-02  1.632777506207482e-02  1.632777506207482e-02  1.632777506207482e-02  0
-5.079477453926837e-01  1.261861884351918e-02  1.261861884351918e-02  1.261861884351918e-02  1.261861884351918e-02  0
-4.634736371914833e-01  9.591779338183660e-03  9.591779338183660e-03  9.591779338183660e-03  9.591779338183660e-03  0
-4.228935246192289e-01  1.040523129691998e-01  1.040523129691998e-01  1.040523129691998e-01  1.040523129691998e-01  0
-3.858664631899815e-01  8.048497829908927e-02  8.048497829908927e-02  8.048497829908927e-02  8.048497829908927e-02  0
-3.520813603112219e-01  5.940232072438026e-02  5.940232072438026e-02  5.940232072438026e-02  5.940232072438026e-02  0
-3.212543615576359e-01  4.164949190050616e-02  4.164949190050616e-02  4.164949190050616e-02  4.164949190050616e-02  0
-2.931264657935224e-01  2.763065062500578e-02  2.763065062500578e-02  2.763065062500578e-02  2.763065062500578e-02  0
-2.674613491066508e-01  2.132630942950408e-01  2.132630942950408e-01  2.132630942950408e-01  2.132630942950408e-01  0
-2.440433792707725e-01  1.994199281718383e-01  1.994199281718383e-01  1.994199281718383e-01  1.994199281718383e-01  0
-2.226758040547742e-01  1.794228095259909e-01  1.794228095259909e-01  1.794228095259909e-01  1.794228095259909e-01  0
-2.031790981570735e-01  1.551261419874542e-01  1.551261419874542e-01  1.551261419874542e-01  1.551261419874542e-01  0
-1.853894548765933e-01  1.287728966456216e-01  1.287728966456216e-01  1.287728966456216e-01  1.287728966456216e-01  0
-1.691574098476915e-01  1.947134083941013e-01  1.947134083941013e-01  1.947134083941013e-01  1.947134083941013e-01  0
-1.543465852759926e-01  1.987972761180835e-01  1.987972761180835e-01  1.987972761180835e-01  1.987972761180835e-01  0
-1.408325441244888e-01  1.995464570762107e-01  1.995464570762107e-01  1.995464570762107e-01  1.995464570762107e-01  0
-1.285017446230543e-01  1.952913039599931e-01  1.952913039599931e-01  1.952913039599931e-01  1.952913039599931e-01  0
-1.172505863174089e-01  1.842314637099377e-01  1.842314637099377e-01  1.842314637099377e-01  1.842314637099377e-01  0
-1.069845396426603e-01  1.378029385089415e-01  1.378029385089415e-01  1.378029385089415e-01  1.378029385089415e-01  0
-9.761735170830900e-02  1.439226226893024e-01  1.439226226893024e-01  1.439226226893024e-01  1.439226226893024e-01  0
-8.907032162190968e-02  1.473416755161521e-01  1.473416755161521e-01  1.473416755161521e-01  1.473416755161521e-01  0
-8.127163926282939e-02  1.444313197100019e-01  1.444313197100019e-01  1.444313197100019e-01  1.444313197100019e-01  0
-7.415578195063731e-02  1.336306402694267e-01  1.336306402694267e-01  1.336306402694267e-01  1.336306402694267e-01  0
-6.766296393907660e-02  1.558521151807213e-01  1.558521151807213e-01  1.558521151807213e-01  1.558521151807213e-01  0
-6.173863411039702e-02  1.384262659075102e-01  1.384262659075102e-01  1.384262659075102e-01  1.384262659075102e-01  0
-5.633301764979550e-02  1.186903705960586e-01  1.186903705960586e-01  1.186903705960586e-01  1.186903705960586e-01  0
-5.140069784922174e-02  1.003156172754838e-01  1.003156172754838e-01  1.003156172754838e-01  1.003156172754838e-01  0
-4.690023452696358e-02  8.547710474742506e-02  8.547710474742506e-02  8.547710474742506e-02  8.547710474742506e-02  0
-4.279381585706412e-02  1.567955577385084e-01  1.567955577385084e-01  1.567955577385084e-01  1.567955577385084e-01  0
-3.904694068332360e-02  1.626085933742872e-01  1.626085933742872e-01  1.626085933742872e-01  1.626085933742872e-01  0
-3.562812864876387e-02  1.693451932787093e-01  1.693451932787093e-01  1.693451932787093e-01  1.693451932787093e-01  0
-3.250865570513176e-02  1.715575290524549e-01  1.715575290524549e-01  1.715575290524549e-01  1.715575290524549e-01  0
-2.966231278025492e-02  1.654353510986487e-01  1.654353510986487e-01  1.654353510986487e-01  1.654353510986487e-01  0
-2.706518557563065e-02  2.111325898973841e-01  2.111325898973841e-01  2.111325898973841e-01  2.111325898973841e-01  0
-2.469545364415881e-02  1.930026250439584e-01  1.930026250439584e-01  1.930026250439584e-01  1.930026250439584e-01  0
-2.253320705991821e-02  1.707436047170302e-01  1.707436047170302e-01  1.707436047170302e-01  1.707436047170302e-01  0
-2.056027913968870e-02  1.500225103847601e-01  1.500225103847601e-01  1.500225103847601e-01  1.500225103847601e-01  0
-1.876009381078543e-02  1.349931994845429e-01  1.349931994845429e-01  1.349931994845429e-01  1.349931994845429e-01  0
-1.711752634282565e-02  2.031571420030352e-01  2.031571420030352e-01  2.031571420030352e-01  2.031571420030352e-01  0
-1.561877627332944e-02  2.086613530661210e-01  2.086613530661210e-01  2.086613530661210e-01  2.086613530661210e-01  0
-1.425125145950555e-02  2.183654494504164e-01  2.183654494504164e-01  2.183654494504164e-01  2.183654494504164e-01  0
-1.300346228205270e-02  2.248682142258535e-01  2.248682142258535e-01  2.248682142258535e-01  2.248682142258535e-01  0
-1.186492511210197e-02  2.219609486577351e-01  2.219609486577351e-01  2.219609486577351e-01  2.219609486577351e-01  0
-1.082607423025226e-02  2.760283067317797e-01  2.760283067317797e-01  2.760283067317797e-01  2.760283067317797e-01  0
-9.878181457663525e-03  2.608592674923969e-01  2.608592674923969e-01  2.608592674923969e-01  2.608592674923969e-01  0
-9.013282823967282e-03  2.382981494896015e-01  2.382981494896015e-01  2.382981494896015e-01  2.382981494896015e-01  0
-8.224111655875478e-03  2.159962875169577e-01  2.159962875169577e-01  2.159962875169577e-01  2.159962875169577e-01  0
-7.504037524314174e-03  2.006857765219429e-01  2.006857765219429e-01  2.006857765219429e-01  2.006857765219429e-01  0
-6.847010537130258e-03  2.582007380547757e-01  2.582007380547757e-01  2.582007380547757e-01  2.582007380547757e-01  0
-6.247510509331775e-03  2.594648413008431e-01  2.594648413008431e-01  2.594648413008431e-01  2.594648413008431e-01  0
-5.700500583802218e-03  2.710246572093994e-01  2.710246572093994e-01  2.710246572093994e-01  2.710246572093994e-01  0
-5.201384912821080e-03  2.834148291158218e-01  2.834148291158218e-01  2.834148291158218e-01  2.834148291158218e-01  0
-4.745970044840788e-03  2.871315735575752e-01  2.871315735575752e-01  2.871315735575752e-01  2.871315735575752e-01  0
-4.330429692100904e-03  3.784410938974169e-01  3.784410938974169e-01  3.784410938974169e-01  3.784410938974169e-01  0
-3.951272583065411e-03  3.610955663963091e-01  3.610955663963091e-01  3.610955663963091e-01  3.610955663963091e-01  0
-3.605313129586913e-03  3.302201211007836e-01  3.302201211007836e-01  3.302201211007836e-01  3.302201211007836e-01  0
-3.289644662350192e-03  2.959985776538567e-01  2.959985776538567e-01  2.959985776538567e-01  2.959985776538567e-01  0
-3.001615009725670e-03  2.689427773808310e-01  2.689427773808310e-01  2.689427773808310e-01  2.689427773808310e-01  0
-2.738804214852102e-03  3.563286882010420e-01  3.563286882010420e-01  3.563286882010420e-01  3.563286882010420e-01  0
-2.499004203732709e-03  3.460709890171967e-01  3.460709890171967e-01  3.460709890171967e-01  3.460709890171967e-01  0
-2.280200233520886e-03  3.560410747483225e-01  3.560410747483225e-01  3.560410747483225e-01  3.560410747483225e-01  0
-2.080553965128431e-03  3.737952114944280e-01  3.737952114944280e-01  3.737952114944280e-01  3.737952114944280e-01  0
-1.898388017936314e-03  3.849730053010050e-01  3.849730053010050e-01  3.849730053010050e-01  3.849730053010050e-01  0
-1.732171876840360e-03  5.699603075570839e-01  5.699603075570839e-01  5.699603075570839e-01  5.699603075570839e-01  0
-1.580509033226163e-03  5.467702940283381e-01  5.467702940283381e-01  5.467702940283381e-01  5.467702940283381e-01  0
-1.442125251834764e-03  4.985160418746416e-01  4.985160418746416e-01  4.985160418746416e-01  4.985160418746416e-01  0
-1.315857864940076e-03  4.395696823689726e-01  4.395696823689726e-01  4.395696823689726e-01  4.395696823689726e-01  0
-1.200646003890267e-03  3.869870367558033e-01  3.869870367558033e-01  3.869870367558033e-01  3.869870367558033e-01  0
-1.095521685940841e-03  5.271332357665268e-01  5.271332357665268e-01  5.271332357665268e-01  5.271332357665268e-01  0
-9.996016814930835e-04  5.036267019601124e-01  5.036267019601124e-01  5.036267019601124e-01  5.036267019601124e-01  0
-9.120800934083544e-04  5.145983275984130e-01  5.145983275984130e-01  5.145983275984130e-01  5.145983275984130e-01  0
-8.322215860513723e-04  5.427934658057955e-01  5.427934658057955e-01  5.427934658057955e-01  5.427934658057955e-01  0
-7.593552071745256e-04  5.659901410811310e-01  5.659901410811310e-01  5.659901410811310e-01  5.659901410811310e-01  0
-6.928687507361440e-04  8.416068142240093e-01  8.416068142240093e-01  8.416068142240093e-01  8.416068142240093e-01  0
-6.322036132904651e-04  8.175550896789211e-01  8.175550896789211e-01  8.175550896789211e-01  8.175550896789211e-01  0
-5.768501007339055e-04  7.510285849216427e-01  7.510285849216427e-01  7.510285849216427e-01  7.510285849216427e-01  0
-5.263431459760303e-04  6.624657523242884e-01  6.624657523242884e-01  6.624657523242884e-01  6.624657523242884e-01  0
-4.802584015561067e-04  5.784038687135366e-01  5.784038687135366e-01  5.784038687135366e-01  5.784038687135366e-01  0
-4.382086743763362e-04  7.237430323862726e-01  7.237430323862726e-01  7.237430323862726e-01  7.237430323862726e-01  0
-3.998406725972333e-04  7.005335183644585e-01  7.005335183644585e-01  7.005335183644585e-01  7.005335183644585e-01  0
-3.648320373633417e-04  7.271568896689866e-01  7.271568896689866e-01  7.271568896689866e-01  7.271568896689866e-01  0
-3.328886344205489e-04  7.805012342712151e-01  7.805012342712151e-01  7.805012342712151e-01  7.805012342712151e-01  0
-3.037420828698102e-04  8.291973047924455e-01  8.291973047924455e-01  8.291973047924455e-01  8.291973047924455e-01  0
-2.771475002944575e-04  1.103424107998733e+00  1.103424107998733e+00  1.103424107998733e+00  1.103424107998733e+00  0
-2.528814453161860e-04  1.083179669143970e+00  1.083179669143970e+00  1.083179669143970e+00  1.083179669143970e+00  0
-2.307400402935622e-04  1.004524712088359e+00  1.004524712088359e+00  1.004524712088359e+00  1.004524712088359e+00  0
-2.105372583904121e-04  8.939331235790451e-01  8.939331235790451e-01  8.939331235790451e-01  8.939331235790451e-01  0
-1.921033606224427e-04  7.874376527972992e-01  7.874376527972992e-01  7.874376527972992e-01  7.874376527972992e-01  0
-1.752834697505345e-04  8.769691088929026e-01  8.769691088929026e-01  8.769691088929026e-01  8.769691088929026e-01  0
-1.599362690388933e-04  8.647696873187766e-01  8.647696873187766e-01  8.647696873187766e-01  8.647696873187766e-01  0
-1.459328149453367e-04  9.145267334263273e-01  9.145267334263273e-01  9.145267334263273e-01  9.145267334263273e-01  0
-1.331554537682195e-04  9.978087985308772e-01  9.978087985308772e-01  9.978087985308772e-01  9.978087985308772e-01  0
-1.214968331479241e-04  1.074879024631892e+00  1.074879024631892e+00  1.074879024631892e+00  1.074879024631892e+00  0
-1.108590001177830e-04  1.275439490891622e+00  1.275439490891622e+00  1.275439490891622e+00  1.275439490891622e+00  0
-1.011525781264744e-04  1.260037421509846e+00  1.260037421509846e+00  1.260037421509846e+00  1.260037421509846e+00  0
-9.229601611742488e-05  1.176557186766157e+00  1.176557186766157e+00  1.176557186766157e+00  1.176557186766157e+00  0
-8.421490335616483e-05  1.055803090421238e+00  1.055803090421238e+00  1.055803090421238e+00  1.055803090421238e+00  0
-7.684134424897707e-05  9.405832478860134e-01  9.405832478860134e-01  9.405832478860134e-01  9.405832478860134e-01  0
-7.011338790021381e-05  9.644842485950574e-01  9.644842485950574e-01  9.644842485950574e-01  9.644842485950574e-01  0
-6.397450761555734e-05  9.628761560712562e-01  9.628761560712562e-01  9.628761560712562e-01  9.628761560712562e-01  0
-5.837312597813469e-05  1.030512500687507e+00  1.030512500687507e+00  1.030512500687507e+00  1.030512500687507e+00  0
-5.326218150728783e-05  1.135665158558391e+00  1.135665158558391e+00  1.135665158558391e+00  1.135665158558391e+00  0
-4.859873325916964e-05  1.233398616890543e+00  1.233398616890543e+00  1.233398616890543e+00  1.233398616890543e+00  0
-4.434360004711321e-05  1.362709855099389e+00  1.362709855099389e+00  1.362709855099389e+00  1.362709855099389e+00  0
-4.046103125058977e-05  1.350516912196009e+00  1.350516912196009e+00  1.350516912196009e+00  1.350516912196009e+00  0
-3.691840644696995e-05  1.265703120366687e+00  1.265703120366687e+00  1.265703120366687e+00  1.265703120366687e+00  0
-3.368596134246593e-05  1.141474224125544e+00  1.141474224125544e+00  1.141474224125544e+00  1.141474224125544e+00  0
-3.073653769959083e-05  1.024362259290359e+00  1.024362259290359e+00  1.024362259290359e+00  1.024362259290359e+00  0
-2.804535516008552e-05  1.005901785691954e+00  1.005901785691954e+00  1.005901785691954e+00  1.005901785691954e+00  0
-2.558980304622294e-05  1.010368397159136e+00  1.010368397159136e+00  1.010368397159136e+00  1.010368397159136e+00  0
-2.334925039125387e-05  1.087652040439639e+00  1.087652040439639e+00  1.087652040439639e+00  1.087652040439639e+00  0
-2.130487260291513e-05  1.204404864991342e+00  1.204404864991342e+00  1.204404864991342e+00  1.204404864991342e+00  0
-1.943949330366785e-05  1.313131041441518e+00  1.313131041441518e+00  1.313131041441518e+00  1.313131041441518e+00  0
-1.773744001884528e-05  1.401503426548230e+00  1.401503426548230e+00  1.401503426548230e+00  1.401503426548230e+00  0
-1.618441250023591e-05  1.390905043698700e+00  1.390905043698700e+00  1.390905043698700e+00  1.390905043698700e+00  0
-1.476736257878798e-05  1.305762711522908e+00  1.305762711522908e+00  1.305762711522908e+00  1.305762711522908e+00  0
-1.347438453698637e-05  1.180410267665998e+00  1.180410267665998e+00  1.180410267665998e+00  1.180410267665998e+00  0
-1.229461507983633e-05  1.063118389956071e+00  1.063118389956071e+00  1.063118389956071e+00  1.063118389956071e+00  0
-1.121814206403421e-05  1.023744003468584e+00  1.023744003468584e+00  1.023744003468584e+00  1.023744003468584e+00  0
-1.023592121848917e-05  1.031042228828863e+00  1.031042228828863e+00  1.031042228828863e+00  1.031042228828863e+00  0
-9.339700156501548e-06  1.112721907748230e+00  1.112721907748230e+00  1.112721907748230e+00  1.112721907748230e+00  0
-8.521949041166052e-06  1.234723882021709e+00  1.234723882021709e+00  1.234723882021709e+00  1.234723882021709e+00  0
-7.775797321467140e-06  1.348426335984733e+00  1.348426335984733e+00  1.348426335984733e+00  1.348426335984733e+00  0
-7.094976007538114e-06  1.417719691613127e+00  1.417719691613127e+00  1.417719691613127e+00  1.417719691613127e+00  0
-6.473765000094363e-06  1.407820880098832e+00  1.407820880098832e+00  1.407820880098832e+00  1.407820880098832e+00  0
-5.906945031515193e-06  1.322595063021563e+00  1.322595063021563e+00  1.322595063021563e+00  1.322595063021563e+00  0
-5.389753814794549e-06  1.196860977775856e+00  1.196860977775856e+00  1.196860977775856e+00  1.196860977775856e+00  0
-4.917846031934533e-06  1.079634146208891e+00  1.079634146208891e+00  1.079634146208891e+00  1.079634146208891e+00  0
-4.487256825613684e-06  1.031105282373953e+00  1.031105282373953e+00  1.031105282373953e+00  1.031105282373953e+00  0
-4.094368487395670e-06  1.039608981014895e+00  1.039608981014895e+00  1.039608981014895e+00  1.039608981014895e+00  0
-3.735880062600620e-06  1.123144556326811e+00  1.123144556326811e+00  1.123144556326811e+00  1.123144556326811e+00  0
-3.408779616466421e-06  1.247357558286339e+00  1.247357558286339e+00  1.247357558286339e+00  1.247357558286339e+00  0
-3.110318928586857e-06  1.363158698026072e+00  1.363158698026072e+00  1.363158698026072e+00  1.363158698026072e+00  0
-2.837990403015245e-06  1.424325862121171e+00  1.424325862121171e+00  1.424325862121171e+00  1.424325862121171e+00  0
-2.589506000037745e-06  1.414717611845861e+00  1.414717611845861e+00  1.414717611845861e+00  1.414717611845861e+00  0
-2.362778012606077e-06  1.329467050113848e+00  1.329467050113848e+00  1.329467050113848e+00  1.329467050113848e+00  0
-2.155901525917819e-06  1.203592837585612e+00  1.203592837585612e+00  1.203592837585612e+00  1.203592837585612e+00  0
-1.967138412773813e-06  1.086417155844057e+00  1.086417155844057e+00  1.086417155844057e+00  1.086417155844057e+00  0
-1.794902730245473e-06  1.034088985927887e+00  1.034088985927887e+00  1.034088985927887e+00  1.034088985927887e+00  0
-1.637747394958268e-06  1.043087101939320e+00  1.043087101939320e+00  1.043087101939320e+00  1.043087101939320e+00  0
-1.494352025040248e-06  1.127381545719164e+00  1.127381545719164e+00  1.127381545719164e+00  1.127381545719164e+00  0
-1.363511846586568e-06  1.252497901670905e+00  1.252497901670905e+00  1.252497901670905e+00  1.252497901670905e+00  0
-1.244127571434742e-06  1.369156966448676e+00  1.369156966448676e+00  1.369156966448676e+00  1.369156966448676e+00  0
-1.135196161206098e-06  1.426990707884594e+00  1.426990707884594e+00  1.426990707884594e+00  1.426990707884594e+00  0
-1.035802400015098e-06  1.417500436795750e+00  1.417500436795750e+00  1.417500436795750e+00  1.417500436795750e+00  0
-9.451112050424309e-07  1.332241260474374e+00  1.332241260474374e+00  1.332241260474374e+00  1.332241260474374e+00  0
-8.623606103671279e-07  1.206312868291805e+00  1.206312868291805e+00  1.206312868291805e+00  1.206312868291805e+00  0
-7.868553651095252e-07  1.089161650923631e+00  1.089161650923631e+00  1.089161650923631e+00  1.089161650923631e+00  0
-7.179610920981894e-07  1.035290895845469e+00  1.035290895845469e+00  1.035290895845469e+00  1.035290895845469e+00  0
-6.550989579833072e-07  1.044488799545768e+00  1.044488799545768e+00  1.044488799545768e+00  1.044488799545768e+00  0
-5.977408100160992e-07  1.129089660109008e+00  1.129089660109008e+00  1.129089660109008e+00  1.129089660109008e+00  0
-5.454047386346274e-07  1.254570706038818e+00  1.254570706038818e+00  1.254570706038818e+00  1.254570706038818e+00  0
-4.976510285738970e-07  1.371576193905985e+00  1.371576193905985e+00  1.371576193905985e+00  1.371576193905985e+00  0
-4.540784644824392e-07  1.428063091222517e+00  1.428063091222517e+00  1.428063091222517e+00  1.428063091222517e+00  0
-4.143209600060391e-07  1.418620278824700e+00  1.418620278824700e+00  1.418620278824700e+00  1.418620278824700e+00  0
-3.780444820169723e-07  1.333357699101081e+00  1.333357699101081e+00  1.333357699101081e+00  1.333357699101081e+00  0
-3.449442441468511e-07  1.207407695127283e+00  1.207407695127283e+00  1.207407695127283e+00  1.207407695127283e+00  0
-3.147421460438101e-07  1.090266690758464e+00  1.090266690758464e+00  1.090266690758464e+00  1.090266690758464e+00  0
-2.871844368392758e-07  1.035775061965096e+00  1.035775061965096e+00  1.035775061965096e+00  1.035775061965096e+00  0
-2.620395831933229e-07  1.045053229297417e+00  1.045053229297417e+00  1.045053229297417e+00  1.045053229297417e+00  0
-2.390963240064397e-07  1.129777290844060e+00  1.129777290844060e+00  1.129777290844060e+00  1.129777290844060e+00  0
-2.181618954538510e-07  1.255405004690507e+00  1.255405004690507e+00  1.255405004690507e+00  1.255405004690507e+00  0
-1.990604114295588e-07  1.372549821067489e+00  1.372549821067489e+00  1.372549821067489e+00  1.372549821067489e+00  0
-1.816313857929757e-07  1.428495889461807e+00  1.428495889461807e+00  1.428495889461807e+00  1.428495889461807e+00  0
-1.657283840024157e-07  1.419072085606539e+00  1.419072085606539e+00  1.419072085606539e+00  1.419072085606539e+00  0
-1.512177928067889e-07  1.333807984801048e+00  1.333807984801048e+00  1.333807984801048e+00  1.333807984801048e+00  0
-1.379776976587405e-07  1.207849099947382e+00  1.207849099947382e+00  1.207849099947382e+00  1.207849099947382e+00  0
-1.258968584175240e-07  1.090712022037252e+00  1.090712022037252e+00  1.090712022037252e+00  1.090712022037252e+00  0
-1.148737747357103e-07  1.035971307230177e+00  1.035971307230177e+00  1.035971307230177e+00  1.035971307230177e+00  0
-1.048158332773291e-07  1.045281656035743e+00  1.045281656035743e+00  1.045281656035743e+00  1.045281656035743e+00  0
-9.563852960257586e-08  1.130055267900352e+00  1.130055267900352e+00  1.130055267900352e+00  1.130055267900352e+00  0
-8.726475818154038e-08  1.255742024271529e+00  1.255742024271529e+00  1.255742024271529e+00  1.255742024271529e+00  0
-7.962416457182352e-08  1.372942925268687e+00  1.372942925268687e+00  1.372942925268687e+00  1.372942925268687e+00  0
-7.265255431719029e-08  1.428672423993008e+00  1.428672423993008e+00  1.428672423993008e+00  1.428672423993008e+00  0
-6.629135360096627e-08  1.419256209397246e+00  1.419256209397246e+00  1.419256209397246e+00  1.419256209397246e+00  0
-6.048711712271557e-08  1.333991307942719e+00  1.333991307942719e+00  1.333991307942719e+00  1.333991307942719e+00  0
-5.519107906349619e-08  1.208028586797252e+00  1.208028586797252e+00  1.208028586797252e+00  1.208028586797252e+00  0
-5.035874336700961e-08  1.090892825596378e+00  1.090892825596378e+00  1.090892825596378e+00  1.090892825596378e+00  0
-4.594950989428412e-08  1.036052246250526e+00  1.036052246250526e+00  1.036052246250526e+00  1.036052246250526e+00  0
-4.192633331093166e-08  1.045375498822500e+00  1.045375498822500e+00  1.045375498822500e+00  1.045375498822500e+00  0
-3.825541184103035e-08  1.130169140768251e+00  1.130169140768251e+00  1.130169140768251e+00  1.130169140768251e+00  0
-3.490590327261615e-08  1.255879821050618e+00  1.255879821050618e+00  1.255879821050618e+00  1.255879821050618e+00  0
-3.184966582872941e-08  1.373103442619797e+00  1.373103442619797e+00  1.373103442619797e+00  1.373103442619797e+00  0
-2.906102172687611e-08  1.428746379082434e+00  1.428746379082434e+00  1.428746379082434e+00  1.428746379082434e+00  0
-2.651654144038651e-08  1.419333179625951e+00  1.419333179625951e+00  1.419333179625951e+00  1.419333179625951e+00  0
-2.419484684908623e-08  1.334067760544432e+00  1.334067760544432e+00  1.334067760544432e+00  1.334067760544432e+00  0
-2.207643162539847e-08  1.208103213332794e+00  1.208103213332794e+00  1.208103213332794e+00  1.208103213332794e+00  0
-2.014349734680384e-08  1.090967709496300e+00  1.090967709496300e+00  1.090967709496300e+00  1.090967709496300e+00  0
-1.837980395771364e-08  1.036087038269668e+00  1.036087038269668e+00  1.036087038269668e+00  1.036087038269668e+00  0
-1.677053332437266e-08  1.045415475892183e+00  1.045415475892183e+00  1.045415475892183e+00  1.045415475892183e+00  0
-1.530216473641213e-08  1.130217329629628e+00  1.130217329629628e+00  1.130217329629628e+00  1.130217329629628e+00  0
-1.396236130904646e-08  1.255937874839347e+00  1.255937874839347e+00  1.255937874839347e+00  1.255937874839347e+00  0
-1.273986633149176e-08  1.373170860385431e+00  1.373170860385431e+00  1.373170860385431e+00  1.373170860385431e+00  0
-1.162440869075045e-08  1.428779288545800e+00  1.428779288545800e+00  1.428779288545800e+00  1.428779288545800e+00  0
-1.060661657615460e-08  1.419367273504644e+00  1.419367273504644e+00  1.419367273504644e+00  1.419367273504644e+00  0
-9.677938739634492e-09  1.334101449197242e+00  1.334101449197242e+00  1.334101449197242e+00  1.334101449197242e+00  0
-8.830572650159389e-09  1.208135878799462e+00  1.208135878799462e+00  1.208135878799462e+00  1.208135878799462e+00  0
-8.057398938721539e-09  1.091000206021170e+00  1.091000206021170e+00  1.091000206021170e+00  1.091000206021170e+00  0
-7.351921583085459e-09  1.036103366624134e+00  1.036103366624134e+00  1.036103366624134e+00  1.036103366624134e+00  0
-6.708213329749065e-09  1.045433900441413e+00  1.045433900441413e+00  1.045433900441413e+00  1.045433900441413e+00  0
-6.120865894564855e-09  1.130239236875532e+00  1.130239236875532e+00  1.130239236875532e+00  1.130239236875532e+00  0
-5.584944523618584e-09  1.255964021572071e+00  1.255964021572071e+00  1.255964021572071e+00  1.255964021572071e+00  0
-5.095946532596706e-09  1.373201027126076e+00  1.373201027126076e+00  1.373201027126076e+00  1.373201027126076e+00  0
-4.649763476300179e-09  1.428795776682225e+00  1.428795776682225e+00  1.428795776682225e+00  1.428795776682225e+00  0
-4.242646630461842e-09  1.419384213577385e+00  1.419384213577385e+00  1.419384213577385e+00  1.419384213577385e+00  0
-3.871175495853797e-09  1.334118028889039e+00  1.334118028889039e+00  1.334118028889039e+00  1.334118028889039e+00  0
-3.532229060063756e-09  1.208151756276995e+00  1.208151756276995e+00  1.208151756276995e+00  1.208151756276995e+00  0
-3.222959575488616e-09  1.091015743597777e+00  1.091015743597777e+00  1.091015743597777e+00  1.091015743597777e+00  0
-2.940768633234184e-09  1.036112308354302e+00  1.036112308354302e+00  1.036112308354302e+00  1.036112308354302e+00  0
-2.683285331899626e-09  1.045443702622121e+00  1.045443702622121e+00  1.045443702622121e+00  1.045443702622121e+00  0
-2.448346357825942e-09  1.130250629984179e+00  1.130250629984179e+00  1.130250629984179e+00  1.130250629984179e+00  0
-2.233977809447434e-09  1.255977404257616e+00  1.255977404257616e+00  1.255977404257616e+00  1.255977404257616e+00  0
-2.038378613038682e-09  1.373216293562770e+00  1.373216293562770e+00  1.373216293562770e+00  1.373216293562770e+00  0
-1.859905390520071e-09  1.428805695375545e+00  1.428805695375545e+00  1.428805695375545e+00  1.428805695375545e+00  0
-1.697058652184737e-09  1.419394291172956e+00  1.419394291172956e+00  1.419394291172956e+00  1.419394291172956e+00  0
-1.548470198341519e-09  1.334127764030734e+00  1.334127764030734e+00  1.334127764030734e+00  1.334127764030734e+00  0
-1.412891624025502e-09  1.208160917578072e+00  1.208160917578072e+00  1.208160917578072e+00  1.208160917578072e+00  0
-1.289183830195446e-09  1.091024496546089e+00  1.091024496546089e+00  1.091024496546089e+00  1.091024496546089e+00  0
-1.176307453293673e-09  1.036118295131499e+00  1.036118295131499e+00  1.036118295131499e+00  1.036118295131499e+00  0
-1.073314132759850e-09  1.045450055689945e+00  1.045450055689945e+00  1.045450055689945e+00  1.045450055689945e+00  0
-9.793385431303769e-10  1.130257817818612e+00  1.130257817818612e+00  1.130257817818612e+00  1.130257817818612e+00  0
-8.935911237789734e-10  1.255985683356405e+00  1.255985683356405e+00  1.255985683356405e+00  1.255985683356405e+00  0
-8.153514452154729e-10  1.373225606166080e+00  1.373225606166080e+00  1.373225606166080e+00  1.373225606166080e+00  0
-7.439621562080285e-10  1.428812985877896e+00  1.428812985877896e+00  1.428812985877896e+00  1.428812985877896e+00  0
-6.788234608738945e-10  1.419401623354366e+00  1.419401623354366e+00  1.419401623354366e+00  1.419401623354366e+00  0
-6.193880793366075e-10  1.334134760938493e+00  1.334134760938493e+00  1.334134760938493e+00  1.334134760938493e+00  0
-5.651566496102009e-10  1.208167392008036e+00  1.208167392008036e+00  1.208167392008036e+00  1.208167392008036e+00  0
-5.156735320781784e-10  1.091030535240083e+00  1.091030535240083e+00  1.091030535240083e+00  1.091030535240083e+00  0
-4.705229813174694e-10  1.036123099888319e+00  1.036123099888319e+00  1.036123099888319e+00  1.036123099888319e+00  0
-4.293256531039402e-10  1.045455029630388e+00  1.045455029630388e+00  1.045455029630388e+00  1.045455029630388e+00  0
-3.917354172521507e-10  1.130263325704083e+00  1.130263325704083e+00  1.130263325704083e+00  1.130263325704083e+00  0
-3.574364495115894e-10  1.255991927621829e+00  1.255991927621829e+00  1.255991927621829e+00  1.255991927621829e+00  0
-3.261405780861892e-10  1.373232554790489e+00  1.373232554790489e+00  1.373232554790489e+00  1.373232554790489e+00  0
-2.975848624832115e-10  1.428819224483613e+00  1.428819224483613e+00  1.428819224483613e+00  1.428819224483613e+00  0
-2.715293843495579e-10  1.419407856743709e+00  1.419407856743709e+00  1.419407856743709e+00  1.419407856743709e+00  0
-2.477552317346430e-10  1.334140661963789e+00  1.334140661963789e+00  1.334140661963789e+00  1.334140661963789e+00  0
-2.260626598440804e-10  1.208172791165580e+00  1.208172791165580e+00  1.208172791165580e+00  1.208172791165580e+00  0
-2.062694128312714e-10  1.091035487777192e+00  1.091035487777192e+00  1.091035487777192e+00  1.091035487777192e+00  0
-1.882091925269878e-10  1.036127431929782e+00  1.036127431929782e+00  1.036127431929782e+00  1.036127431929782e+00  0
-1.717302612415761e-10  1.045459453460413e+00  1.045459453460413e+00  1.045459453460413e+00  1.045459453460413e+00  0
-1.566941669008603e-10  1.130268167360249e+00  1.130268167360249e+00  1.130268167360249e+00  1.130268167360249e+00  0
-1.429745798046358e-10  1.255997374999388e+00  1.255997374999388e+00  1.255997374999388e+00  1.255997374999388e+00  0
-1.304562312344757e-10  1.373238602640153e+00  1.373238602640153e+00  1.373238602640153e+00  1.373238602640153e+00  0
-1.190339449932846e-10  1.428825040936892e+00  1.428825040936892e+00  1.428825040936892e+00  1.428825040936892e+00  0
-1.086117537398231e-10  1.419413649213843e+00  1.419413649213843e+00  1.419413649213843e+00  1.419413649213843e+00  0
-9.910209269385720e-11  1.334146123328995e+00  1.334146123328995e+00  1.334146123328995e+00  1.334146123328995e+00  0
-9.042506393763214e-11  1.208177759071494e+00  1.208177759071494e+00  1.208177759071494e+00  1.208177759071494e+00  0
-8.250776513250855e-11  1.091040004891451e+00  1.091040004891451e+00  1.091040004891451e+00  1.091040004891451e+00  0
-7.528367701079509e-11  1.036131575270666e+00  1.036131575270666e+00  1.036131575270666e+00  1.036131575270666e+00  0
-6.869210449663042e-11  1.045463661364919e+00  1.045463661364919e+00  1.045463661364919e+00  1.045463661364919e+00  0
-6.267766676034412e-11  1.130272757503884e+00  1.130272757503884e+00  1.130272757503884e+00  1.130272757503884e+00  0
-5.718983192185429e-11  1.256002547726227e+00  1.256002547726227e+00  1.256002547726227e+00  1.256002547726227e+00  0
-5.218249249379026e-11  1.373244405868655e+00  1.373244405868655e+00  1.373244405868655e+00  1.373244405868655e+00  0
-4.761357799731382e-11  1.428830685214982e+00  1.428830685214982e+00  1.428830685214982e+00  1.428830685214982e+00  0
-4.344470149592925e-11  1.419419261976308e+00  1.419419261976308e+00  1.419419261976308e+00  1.419419261976308e+00  0
-3.964083707754288e-11  1.334151405714370e+00  1.334151405714370e+00  1.334151405714370e+00  1.334151405714370e+00  0
-3.617002557505286e-11  1.208182551752579e+00  1.208182551752579e+00  1.208182551752579e+00  1.208182551752579e+00  0
-3.300310605300342e-11  1.091044345549260e+00  1.091044345549260e+00  1.091044345549260e+00  1.091044345549260e+00  0
-3.011347080431804e-11  1.036135644481589e+00  1.036135644481589e+00  1.036135644481589e+00  1.036135644481589e+00  0
-2.747684179865217e-11  1.045467794327320e+00  1.045467794327320e+00  1.045467794327320e+00  1.045467794327320e+00  0
-2.507106670413765e-11  1.130277287751654e+00  1.130277287751654e+00  1.130277287751654e+00  1.130277287751654e+00  0
-2.287593276874172e-11  1.256007729761833e+00  1.256007729761833e+00  1.256007729761833e+00  1.256007729761833e+00  0
-2.087299699751611e-11  1.373250423182898e+00  1.373250423182898e+00  1.373250423182898e+00  1.373250423182898e+00  0
-1.904543119892553e-11  1.428836252331066e+00  1.428836252331066e+00  1.428836252331066e+00  1.428836252331066e+00  0
-1.737788059837170e-11  1.419424794496870e+00  1.419424794496870e+00  1.419424794496870e+00  1.419424794496870e+00  0
-1.585633483101715e-11  1.334156608714327e+00  1.334156608714327e+00  1.334156608714327e+00  1.334156608714327e+00  0
-1.446801023002115e-11  1.208187267542702e+00  1.208187267542702e+00  1.208187267542702e+00  1.208187267542702e+00  0
-1.320124242120137e-11  1.091048609937842e+00  1.091048609937842e+00  1.091048609937842e+00  1.091048609937842e+00  0
-1.204538832172721e-11  1.036139689753107e+00  1.036139689753107e+00  1.036139689753107e+00  1.036139689753107e+00  0
-1.099073671946087e-11  1.045471932940699e+00  1.045471932940699e+00  1.045471932940699e+00  1.045471932940699e+00  0
-1.002842668165506e-11  1.130281916815602e+00  1.130281916815602e+00  1.130281916815602e+00  1.130281916815602e+00  0
-9.150373107496687e-12  1.256013271861123e+00  1.256013271861123e+00  1.256013271861123e+00  1.256013271861123e+00  0
-8.349198799006441e-12  1.373257456250125e+00  1.373257456250125e+00  1.373257456250125e+00  1.373257456250125e+00  0
-7.618172479570213e-12  1.428841768749632e+00  1.428841768749632e+00  1.428841768749632e+00  1.428841768749632e+00  0
-6.951152239348682e-12  1.419430274860654e+00  1.419430274860654e+00  1.419430274860654e+00  1.419430274860654e+00  0
-6.342533932406861e-12  1.334161761211176e+00  1.334161761211176e+00  1.334161761211176e+00  1.334161761211176e+00  0
-5.787204092008458e-12  1.208191936179505e+00  1.208191936179505e+00  1.208191936179505e+00  1.208191936179505e+00  0
-5.280496968480547e-12  1.091052830070598e+00  1.091052830070598e+00  1.091052830070598e+00  1.091052830070598e+00  0
-4.818155328690886e-12  1.036143756342279e+00  1.036143756342279e+00  1.036143756342279e+00  1.036143756342279e+00  0
-4.396294687784348e-12  1.045476213463626e+00  1.045476213463626e+00  1.045476213463626e+00  1.045476213463626e+00  0
-4.011370672662024e-12  1.130287042611902e+00  1.130287042611902e+00  1.130287042611902e+00  1.130287042611902e+00  0
-3.660149242998675e-12  1.256020266006056e+00  1.256020266006056e+00  1.256020266006056e+00  1.256020266006056e+00  0
-3.339679519602577e-12  1.373268292872471e+00  1.373268292872471e+00  1.373268292872471e+00  1.373268292872471e+00  0
-3.047268991828085e-12  1.428847220070146e+00  1.428847220070146e+00  1.428847220070146e+00  1.428847220070146e+00  0
-2.780460895739472e-12  1.419435688561637e+00  1.419435688561637e+00  1.419435688561637e+00  1.419435688561637e+00  0
-2.537013572962744e-12  1.334166850390485e+00  1.334166850390485e+00  1.334166850390485e+00  1.334166850390485e+00  0
-2.314881636803383e-12  1.208196548025168e+00  1.208196548025168e+00  1.208196548025168e+00  1.208196548025168e+00  0
-2.112198787392219e-12  1.091057000486666e+00  1.091057000486666e+00  1.091057000486666e+00  1.091057000486666e+00  0
-1.927262131476354e-12  1.036148031287552e+00  1.036148031287552e+00  1.036148031287552e+00  1.036148031287552e+00  0
-1.758517875113739e-12  1.045481283296712e+00  1.045481283296712e+00  1.045481283296712e+00  1.045481283296712e+00  0
-1.604548269064809e-12  1.130294657235331e+00  1.130294657235331e+00  1.130294657235331e+00  1.130294657235331e+00  0
-1.464059697199470e-12  1.256034301569561e+00  1.256034301569561e+00  1.256034301569561e+00  1.256034301569561e+00  0
-1.335871807841031e-12  1.373297347027173e+00  1.373297347027173e+00  1.373297347027173e+00  1.373297347027173e+00  0
-1.218907596731234e-12  1.428852562390007e+00  1.428852562390007e+00  1.428852562390007e+00  1.428852562390007e+00  0
-1.112184358295789e-12  1.419440985848492e+00  1.419440985848492e+00  1.419440985848492e+00  1.419440985848492e+00  0
-1.014805429185098e-12  1.334171825516753e+00  1.334171825516753e+00  1.334171825516753e+00  1.334171825516753e+00  0
-9.259526547213533e-13  1.208201054595420e+00  1.208201054595420e+00  1.208201054595420e+00  1.208201054595420e+00  0
-8.448795149568875e-13  1.091061075432568e+00  1.091061075432568e+00  1.091061075432568e+00  1.091061075432568e+00  0
-7.709048525905443e-13  1.036153130388293e+00  1.036153130388293e+00  1.036153130388293e+00  1.036153130388293e+00  0
-7.034071500454979e-13  1.045490370252612e+00  1.045490370252612e+00  1.045490370252612e+00  1.045490370252612e+00  0
-6.418193076259259e-13  1.130315309043920e+00  1.130315309043920e+00  1.130315309043920e+00  1.130315309043920e+00  0
-5.856238788797900e-13  1.256085290309601e+00  1.256085290309601e+00  1.256085290309601e+00  1.256085290309601e+00  0
-5.343487231364141e-13  1.373421889183980e+00  1.373421889183980e+00  1.373421889183980e+00  1.373421889183980e+00  0
5.343487231364141e-13  1.044096172064216e+00  1.044096172064216e+00  1.044096172064216e+00  1.044096172064216e+00  0
5.856238788797900e-13  1.132513622560446e+00  1.132513622560446e+00  1.132513622560446e+00  1.132513622560446e+00  0
6.418193076259259e-13  1.259267379673702e+00  1.259267379673702e+00  1.259267379673702e+00  1.259267379673702e+00  0
7.034071500454979e-13  1.375013870784362e+00  1.375013870784362e+00  1.375013870784362e+00  1.375013870784362e+00  0
7.709048525905443e-13  1.433230431679169e+00  1.433230431679169e+00  1.433230431679169e+00  1.433230431679169e+00  0
8.448795149568875e-13  1.420521326814224e+00  1.420521326814224e+00  1.420521326814224e+00  1.420521326814224e+00  0
9.259526547213533e-13  1.331839265915168e+00  1.331839265915168e+00  1.331839265915168e+00  1.331839265915168e+00  0
1.014805429185098e-12  1.205026717966453e+00  1.205026717966453e+00  1.205026717966453e+00  1.205026717966453e+00  0
1.112184358295789e-12  1.089691457272355e+00  1.089691457272355e+00  1.089691457272355e+00  1.089691457272355e+00  0
1.218907596731234e-12  1.031997264039868e+00  1.031997264039868e+00  1.031997264039868e+00  1.031997264039868e+00  0
1.335871807841031e-12  1.044091766679498e+00  1.044091766679498e+00  1.044091766679498e+00  1.044091766679498e+00  0
1.464059697199470e-12  1.132508871010717e+00  1.132508871010717e+00  1.132508871010717e+00  1.132508871010717e+00  0
1.604548269064809e-12  1.259262115851251e+00  1.259262115851251e+00  1.259262115851251e+00  1.259262115851251e+00  0
1.758517875113739e-12  1.375008133943855e+00  1.375008133943855e+00  1.375008133943855e+00  1.375008133943855e+00  0
1.927262131476354e-12  1.433224455725453e+00  1.433224455725453e+00  1.433224455725453e+00  1.433224455725453e+00  0
2.112198787392219e-12  1.420515371614877e+00  1.420515371614877e+00  1.420515371614877e+00  1.420515371614877e+00  0
2.314881636803383e-12  1.331833741502214e+00  1.331833741502214e+00  1.331833741502214e+00  1.331833741502214e+00  0
2.537013572962744e-12  1.205021734080803e+00  1.205021734080803e+00  1.205021734080803e+00  1.205021734080803e+00  0
2.780460895739472e-12  1.089686955620725e+00  1.089686955620725e+00  1.089686955620725e+00  1.089686955620725e+00  0
3.047268991828085e-12  1.031993016150355e+00  1.031993016150355e+00  1.031993016150355e+00  1.031993016150355e+00  0
3.339679519602577e-12  1.044087595864912e+00  1.044087595864912e+00  1.044087595864912e+00  1.044087595864912e+00  0
3.660149242998675e-12  1.132504335640655e+00  1.132504335640655e+00  1.132504335640655e+00  1.132504335640655e+00  0
4.011370672662024e-12  1.259257065144139e+00  1.259257065144139e+00  1.259257065144139e+00  1.259257065144139e+00  0
4.396294687784348e-12  1.375002614387522e+00  1.375002614387522e+00  1.375002614387522e+00  1.375002614387522e+00  0
4.818155328690886e-12  1.433218699778756e+00  1.433218699778756e+00  1.433218699778756e+00  1.433218699778756e+00  0
5.280496968480547e-12  1.420509518616896e+00  1.420509518616896e+00  1.420509518616896e+00  1.420509518616896e+00  0
5.787204092008458e-12  1.331828375525444e+00  1.331828375525444e+00  1.331828375525444e+00  1.331828375525444e+00  0
6.342533932406861e-12  1.205016925605182e+00  1.205016925605182e+00  1.205016925605182e+00  1.205016925605182e+00  0
6.951152239348682e-12  1.089682625272385e+00  1.089682625272385e+00  1.089682625272385e+00  1.089682625272385e+00  0
7.618172479570213e-12  1.031988925268650e+00  1.031988925268650e+00  1.031988925268650e+00  1.031988925268650e+00  0
8.349198799006441e-12  1.044083510807869e+00  1.044083510807869e+00  1.044083510807869e+00  1.044083510807869e+00  0
9.150373107496687e-12  1.132499897358110e+00  1.132499897358110e+00  1.132499897358110e+00  1.132499897358110e+00  0
1.002842668165506e-11  1.259252125164133e+00  1.259252125164133e+00  1.259252125164133e+00  1.259252125164133e+00  0
1.099073671946087e-11  1.374997217528049e+00  1.374997217528049e+00  1.374997217528049e+00  1.374997217528049e+00  0
1.204538832172721e-11  1.433213072963019e+00  1.433213072963019e+00  1.433213072963019e+00  1.433213072963019e+00  0
1.320124242120137e-11  1.420503944053261e+00  1.420503944053261e+00  1.420503944053261e+00  1.420503944053261e+00  0
1.446801023002115e-11  1.331823172123504e+00  1.331823172123504e+00  1.331823172123504e+00  1.331823172123504e+00  0
1.585633483101715e-11  1.205012225616688e+00  1.205012225616688e+00  1.205012225616688e+00  1.205012225616688e+00  0
1.737788059837170e-11  1.089678377158820e+00  1.089678377158820e+00  1.089678377158820e+00  1.089678377158820e+00  0
1.904543119892553e-11  1.031984902619146e+00  1.031984902619146e+00  1.031984902619146e+00  1.031984902619146e+00  0
2.087299699751611e-11  1.044079473750423e+00  1.044079473750423e+00  1.044079473750423e+00  1.044079473750423e+00  0
2.287593276874172e-11  1.132495510384064e+00  1.132495510384064e+00  1.132495510384064e+00  1.132495510384064e+00  0
2.507106670413765e-11  1.259247241719226e+00  1.259247241719226e+00  1.259247241719226e+00  1.259247241719226e+00  0
2.747684179865217e-11  1.374991882320807e+00  1.374991882320807e+00  1.374991882320807e+00  1.374991882320807e+00  0
3.011347080431804e-11  1.433207510708115e+00  1.433207510708115e+00  1.433207510708115e+00  1.433207510708115e+00  0
3.300310605300342e-11  1.420498472596667e+00  1.420498472596667e+00  1.420498472596667e+00  1.420498472596667e+00  0
3.617002557505286e-11  1.331818046745369e+00  1.331818046745369e+00  1.331818046745369e+00  1.331818046745369e+00  0
3.964083707754288e-11  1.205007588416661e+00  1.205007588416661e+00  1.205007588416661e+00  1.205007588416661e+00  0
4.344470149592925e-11  1.089674180964772e+00  1.089674180964772e+00  1.089674180964772e+00  1.089674180964772e+00  0
4.761357799731382e-11  1.031980923729309e+00  1.031980923729309e+00  1.031980923729309e+00  1.031980923729309e+00  0
5.218249249379026e-11  1.044075493252018e+00  1.044075493252018e+00  1.044075493252018e+00  1.044075493252018e+00  0
5.718983192185429e-11  1.132491176963129e+00  1.132491176963129e+00  1.132491176963129e+00  1.132491176963129e+00  0
6.267766676034412e-11  1.259242412513769e+00  1.259242412513769e+00  1.259242412513769e+00  1.259242412513769e+00  0
6.869210449663042e-11  1.374986603727769e+00  1.374986603727769e+00  1.374986603727769e+00  1.374986603727769e+00  0
7.528367701079509e-11  1.433202006768658e+00  1.433202006768658e+00  1.433202006768658e+00  1.433202006768658e+00  0
8.250776513250855e-11  1.420493115024430e+00  1.420493115024430e+00  1.420493115024430e+00  1.420493115024430e+00  0
9.042506393763214e-11  1.331813024273863e+00  1.331813024273863e+00  1.331813024273863e+00  1.331813024273863e+00  0
9.910209269385720e-11  1.205003040986901e+00  1.205003040986901e+00  1.205003040986901e+00  1.205003040986901e+00  0
1.086117537398231e-10  1.089670060243232e+00  1.089670060243232e+00  1.089670060243232e+00  1.089670060243232e+00  0
1.190339449932846e-10  1.031977007222874e+00  1.031977007222874e+00  1.031977007222874e+00  1.031977007222874e+00  0
1.304562312344757e-10  1.044071629255985e+00  1.044071629255985e+00  1.044071629255985e+00  1.044071629255985e+00  0
1.429745798046358e-10  1.132486947857322e+00  1.132486947857322e+00  1.132486947857322e+00  1.132486947857322e+00  0
1.566941669008603e-10  1.259237684294226e+00  1.259237684294226e+00  1.259237684294226e+00  1.259237684294226e+00  0
1.717302612415761e-10  1.374981427843115e+00  1.374981427843115e+00  1.374981427843115e+00  1.374981427843115e+00  0
1.882091925269878e-10  1.433196607533208e+00  1.433196607533208e+00  1.433196607533208e+00  1.433196607533208e+00  0
2.062694128312714e-10  1.420488002023330e+00  1.420488002023330e+00  1.420488002023330e+00  1.420488002023330e+00  0
2.260626598440804e-10  1.331808229547927e+00  1.331808229547927e+00  1.331808229547927e+00  1.331808229547927e+00  0
2.477552317346430e-10  1.204998694111889e+00  1.204998694111889e+00  1.204998694111889e+00  1.204998694111889e+00  0
2.715293843495579e-10  1.089666107749643e+00  1.089666107749643e+00  1.089666107749643e+00  1.089666107749643e+00  0
2.975848624832115e-10  1.031973228464736e+00  1.031973228464736e+00  1.031973228464736e+00  1.031973228464736e+00  0
3.261405780861892e-10  1.044068046662834e+00  1.044068046662834e+00  1.044068046662834e+00  1.044068046662834e+00  0
3.574364495115894e-10  1.132482967839159e+00  1.132482967839159e+00  1.132482967839159e+00  1.132482967839159e+00  0
3.917354172521507e-10  1.259233194846189e+00  1.259233194846189e+00  1.259233194846189e+00  1.259233194846189e+00  0
4.293256531039402e-10  1.374976493370433e+00  1.374976493370433e+00  1.374976493370433e+00  1.374976493370433e+00  0
4.705229813174694e-10  1.433191453803290e+00  1.433191453803290e+00  1.433191453803290e+00  1.433191453803290e+00  0
5.156735320781784e-10  1.420483487049996e+00  1.420483487049996e+00  1.420483487049996e+00  1.420483487049996e+00  0
5.651566496102009e-10  1.331803993416360e+00  1.331803993416360e+00  1.331803993416360e+00  1.331803993416360e+00  0
6.193880793366075e-10  1.204994839445722e+00  1.204994839445722e+00  1.204994839445722e+00  1.204994839445722e+00  0
6.788234608738945e-10  1.089662567777717e+00  1.089662567777717e+00  1.089662567777717e+00  1.089662567777717e+00  0
7.439621562080285e-10  1.031969786862728e+00  1.031969786862728e+00  1.031969786862728e+00  1.031969786862728e+00  0
8.153514452154729e-10  1.044065163616059e+00  1.044065163616059e+00  1.044065163616059e+00  1.044065163616059e+00  0
8.935911237789734e-10  1.132479605822129e+00  1.132479605822129e+00  1.132479605822129e+00  1.132479605822129e+00  0
9.793385431303769e-10  1.259229296794133e+00  1.259229296794133e+00  1.259229296794133e+00  1.259229296794133e+00  0
1.073314132759850e-09  1.374972156214028e+00  1.374972156214028e+00  1.374972156214028e+00  1.374972156214028e+00  0
1.176307453293673e-09  1.433186907255817e+00  1.433186907255817e+00  1.433186907255817e+00  1.433186907255817e+00  0
1.289183830195446e-09  1.420480462223033e+00  1.420480462223033e+00  1.420480462223033e+00  1.420480462223033e+00  0
1.412891624025502e-09  1.331801149637218e+00  1.331801149637218e+00  1.331801149637218e+00  1.331801149637218e+00  0
1.548470198341519e-09  1.204992211687766e+00  1.204992211687766e+00  1.204992211687766e+00  1.204992211687766e+00  0
1.697058652184737e-09  1.089660055894158e+00  1.089660055894158e+00  1.089660055894158e+00  1.089660055894158e+00  0
1.859905390520071e-09  1.031967185237646e+00  1.031967185237646e+00  1.031967185237646e+00  1.031967185237646e+00  0
2.038378613038682e-09  1.044064027688608e+00  1.044064027688608e+00  1.044064027688608e+00  1.044064027688608e+00  0
2.233977809447434e-09  1.132477786792666e+00  1.132477786792666e+00  1.132477786792666e+00  1.132477786792666e+00  0
2.448346357825942e-09  1.259226874912716e+00  1.259226874912716e+00  1.259226874912716e+00  1.259226874912716e+00  0
2.683285331899626e-09  1.374969309770527e+00  1.374969309770527e+00  1.374969309770527e+00  1.374969309770527e+00  0
2.940768633234184e-09  1.433183875949985e+00  1.433183875949985e+00  1.433183875949985e+00  1.433183875949985e+00  0
3.222959575488616e-09  1.420481160452858e+00  1.420481160452858e+00  1.420481160452858e+00  1.420481160452858e+00  0
3.532229060063756e-09  1.331801784737682e+00  1.331801784737682e+00  1.331801784737682e+00  1.331801784737682e+00  0
3.871175495853797e-09  1.204992649444003e+00  1.204992649444003e+00  1.204992649444003e+00  1.204992649444003e+00  0
4.242646630461842e-09  1.089660112692160e+00  1.089660112692160e+00  1.089660112692160e+00  1.089660112692160e+00  0
4.649763476300179e-09  1.031966682195867e+00  1.031966682195867e+00  1.031966682195867e+00  1.031966682195867e+00  0
5.095946532596706e-09  1.044067258612665e+00  1.044067258612665e+00  1.044067258612665e+00  1.044067258612665e+00  0
5.584944523618584e-09  1.132479824153536e+00  1.132479824153536e+00  1.132479824153536e+00  1.132479824153536e+00  0
6.120865894564855e-09  1.259228142220727e+00  1.259228142220727e+00  1.259228142220727e+00  1.259228142220727e+00  0
6.708213329749065e-09  1.374970188733290e+00  1.374970188733290e+00  1.374970188733290e+00  1.374970188733290e+00  0
7.351921583085459e-09  1.433184631297308e+00  1.433184631297308e+00  1.433184631297308e+00  1.433184631297308e+00  0
8.057398938721539e-09  1.420491164994076e+00  1.420491164994076e+00  1.420491164994076e+00  1.420491164994076e+00  0
8.830572650159389e-09  1.331811115864580e+00  1.331811115864580e+00  1.331811115864580e+00  1.331811115864580e+00  0
9.677938739634492e-09  1.205000749959901e+00  1.205000749959901e+00  1.205000749959901e+00  1.205000749959901e+00  0
1.060661657615460e-08  1.089666590298964e+00  1.089666590298964e+00  1.089666590298964e+00  1.089666590298964e+00  0
1.162440869075045e-08  1.031971424814065e+00  1.031971424814065e+00  1.031971424814065e+00  1.031971424814065e+00  0
1.273986633149176e-08  1.044081405955197e+00  1.044081405955197e+00  1.044081405955197e+00  1.044081405955197e+00  0
1.396236130904646e-08  1.132491501687401e+00  1.132491501687401e+00  1.132491501687401e+00  1.132491501687401e+00  0
1.530216473641213e-08  1.259238631585231e+00  1.259238631585231e+00  1.259238631585231e+00  1.259238631585231e+00  0
1.677053332437266e-08  1.374980380199091e+00  1.374980380199091e+00  1.374980380199091e+00  1.374980380199091e+00  0
1.837980395771364e-08  1.433194852222139e+00  1.433194852222139e+00  1.433194852222139e+00  1.433194852222139e+00  0
2.014349734680384e-08  1.420524434246816e+00  1.420524434246816e+00  1.420524434246816e+00  1.420524434246816e+00  0
2.207643162539847e-08  1.331842186104984e+00  1.331842186104984e+00  1.331842186104984e+00  1.331842186104984e+00  0
2.419484684908623e-08  1.205028006561035e+00  1.205028006561035e+00  1.205028006561035e+00  1.205028006561035e+00  0
2.651654144038651e-08  1.089689119235153e+00  1.089689119235153e+00  1.089689119235153e+00  1.089689119235153e+00  0
2.906102172687611e-08  1.031989280961519e+00  1.031989280961519e+00  1.031989280961519e+00  1.031989280961519e+00  0
3.184966582872941e-08  1.044122844999493e+00  1.044122844999493e+00  1.044122844999493e+00  1.044122844999493e+00  0
3.490590327261615e-08  1.132527279719364e+00  1.132527279719364e+00  1.132527279719364e+00  1.132527279719364e+00  0
3.825541184103035e-08  1.259272175677275e+00  1.259272175677275e+00  1.259272175677275e+00  1.259272175677275e+00  0
4.192633331093166e-08  1.375013852186919e+00  1.375013852186919e+00  1.375013852186919e+00  1.375013852186919e+00  0
4.594950989428412e-08  1.433228736200388e+00  1.433228736200388e+00  1.433228736200388e+00  1.433228736200388e+00  0
5.035874336700961e-08  1.420615868002418e+00  1.420615868002418e+00  1.420615868002418e+00  1.420615868002418e+00  0
5.519107906349619e-08  1.331927606671800e+00  1.331927606671800e+00  1.331927606671800e+00  1.331927606671800e+00  0
6.048711712271557e-08  1.205103155666857e+00  1.205103155666857e+00  1.205103155666857e+00  1.205103155666857e+00  0
6.629135360096627e-08  1.089751778373636e+00  1.089751778373636e+00  1.089751778373636e+00  1.089751778373636e+00  0
7.265255431719029e-08  1.032039922252073e+00  1.032039922252073e+00  1.032039922252073e+00  1.032039922252073e+00  0
7.962416457182352e-08  1.044232526505154e+00  1.044232526505154e+00  1.044232526505154e+00  1.044232526505154e+00  0
8.726475818154038e-08  1.132623317852105e+00  1.132623317852105e+00  1.132623317852105e+00  1.132623317852105e+00  0
9.563852960257586e-08  1.259363362392869e+00  1.259363362392869e+00  1.259363362392869e+00  1.259363362392869e+00  0
1.048158332773291e-07  1.375105529470777e+00  1.375105529470777e+00  1.375105529470777e+00  1.375105529470777e+00  0
1.148737747357103e-07  1.433321780915066e+00  1.433321780915066e+00  1.433321780915066e+00  1.433321780915066e+00  0
1.258968584175240e-07  1.420852749704969e+00  1.420852749704969e+00  1.420852749704969e+00  1.420852749704969e+00  0
1.379776976587405e-07  1.332148936818563e+00  1.332148936818563e+00  1.332148936818563e+00  1.332148936818563e+00  0
1.512177928067889e-07  1.205298065784302e+00  1.205298065784302e+00  1.205298065784302e+00  1.205298065784302e+00  0
1.657283840024157e-07  1.089914787589055e+00  1.089914787589055e+00  1.089914787589055e+00  1.089914787589055e+00  0
1.816313857929757e-07  1.032172545258044e+00  1.032172545258044e+00  1.032172545258044e+00  1.032172545258044e+00  0
1.990604114295588e-07  1.044512918848505e+00  1.044512918848505e+00  1.044512918848505e+00  1.044512918848505e+00  0
2.181618954538510e-07  1.132870081936195e+00  1.132870081936195e+00  1.132870081936195e+00  1.132870081936195e+00  0
2.390963240064397e-07  1.259598711986492e+00  1.259598711986492e+00  1.259598711986492e+00  1.259598711986492e+00  0
2.620395831933229e-07  1.375342765288368e+00  1.375342765288368e+00  1.375342765288368e+00  1.375342765288368e+00  0
2.871844368392758e-07  1.433562767260036e+00  1.433562767260036e+00  1.433562767260036e+00  1.433562767260036e+00  0
3.147421460438101e-07  1.421453528717896e+00  1.421453528717896e+00  1.421453528717896e+00  1.421453528717896e+00  0
3.449442441468511e-07  1.332710295735717e+00  1.332710295735717e+00  1.332710295735717e+00  1.332710295735717e+00  0
3.780444820169723e-07  1.205792602128249e+00  1.205792602128249e+00  1.205792602128249e+00  1.205792602128249e+00  0
4.143209600060391e-07  1.090328856860700e+00  1.090328856860700e+00  1.090328856860700e+00  1.090328856860700e+00  0
4.540784644824392e-07  1.032510266143251e+00  1.032510266143251e+00  1.032510266143251e+00  1.032510266143251e+00  0
4.976510285738970e-07  1.045220798513229e+00  1.045220798513229e+00  1.045220798513229e+00  1.045220798513229e+00  0
5.454047386346274e-07  1.133494184831111e+00  1.133494184831111e+00  1.133494184831111e+00  1.133494184831111e+00  0
5.977408100160992e-07  1.260194870284576e+00  1.260194870284576e+00  1.260194870284576e+00  1.260194870284576e+00  0
6.550989579833072e-07  1.375944230484000e+00  1.375944230484000e+00  1.375944230484000e+00  1.375944230484000e+00  0
7.179610920981894e-07  1.434173906289933e+00  1.434173906289933e+00  1.434173906289933e+00  1.434173906289933e+00  0
7.868553651095252e-07  1.422965909425970e+00  1.422965909425970e+00  1.422965909425970e+00  1.422965909425970e+00  0
8.623606103671279e-07  1.334123432198471e+00  1.334123432198471e+00  1.334123432198471e+00  1.334123432198471e+00  0
9.451112050424309e-07  1.207037699510384e+00  1.207037699510384e+00  1.207037699510384e+00  1.207037699510384e+00  0
1.035802400015098e-06  1.091371812305111e+00  1.091371812305111e+00  1.091371812305111e+00  1.091371812305111e+00  0
1.135196161206098e-06  1.033361695335995e+00  1.033361695335995e+00  1.033361695335995e+00  1.033361695335995e+00  0
1.244127571434742e-06  1.047001995178266e+00  1.047001995178266e+00  1.047001995178266e+00  1.047001995178266e+00  0
1.363511846586568e-06  1.135065050219351e+00  1.135065050219351e+00  1.135065050219351e+00  1.135065050219351e+00  0
1.494352025040248e-06  1.261695693101138e+00  1.261695693101138e+00  1.261695693101138e+00  1.261695693101138e+00  0
1.637747394958268e-06  1.377458482315415e+00  1.377458482315415e+00  1.377458482315415e+00  1.377458482315415e+00  0
1.794902730245473e-06  1.435712423288504e+00  1.435712423288504e+00  1.435712423288504e+00  1.435712423288504e+00  0
1.967138412773813e-06  1.426769282113884e+00  1.426769282113884e+00  1.426769282113884e+00  1.426769282113884e+00  0
2.155901525917819e-06  1.337677007838459e+00  1.337677007838459e+00  1.337677007838459e+00  1.337677007838459e+00  0
2.362778012606077e-06  1.210168834252110e+00  1.210168834252110e+00  1.210168834252110e+00  1.210168834252110e+00  0
2.589506000037745e-06  1.093994946271347e+00  1.093994946271347e+00  1.093994946271347e+00  1.093994946271347e+00  0
2.837990403015245e-06  1.035503611174775e+00  1.035503611174775e+00  1.035503611174775e+00  1.035503611174775e+00  0
3.110318928586857e-06  1.051495914088385e+00  1.051495914088385e+00  1.051495914088385e+00  1.051495914088385e+00  0
3.408779616466421e-06  1.139024722098056e+00  1.139024722098056e+00  1.139024722098056e+00  1.139024722098056e+00  0
3.735880062600620e-06  1.265475166605978e+00  1.265475166605978e+00  1.265475166605978e+00  1.265475166605978e+00  0
4.094368487395670e-06  1.381268961333017e+00  1.381268961333017e+00  1.381268961333017e+00  1.381268961333017e+00  0
4.487256825613684e-06  1.439582262460729e+00  1.439582262460729e+00  1.439582262460729e+00  1.439582262460729e+00  0
4.917846031934533e-06  1.436376888690125e+00  1.436376888690125e+00  1.436376888690125e+00  1.436376888690125e+00  0
5.389753814794549e-06  1.346652004168590e+00  1.346652004168590e+00  1.346652004168590e+00  1.346652004168590e+00  0
5.906945031515193e-06  1.218076641368099e+00  1.218076641368099e+00  1.218076641368099e+00  1.218076641368099e+00  0
6.473765000094363e-06  1.100619405243612e+00  1.100619405243612e+00  1.100619405243612e+00  1.100619405243612e+00  0
7.094976007538114e-06  1.040911464006739e+00  1.040911464006739e+00  1.040911464006739e+00  1.040911464006739e+00  0
7.775797321467140e-06  1.062961459203819e+00  1.062961459203819e+00  1.062961459203819e+00  1.062961459203819e+00  0
8.521949041166052e-06  1.149097586581258e+00  1.149097586581258e+00  1.149097586581258e+00  1.149097586581258e+00  0
9.339700156501548e-06  1.275060639942940e+00  1.275060639942940e+00  1.275060639942940e+00  1.275060639942940e+00  0
1.023592121848917e-05  1.390911635195555e+00  1.390911635195555e+00  1.390911635195555e+00  1.390911635195555e+00  0
1.121814206403421e-05  1.449362981384567e+00  1.449362981384567e+00  1.449362981384567e+00  1.449362981384567e+00  0
1.229461507983633e-05  1.460990419260871e+00  1.460990419260871e+00  1.460990419260871e+00  1.460990419260871e+00  0
1.347438453698637e-05  1.369634150502769e+00  1.369634150502769e+00  1.369634150502769e+00  1.369634150502769e+00  0
1.476736257878798e-05  1.238323307184677e+00  1.238323307184677e+00  1.238323307184677e+00  1.238323307184677e+00  0
1.618441250023591e-05  1.117575413218969e+00  1.117575413218969e+00  1.117575413218969e+00  1.117575413218969e+00  0
1.773744001884528e-05  1.054740492833259e+00  1.054740492833259e+00  1.054740492833259e+00  1.054740492833259e+00  0
1.943949330366785e-05  1.093122384415677e+00  1.093122384415677e+00  1.093122384415677e+00  1.093122384415677e+00  0
2.130487260291513e-05  1.175391855757467e+00  1.175391855757467e+00  1.175391855757467e+00  1.175391855757467e+00  0
2.334925039125387e-05  1.299883285036379e+00  1.299883285036379e+00  1.299883285036379e+00  1.299883285036379e+00  0
2.558980304622294e-05  1.415734741767890e+00  1.415734741767890e+00  1.415734741767890e+00  1.415734741767890e+00  0
2.804535516008552e-05  1.474457643642578e+00  1.474457643642578e+00  1.474457643642578e+00  1.474457643642578e+00  0
3.073653769959083e-05  1.526452519017521e+00  1.526452519017521e+00  1.526452519017521e+00  1.526452519017521e+00  0
3.368596134246593e-05  1.430672471775360e+00  1.430672471775360e+00  1.430672471775360e+00  1.430672471775360e+00  0
3.691840644696995e-05  1.292072671635340e+00  1.292072671635340e+00  1.292072671635340e+00  1.292072671635340e+00  0
4.046103125058977e-05  1.162553571609494e+00  1.162553571609494e+00  1.162553571609494e+00  1.162553571609494e+00  0
4.434360004711321e-05  1.091333987030789e+00  1.091333987030789e+00  1.091333987030789e+00  1.091333987030789e+00  0
4.859873325916964e-05  1.179447788731492e+00  1.179447788731492e+00  1.179447788731492e+00  1.179447788731492e+00  0
5.326218150728783e-05  1.249144381032036e+00  1.249144381032036e+00  1.249144381032036e+00  1.249144381032036e+00  0
5.837312597813469e-05  1.368002794645236e+00  1.368002794645236e+00  1.368002794645236e+00  1.368002794645236e+00  0
6.397450761555734e-05  1.482720404406473e+00  1.482720404406473e+00  1.482720404406473e+00  1.482720404406473e+00  0
7.011338790021381e-05  1.541519348562806e+00  1.541519348562806e+00  1.541519348562806e+00  1.541519348562806e+00  0
7.684134424897707e-05  1.720434884728309e+00  1.720434884728309e+00  1.720434884728309e+00  1.720434884728309e+00  0
8.421490335616483e-05  1.610182834884150e+00  1.610182834884150e+00  1.610182834884150e+00  1.610182834884150e+00  0
9.229601611742488e-05  1.449682830056840e+00  1.449682830056840e+00  1.449682830056840e+00  1.449682830056840e+00  0
1.011525781264744e-04  1.294091021308367e+00  1.294091021308367e+00  1.294091021308367e+00  1.294091021308367e+00  0
1.108590001177830e-04  1.197668570252362e+00  1.197668570252362e+00  1.197668570252362e+00  1.197668570252362e+00  0
1.214968331479241e-04  1.500880959930948e+00  1.500880959930948e+00  1.500880959930948e+00  1.500880959930948e+00  0
1.331554537682195e-04  1.509526268348946e+00  1.509526268348946e+00  1.509526268348946e+00  1.509526268348946e+00  0
1.459328149453367e-04  1.593354330490444e+00  1.593354330490444e+00  1.593354330490444e+00  1.593354330490444e+00  0
1.599362690388933e-04  1.692249568149022e+00  1.692249568149022e+00  1.692249568149022e+00  1.692249568149022e+00  0
1.752834697505345e-04  1.743898939711517e+00  1.743898939711517e+00  1.743898939711517e+00  1.743898939711517e+00  0
1.921033606224427e-04  2.628640271244210e+00  2.628640271244210e+00  2.628640271244210e+00  2.628640271244210e+00  0
2.105372583904121e-04  2.381062038225100e+00  2.381062038225100e+00  2.381062038225100e+00  2.381062038225100e+00  0
2.307400402935622e-04  2.095880484495344e+00  2.095880484495344e+00  2.095880484495344e+00  2.095880484495344e+00  0
2.528814453161860e-04  1.819443866550476e+00  1.819443866550476e+00  1.819443866550476e+00  1.819443866550476e+00  0
2.771475002944575e-04  1.612195108469936e+00  1.612195108469936e+00  1.612195108469936e+00  1.612195108469936e+00  0
3.037420828698102e-04  4.901635918764767e+00  4.901635918764767e+00  4.901635918764767e+00  4.901635918764767e+00  0
3.328886344205489e-04  4.027951674746546e+00  4.027951674746546e+00  4.027951674746546e+00  4.027951674746546e+00  0
3.648320373633417e-04  3.443199717767668e+00  3.443199717767668e+00  3.443199717767668e+00  3.443199717767668e+00  0
3.998406725972333e-04  3.085222236148971e+00  3.085222236148971e+00  3.085222236148971e+00  3.085222236148971e+00  0
4.382086743763362e-04  2.845544407304584e+00  2.845544407304584e+00  2.845544407304584e+00  2.845544407304584e+00  0
4.802584015561067e-04  1.007045453223030e+01  1.007045453223030e+01  1.007045453223030e+01  1.007045453223030e+01  0
5.263431459760303e-04  9.522293177271729e+00  9.522293177271729e+00  9.522293177271729e+00  9.522293177271729e+00  0
5.768501007339055e-04  8.549780324860549e+00  8.549780324860549e+00  8.549780324860549e+00  8.549780324860549e+00  0
6.322036132904651e-04  7.321817434108113e+00  7.321817434108113e+00  7.321817434108113e+00  7.321817434108113e+00  0
6.928687507361440e-04  6.048555113990217e+00  6.048555113990217e+00  6.048555113990217e+00  6.048555113990217e+00  0
7.593552071745256e-04  6.181959079967818e+00  6.181959079967818e+00  6.181959079967818e+00  6.181959079967818e+00  0
8.322215860513723e-04  7.538215684787767e+00  7.538215684787767e+00  7.538215684787767e+00  7.538215684787767e+00  0
9.120800934083544e-04  8.745727162174139e+00  8.745727162174139e+00  8.745727162174139e+00  8.745727162174139e+00  0
9.996016814930835e-04  9.651585561732878e+00  9.651585561732878e+00  9.651585561732878e+00  9.651585561732878e+00  0
1.095521685940841e-03  1.012293299275091e+01  1.012293299275091e+01  1.012293299275091e+01  1.012293299275091e+01  0
1.200646003890267e-03  1.260721181452471e+00  1.260721181452471e+00  1.260721181452471e+00  1.260721181452471e+00  0
1.315857864940076e-03  1.810614588912522e+00  1.810614588912522e+00  1.810614588912522e+00  1.810614588912522e+00  0
1.442125251834764e-03  2.583936475654611e+00  2.583936475654611e+00  2.583936475654611e+00  2.583936475654611e+00  0
1.580509033226163e-03  3.586609552297282e+00  3.586609552297282e+00  3.586609552297282e+00  3.586609552297282e+00  0
1.732171876840360e-03  4.786976791378200e+00  4.786976791378200e+00  4.786976791378200e+00  4.786976791378200e+00  0
1.898388017936314e-03  5.255888151637631e-01  5.255888151637631e-01  5.255888151637631e-01  5.255888151637631e-01  0
2.080553965128431e-03  5.421308135536347e-01  5.421308135536347e-01  5.421308135536347e-01  5.421308135536347e-01  0
2.280200233520886e-03  5.879318070345905e-01  5.879318070345905e-01  5.879318070345905e-01  5.879318070345905e-01  0
2.499004203732709e-03  6.939307562016790e-01  6.939307562016790e-01  6.939307562016790e-01  6.939307562016790e-01  0
2.738804214852102e-03  9.011712306370907e-01  9.011712306370907e-01  9.011712306370907e-01  9.011712306370907e-01  0
3.001615009725670e-03  5.165853106259576e-01  5.165853106259576e-01  5.165853106259576e-01  5.165853106259576e-01  0
3.289644662350192e-03  5.229784271417611e-01  5.229784271417611e-01  5.229784271417611e-01  5.229784271417611e-01  0
3.605313129586913e-03  5.293038068793321e-01  5.293038068793321e-01  5.293038068793321e-01  5.293038068793321e-01  0
3.951272583065411e-03  5.356582254900275e-01  5.356582254900275e-01  5.356582254900275e-01  5.356582254900275e-01  0
4.330429692100904e-03  5.451852013597530e-01  5.451852013597530e-01  5.451852013597530e-01  5.451852013597530e-01  0
4.745970044840788e-03  4.647262397800501e-01  4.647262397800501e-01  4.647262397800501e-01  4.647262397800501e-01  0
5.201384912821080e-03  4.929773774457706e-01  4.929773774457706e-01  4.929773774457706e-01  4.929773774457706e-01  0
5.700500583802218e-03  5.101899086016350e-01  5.101899086016350e-01  5.101899086016350e-01  5.101899086016350e-01  0
6.247510509331775e-03  5.209646032249223e-01  5.209646032249223e-01  5.209646032249223e-01  5.209646032249223e-01  0
6.847010537130258e-03  5.307201057072110e-01  5.307201057072110e-01  5.307201057072110e-01  5.307201057072110e-01  0
7.504037524314174e-03  3.671600466167722e-01  3.671600466167722e-01  3.671600466167722e-01  3.671600466167722e-01  0
8.224111655875478e-03  3.686102822924927e-01  3.686102822924927e-01  3.686102822924927e-01  3.686102822924927e-01  0
9.013282823967282e-03  3.840701250380025e-01  3.840701250380025e-01  3.840701250380025e-01  3.840701250380025e-01  0
9.878181457663525e-03  4.097433541666480e-01  4.097433541666480e-01  4.097433541666480e-01  4.097433541666480e-01  0
1.082607423025226e-02  4.386166325289965e-01  4.386166325289965e-01  4.386166325289965e-01  4.386166325289965e-01  0
1.186492511210197e-02  5.286141602792027e-01  5.286141602792027e-01  5.286141602792027e-01  5.286141602792027e-01  0
1.300346228205270e-02  5.218129266045309e-01  5.218129266045309e-01  5.218129266045309e-01  5.218129266045309e-01  0
1.425125145950555e-02  4.933745654485832e-01  4.933745654485832e-01  4.933745654485832e-01  4.933745654485832e-01  0
1.561877627332944e-02  4.541486458727825e-01  4.541486458727825e-01  4.541486458727825e-01  4.541486458727825e-01  0
1.711752634282565e-02  4.169627819664493e-01  4.169627819664493e-01  4.169627819664493e-01  4.169627819664493e-01  0
1.876009381078543e-02  6.512172462108899e-01  6.512172462108899e-01  6.512172462108899e-01  6.512172462108899e-01  0
2.056027913968870e-02  6.219861156349640e-01  6.219861156349640e-01  6.219861156349640e-01  6.219861156349640e-01  0
2.253320705991821e-02  6.039040610843159e-01  6.039040610843159e-01  6.039040610843159e-01  6.039040610843159e-01  0
2.469545364415881e-02  5.955249686443532e-01  5.955249686443532e-01  5.955249686443532e-01  5.955249686443532e-01  0
2.706518557563065e-02  5.890099818586356e-01  5.890099818586356e-01  5.890099818586356e-01  5.890099818586356e-01  0
2.966231278025492e-02  7.497401596800601e-01  7.497401596800601e-01  7.497401596800601e-01  7.497401596800601e-01  0
3.250865570513176e-02  8.131615956050949e-01  8.131615956050949e-01  8.131615956050949e-01  8.131615956050949e-01  0
3.562812864876387e-02  8.319152804010769e-01  8.319152804010769e-01  8.319152804010769e-01  8.319152804010769e-01  0
3.904694068332360e-02  8.101515301222849e-01  8.101515301222849e-01  8.101515301222849e-01  8.101515301222849e-01  0
4.279381585706412e-02  7.620954384753993e-01  7.620954384753993e-01  7.620954384753993e-01  7.620954384753993e-01  0
4.690023452696358e-02  8.811837797317240e-01  8.811837797317240e-01  8.811837797317240e-01  8.811837797317240e-01  0
5.140069784922174e-02  8.369509333230295e-01  8.369509333230295e-01  8.369509333230295e-01  8.369509333230295e-01  0
5.633301764979550e-02  8.084241103890988e-01  8.084241103890988e-01  8.084241103890988e-01  8.084241103890988e-01  0
6.173863411039702e-02  8.070770434562128e-01  8.070770434562128e-01  8.070770434562128e-01  8.070770434562128e-01  0
6.766296393907660e-02  8.291600272880337e-01  8.291600272880337e-01  8.291600272880337e-01  8.291600272880337e-01  0
7.415578195063731e-02  9.249874017529236e-01  9.249874017529236e-01  9.249874017529236e-01  9.249874017529236e-01  0
8.127163926282939e-02  1.065023348907162e+00  1.065023348907162e+00  1.065023348907162e+00  1.065023348907162e+00  0
8.907032162190968e-02  1.148373162696808e+00  1.148373162696808e+00  1.148373162696808e+00  1.148373162696808e+00  0
9.761735170830900e-02  1.164407487608943e+00  1.164407487608943e+00  1.164407487608943e+00  1.164407487608943e+00  0
1.069845396426603e-01  1.120272546054851e+00  1.120272546054851e+00  1.120272546054851e+00  1.120272546054851e+00  0
1.172505863174089e-01  2.454464307957926e+00  2.454464307957926e+00  2.454464307957926e+00  2.454464307957926e+00  0
1.285017446230543e-01  2.513206898945738e+00  2.513206898945738e+00  2.513206898945738e+00  2.513206898945738e+00  0
1.408325441244888e-01  2.438590033408151e+00  2.438590033408151e+00  2.438590033408151e+00  2.438590033408151e+00  0
1.543465852759926e-01  2.273420458545687e+00  2.273420458545687e+00  2.273420458545687e+00  2.273420458545687e+00  0
1.691574098476915e-01  2.070925424038325e+00  2.070925424038325e+00  2.070925424038325e+00  2.070925424038325e+00  0
1.853894548765933e-01  1.352721562908835e+00  1.352721562908835e+00  1.352721562908835e+00  1.352721562908835e+00  0
2.031790981570735e-01  1.709149075413441e+00  1.709149075413441e+00  1.709149075413441e+00  1.709149075413441e+00  0
2.226758040547742e-01  2.069589358284978e+00  2.069589358284978e+00  2.069589358284978e+00  2.069589358284978e+00  0
2.440433792707725e-01  2.391578645467719e+00  2.391578645467719e+00  2.391578645467719e+00  2.391578645467719e+00  0
2.674613491066508e-01  2.627548459697411e+00  2.627548459697411e+00  2.627548459697411e+00  2.627548459697411e+00  0
2.931264657935224e-01  2.384483001117645e-01  2.384483001117645e-01  2.384483001117645e-01  2.384483001117645e-01  0
3.212543615576359e-01  3.705624021675397e-01  3.705624021675397e-01  3.705624021675397e-01  3.705624021675397e-01  0
3.520813603112219e-01  5.478196031842595e-01  5.478196031842595e-01  5.478196031842595e-01  5.478196031842595e-01  0
3.858664631899815e-01  7.750132676758157e-01  7.750132676758157e-01  7.750132676758157e-01  7.750132676758157e-01  0
4.228935246192289e-01  1.054282532840044e+00  1.054282532840044e+00  1.054282532840044e+00  1.054282532840044e+00  0
4.634736371914833e-01  3.756390786237547e-02  3.756390786237547e-02  3.756390786237547e-02  3.756390786237547e-02  0
5.079477453926837e-01  5.380944181158895e-02  5.380944181158895e-02  5.380944181158895e-02  5.380944181158895e-02  0
5.566895101369356e-01  7.836141976105844e-02  7.836141976105844e-02  7.836141976105844e-02  7.836141976105844e-02  0
6.101084481769313e-01  1.166860070879788e-01  1.166860070879788e-01  1.166860070879788e-01  1.166860070879788e-01  0
6.686533727666270e-01  1.759824903415165e-01  1.759824903415165e-01  1.759824903415165e-01  1.759824903415165e-01  0
7.328161644838057e-01  3.990358493815255e-03  3.990358493815255e-03  3.990358493815255e-03  3.990358493815255e-03  0
8.031359038940895e-01  7.040140475793382e-03  7.040140475793382e-03  7.040140475793382e-03  7.040140475793382e-03  0
8.802034007780546e-01  1.157893593744417e-02  1.157893593744417e-02  1.157893593744417e-02  1.157893593744417e-02  0
9.646661579749534e-01  1.787605980283317e-02  1.787605980283317e-02  1.787605980283317e-02  1.787605980283317e-02  0
1.057233811548072e+00  2.622704946906129e-02  2.622704946906129e-02  2.622704946906129e-02  2.622704946906129e-02  0
1.158684092978708e+00  7.485907942501894e-05  7.485907942501894e-05  7.485907942501894e-05  7.485907942501894e-05  0
1.269869363481709e+00  1.927831092136632e-04  1.927831092136632e-04  1.927831092136632e-04  1.927831092136632e-04  0
1.391723775342339e+00  4.621763630264784e-04  4.621763630264784e-04  4.621763630264784e-04  4.621763630264784e-04  0
1.525271120442328e+00  1.029917404740041e-03  1.029917404740041e-03  1.029917404740041e-03  1.029917404740041e-03  0
1.671633431916567e+00  2.131325584199070e-03  2.131325584199070e-03  2.131325584199070e-03  2.131325584199070e-03  0
1.832040411209514e+00  1.094370838877981e-06  1.094370838877981e-06  1.094370838877981e-06  1.094370838877981e-06  0
2.007839759735224e+00  2.542272583754769e-06  2.542272583754769e-06  2.542272583754769e-06  2.542272583754769e-06  0
2.200508501945136e+00  5.690206683781955e-06  5.690206683781955e-06  5.690206683781955e-06  5.690206683781955e-06  0
2.411665394937383e+00  1.248031990949185e-05  1.248031990949185e-05  1.248031990949185e-05  1.248031990949185e-05  0
2.643084528870179e+00  2.737631316304772e-05  2.737631316304772e-05  2.737631316304772e-05  2.737631316304772e-05  0
