-1.525271120442328e+00  9.491275807025691e-04  9.491275807025691e-04  9.491275807025691e-04  9.491275807025691e-04  0
-1.391723775342339e+00  4.394178887502735e-04  4.394178887502735e-04  4.394178887502735e-04  4.394178887502735e-04  0
-1.269869363481709e+00  2.042181839525637e-04  2.042181839525637e-04  2.042181839525637e-04  2.042181839525637e-04  0
-1.158684092978708e+00  9.916010441954355e-05  9.916010441954355e-05  9.916010441954355e-05  9.916010441954355e-05  0
-1.057233811548072e+00  5.133265129484277e-05  5.133265129484277e-05  5.133265129484277e-05  5.133265129484277e-05  0
-9.646661579749536e-01  1.824367666877737e-02  1.824367666877737e-02  1.824367666877737e-02  1.824367666877737e-02  0
-8.802034007780548e-01  1.267987701228779e-02  1.267987701228779e-02  1.267987701228779e-02  1.267987701228779e-02  0
-8.031359038940896e-01  8.214528953998535e-03  8.214528953998535e-03  8.214528953998535e-03  8.214528953998535e-03  0
-7.328161644838059e-01  4.950186733987373e-03  4.950186733987373e-03  4.950186733987373e-03  4.950186733987373e-03  0
-6.686533727666268e-01  2.774888890400448e-03  2.774888890400448e-03  2.774888890400448e-03  2.774888890400448e-03  0
-6.101084481769313e-01  6.428602426013569e-02  6.428602426013569e-02  6.428602426013569e-02  6.428602426013569e-02  0
-5.566895101369356e-01  4.927761295504830e-02  4.927761295504830e-02  4.927761295504830e-02  4.927761295504830e-02  0
-5.079477453926836e-01  3.916578760023917e-02  3.916578760023917e-02  3.916578760023917e-02  3.916578760023917e-02  0
-4.634736371914833e-01  3.121834095712872e-02  3.121834095712872e-02  3.121834095712872e-02  3.121834095712872e-02  0
-4.228935246192288e-01  2.416855075948049e-02  2.416855075948049e-02  2.416855075948049e-02  2.416855075948049e-02  0
-3.858664631899814e-01  3.435442388589578e-01  3.435442388589578e-01  3.435442388589578e-01  3.435442388589578e-01  0
-3.520813603112219e-01  2.533395585213914e-01  2.533395585213914e-01  2.533395585213914e-01  2.533395585213914e-01  0
-3.212543615576358e-01  1.754138141255573e-01  1.754138141255573e-01  1.754138141255573e-01  1.754138141255573e-01  0
-2.931264657935224e-01  1.145339706220812e-01  1.145339706220812e-01  1.145339706220812e-01  1.145339706220812e-01  0
-2.674613491066507e-01  7.120118052800385e-02  7.120118052800385e-02  7.120118052800385e-02  7.120118052800385e-02  0
-2.440433792707725e-01  6.493906776597073e-01  6.493906776597073e-01  6.493906776597073e-01  6.493906776597073e-01  0
-2.226758040547742e-01  6.348978800368243e-01  6.348978800368243e-01  6.348978800368243e-01  6.348978800368243e-01  0
-2.031790981570734e-01  5.917880978362470e-01  5.917880978362470e-01  5.917880978362470e-01  5.917880978362470e-01  0
-1.853894548765933e-01  5.225488005565039e-01  5.225488005565039e-01  5.225488005565039e-01  5.225488005565039e-01  0
-1.691574098476915e-01  4.346573722229360e-01  4.346573722229360e-01  4.346573722229360e-01  4.346573722229360e-01  0
-1.543465852759926e-01  4.079781313318552e-01  4.079781313318552e-01  4.079781313318552e-01  4.079781313318552e-01  0
-1.408325441244888e-01  4.454000405861350e-01  4.454000405861350e-01  4.454000405861350e-01  4.454000405861350e-01  0
-1.285017446230543e-01  4.716880388336430e-01  4.716880388336430e-01  4.716880388336430e-01  4.716880388336430e-01  0
-1.172505863174090e-01  4.817231864720262e-01  4.817231864720262e-01  4.817231864720262e-01  4.817231864720262e-01  0
-1.069845396426603e-01  4.733736492849054e-01  4.733736492849054e-01  4.733736492849054e-01  4.733736492849054e-01  0
-9.761735170830896e-02  2.716940913594600e-01  2.716940913594600e-01  2.716940913594600e-01  2.716940913594600e-01  0
-8.907032162190963e-02  2.630087696221769e-01  2.630087696221769e-01  2.630087696221769e-01  2.630087696221769e-01  0
-8.127163926282933e-02  2.588519878630356e-01  2.588519878630356e-01  2.588519878630356e-01  2.588519878630356e-01  0
-7.415578195063728e-02  2.605811705507579e-01  2.605811705507579e-01  2.605811705507579e-01  2.605811705507579e-01  0
-6.766296393907657e-02  2.654580372854915e-01  2.654580372854915e-01  2.654580372854915e-01  2.654580372854915e-01  0
-6.173863411039700e-02  2.652146175736047e-01  2.652146175736047e-01  2.652146175736047e-01  2.652146175736047e-01  0
-5.633301764979549e-02  2.729360579561866e-01  2.729360579561866e-01  2.729360579561866e-01  2.729360579561866e-01  0
-5.140069784922172e-02  2.762216373461062e-01  2.762216373461062e-01  2.762216373461062e-01  2.762216373461062e-01  0
-4.690023452696356e-02  2.687687889458651e-01  2.687687889458651e-01  2.687687889458651e-01  2.687687889458651e-01  0
-4.279381585706410e-02  2.477754278283276e-01  2.477754278283276e-01  2.477754278283276e-01  2.477754278283276e-01  0
-3.904694068332359e-02  3.046828860124126e-01  3.046828860124126e-01  3.046828860124126e-01  3.046828860124126e-01  0
-3.562812864876386e-02  2.749241720578126e-01  2.749241720578126e-01  2.749241720578126e-01  2.749241720578126e-01  0
-3.250865570513174e-02  2.420256695100171e-01  2.420256695100171e-01  2.420256695100171e-01  2.420256695100171e-01  0
-2.966231278025492e-02  2.118974631287662e-01  2.118974631287662e-01  2.118974631287662e-01  2.118974631287662e-01  0
-2.706518557563063e-02  1.878086760809901e-01  1.878086760809901e-01  1.878086760809901e-01  1.878086760809901e-01  0
-2.469545364415880e-02  3.312435632455701e-01  3.312435632455701e-01  3.312435632455701e-01  3.312435632455701e-01  0
-2.253320705991819e-02  3.356570701893924e-01  3.356570701893924e-01  3.356570701893924e-01  3.356570701893924e-01  0
-2.056027913968868e-02  3.398731177078927e-01  3.398731177078927e-01  3.398731177078927e-01  3.398731177078927e-01  0
-1.876009381078543e-02  3.359732844156798e-01  3.359732844156798e-01  3.359732844156798e-01  3.359732844156798e-01  0
-1.711752634282564e-02  3.183849622980877e-01  3.183849622980877e-01  3.183849622980877e-01  3.183849622980877e-01  0
-1.561877627332943e-02  4.084154532083830e-01  4.084154532083830e-01  4.084154532083830e-01  4.084154532083830e-01  0
-1.425125145950554e-02  3.663889724824120e-01  3.663889724824120e-01  3.663889724824120e-01  3.663889724824120e-01  0
-1.300346228205270e-02  3.174464387949060e-01  3.174464387949060e-01  3.174464387949060e-01  3.174464387949060e-01  0
-1.186492511210197e-02  2.672434779331826e-01  2.672434779331826e-01  2.672434779331826e-01  2.672434779331826e-01  0
-1.082607423025225e-02  2.201505555915111e-01  2.201505555915111e-01  2.201505555915111e-01  2.201505555915111e-01  0
-9.878181457663520e-03  4.348668113902543e-01  4.348668113902543e-01  4.348668113902543e-01  4.348668113902543e-01  0
-9.013282823967277e-03  4.391269005996521e-01  4.391269005996521e-01  4.391269005996521e-01  4.391269005996521e-01  0
-8.224111655875473e-03  4.455094108639081e-01  4.455094108639081e-01  4.455094108639081e-01  4.455094108639081e-01  0
-7.504037524314169e-03  4.438032973721502e-01  4.438032973721502e-01  4.438032973721502e-01  4.438032973721502e-01  0
-6.847010537130255e-03  4.265407493400492e-01  4.265407493400492e-01  4.265407493400492e-01  4.265407493400492e-01  0
-6.247510509331773e-03  5.404946035800711e-01  5.404946035800711e-01  5.404946035800711e-01  5.404946035800711e-01  0
-5.700500583802216e-03  5.091586109478007e-01  5.091586109478007e-01  5.091586109478007e-01  5.091586109478007e-01  0
-5.201384912821078e-03  4.659115910792068e-01  4.659115910792068e-01  4.659115910792068e-01  4.659115910792068e-01  0
-4.745970044840786e-03  4.200430509765654e-01  4.200430509765654e-01  4.200430509765654e-01  4.200430509765654e-01  0
-4.330429692100900e-03  3.787914215430129e-01  3.787914215430129e-01  3.787914215430129e-01  3.787914215430129e-01  0
-3.951272583065408e-03  4.861921541097560e-01  4.861921541097560e-01  4.861921541097560e-01  4.861921541097560e-01  0
-3.605313129586911e-03  4.979336952837358e-01  4.979336952837358e-01  4.979336952837358e-01  4.979336952837358e-01  0
-3.289644662350189e-03  5.205943614570572e-01  5.205943614570572e-01  5.205943614570572e-01  5.205943614570572e-01  0
-3.001615009725668e-03  5.383995192055196e-01  5.383995192055196e-01  5.383995192055196e-01  5.383995192055196e-01  0
-2.738804214852102e-03  5.371566454937066e-01  5.371566454937066e-01  5.371566454937066e-01  5.371566454937066e-01  0
-2.499004203732710e-03  6.526144522356514e-01  6.526144522356514e-01  6.526144522356514e-01  6.526144522356514e-01  0
-2.280200233520887e-03  6.051044905381717e-01  6.051044905381717e-01  6.051044905381717e-01  6.051044905381717e-01  0
-2.080553965128431e-03  5.412388039914067e-01  5.412388039914067e-01  5.412388039914067e-01  5.412388039914067e-01  0
-1.898388017936315e-03  4.748413714091479e-01  4.748413714091479e-01  4.748413714091479e-01  4.748413714091479e-01  0
-1.732171876840360e-03  4.186351960543033e-01  4.186351960543033e-01  4.186351960543033e-01  4.186351960543033e-01  0
-1.580509033226163e-03  6.827719406740502e-01  6.827719406740502e-01  6.827719406740502e-01  6.827719406740502e-01  0
-1.442125251834764e-03  6.612398051306416e-01  6.612398051306416e-01  6.612398051306416e-01  6.612398051306416e-01  0
-1.315857864940076e-03  6.637672602002457e-01  6.637672602002457e-01  6.637672602002457e-01  6.637672602002457e-01  0
-1.200646003890267e-03  6.718815670593186e-01  6.718815670593186e-01  6.718815670593186e-01  6.718815670593186e-01  0
-1.095521685940841e-03  6.656599649167152e-01  6.656599649167152e-01  6.656599649167152e-01  6.656599649167152e-01  0
-9.996016814930839e-04  1.023050506750310e+00  1.023050506750310e+00  1.023050506750310e+00  1.023050506750310e+00  0
-9.120800934083548e-04  9.640235795647635e-01  9.640235795647635e-01  9.640235795647635e-01  9.640235795647635e-01  0
-8.322215860513725e-04  8.741915057083101e-01  8.741915057083101e-01  8.741915057083101e-01  8.741915057083101e-01  0
-7.593552071745259e-04  7.706904494481119e-01  7.706904494481119e-01  7.706904494481119e-01  7.706904494481119e-01  0
-6.928687507361442e-04  6.744060207313362e-01  6.744060207313362e-01  6.744060207313362e-01  6.744060207313362e-01  0
-6.322036132904654e-04  1.147474291370335e+00  1.147474291370335e+00  1.147474291370335e+00  1.147474291370335e+00  0
-5.768501007339059e-04  1.073423702481559e+00  1.073423702481559e+00  1.073423702481559e+00  1.073423702481559e+00  0
-5.263431459760304e-04  1.043789868342263e+00  1.043789868342263e+00  1.043789868342263e+00  1.043789868342263e+00  0
-4.802584015561070e-04  1.040124933034402e+00  1.040124933034402e+00  1.040124933034402e+00  1.040124933034402e+00  0
-4.382086743763364e-04  1.033588094586906e+00  1.033588094586906e+00  1.033588094586906e+00  1.033588094586906e+00  0
-3.998406725972335e-04  1.628826141995001e+00  1.628826141995001e+00  1.628826141995001e+00  1.628826141995001e+00  0
-3.648320373633419e-04  1.590762434942702e+00  1.590762434942702e+00  1.590762434942702e+00  1.590762434942702e+00  0
-3.328886344205490e-04  1.492579668830275e+00  1.492579668830275e+00  1.492579668830275e+00  1.492579668830275e+00  0
-3.037420828698103e-04  1.347679116596580e+00  1.347679116596580e+00  1.347679116596580e+00  1.347679116596580e+00  0
-2.771475002944577e-04  1.184984836891656e+00  1.184984836891656e+00  1.184984836891656e+00  1.184984836891656e+00  0
-2.528814453161862e-04  1.642383145660879e+00  1.642383145660879e+00  1.642383145660879e+00  1.642383145660879e+00  0
-2.307400402935623e-04  1.581015395366463e+00  1.581015395366463e+00  1.581015395366463e+00  1.581015395366463e+00  0
-2.105372583904122e-04  1.561091762523271e+00  1.561091762523271e+00  1.561091762523271e+00  1.561091762523271e+00  0
-1.921033606224428e-04  1.578529651570423e+00  1.578529651570423e+00  1.578529651570423e+00  1.578529651570423e+00  0
-1.752834697505346e-04  1.606550137423879e+00  1.606550137423879e+00  1.606550137423879e+00  1.606550137423879e+00  0
-1.599362690388934e-04  1.655787527027675e+00  1.655787527027675e+00  1.655787527027675e+00  1.655787527027675e+00  0
-1.459328149453367e-04  1.751513851309541e+00  1.751513851309541e+00  1.751513851309541e+00  1.751513851309541e+00  0
-1.331554537682196e-04  1.784310206507267e+00  1.784310206507267e+00  1.784310206507267e+00  1.784310206507267e+00  0
-1.214968331479241e-04  1.744143384850781e+00  1.744143384850781e+00  1.744143384850781e+00  1.744143384850781e+00  0
-1.108590001177830e-04  1.644794910794124e+00  1.644794910794124e+00  1.644794910794124e+00  1.644794910794124e+00  0
-1.011525781264745e-04  1.377831014284732e+00  1.377831014284732e+00  1.377831014284732e+00  1.377831014284732e+00  0
-9.229601611742493e-05  1.340078478586826e+00  1.340078478586826e+00  1.340078478586826e+00  1.340078478586826e+00  0
-8.421490335616486e-05  1.350555549401064e+00  1.350555549401064e+00  1.350555549401064e+00  1.350555549401064e+00  0
-7.684134424897711e-05  1.417785192130893e+00  1.417785192130893e+00  1.417785192130893e+00  1.417785192130893e+00  0
-7.011338790021382e-05  1.525794314921779e+00  1.525794314921779e+00  1.525794314921779e+00  1.525794314921779e+00  0
-6.397450761555736e-05  1.306571907284319e+00  1.306571907284319e+00  1.306571907284319e+00  1.306571907284319e+00  0
-5.837312597813469e-05  1.399930729906001e+00  1.399930729906001e+00  1.399930729906001e+00  1.399930729906001e+00  0
-5.326218150728784e-05  1.447666224737721e+00  1.447666224737721e+00  1.447666224737721e+00  1.447666224737721e+00  0
-4.859873325916965e-05  1.433300731052488e+00  1.433300731052488e+00  1.433300731052488e+00  1.433300731052488e+00  0
-4.434360004711322e-05  1.360877377208266e+00  1.360877377208266e+00  1.360877377208266e+00  1.360877377208266e+00  0
-4.046103125058979e-05  1.216131497877928e+00  1.216131497877928e+00  1.216131497877928e+00  1.216131497877928e+00  0
-3.691840644696997e-05  1.139521758569596e+00  1.139521758569596e+00  1.139521758569596e+00  1.139521758569596e+00  0
-3.368596134246595e-05  1.107230735444338e+00  1.107230735444338e+00  1.107230735444338e+00  1.107230735444338e+00  0
-3.073653769959084e-05  1.133357834812034e+00  1.133357834812034e+00  1.133357834812034e+00  1.133357834812034e+00  0
-2.804535516008553e-05  1.208935000025484e+00  1.208935000025484e+00  1.208935000025484e+00  1.208935000025484e+00  0
-2.558980304622295e-05  1.228562319324122e+00  1.228562319324122e+00  1.228562319324122e+00  1.228562319324122e+00  0
-2.334925039125388e-05  1.317416173917336e+00  1.317416173917336e+00  1.317416173917336e+00  1.317416173917336e+00  0
-2.130487260291513e-05  1.361571750285529e+00  1.361571750285529e+00  1.361571750285529e+00  1.361571750285529e+00  0
-1.943949330366786e-05  1.343109752714435e+00  1.343109752714435e+00  1.343109752714435e+00  1.343109752714435e+00  0
-1.773744001884529e-05  1.266675138978258e+00  1.266675138978258e+00  1.266675138978258e+00  1.266675138978258e+00  0
-1.618441250023591e-05  1.209872593794442e+00  1.209872593794442e+00  1.209872593794442e+00  1.209872593794442e+00  0
-1.476736257878799e-05  1.115689553627782e+00  1.115689553627782e+00  1.115689553627782e+00  1.115689553627782e+00  0
-1.347438453698638e-05  1.065178152489865e+00  1.065178152489865e+00  1.065178152489865e+00  1.065178152489865e+00  0
-1.229461507983634e-05  1.075900867006011e+00  1.075900867006011e+00  1.075900867006011e+00  1.075900867006011e+00  0
-1.121814206403421e-05  1.140860418535524e+00  1.140860418535524e+00  1.140860418535524e+00  1.140860418535524e+00  0
-1.023592121848918e-05  1.228612392423584e+00  1.228612392423584e+00  1.228612392423584e+00  1.228612392423584e+00  0
-9.339700156501553e-06  1.324742371663375e+00  1.324742371663375e+00  1.324742371663375e+00  1.324742371663375e+00  0
-8.521949041166055e-06  1.375376073194689e+00  1.375376073194689e+00  1.375376073194689e+00  1.375376073194689e+00  0
-7.775797321467145e-06  1.359366756875460e+00  1.359366756875460e+00  1.359366756875460e+00  1.359366756875460e+00  0
-7.094976007538116e-06  1.280025674782869e+00  1.280025674782869e+00  1.280025674782869e+00  1.280025674782869e+00  0
-6.473765000094365e-06  1.230471311133272e+00  1.230471311133272e+00  1.230471311133272e+00  1.230471311133272e+00  0
-5.906945031515196e-06  1.126444933670894e+00  1.126444933670894e+00  1.126444933670894e+00  1.126444933670894e+00  0
-5.389753814794551e-06  1.066776065181349e+00  1.066776065181349e+00  1.066776065181349e+00  1.066776065181349e+00  0
-4.917846031934535e-06  1.072313352786656e+00  1.072313352786656e+00  1.072313352786656e+00  1.072313352786656e+00  0
-4.487256825613684e-06  1.137954437501817e+00  1.137954437501817e+00  1.137954437501817e+00  1.137954437501817e+00  0
-4.094368487395672e-06  1.240701252243931e+00  1.240701252243931e+00  1.240701252243931e+00  1.240701252243931e+00  0
-3.735880062600621e-06  1.344535174818065e+00  1.344535174818065e+00  1.344535174818065e+00  1.344535174818065e+00  0
-3.408779616466422e-06  1.402141778625620e+00  1.402141778625620e+00  1.402141778625620e+00  1.402141778625620e+00  0
-3.110318928586858e-06  1.389534213907559e+00  1.389534213907559e+00  1.389534213907559e+00  1.389534213907559e+00  0
-2.837990403015247e-06  1.308510099796481e+00  1.308510099796481e+00  1.308510099796481e+00  1.308510099796481e+00  0
-2.589506000037746e-06  1.250964599675644e+00  1.250964599675644e+00  1.250964599675644e+00  1.250964599675644e+00  0
-2.362778012606078e-06  1.140269013837744e+00  1.140269013837744e+00  1.140269013837744e+00  1.140269013837744e+00  0
-2.155901525917820e-06  1.074659200292711e+00  1.074659200292711e+00  1.074659200292711e+00  1.074659200292711e+00  0
-1.967138412773814e-06  1.077448434032548e+00  1.077448434032548e+00  1.077448434032548e+00  1.077448434032548e+00  0
-1.794902730245474e-06  1.144924779976835e+00  1.144924779976835e+00  1.144924779976835e+00  1.144924779976835e+00  0
-1.637747394958271e-06  1.251774125361302e+00  1.251774125361302e+00  1.251774125361302e+00  1.251774125361302e+00  0
-1.494352025040251e-06  1.360181794090366e+00  1.360181794090366e+00  1.360181794090366e+00  1.360181794090366e+00  0
-1.363511846586571e-06  1.419918174807283e+00  1.419918174807283e+00  1.419918174807283e+00  1.419918174807283e+00  0
-1.244127571434745e-06  1.403420475476052e+00  1.403420475476052e+00  1.403420475476052e+00  1.403420475476052e+00  0
-1.135196161206100e-06  1.309319820975883e+00  1.309319820975883e+00  1.309319820975883e+00  1.309319820975883e+00  0
-1.035802400015100e-06  1.267419223882463e+00  1.267419223882463e+00  1.267419223882463e+00  1.267419223882463e+00  0
-9.451112050424327e-07  1.151955361911949e+00  1.151955361911949e+00  1.151955361911949e+00  1.151955361911949e+00  0
-8.623606103671294e-07  1.082251565848792e+00  1.082251565848792e+00  1.082251565848792e+00  1.082251565848792e+00  0
-7.868553651095268e-07  1.083398656798708e+00  1.083398656798708e+00  1.083398656798708e+00  1.083398656798708e+00  0
-7.179610920981906e-07  1.152636640059688e+00  1.152636640059688e+00  1.152636640059688e+00  1.152636640059688e+00  0
-6.550989579833085e-07  1.262028054102844e+00  1.262028054102844e+00  1.262028054102844e+00  1.262028054102844e+00  0
-5.977408100161003e-07  1.375095187704510e+00  1.375095187704510e+00  1.375095187704510e+00  1.375095187704510e+00  0
-5.454047386346284e-07  1.438928902236128e+00  1.438928902236128e+00  1.438928902236128e+00  1.438928902236128e+00  0
-4.976510285738981e-07  1.424402857977338e+00  1.424402857977338e+00  1.424402857977338e+00  1.424402857977338e+00  0
-4.540784644824401e-07  1.329295607136875e+00  1.329295607136875e+00  1.329295607136875e+00  1.329295607136875e+00  0
-4.143209600060400e-07  1.280390740552624e+00  1.280390740552624e+00  1.280390740552624e+00  1.280390740552624e+00  0
-3.780444820169731e-07  1.161350324819730e+00  1.161350324819730e+00  1.161350324819730e+00  1.161350324819730e+00  0
-3.449442441468518e-07  1.088664933102203e+00  1.088664933102203e+00  1.088664933102203e+00  1.088664933102203e+00  0
-3.147421460438107e-07  1.088723872326414e+00  1.088723872326414e+00  1.088723872326414e+00  1.088723872326414e+00  0
-2.871844368392763e-07  1.159418202037064e+00  1.159418202037064e+00  1.159418202037064e+00  1.159418202037064e+00  0
-2.620395831933234e-07  1.268594635292028e+00  1.268594635292028e+00  1.268594635292028e+00  1.268594635292028e+00  0
-2.390963240064401e-07  1.382325773091792e+00  1.382325773091792e+00  1.382325773091792e+00  1.382325773091792e+00  0
-2.181618954538513e-07  1.442874459150921e+00  1.442874459150921e+00  1.442874459150921e+00  1.442874459150921e+00  0
-1.990604114295592e-07  1.417069417131987e+00  1.417069417131987e+00  1.417069417131987e+00  1.417069417131987e+00  0
-1.816313857929761e-07  1.297987484572721e+00  1.297987484572721e+00  1.297987484572721e+00  1.297987484572721e+00  0
-1.657283840024160e-07  1.290563956912709e+00  1.290563956912709e+00  1.290563956912709e+00  1.290563956912709e+00  0
-1.512177928067893e-07  1.168795563580066e+00  1.168795563580066e+00  1.168795563580066e+00  1.168795563580066e+00  0
-1.379776976587407e-07  1.093910194955444e+00  1.093910194955444e+00  1.093910194955444e+00  1.093910194955444e+00  0
-1.258968584175243e-07  1.093262924521824e+00  1.093262924521824e+00  1.093262924521824e+00  1.093262924521824e+00  0
-1.148737747357105e-07  1.165192856532462e+00  1.165192856532462e+00  1.165192856532462e+00  1.165192856532462e+00  0
-1.048158332773293e-07  1.275611983603480e+00  1.275611983603480e+00  1.275611983603480e+00  1.275611983603480e+00  0
-9.563852960257603e-08  1.392210959141429e+00  1.392210959141429e+00  1.392210959141429e+00  1.392210959141429e+00  0
-8.726475818154052e-08  1.455251240116770e+00  1.455251240116770e+00  1.455251240116770e+00  1.455251240116770e+00  0
-7.962416457182368e-08  1.430726121594585e+00  1.430726121594585e+00  1.430726121594585e+00  1.430726121594585e+00  0
-7.265255431719042e-08  1.311313873231977e+00  1.311313873231977e+00  1.311313873231977e+00  1.311313873231977e+00  0
-6.629135360096640e-08  1.298384708305874e+00  1.298384708305874e+00  1.298384708305874e+00  1.298384708305874e+00  0
-6.048711712271569e-08  1.174549765995010e+00  1.174549765995010e+00  1.174549765995010e+00  1.174549765995010e+00  0
-5.519107906349629e-08  1.098050697132900e+00  1.098050697132900e+00  1.098050697132900e+00  1.098050697132900e+00  0
-5.035874336700971e-08  1.096971083104902e+00  1.096971083104902e+00  1.096971083104902e+00  1.096971083104902e+00  0
-4.594950989428420e-08  1.169963782100782e+00  1.169963782100782e+00  1.169963782100782e+00  1.169963782100782e+00  0
-4.192633331093174e-08  1.281028978324348e+00  1.281028978324348e+00  1.281028978324348e+00  1.281028978324348e+00  0
-3.825541184103042e-08  1.399854767445325e+00  1.399854767445325e+00  1.399854767445325e+00  1.399854767445325e+00  0
-3.490590327261621e-08  1.464805125846922e+00  1.464805125846922e+00  1.464805125846922e+00  1.464805125846922e+00  0
-3.184966582872947e-08  1.441231142607548e+00  1.441231142607548e+00  1.441231142607548e+00  1.441231142607548e+00  0
-2.906102172687617e-08  1.321519319759773e+00  1.321519319759773e+00  1.321519319759773e+00  1.321519319759773e+00  0
-2.651654144038656e-08  1.304489764867332e+00  1.304489764867332e+00  1.304489764867332e+00  1.304489764867332e+00  0
-2.419484684908628e-08  1.178994840236143e+00  1.178994840236143e+00  1.178994840236143e+00  1.178994840236143e+00  0
-2.207643162539852e-08  1.101214756179564e+00  1.101214756179564e+00  1.101214756179564e+00  1.101214756179564e+00  0
-2.014349734680389e-08  1.099798386524663e+00  1.099798386524663e+00  1.099798386524663e+00  1.099798386524663e+00  0
-1.837980395771368e-08  1.173630154588011e+00  1.173630154588011e+00  1.173630154588011e+00  1.173630154588011e+00  0
-1.677053332437270e-08  1.285389467048897e+00  1.285389467048897e+00  1.285389467048897e+00  1.285389467048897e+00  0
-1.530216473641217e-08  1.405974386189196e+00  1.405974386189196e+00  1.405974386189196e+00  1.405974386189196e+00  0
-1.396236130904649e-08  1.472404416932716e+00  1.472404416932716e+00  1.472404416932716e+00  1.472404416932716e+00  0
-1.273986633149179e-08  1.449525168303856e+00  1.449525168303856e+00  1.449525168303856e+00  1.449525168303856e+00  0
-1.162440869075047e-08  1.329503778248168e+00  1.329503778248168e+00  1.329503778248168e+00  1.329503778248168e+00  0
-1.060661657615463e-08  1.309391496720862e+00  1.309391496720862e+00  1.309391496720862e+00  1.309391496720862e+00  0
-9.677938739634512e-09  1.182551745512851e+00  1.182551745512851e+00  1.182551745512851e+00  1.182551745512851e+00  0
-8.830572650159406e-09  1.103748685092287e+00  1.103748685092287e+00  1.103748685092287e+00  1.103748685092287e+00  0
-8.057398938721554e-09  1.102077502317703e+00  1.102077502317703e+00  1.102077502317703e+00  1.102077502317703e+00  0
-7.351921583085473e-09  1.176595001658139e+00  1.176595001658139e+00  1.176595001658139e+00  1.176595001658139e+00  0
-6.708213329749079e-09  1.288970846821796e+00  1.288970846821796e+00  1.288970846821796e+00  1.288970846821796e+00  0
-6.120865894564868e-09  1.410975676979855e+00  1.410975676979855e+00  1.410975676979855e+00  1.410975676979855e+00  0
-5.584944523618594e-09  1.478581480364142e+00  1.478581480364142e+00  1.478581480364142e+00  1.478581480364142e+00  0
-5.095946532596716e-09  1.456229113852194e+00  1.456229113852194e+00  1.456229113852194e+00  1.456229113852194e+00  0
-4.649763476300187e-09  1.335918190361690e+00  1.335918190361690e+00  1.335918190361690e+00  1.335918190361690e+00  0
-4.242646630461849e-09  1.313395708660923e+00  1.313395708660923e+00  1.313395708660923e+00  1.313395708660923e+00  0
-3.871175495853804e-09  1.185452130873376e+00  1.185452130873376e+00  1.185452130873376e+00  1.185452130873376e+00  0
-3.532229060063762e-09  1.105820245933542e+00  1.105820245933542e+00  1.105820245933542e+00  1.105820245933542e+00  0
-3.222959575488621e-09  1.103954289029682e+00  1.103954289029682e+00  1.103954289029682e+00  1.103954289029682e+00  0
-2.940768633234189e-09  1.179042427931156e+00  1.179042427931156e+00  1.179042427931156e+00  1.179042427931156e+00  0
-2.683285331899631e-09  1.291947667041647e+00  1.291947667041647e+00  1.291947667041647e+00  1.291947667041647e+00  0
-2.448346357825947e-09  1.415116346816993e+00  1.415116346816993e+00  1.415116346816993e+00  1.415116346816993e+00  0
-2.233977809447438e-09  1.483673749512494e+00  1.483673749512494e+00  1.483673749512494e+00  1.483673749512494e+00  0
-2.038378613038686e-09  1.461731065340882e+00  1.461731065340882e+00  1.461731065340882e+00  1.461731065340882e+00  0
-1.859905390520075e-09  1.341156853302993e+00  1.341156853302993e+00  1.341156853302993e+00  1.341156853302993e+00  0
-1.697058652184740e-09  1.316711609181243e+00  1.316711609181243e+00  1.316711609181243e+00  1.316711609181243e+00  0
-1.548470198341522e-09  1.187851421216398e+00  1.187851421216398e+00  1.187851421216398e+00  1.187851421216398e+00  0
-1.412891624025505e-09  1.107538387303065e+00  1.107538387303065e+00  1.107538387303065e+00  1.107538387303065e+00  0
-1.289183830195449e-09  1.105520386738686e+00  1.105520386738686e+00  1.105520386738686e+00  1.105520386738686e+00  0
-1.176307453293676e-09  1.181088173520530e+00  1.181088173520530e+00  1.181088173520530e+00  1.181088173520530e+00  0
-1.073314132759852e-09  1.294442498145041e+00  1.294442498145041e+00  1.294442498145041e+00  1.294442498145041e+00  0
-9.793385431303785e-10  1.418577135551834e+00  1.418577135551834e+00  1.418577135551834e+00  1.418577135551834e+00  0
-8.935911237789750e-10  1.487917266427975e+00  1.487917266427975e+00  1.487917266427975e+00  1.487917266427975e+00  0
-8.153514452154745e-10  1.466301361595177e+00  1.466301361595177e+00  1.466301361595177e+00  1.466301361595177e+00  0
-7.439621562080298e-10  1.345492836283110e+00  1.345492836283110e+00  1.345492836283110e+00  1.345492836283110e+00  0
-6.788234608738959e-10  1.319490705790237e+00  1.319490705790237e+00  1.319490705790237e+00  1.319490705790237e+00  0
-6.193880793366086e-10  1.189865295382083e+00  1.189865295382083e+00  1.189865295382083e+00  1.189865295382083e+00  0
-5.651566496102019e-10  1.108988617433211e+00  1.108988617433211e+00  1.108988617433211e+00  1.108988617433211e+00  0
-5.156735320781795e-10  1.106852350039254e+00  1.106852350039254e+00  1.106852350039254e+00  1.106852350039254e+00  0
-4.705229813174702e-10  1.182829545871513e+00  1.182829545871513e+00  1.182829545871513e+00  1.182829545871513e+00  0
-4.293256531039410e-10  1.296534503463414e+00  1.296534503463414e+00  1.296534503463414e+00  1.296534503463414e+00  0
-3.917354172521515e-10  1.421480884833145e+00  1.421480884833145e+00  1.421480884833145e+00  1.421480884833145e+00  0
-3.574364495115900e-10  1.491477077761304e+00  1.491477077761304e+00  1.491477077761304e+00  1.491477077761304e+00  0
-3.261405780861898e-10  1.470131961113507e+00  1.470131961113507e+00  1.470131961113507e+00  1.470131961113507e+00  0
-2.975848624832120e-10  1.349121556157536e+00  1.349121556157536e+00  1.349121556157536e+00  1.349121556157536e+00  0
-2.715293843495584e-10  1.321835632205987e+00  1.321835632205987e+00  1.321835632205987e+00  1.321835632205987e+00  0
-2.477552317346435e-10  1.191593220284153e+00  1.191593220284153e+00  1.191593220284153e+00  1.191593220284153e+00  0
-2.260626598440808e-10  1.110275566991270e+00  1.110275566991270e+00  1.110275566991270e+00  1.110275566991270e+00  0
-2.062694128312718e-10  1.108077867899628e+00  1.108077867899628e+00  1.108077867899628e+00  1.108077867899628e+00  0
-1.882091925269881e-10  1.184439532612903e+00  1.184439532612903e+00  1.184439532612903e+00  1.184439532612903e+00  0
1.882091925269881e-10  1.184439357695633e+00  1.184439357695633e+00  1.184439357695633e+00  1.184439357695633e+00  0
2.062694128312718e-10  1.108077724506073e+00  1.108077724506073e+00  1.108077724506073e+00  1.108077724506073e+00  0
2.260626598440808e-10  1.110275443922137e+00  1.110275443922137e+00  1.110275443922137e+00  1.110275443922137e+00  0
2.477552317346435e-10  1.191593106506771e+00  1.191593106506771e+00  1.191593106506771e+00  1.191593106506771e+00  0
2.715293843495584e-10  1.321835520259833e+00  1.321835520259833e+00  1.321835520259833e+00  1.321835520259833e+00  0
2.975848624832120e-10  1.349121275481534e+00  1.349121275481534e+00  1.349121275481534e+00  1.349121275481534e+00  0
3.261405780861898e-10  1.470131669911242e+00  1.470131669911242e+00  1.470131669911242e+00  1.470131669911242e+00  0
3.574364495115900e-10  1.491476797327919e+00  1.491476797327919e+00  1.491476797327919e+00  1.491476797327919e+00  0
3.917354172521515e-10  1.421480632883762e+00  1.421480632883762e+00  1.421480632883762e+00  1.421480632883762e+00  0
4.293256531039410e-10  1.296534289926762e+00  1.296534289926762e+00  1.296534289926762e+00  1.296534289926762e+00  0
4.705229813174702e-10  1.182829061055665e+00  1.182829061055665e+00  1.182829061055665e+00  1.182829061055665e+00  0
5.156735320781795e-10  1.106851952798940e+00  1.106851952798940e+00  1.106851952798940e+00  1.106851952798940e+00  0
5.651566496102019e-10  1.108988276353565e+00  1.108988276353565e+00  1.108988276353565e+00  1.108988276353565e+00  0
6.193880793366086e-10  1.189864979802229e+00  1.189864979802229e+00  1.189864979802229e+00  1.189864979802229e+00  0
6.788234608738959e-10  1.319490395179189e+00  1.319490395179189e+00  1.319490395179189e+00  1.319490395179189e+00  0
7.439621562080298e-10  1.345492050720601e+00  1.345492050720601e+00  1.345492050720601e+00  1.345492050720601e+00  0
8.153514452154745e-10  1.466300548329780e+00  1.466300548329780e+00  1.466300548329780e+00  1.466300548329780e+00  0
8.935911237789750e-10  1.487916484954875e+00  1.487916484954875e+00  1.487916484954875e+00  1.487916484954875e+00  0
9.793385431303785e-10  1.418576434951439e+00  1.418576434951439e+00  1.418576434951439e+00  1.418576434951439e+00  0
1.073314132759852e-09  1.294441905486856e+00  1.294441905486856e+00  1.294441905486856e+00  1.294441905486856e+00  0
1.176307453293676e-09  1.181086822326872e+00  1.181086822326872e+00  1.181086822326872e+00  1.181086822326872e+00  0
1.289183830195449e-09  1.105519279971596e+00  1.105519279971596e+00  1.105519279971596e+00  1.105519279971596e+00  0
1.412891624025505e-09  1.107537436201869e+00  1.107537436201869e+00  1.107537436201869e+00  1.107537436201869e+00  0
1.548470198341522e-09  1.187850540089828e+00  1.187850540089828e+00  1.187850540089828e+00  1.187850540089828e+00  0
1.697058652184740e-09  1.316710741344217e+00  1.316710741344217e+00  1.316710741344217e+00  1.316710741344217e+00  0
1.859905390520075e-09  1.341154640680159e+00  1.341154640680159e+00  1.341154640680159e+00  1.341154640680159e+00  0
2.038378613038686e-09  1.461728780221854e+00  1.461728780221854e+00  1.461728780221854e+00  1.461728780221854e+00  0
2.233977809447438e-09  1.483671559017008e+00  1.483671559017008e+00  1.483671559017008e+00  1.483671559017008e+00  0
2.448346357825947e-09  1.415114387513856e+00  1.415114387513856e+00  1.415114387513856e+00  1.415114387513856e+00  0
2.683285331899631e-09  1.291946012873713e+00  1.291946012873713e+00  1.291946012873713e+00  1.291946012873713e+00  0
2.940768633234189e-09  1.179038640762466e+00  1.179038640762466e+00  1.179038640762466e+00  1.179038640762466e+00  0
3.222959575488621e-09  1.103951187719587e+00  1.103951187719587e+00  1.103951187719587e+00  1.103951187719587e+00  0
3.532229060063762e-09  1.105817578003447e+00  1.105817578003447e+00  1.105817578003447e+00  1.105817578003447e+00  0
3.871175495853804e-09  1.185449655522939e+00  1.185449655522939e+00  1.185449655522939e+00  1.185449655522939e+00  0
4.242646630461849e-09  1.313393268809127e+00  1.313393268809127e+00  1.313393268809127e+00  1.313393268809127e+00  0
4.649763476300187e-09  1.335911915340850e+00  1.335911915340850e+00  1.335911915340850e+00  1.335911915340850e+00  0
5.095946532596716e-09  1.456222650993249e+00  1.456222650993249e+00  1.456222650993249e+00  1.456222650993249e+00  0
5.584944523618594e-09  1.478575301904928e+00  1.478575301904928e+00  1.478575301904928e+00  1.478575301904928e+00  0
6.120865894564868e-09  1.410970164712193e+00  1.410970164712193e+00  1.410970164712193e+00  1.410970164712193e+00  0
6.708213329749079e-09  1.288966203058281e+00  1.288966203058281e+00  1.288966203058281e+00  1.288966203058281e+00  0
7.351921583085473e-09  1.176584321131161e+00  1.176584321131161e+00  1.176584321131161e+00  1.176584321131161e+00  0
8.057398938721554e-09  1.102068757596560e+00  1.102068757596560e+00  1.102068757596560e+00  1.102068757596560e+00  0
8.830572650159406e-09  1.103741152808384e+00  1.103741152808384e+00  1.103741152808384e+00  1.103741152808384e+00  0
9.677938739634512e-09  1.182544745037469e+00  1.182544745037469e+00  1.182544745037469e+00  1.182544745037469e+00  0
1.060661657615463e-08  1.309384591083627e+00  1.309384591083627e+00  1.309384591083627e+00  1.309384591083627e+00  0
1.162440869075047e-08  1.329485846384973e+00  1.329485846384973e+00  1.329485846384973e+00  1.329485846384973e+00  0
1.273986633149179e-08  1.449506757311250e+00  1.449506757311250e+00  1.449506757311250e+00  1.449506757311250e+00  0
1.396236130904649e-08  1.472386869958836e+00  1.472386869958836e+00  1.472386869958836e+00  1.472386869958836e+00  0
1.530216473641217e-08  1.405958775927807e+00  1.405958775927807e+00  1.405958775927807e+00  1.405958775927807e+00  0
1.677053332437270e-08  1.285376347719997e+00  1.285376347719997e+00  1.285376347719997e+00  1.285376347719997e+00  0
1.837980395771368e-08  1.173599827043081e+00  1.173599827043081e+00  1.173599827043081e+00  1.173599827043081e+00  0
2.014349734680389e-08  1.099773557753869e+00  1.099773557753869e+00  1.099773557753869e+00  1.099773557753869e+00  0
2.207643162539852e-08  1.101193337295572e+00  1.101193337295572e+00  1.101193337295572e+00  1.101193337295572e+00  0
2.419484684908628e-08  1.178974895256734e+00  1.178974895256734e+00  1.178974895256734e+00  1.178974895256734e+00  0
2.651654144038656e-08  1.304470073405731e+00  1.304470073405731e+00  1.304470073405731e+00  1.304470073405731e+00  0
2.906102172687617e-08  1.321467640842818e+00  1.321467640842818e+00  1.321467640842818e+00  1.321467640842818e+00  0
3.184966582872947e-08  1.441178271918291e+00  1.441178271918291e+00  1.441178271918291e+00  1.441178271918291e+00  0
3.490590327261621e-08  1.464754910859800e+00  1.464754910859800e+00  1.464754910859800e+00  1.464754910859800e+00  0
3.825541184103042e-08  1.399810238096821e+00  1.399810238096821e+00  1.399810238096821e+00  1.399810238096821e+00  0
4.192633331093174e-08  1.280991653688304e+00  1.280991653688304e+00  1.280991653688304e+00  1.280991653688304e+00  0
4.594950989428420e-08  1.169877011899006e+00  1.169877011899006e+00  1.169877011899006e+00  1.169877011899006e+00  0
5.035874336700971e-08  1.096900041227641e+00  1.096900041227641e+00  1.096900041227641e+00  1.096900041227641e+00  0
5.519107906349629e-08  1.097989299551672e+00  1.097989299551672e+00  1.097989299551672e+00  1.097989299551672e+00  0
6.048711712271569e-08  1.174492468601747e+00  1.174492468601747e+00  1.174492468601747e+00  1.174492468601747e+00  0
6.629135360096640e-08  1.298328089345589e+00  1.298328089345589e+00  1.298328089345589e+00  1.298328089345589e+00  0
7.265255431719042e-08  1.311163558438720e+00  1.311163558438720e+00  1.311163558438720e+00  1.311163558438720e+00  0
7.962416457182368e-08  1.430572950994855e+00  1.430572950994855e+00  1.430572950994855e+00  1.430572950994855e+00  0
8.726475818154052e-08  1.455106326663684e+00  1.455106326663684e+00  1.455106326663684e+00  1.455106326663684e+00  0
9.563852960257603e-08  1.392082913065514e+00  1.392082913065514e+00  1.392082913065514e+00  1.392082913065514e+00  0
1.048158332773293e-07  1.275504968646694e+00  1.275504968646694e+00  1.275504968646694e+00  1.275504968646694e+00  0
1.148737747357105e-07  1.164942418165948e+00  1.164942418165948e+00  1.164942418165948e+00  1.164942418165948e+00  0
1.258968584175243e-07  1.093057838019506e+00  1.093057838019506e+00  1.093057838019506e+00  1.093057838019506e+00  0
1.379776976587407e-07  1.093732571099332e+00  1.093732571099332e+00  1.093732571099332e+00  1.093732571099332e+00  0
1.512177928067893e-07  1.168629405356310e+00  1.168629405356310e+00  1.168629405356310e+00  1.168629405356310e+00  0
1.657283840024160e-07  1.290399628991385e+00  1.290399628991385e+00  1.290399628991385e+00  1.290399628991385e+00  0
1.816313857929761e-07  1.297545477731062e+00  1.297545477731062e+00  1.297545477731062e+00  1.297545477731062e+00  0
1.990604114295592e-07  1.416621089749380e+00  1.416621089749380e+00  1.416621089749380e+00  1.416621089749380e+00  0
2.181618954538513e-07  1.442452174863888e+00  1.442452174863888e+00  1.442452174863888e+00  1.442452174863888e+00  0
2.390963240064401e-07  1.381954143525542e+00  1.381954143525542e+00  1.381954143525542e+00  1.381954143525542e+00  0
2.620395831933234e-07  1.268285052048938e+00  1.268285052048938e+00  1.268285052048938e+00  1.268285052048938e+00  0
2.871844368392763e-07  1.158688069594329e+00  1.158688069594329e+00  1.158688069594329e+00  1.158688069594329e+00  0
3.147421460438107e-07  1.088125687453136e+00  1.088125687453136e+00  1.088125687453136e+00  1.088125687453136e+00  0
3.449442441468518e-07  1.088145552718749e+00  1.088145552718749e+00  1.088145552718749e+00  1.088145552718749e+00  0
3.780444820169731e-07  1.160863211209745e+00  1.160863211209745e+00  1.160863211209745e+00  1.160863211209745e+00  0
4.143209600060400e-07  1.279908641477824e+00  1.279908641477824e+00  1.279908641477824e+00  1.279908641477824e+00  0
4.540784644824401e-07  1.327980112843010e+00  1.327980112843010e+00  1.327980112843010e+00  1.327980112843010e+00  0
4.976510285738981e-07  1.423075506837024e+00  1.423075506837024e+00  1.423075506837024e+00  1.423075506837024e+00  0
5.454047386346284e-07  1.437684834147239e+00  1.437684834147239e+00  1.437684834147239e+00  1.437684834147239e+00  0
5.977408100161003e-07  1.374005223356312e+00  1.374005223356312e+00  1.374005223356312e+00  1.374005223356312e+00  0
6.550989579833085e-07  1.261123267713092e+00  1.261123267713092e+00  1.261123267713092e+00  1.261123267713092e+00  0
7.179610920981906e-07  1.150481525964397e+00  1.150481525964397e+00  1.150481525964397e+00  1.150481525964397e+00  0
7.868553651095268e-07  1.081631802410894e+00  1.081631802410894e+00  1.081631802410894e+00  1.081631802410894e+00  0
8.623606103671294e-07  1.080713309543110e+00  1.080713309543110e+00  1.080713309543110e+00  1.080713309543110e+00  0
9.451112050424327e-07  1.150509015080459e+00  1.150509015080459e+00  1.150509015080459e+00  1.150509015080459e+00  0
1.035802400015100e-06  1.265987241257188e+00  1.265987241257188e+00  1.265987241257188e+00  1.265987241257188e+00  0
1.135196161206100e-06  1.305349887378833e+00  1.305349887378833e+00  1.305349887378833e+00  1.305349887378833e+00  0
1.244127571434745e-06  1.399437669510923e+00  1.399437669510923e+00  1.399437669510923e+00  1.399437669510923e+00  0
1.363511846586571e-06  1.416205272982918e+00  1.416205272982918e+00  1.416205272982918e+00  1.416205272982918e+00  0
1.494352025040251e-06  1.356944316134782e+00  1.356944316134782e+00  1.356944316134782e+00  1.356944316134782e+00  0
1.637747394958271e-06  1.249096637783972e+00  1.249096637783972e+00  1.249096637783972e+00  1.249096637783972e+00  0
1.794902730245474e-06  1.138459446922046e+00  1.138459446922046e+00  1.138459446922046e+00  1.138459446922046e+00  0
1.967138412773814e-06  1.072143363004803e+00  1.072143363004803e+00  1.072143363004803e+00  1.072143363004803e+00  0
2.155901525917820e-06  1.070028680816494e+00  1.070028680816494e+00  1.070028680816494e+00  1.070028680816494e+00  0
2.362778012606078e-06  1.135906671894823e+00  1.135906671894823e+00  1.135906671894823e+00  1.135906671894823e+00  0
2.589506000037746e-06  1.246647488418752e+00  1.246647488418752e+00  1.246647488418752e+00  1.246647488418752e+00  0
2.837990403015247e-06  1.296325764987976e+00  1.296325764987976e+00  1.296325764987976e+00  1.296325764987976e+00  0
3.110318928586858e-06  1.377387439273148e+00  1.377387439273148e+00  1.377387439273148e+00  1.377387439273148e+00  0
3.408779616466422e-06  1.390881612531572e+00  1.390881612531572e+00  1.390881612531572e+00  1.390881612531572e+00  0
3.735880062600621e-06  1.334763979040110e+00  1.334763979040110e+00  1.334763979040110e+00  1.334763979040110e+00  0
4.094368487395672e-06  1.232649424819015e+00  1.232649424819015e+00  1.232649424819015e+00  1.232649424819015e+00  0
4.487256825613684e-06  1.118088449767973e+00  1.118088449767973e+00  1.118088449767973e+00  1.118088449767973e+00  0
4.917846031934535e-06  1.056004787835019e+00  1.056004787835019e+00  1.056004787835019e+00  1.056004787835019e+00  0
5.389753814794551e-06  1.052525153249908e+00  1.052525153249908e+00  1.052525153249908e+00  1.052525153249908e+00  0
5.906945031515196e-06  1.113020653008769e+00  1.113020653008769e+00  1.113020653008769e+00  1.113020653008769e+00  0
6.473765000094365e-06  1.217216920523692e+00  1.217216920523692e+00  1.217216920523692e+00  1.217216920523692e+00  0
7.094976007538116e-06  1.241910246659233e+00  1.241910246659233e+00  1.241910246659233e+00  1.241910246659233e+00  0
7.775797321467145e-06  1.321566008862463e+00  1.321566008862463e+00  1.321566008862463e+00  1.321566008862463e+00  0
8.521949041166055e-06  1.340489486190147e+00  1.340489486190147e+00  1.340489486190147e+00  1.340489486190147e+00  0
9.339700156501553e-06  1.294579182327356e+00  1.294579182327356e+00  1.294579182327356e+00  1.294579182327356e+00  0
1.023592121848918e-05  1.203822794463944e+00  1.203822794463944e+00  1.203822794463944e+00  1.203822794463944e+00  0
1.121814206403421e-05  1.077186669432994e+00  1.077186669432994e+00  1.077186669432994e+00  1.077186669432994e+00  0
1.229461507983634e-05  1.023713509790555e+00  1.023713509790555e+00  1.023713509790555e+00  1.023713509790555e+00  0
1.347438453698638e-05  1.019747719601781e+00  1.019747719601781e+00  1.019747719601781e+00  1.019747719601781e+00  0
1.476736257878799e-05  1.073144580830928e+00  1.073144580830928e+00  1.073144580830928e+00  1.073144580830928e+00  0
1.618441250023591e-05  1.168147412014246e+00  1.168147412014246e+00  1.168147412014246e+00  1.168147412014246e+00  0
1.773744001884529e-05  1.145599490252528e+00  1.145599490252528e+00  1.145599490252528e+00  1.145599490252528e+00  0
1.943949330366786e-05  1.222759081133341e+00  1.222759081133341e+00  1.222759081133341e+00  1.222759081133341e+00  0
2.130487260291513e-05  1.250275087195649e+00  1.250275087195649e+00  1.250275087195649e+00  1.250275087195649e+00  0
2.334925039125388e-05  1.221013745849326e+00  1.221013745849326e+00  1.221013745849326e+00  1.221013745849326e+00  0
2.558980304622295e-05  1.149221628423857e+00  1.149221628423857e+00  1.149221628423857e+00  1.149221628423857e+00  0
2.804535516008553e-05  9.939076677107358e-01  9.939076677107358e-01  9.939076677107358e-01  9.939076677107358e-01  0
3.073653769959084e-05  9.568287127132504e-01  9.568287127132504e-01  9.568287127132504e-01  9.568287127132504e-01  0
3.368596134246595e-05  9.549943427817474e-01  9.549943427817474e-01  9.549943427817474e-01  9.549943427817474e-01  0
3.691840644696997e-05  9.991493544723598e-01  9.991493544723598e-01  9.991493544723598e-01  9.991493544723598e-01  0
4.046103125058979e-05  1.080433615122866e+00  1.080433615122866e+00  1.080433615122866e+00  1.080433615122866e+00  0
4.434360004711322e-05  9.958141208332471e-01  9.958141208332471e-01  9.958141208332471e-01  9.958141208332471e-01  0
4.859873325916965e-05  1.059258537375145e+00  1.059258537375145e+00  1.059258537375145e+00  1.059258537375145e+00  0
5.326218150728784e-05  1.092127904728842e+00  1.092127904728842e+00  1.092127904728842e+00  1.092127904728842e+00  0
5.837312597813469e-05  1.084422793848755e+00  1.084422793848755e+00  1.084422793848755e+00  1.084422793848755e+00  0
6.397450761555736e-05  1.041755406377217e+00  1.041755406377217e+00  1.041755406377217e+00  1.041755406377217e+00  0
7.011338790021382e-05  8.984937479354551e-01  8.984937479354551e-01  8.984937479354551e-01  8.984937479354551e-01  0
7.684134424897711e-05  8.786017640654809e-01  8.786017640654809e-01  8.786017640654809e-01  8.786017640654809e-01  0
8.421490335616486e-05  8.757579746712175e-01  8.757579746712175e-01  8.757579746712175e-01  8.757579746712175e-01  0
9.229601611742493e-05  9.010076864700585e-01  9.010076864700585e-01  9.010076864700585e-01  9.010076864700585e-01  0
1.011525781264745e-04  9.538164149337571e-01  9.538164149337571e-01  9.538164149337571e-01  9.538164149337571e-01  0
1.108590001177830e-04  9.685669188985788e-01  9.685669188985788e-01  9.685669188985788e-01  9.685669188985788e-01  0
1.214968331479241e-04  9.819500065610047e-01  9.819500065610047e-01  9.819500065610047e-01  9.819500065610047e-01  0
1.331554537682196e-04  9.837417658634509e-01  9.837417658634509e-01  9.837417658634509e-01  9.837417658634509e-01  0
1.459328149453367e-04  9.695128370913130e-01  9.695128370913130e-01  9.695128370913130e-01  9.695128370913130e-01  0
1.599362690388934e-04  9.398426467017535e-01  9.398426467017535e-01  9.398426467017535e-01  9.398426467017535e-01  0
1.752834697505346e-04  9.840248276482421e-01  9.840248276482421e-01  9.840248276482421e-01  9.840248276482421e-01  0
1.921033606224428e-04  9.877795587272984e-01  9.877795587272984e-01  9.877795587272984e-01  9.877795587272984e-01  0
2.105372583904122e-04  9.865208471434108e-01  9.865208471434108e-01  9.865208471434108e-01  9.865208471434108e-01  0
2.307400402935623e-04  9.859263589187870e-01  9.859263589187870e-01  9.859263589187870e-01  9.859263589187870e-01  0
2.528814453161862e-04  9.896776616739519e-01  9.896776616739519e-01  9.896776616739519e-01  9.896776616739519e-01  0
2.771475002944577e-04  9.912479755892759e-01  9.912479755892759e-01  9.912479755892759e-01  9.912479755892759e-01  0
3.037420828698103e-04  1.004127082239343e+00  1.004127082239343e+00  1.004127082239343e+00  1.004127082239343e+00  0
3.328886344205490e-04  1.009529575497078e+00  1.009529575497078e+00  1.009529575497078e+00  1.009529575497078e+00  0
3.648320373633419e-04  1.009700614494948e+00  1.009700614494948e+00  1.009700614494948e+00  1.009700614494948e+00  0
3.998406725972335e-04  1.005762294347987e+00  1.005762294347987e+00  1.005762294347987e+00  1.005762294347987e+00  0
4.382086743763364e-04  8.285995929157390e-01  8.285995929157390e-01  8.285995929157390e-01  8.285995929157390e-01  0
4.802584015561070e-04  9.055135810381235e-01  9.055135810381235e-01  9.055135810381235e-01  9.055135810381235e-01  0
5.263431459760304e-04  9.613228003172828e-01  9.613228003172828e-01  9.613228003172828e-01  9.613228003172828e-01  0
5.768501007339059e-04  9.973655165484427e-01  9.973655165484427e-01  9.973655165484427e-01  9.973655165484427e-01  0
6.322036132904654e-04  1.017316956806815e+00  1.017316956806815e+00  1.017316956806815e+00  1.017316956806815e+00  0
6.928687507361442e-04  8.058883225568556e-01  8.058883225568556e-01  8.058883225568556e-01  8.058883225568556e-01  0
7.593552071745259e-04  8.125728812001617e-01  8.125728812001617e-01  8.125728812001617e-01  8.125728812001617e-01  0
8.322215860513725e-04  8.227193026348267e-01  8.227193026348267e-01  8.227193026348267e-01  8.227193026348267e-01  0
9.120800934083548e-04  8.421503226484235e-01  8.421503226484235e-01  8.421503226484235e-01  8.421503226484235e-01  0
9.996016814930839e-04  8.720542698826370e-01  8.720542698826370e-01  8.720542698826370e-01  8.720542698826370e-01  0
1.095521685940841e-03  6.551594437527014e-01  6.551594437527014e-01  6.551594437527014e-01  6.551594437527014e-01  0
1.200646003890267e-03  7.339384410005649e-01  7.339384410005649e-01  7.339384410005649e-01  7.339384410005649e-01  0
1.315857864940076e-03  7.906009596152941e-01  7.906009596152941e-01  7.906009596152941e-01  7.906009596152941e-01  0
1.442125251834764e-03  8.235213461693287e-01  8.235213461693287e-01  8.235213461693287e-01  8.235213461693287e-01  0
1.580509033226163e-03  8.360253301122800e-01  8.360253301122800e-01  8.360253301122800e-01  8.360253301122800e-01  0
1.732171876840360e-03  6.576361250313807e-01  6.576361250313807e-01  6.576361250313807e-01  6.576361250313807e-01  0
1.898388017936315e-03  6.402331116535411e-01  6.402331116535411e-01  6.402331116535411e-01  6.402331116535411e-01  0
2.080553965128431e-03  6.344607191794144e-01  6.344607191794144e-01  6.344607191794144e-01  6.344607191794144e-01  0
2.280200233520887e-03  6.477446870125584e-01  6.477446870125584e-01  6.477446870125584e-01  6.477446870125584e-01  0
2.499004203732710e-03  6.802985381846368e-01  6.802985381846368e-01  6.802985381846368e-01  6.802985381846368e-01  0
2.738804214852102e-03  1.174581351033584e+00  1.174581351033584e+00  1.174581351033584e+00  1.174581351033584e+00  0
3.001615009725668e-03  1.171529130466828e+00  1.171529130466828e+00  1.171529130466828e+00  1.171529130466828e+00  0
3.289644662350189e-03  1.118862593398053e+00  1.118862593398053e+00  1.118862593398053e+00  1.118862593398053e+00  0
3.605313129586911e-03  1.030118549303888e+00  1.030118549303888e+00  1.030118549303888e+00  1.030118549303888e+00  0
3.951272583065408e-03  9.241568124029685e-01  9.241568124029685e-01  9.241568124029685e-01  9.241568124029685e-01  0
4.330429692100900e-03  1.172985454660922e+00  1.172985454660922e+00  1.172985454660922e+00  1.172985454660922e+00  0
4.745970044840786e-03  1.217369768300196e+00  1.217369768300196e+00  1.217369768300196e+00  1.217369768300196e+00  0
5.201384912821078e-03  1.245478775364771e+00  1.245478775364771e+00  1.245478775364771e+00  1.245478775364771e+00  0
5.700500583802216e-03  1.262068353961230e+00  1.262068353961230e+00  1.262068353961230e+00  1.262068353961230e+00  0
6.247510509331773e-03  1.268001646227591e+00  1.268001646227591e+00  1.268001646227591e+00  1.268001646227591e+00  0
6.847010537130255e-03  9.042596461238427e-01  9.042596461238427e-01  9.042596461238427e-01  9.042596461238427e-01  0
7.504037524314169e-03  1.000980860668595e+00  1.000980860668595e+00  1.000980860668595e+00  1.000980860668595e+00  0
8.224111655875473e-03  1.080443305744434e+00  1.080443305744434e+00  1.080443305744434e+00  1.080443305744434e+00  0
9.013282823967277e-03  1.140790802808392e+00  1.140790802808392e+00  1.140790802808392e+00  1.140790802808392e+00  0
9.878181457663520e-03  1.184912555326847e+00  1.184912555326847e+00  1.184912555326847e+00  1.184912555326847e+00  0
1.082607423025225e-02  6.607466249939797e-01  6.607466249939797e-01  6.607466249939797e-01  6.607466249939797e-01  0
1.186492511210197e-02  7.156399133931285e-01  7.156399133931285e-01  7.156399133931285e-01  7.156399133931285e-01  0
1.300346228205270e-02  7.723721421996471e-01  7.723721421996471e-01  7.723721421996471e-01  7.723721421996471e-01  0
1.425125145950554e-02  8.380415900528690e-01  8.380415900528690e-01  8.380415900528690e-01  8.380415900528690e-01  0
1.561877627332943e-02  9.168983943354588e-01  9.168983943354588e-01  9.168983943354588e-01  9.168983943354588e-01  0
1.711752634282564e-02  6.890375146489979e-01  6.890375146489979e-01  6.890375146489979e-01  6.890375146489979e-01  0
1.876009381078543e-02  7.559035779248980e-01  7.559035779248980e-01  7.559035779248980e-01  7.559035779248980e-01  0
2.056027913968868e-02  7.988037932246224e-01  7.988037932246224e-01  7.988037932246224e-01  7.988037932246224e-01  0
2.253320705991819e-02  8.205201217625550e-01  8.205201217625550e-01  8.205201217625550e-01  8.205201217625550e-01  0
2.469545364415880e-02  8.273469724459883e-01  8.273469724459883e-01  8.273469724459883e-01  8.273469724459883e-01  0
2.706518557563063e-02  5.915574308540965e-01  5.915574308540965e-01  5.915574308540965e-01  5.915574308540965e-01  0
2.966231278025492e-02  5.985910667004171e-01  5.985910667004171e-01  5.985910667004171e-01  5.985910667004171e-01  0
3.250865570513174e-02  6.187796774777643e-01  6.187796774777643e-01  6.187796774777643e-01  6.187796774777643e-01  0
3.562812864876386e-02  6.541956729688714e-01  6.541956729688714e-01  6.541956729688714e-01  6.541956729688714e-01  0
3.904694068332359e-02  6.996254689579154e-01  6.996254689579154e-01  6.996254689579154e-01  6.996254689579154e-01  0
4.279381585706410e-02  6.214232200426322e-01  6.214232200426322e-01  6.214232200426322e-01  6.214232200426322e-01  0
4.690023452696356e-02  6.959428143207671e-01  6.959428143207671e-01  6.959428143207671e-01  6.959428143207671e-01  0
5.140069784922172e-02  7.365661314703567e-01  7.365661314703567e-01  7.365661314703567e-01  7.365661314703567e-01  0
5.633301764979549e-02  7.436225975983138e-01  7.436225975983138e-01  7.436225975983138e-01  7.436225975983138e-01  0
6.173863411039700e-02  7.269109849218207e-01  7.269109849218207e-01  7.269109849218207e-01  7.269109849218207e-01  0
6.766296393907657e-02  9.541956295212372e-01  9.541956295212372e-01  9.541956295212372e-01  9.541956295212372e-01  0
7.415578195063728e-02  8.870996002167354e-01  8.870996002167354e-01  8.870996002167354e-01  8.870996002167354e-01  0
8.127163926282933e-02  8.235001919395366e-01  8.235001919395366e-01  8.235001919395366e-01  8.235001919395366e-01  0
8.907032162190963e-02  7.823479485795686e-01  7.823479485795686e-01  7.823479485795686e-01  7.823479485795686e-01  0
9.761735170830896e-02  7.692003517530740e-01  7.692003517530740e-01  7.692003517530740e-01  7.692003517530740e-01  0
1.069845396426603e-01  1.635803160688312e+00  1.635803160688312e+00  1.635803160688312e+00  1.635803160688312e+00  0
1.172505863174090e-01  1.669409308577540e+00  1.669409308577540e+00  1.669409308577540e+00  1.669409308577540e+00  0
1.285017446230543e-01  1.641534680592299e+00  1.641534680592299e+00  1.641534680592299e+00  1.641534680592299e+00  0
1.408325441244888e-01  1.554548359156614e+00  1.554548359156614e+00  1.554548359156614e+00  1.554548359156614e+00  0
1.543465852759926e-01  1.419951202686156e+00  1.419951202686156e+00  1.419951202686156e+00  1.419951202686156e+00  0
1.691574098476915e-01  1.570844710493547e+00  1.570844710493547e+00  1.570844710493547e+00  1.570844710493547e+00  0
1.853894548765933e-01  1.889409315747964e+00  1.889409315747964e+00  1.889409315747964e+00  1.889409315747964e+00  0
2.031790981570734e-01  2.137544719322196e+00  2.137544719322196e+00  2.137544719322196e+00  2.137544719322196e+00  0
2.226758040547742e-01  2.288754509458844e+00  2.288754509458844e+00  2.288754509458844e+00  2.288754509458844e+00  0
2.440433792707725e-01  2.336376054645243e+00  2.336376054645243e+00  2.336376054645243e+00  2.336376054645243e+00  0
2.674613491066507e-01  2.261128387241834e-01  2.261128387241834e-01  2.261128387241834e-01  2.261128387241834e-01  0
2.931264657935224e-01  3.829129065113603e-01  3.829129065113603e-01  3.829129065113603e-01  3.829129065113603e-01  0
3.212543615576358e-01  6.051792286778992e-01  6.051792286778992e-01  6.051792286778992e-01  6.051792286778992e-01  0
3.520813603112219e-01  8.912294706320274e-01  8.912294706320274e-01  8.912294706320274e-01  8.912294706320274e-01  0
3.858664631899814e-01  1.223362099735220e+00  1.223362099735220e+00  1.223362099735220e+00  1.223362099735220e+00  0
4.228935246192288e-01  5.582379997426441e-02  5.582379997426441e-02  5.582379997426441e-02  5.582379997426441e-02  0
4.634736371914833e-01  7.336894736194349e-02  7.336894736194349e-02  7.336894736194349e-02  7.336894736194349e-02  0
5.079477453926836e-01  9.580119282615109e-02  9.580119282615109e-02  9.580119282615109e-02  9.580119282615109e-02  0
5.566895101369356e-01  1.290733888968862e-01  1.290733888968862e-01  1.290733888968862e-01  1.290733888968862e-01  0
6.101084481769313e-01  1.841295819702921e-01  1.841295819702921e-01  1.841295819702921e-01  1.841295819702921e-01  0
6.686533727666268e-01  6.238808810580768e-03  6.238808810580768e-03  6.238808810580768e-03  6.238808810580768e-03  0
7.328161644838059e-01  1.113214017848623e-02  1.113214017848623e-02  1.113214017848623e-02  1.113214017848623e-02  0
8.031359038940896e-01  1.844382450503691e-02  1.844382450503691e-02  1.844382450503691e-02  1.844382450503691e-02  0
8.802034007780548e-01  2.841967281847238e-02  2.841967281847238e-02  2.841967281847238e-02  2.841967281847238e-02  0
9.646661579749536e-01  4.090042670895990e-02  4.090042670895990e-02  4.090042670895990e-02  4.090042670895990e-02  0
1.057233811548072e+00  1.133432196711836e-04  1.133432196711836e-04  1.133432196711836e-04  1.133432196711836e-04  0
1.158684092978708e+00  2.532743632552761e-04  2.532743632552761e-04  2.532743632552761e-04  2.532743632552761e-04  0
1.269869363481709e+00  5.735517268517028e-04  5.735517268517028e-04  5.735517268517028e-04  5.735517268517028e-04  0
1.391723775342339e+00  1.283944942750159e-03  1.283944942750159e-03  1.283944942750159e-03  1.283944942750159e-03  0
1.525271120442328e+00  2.775391130689520e-03  2.775391130689520e-03  2.775391130689520e-03  2.775391130689520e-03  0
