-3.174673408704273e+00  6.991594884398513e-06  6.991594884398513e-06  6.991594884398513e-06  6.991594884398513e-06  0
-2.896710232446770e+00  3.215374306734001e-06  3.215374306734001e-06  3.215374306734001e-06  3.215374306734001e-06  0
-2.643084528870180e+00  1.410325001268574e-06  1.410325001268574e-06  1.410325001268574e-06  1.410325001268574e-06  0
-2.411665394937384e+00  5.851185164746284e-07  5.851185164746284e-07  5.851185164746284e-07  5.851185164746284e-07  0
-2.200508501945137e+00  2.285365207793775e-07  2.285365207793775e-07  2.285365207793775e-07  2.285365207793775e-07  0
-2.007839759735224e+00  4.377536356175079e-04  4.377536356175079e-04  4.377536356175079e-04  4.377536356175079e-04  0
-1.832040411209515e+00  1.855673362294275e-04  1.855673362294275e-04  1.855673362294275e-04  1.855673362294275e-04  0
-1.671633431916567e+00  7.291474983620901e-05  7.291474983620901e-05  7.291474983620901e-05  7.291474983620901e-05  0
-1.525271120442328e+00  2.654266171396996e-05  2.654266171396996e-05  2.654266171396996e-05  2.654266171396996e-05  0
-1.391723775342338e+00  8.945163762258999e-06  8.945163762258999e-06  8.945163762258999e-06  8.945163762258999e-06  0
-1.269869363481709e+00  9.746769759109899e-03  9.746769759109899e-03  9.746769759109899e-03  9.746769759109899e-03  0
-1.158684092978708e+00  6.034886501353930e-03  6.034886501353930e-03  6.034886501353930e-03  6.034886501353930e-03  0
-1.057233811548072e+00  3.510811350050857e-03  3.510811350050857e-03  3.510811350050857e-03  3.510811350050857e-03  0
-9.646661579749535e-01  1.905916563963278e-03  1.905916563963278e-03  1.905916563963278e-03  1.905916563963278e-03  0
-8.802034007780546e-01  9.617919100334025e-04  9.617919100334025e-04  9.617919100334025e-04  9.617919100334025e-04  0
-8.031359038940895e-01  7.476650821055972e-02  7.476650821055972e-02  7.476650821055972e-02  7.476650821055972e-02  0
-7.328161644838058e-01  5.062795988960001e-02  5.062795988960001e-02  5.062795988960001e-02  5.062795988960001e-02  0
-6.686533727666267e-01  3.429671936430170e-02  3.429671936430170e-02  3.429671936430170e-02  3.429671936430170e-02  0
-6.101084481769312e-01  2.318397022269195e-02  2.318397022269195e-02  2.318397022269195e-02  2.318397022269195e-02  0
-5.566895101369354e-01  1.547584812541114e-02  1.547584812541114e-02  1.547584812541114e-02  1.547584812541114e-02  0
-5.079477453926835e-01  4.564098183883719e-01  4.564098183883719e-01  4.564098183883719e-01  4.564098183883719e-01  0
-4.634736371914831e-01  3.197573163705652e-01  3.197573163705652e-01  3.197573163705652e-01  3.197573163705652e-01  0
-4.228935246192287e-01  2.184938255931989e-01  2.184938255931989e-01  2.184938255931989e-01  2.184938255931989e-01  0
-3.858664631899814e-01  1.444724218281630e-01  1.444724218281630e-01  1.444724218281630e-01  1.444724218281630e-01  0
-3.520813603112218e-01  9.153582769838192e-02  9.153582769838192e-02  9.153582769838192e-02  9.153582769838192e-02  0
-3.212543615576358e-01  1.728048155052349e+00  1.728048155052349e+00  1.728048155052349e+00  1.728048155052349e+00  0
-2.931264657935223e-01  1.440124120702625e+00  1.440124120702625e+00  1.440124120702625e+00  1.440124120702625e+00  0
-2.674613491066506e-01  1.142196947877790e+00  1.142196947877790e+00  1.142196947877790e+00  1.142196947877790e+00  0
-2.440433792707724e-01  8.679077234496138e-01  8.679077234496138e-01  8.679077234496138e-01  8.679077234496138e-01  0
-2.226758040547741e-01  6.368742845213859e-01  6.368742845213859e-01  6.368742845213859e-01  6.368742845213859e-01  0
-2.031790981570734e-01  1.966640618568110e+00  1.966640618568110e+00  1.966640618568110e+00  1.966640618568110e+00  0
-1.853894548765933e-01  2.083452066901855e+00  2.083452066901855e+00  2.083452066901855e+00  2.083452066901855e+00  0
-1.691574098476915e-01  2.120872490869132e+00  2.120872490869132e+00  2.120872490869132e+00  2.120872490869132e+00  0
-1.543465852759926e-01  2.052285001610147e+00  2.052285001610147e+00  2.052285001610147e+00  2.052285001610147e+00  0
-1.408325441244888e-01  1.871413327744757e+00  1.871413327744757e+00  1.871413327744757e+00  1.871413327744757e+00  0
-1.285017446230544e-01  9.547637619082898e-01  9.547637619082898e-01  9.547637619082898e-01  9.547637619082898e-01  0
-1.172505863174090e-01  9.942121324525471e-01  9.942121324525471e-01  9.942121324525471e-01  9.942121324525471e-01  0
-1.069845396426603e-01  9.908573504831808e-01  9.908573504831808e-01  9.908573504831808e-01  9.908573504831808e-01  0
-9.761735170830904e-02  9.357028524012871e-01  9.357028524012871e-01  9.357028524012871e-01  9.357028524012871e-01  0
-8.907032162190970e-02  8.327282840297809e-01  8.327282840297809e-01  8.327282840297809e-01  8.327282840297809e-01  0
-8.127163926282940e-02  6.917956204678471e-01  6.917956204678471e-01  6.917956204678471e-01  6.917956204678471e-01  0
-7.415578195063734e-02  6.801453205324662e-01  6.801453205324662e-01  6.801453205324662e-01  6.801453205324662e-01  0
-6.766296393907663e-02  6.825855396650202e-01  6.825855396650202e-01  6.825855396650202e-01  6.825855396650202e-01  0
-6.173863411039705e-02  7.005723324852506e-01  7.005723324852506e-01  7.005723324852506e-01  7.005723324852506e-01  0
-5.633301764979552e-02  7.264523957408545e-01  7.264523957408545e-01  7.264523957408545e-01  7.264523957408545e-01  0
-5.140069784922175e-02  7.129680171570234e-01  7.129680171570234e-01  7.129680171570234e-01  7.129680171570234e-01  0
-4.690023452696359e-02  7.094861857424427e-01  7.094861857424427e-01  7.094861857424427e-01  7.094861857424427e-01  0
-4.279381585706413e-02  6.979612300981567e-01  6.979612300981567e-01  6.979612300981567e-01  6.979612300981567e-01  0
-3.904694068332362e-02  6.696444665198510e-01  6.696444665198510e-01  6.696444665198510e-01  6.696444665198510e-01  0
-3.562812864876388e-02  6.189192867371920e-01  6.189192867371920e-01  6.189192867371920e-01  6.189192867371920e-01  0
-3.250865570513176e-02  7.763433859006436e-01  7.763433859006436e-01  7.763433859006436e-01  7.763433859006436e-01  0
-2.966231278025493e-02  7.225198549189662e-01  7.225198549189662e-01  7.225198549189662e-01  7.225198549189662e-01  0
-2.706518557563065e-02  6.703161188007416e-01  6.703161188007416e-01  6.703161188007416e-01  6.703161188007416e-01  0
-2.469545364415882e-02  6.193822245346768e-01  6.193822245346768e-01  6.193822245346768e-01  6.193822245346768e-01  0
-2.253320705991821e-02  5.690621449817663e-01  5.690621449817663e-01  5.690621449817663e-01  5.690621449817663e-01  0
-2.056027913968870e-02  1.006288218823949e+00  1.006288218823949e+00  1.006288218823949e+00  1.006288218823949e+00  0
-1.876009381078543e-02  9.374409035126344e-01  9.374409035126344e-01  9.374409035126344e-01  9.374409035126344e-01  0
-1.711752634282565e-02  8.781477636882452e-01  8.781477636882452e-01  8.781477636882452e-01  8.781477636882452e-01  0
-1.561877627332944e-02  8.187751137847015e-01  8.187751137847015e-01  8.187751137847015e-01  8.187751137847015e-01  0
-1.425125145950555e-02  7.527800322149121e-01  7.527800322149121e-01  7.527800322149121e-01  7.527800322149121e-01  0
-1.300346228205270e-02  1.600542197971864e+00  1.600542197971864e+00  1.600542197971864e+00  1.600542197971864e+00  0
-1.186492511210197e-02  1.481283593573930e+00  1.481283593573930e+00  1.481283593573930e+00  1.481283593573930e+00  0
-1.082607423025226e-02  1.343928745125754e+00  1.343928745125754e+00  1.343928745125754e+00  1.343928745125754e+00  0
-9.878181457663527e-03  1.202477172506916e+00  1.202477172506916e+00  1.202477172506916e+00  1.202477172506916e+00  0
-9.013282823967282e-03  1.065370478005963e+00  1.065370478005963e+00  1.065370478005963e+00  1.065370478005963e+00  0
-8.224111655875480e-03  1.529614991760453e+00  1.529614991760453e+00  1.529614991760453e+00  1.529614991760453e+00  0
-7.504037524314174e-03  1.671642899287737e+00  1.671642899287737e+00  1.671642899287737e+00  1.671642899287737e+00  0
-6.847010537130260e-03  1.755586972908492e+00  1.755586972908492e+00  1.755586972908492e+00  1.755586972908492e+00  0
-6.247510509331778e-03  1.757934728489154e+00  1.757934728489154e+00  1.757934728489154e+00  1.757934728489154e+00  0
-5.700500583802221e-03  1.670609454425130e+00  1.670609454425130e+00  1.670609454425130e+00  1.670609454425130e+00  0
-5.201384912821082e-03  8.316476100935541e-01  8.316476100935541e-01  8.316476100935541e-01  8.316476100935541e-01  0
-4.745970044840789e-03  9.150100965880341e-01  9.150100965880341e-01  9.150100965880341e-01  9.150100965880341e-01  0
-4.330429692100905e-03  1.025757093121771e+00  1.025757093121771e+00  1.025757093121771e+00  1.025757093121771e+00  0
-3.951272583065412e-03  1.162623377947735e+00  1.162623377947735e+00  1.162623377947735e+00  1.162623377947735e+00  0
-3.605313129586914e-03  1.314977575841926e+00  1.314977575841926e+00  1.314977575841926e+00  1.314977575841926e+00  0
-3.289644662350192e-03  8.380912211708078e-01  8.380912211708078e-01  8.380912211708078e-01  8.380912211708078e-01  0
-3.001615009725670e-03  7.773632650260878e-01  7.773632650260878e-01  7.773632650260878e-01  7.773632650260878e-01  0
-2.738804214852104e-03  7.375376613693353e-01  7.375376613693353e-01  7.375376613693353e-01  7.375376613693353e-01  0
-2.499004203732711e-03  7.134188023864515e-01  7.134188023864515e-01  7.134188023864515e-01  7.134188023864515e-01  0
-2.280200233520888e-03  6.931408162588393e-01  6.931408162588393e-01  6.931408162588393e-01  6.931408162588393e-01  0
-2.080553965128433e-03  1.069563633118854e+00  1.069563633118854e+00  1.069563633118854e+00  1.069563633118854e+00  0
-1.898388017936316e-03  1.070606315158680e+00  1.070606315158680e+00  1.070606315158680e+00  1.070606315158680e+00  0
-1.732171876840361e-03  1.038317946618404e+00  1.038317946618404e+00  1.038317946618404e+00  1.038317946618404e+00  0
-1.580509033226164e-03  9.750500108744786e-01  9.750500108744786e-01  9.750500108744786e-01  9.750500108744786e-01  0
-1.442125251834765e-03  8.937184706557950e-01  8.937184706557950e-01  8.937184706557950e-01  8.937184706557950e-01  0
-1.315857864940077e-03  1.168960421439937e+00  1.168960421439937e+00  1.168960421439937e+00  1.168960421439937e+00  0
-1.200646003890268e-03  1.092563184551889e+00  1.092563184551889e+00  1.092563184551889e+00  1.092563184551889e+00  0
-1.095521685940842e-03  1.051170150096032e+00  1.051170150096032e+00  1.051170150096032e+00  1.051170150096032e+00  0
-9.996016814930845e-04  1.044571797337623e+00  1.044571797337623e+00  1.044571797337623e+00  1.044571797337623e+00  0
-9.120800934083554e-04  1.057274413811685e+00  1.057274413811685e+00  1.057274413811685e+00  1.057274413811685e+00  0
-8.322215860513730e-04  1.338199981758575e+00  1.338199981758575e+00  1.338199981758575e+00  1.338199981758575e+00  0
-7.593552071745262e-04  1.382449451928450e+00  1.382449451928450e+00  1.382449451928450e+00  1.382449451928450e+00  0
-6.928687507361445e-04  1.380807473676079e+00  1.380807473676079e+00  1.380807473676079e+00  1.380807473676079e+00  0
-6.322036132904656e-04  1.327921546941953e+00  1.327921546941953e+00  1.327921546941953e+00  1.327921546941953e+00  0
-5.768501007339061e-04  1.237103059554984e+00  1.237103059554984e+00  1.237103059554984e+00  1.237103059554984e+00  0
-5.263431459760307e-04  1.376727968740340e+00  1.376727968740340e+00  1.376727968740340e+00  1.376727968740340e+00  0
-4.802584015561072e-04  1.282901015011420e+00  1.282901015011420e+00  1.282901015011420e+00  1.282901015011420e+00  0
-4.382086743763367e-04  1.235254186493349e+00  1.235254186493349e+00  1.235254186493349e+00  1.235254186493349e+00  0
-3.998406725972338e-04  1.241645619432084e+00  1.241645619432084e+00  1.241645619432084e+00  1.241645619432084e+00  0
-3.648320373633421e-04  1.286988681397187e+00  1.286988681397187e+00  1.286988681397187e+00  1.286988681397187e+00  0
-3.328886344205492e-04  1.486297344547349e+00  1.486297344547349e+00  1.486297344547349e+00  1.486297344547349e+00  0
-3.037420828698105e-04  1.565895965332219e+00  1.565895965332219e+00  1.565895965332219e+00  1.565895965332219e+00  0
-2.771475002944578e-04  1.591779338171615e+00  1.591779338171615e+00  1.591779338171615e+00  1.591779338171615e+00  0
-2.528814453161863e-04  1.549670502162954e+00  1.549670502162954e+00  1.549670502162954e+00  1.549670502162954e+00  0
-2.307400402935625e-04  1.450355893072400e+00  1.450355893072400e+00  1.450355893072400e+00  1.450355893072400e+00  0
-2.105372583904123e-04  1.500585598103754e+00  1.500585598103754e+00  1.500585598103754e+00  1.500585598103754e+00  0
-1.921033606224429e-04  1.388712346679636e+00  1.388712346679636e+00  1.388712346679636e+00  1.388712346679636e+00  0
-1.752834697505346e-04  1.329494905691904e+00  1.329494905691904e+00  1.329494905691904e+00  1.329494905691904e+00  0
-1.599362690388935e-04  1.338975542931319e+00  1.338975542931319e+00  1.338975542931319e+00  1.338975542931319e+00  0
-1.459328149453368e-04  1.404844547857335e+00  1.404844547857335e+00  1.404844547857335e+00  1.404844547857335e+00  0
-1.331554537682197e-04  1.567093043617811e+00  1.567093043617811e+00  1.567093043617811e+00  1.567093043617811e+00  0
-1.214968331479242e-04  1.672921328763483e+00  1.672921328763483e+00  1.672921328763483e+00  1.672921328763483e+00  0
-1.108590001177831e-04  1.721293590512854e+00  1.721293590512854e+00  1.721293590512854e+00  1.721293590512854e+00  0
-1.011525781264745e-04  1.690451086262291e+00  1.690451086262291e+00  1.690451086262291e+00  1.690451086262291e+00  0
-9.229601611742499e-05  1.588005838028845e+00  1.588005838028845e+00  1.588005838028845e+00  1.588005838028845e+00  0
-8.421490335616491e-05  1.577262690571797e+00  1.577262690571797e+00  1.577262690571797e+00  1.577262690571797e+00  0
-7.684134424897715e-05  1.450241732010801e+00  1.450241732010801e+00  1.450241732010801e+00  1.450241732010801e+00  0
-7.011338790021387e-05  1.379365279484358e+00  1.379365279484358e+00  1.379365279484358e+00  1.379365279484358e+00  0
-6.397450761555741e-05  1.387260371294217e+00  1.387260371294217e+00  1.387260371294217e+00  1.387260371294217e+00  0
-5.837312597813474e-05  1.464712537382969e+00  1.464712537382969e+00  1.464712537382969e+00  1.464712537382969e+00  0
-5.326218150728787e-05  1.614313310844166e+00  1.614313310844166e+00  1.614313310844166e+00  1.614313310844166e+00  0
-4.859873325916968e-05  1.738304120082716e+00  1.738304120082716e+00  1.738304120082716e+00  1.738304120082716e+00  0
-4.434360004711325e-05  1.802690383277809e+00  1.802690383277809e+00  1.802690383277809e+00  1.802690383277809e+00  0
-4.046103125058980e-05  1.780004479963174e+00  1.780004479963174e+00  1.780004479963174e+00  1.780004479963174e+00  0
-3.691840644696999e-05  1.674963800359276e+00  1.674963800359276e+00  1.674963800359276e+00  1.674963800359276e+00  0
-3.368596134246597e-05  1.627422947258611e+00  1.627422947258611e+00  1.627422947258611e+00  1.627422947258611e+00  0
-3.073653769959086e-05  1.488869483469015e+00  1.488869483469015e+00  1.488869483469015e+00  1.488869483469015e+00  0
-2.804535516008555e-05  1.408539091861652e+00  1.408539091861652e+00  1.408539091861652e+00  1.408539091861652e+00  0
-2.558980304622297e-05  1.413854522808275e+00  1.413854522808275e+00  1.413854522808275e+00  1.413854522808275e+00  0
-2.334925039125390e-05  1.498086304779995e+00  1.498086304779995e+00  1.498086304779995e+00  1.498086304779995e+00  0
-2.130487260291515e-05  1.644718944410666e+00  1.644718944410666e+00  1.644718944410666e+00  1.644718944410666e+00  0
-1.943949330366787e-05  1.781312241256473e+00  1.781312241256473e+00  1.781312241256473e+00  1.781312241256473e+00  0
-1.773744001884530e-05  1.856840289905123e+00  1.856840289905123e+00  1.856840289905123e+00  1.856840289905123e+00  0
-1.618441250023592e-05  1.839712828429311e+00  1.839712828429311e+00  1.839712828429311e+00  1.839712828429311e+00  0
-1.476736257878800e-05  1.732446184932176e+00  1.732446184932176e+00  1.732446184932176e+00  1.732446184932176e+00  0
-1.347438453698639e-05  1.661866841081798e+00  1.661866841081798e+00  1.661866841081798e+00  1.661866841081798e+00  0
-1.229461507983634e-05  1.514777033249483e+00  1.514777033249483e+00  1.514777033249483e+00  1.514777033249483e+00  0
-1.121814206403422e-05  1.427342639998489e+00  1.427342639998489e+00  1.427342639998489e+00  1.427342639998489e+00  0
-1.023592121848918e-05  1.430384058563915e+00  1.430384058563915e+00  1.430384058563915e+00  1.430384058563915e+00  0
-9.339700156501558e-06  1.518950570407170e+00  1.518950570407170e+00  1.518950570407170e+00  1.518950570407170e+00  0
-8.521949041166062e-06  1.664499651361748e+00  1.664499651361748e+00  1.664499651361748e+00  1.664499651361748e+00  0
-7.775797321467150e-06  1.807964306946864e+00  1.807964306946864e+00  1.807964306946864e+00  1.807964306946864e+00  0
-7.094976007538121e-06  1.886854829803281e+00  1.886854829803281e+00  1.886854829803281e+00  1.886854829803281e+00  0
-6.473765000094370e-06  1.864698812047051e+00  1.864698812047051e+00  1.864698812047051e+00  1.864698812047051e+00  0
-5.906945031515200e-06  1.739764814756393e+00  1.739764814756393e+00  1.739764814756393e+00  1.739764814756393e+00  0
-5.389753814794554e-06  1.686441261835063e+00  1.686441261835063e+00  1.686441261835063e+00  1.686441261835063e+00  0
-4.917846031934537e-06  1.533030454162650e+00  1.533030454162650e+00  1.533030454162650e+00  1.533030454162650e+00  0
-4.487256825613687e-06  1.440376783864082e+00  1.440376783864082e+00  1.440376783864082e+00  1.440376783864082e+00  0
-4.094368487395674e-06  1.441721793984827e+00  1.441721793984827e+00  1.441721793984827e+00  1.441721793984827e+00  0
-3.735880062600623e-06  1.533344084445398e+00  1.533344084445398e+00  1.533344084445398e+00  1.533344084445398e+00  0
-3.408779616466424e-06  1.680154377457067e+00  1.680154377457067e+00  1.680154377457067e+00  1.680154377457067e+00  0
-3.110318928586860e-06  1.830161198941546e+00  1.830161198941546e+00  1.830161198941546e+00  1.830161198941546e+00  0
-2.837990403015248e-06  1.914718699613435e+00  1.914718699613435e+00  1.914718699613435e+00  1.914718699613435e+00  0
-2.589506000037748e-06  1.895207940819912e+00  1.895207940819912e+00  1.895207940819912e+00  1.895207940819912e+00  0
-2.362778012606080e-06  1.768751293072145e+00  1.768751293072145e+00  1.768751293072145e+00  1.768751293072145e+00  0
-2.155901525917819e-06  1.704903167955929e+00  1.704903167955929e+00  1.704903167955929e+00  1.704903167955929e+00  0
-1.967138412773812e-06  1.546667958441946e+00  1.546667958441946e+00  1.546667958441946e+00  1.546667958441946e+00  0
-1.794902730245472e-06  1.450077098213438e+00  1.450077098213438e+00  1.450077098213438e+00  1.450077098213438e+00  0
-1.637747394958267e-06  1.450141679644551e+00  1.450141679644551e+00  1.450141679644551e+00  1.450141679644551e+00  0
-1.494352025040247e-06  1.543997404867046e+00  1.543997404867046e+00  1.543997404867046e+00  1.543997404867046e+00  0
-1.363511846586567e-06  1.689789318789433e+00  1.689789318789433e+00  1.689789318789433e+00  1.689789318789433e+00  0
-1.244127571434742e-06  1.840847408049555e+00  1.840847408049555e+00  1.840847408049555e+00  1.840847408049555e+00  0
-1.135196161206098e-06  1.921110597800401e+00  1.921110597800401e+00  1.921110597800401e+00  1.921110597800401e+00  0
-1.035802400015097e-06  1.886514366670937e+00  1.886514366670937e+00  1.886514366670937e+00  1.886514366670937e+00  0
-9.451112050424303e-07  1.727893615438588e+00  1.727893615438588e+00  1.727893615438588e+00  1.727893615438588e+00  0
-8.623606103671273e-07  1.719086273114758e+00  1.719086273114758e+00  1.719086273114758e+00  1.719086273114758e+00  0
-7.868553651095247e-07  1.557138677628606e+00  1.557138677628606e+00  1.557138677628606e+00  1.557138677628606e+00  0
-7.179610920981888e-07  1.457587792623344e+00  1.457587792623344e+00  1.457587792623344e+00  1.457587792623344e+00  0
-6.550989579833068e-07  1.456764193851241e+00  1.456764193851241e+00  1.456764193851241e+00  1.456764193851241e+00  0
-5.977408100160987e-07  1.552403125946303e+00  1.552403125946303e+00  1.552403125946303e+00  1.552403125946303e+00  0
-5.454047386346270e-07  1.699616205859353e+00  1.699616205859353e+00  1.699616205859353e+00  1.699616205859353e+00  0
-4.976510285738967e-07  1.854623967693756e+00  1.854623967693756e+00  1.854623967693756e+00  1.854623967693756e+00  0
-4.540784644824390e-07  1.938301571101167e+00  1.938301571101167e+00  1.938301571101167e+00  1.938301571101167e+00  0
-4.143209600060390e-07  1.905438900959181e+00  1.905438900959181e+00  1.905438900959181e+00  1.905438900959181e+00  0
-3.780444820169721e-07  1.746329105450313e+00  1.746329105450313e+00  1.746329105450313e+00  1.746329105450313e+00  0
-3.449442441468510e-07  1.729891613961993e+00  1.729891613961993e+00  1.729891613961993e+00  1.729891613961993e+00  0
-3.147421460438099e-07  1.565116921546082e+00  1.565116921546082e+00  1.565116921546082e+00  1.565116921546082e+00  0
-2.871844368392756e-07  1.463372996867311e+00  1.463372996867311e+00  1.463372996867311e+00  1.463372996867311e+00  0
-2.620395831933227e-07  1.461987146883411e+00  1.461987146883411e+00  1.461987146883411e+00  1.461987146883411e+00  0
-2.390963240064395e-07  1.559118339131443e+00  1.559118339131443e+00  1.559118339131443e+00  1.559118339131443e+00  0
-2.181618954538508e-07  1.707127432883572e+00  1.707127432883572e+00  1.707127432883572e+00  1.707127432883572e+00  0
-1.990604114295587e-07  1.865199686371138e+00  1.865199686371138e+00  1.865199686371138e+00  1.865199686371138e+00  0
-1.816313857929756e-07  1.951495708507158e+00  1.951495708507158e+00  1.951495708507158e+00  1.951495708507158e+00  0
-1.657283840024156e-07  1.919926043499881e+00  1.919926043499881e+00  1.919926043499881e+00  1.919926043499881e+00  0
-1.512177928067889e-07  1.760387611933872e+00  1.760387611933872e+00  1.760387611933872e+00  1.760387611933872e+00  0
-1.379776976587404e-07  1.738279243861770e+00  1.738279243861770e+00  1.738279243861770e+00  1.738279243861770e+00  0
-1.258968584175239e-07  1.571226512123458e+00  1.571226512123458e+00  1.571226512123458e+00  1.571226512123458e+00  0
-1.148737747357102e-07  1.467736109339928e+00  1.467736109339928e+00  1.467736109339928e+00  1.467736109339928e+00  0
-1.048158332773291e-07  1.465907510914508e+00  1.465907510914508e+00  1.465907510914508e+00  1.465907510914508e+00  0
-9.563852960257580e-08  1.564211510691926e+00  1.564211510691926e+00  1.564211510691926e+00  1.564211510691926e+00  0
-8.726475818154030e-08  1.713151557697943e+00  1.713151557697943e+00  1.713151557697943e+00  1.713151557697943e+00  0
-7.962416457182346e-08  1.873649110180937e+00  1.873649110180937e+00  1.873649110180937e+00  1.873649110180937e+00  0
-7.265255431719022e-08  1.961971475295109e+00  1.961971475295109e+00  1.961971475295109e+00  1.961971475295109e+00  0
-6.629135360096623e-08  1.931340047407080e+00  1.931340047407080e+00  1.931340047407080e+00  1.931340047407080e+00  0
-6.048711712271553e-08  1.771357740981039e+00  1.771357740981039e+00  1.771357740981039e+00  1.771357740981039e+00  0
-5.519107906349615e-08  1.744973889492272e+00  1.744973889492272e+00  1.744973889492272e+00  1.744973889492272e+00  0
-5.035874336700958e-08  1.576065673282588e+00  1.576065673282588e+00  1.576065673282588e+00  1.576065673282588e+00  0
-4.594950989428408e-08  1.471182600464441e+00  1.471182600464441e+00  1.471182600464441e+00  1.471182600464441e+00  0
-4.192633331093163e-08  1.469029568143174e+00  1.469029568143174e+00  1.469029568143174e+00  1.469029568143174e+00  0
-3.825541184103032e-08  1.568303337696896e+00  1.568303337696896e+00  1.568303337696896e+00  1.568303337696896e+00  0
-3.490590327261613e-08  1.718115994288327e+00  1.718115994288327e+00  1.718115994288327e+00  1.718115994288327e+00  0
-3.184966582872939e-08  1.880586357617136e+00  1.880586357617136e+00  1.880586357617136e+00  1.880586357617136e+00  0
-2.906102172687609e-08  1.970513707007954e+00  1.970513707007954e+00  1.970513707007954e+00  1.970513707007954e+00  0
-2.651654144038649e-08  1.940574044606215e+00  1.940574044606215e+00  1.940574044606215e+00  1.940574044606215e+00  0
-2.419484684908621e-08  1.780156050170173e+00  1.780156050170173e+00  1.780156050170173e+00  1.780156050170173e+00  0
-2.207643162539846e-08  1.750388415302265e+00  1.750388415302265e+00  1.750388415302265e+00  1.750388415302265e+00  0
-2.014349734680383e-08  1.579935398258780e+00  1.579935398258780e+00  1.579935398258780e+00  1.579935398258780e+00  0
-1.837980395771363e-08  1.473932443835104e+00  1.473932443835104e+00  1.473932443835104e+00  1.473932443835104e+00  0
-1.677053332437265e-08  1.471562170497270e+00  1.471562170497270e+00  1.471562170497270e+00  1.471562170497270e+00  0
-1.530216473641213e-08  1.571678323283917e+00  1.571678323283917e+00  1.571678323283917e+00  1.571678323283917e+00  0
-1.396236130904645e-08  1.722307053824538e+00  1.722307053824538e+00  1.722307053824538e+00  1.722307053824538e+00  0
-1.273986633149176e-08  1.886433377944249e+00  1.886433377944249e+00  1.886433377944249e+00  1.886433377944249e+00  0
-1.162440869075044e-08  1.977650660209836e+00  1.977650660209836e+00  1.977650660209836e+00  1.977650660209836e+00  0
-1.060661657615460e-08  1.948203874456816e+00  1.948203874456816e+00  1.948203874456816e+00  1.948203874456816e+00  0
-9.677938739634486e-09  1.787337109842896e+00  1.787337109842896e+00  1.787337109842896e+00  1.787337109842896e+00  0
-8.830572650159383e-09  1.754777637069772e+00  1.754777637069772e+00  1.754777637069772e+00  1.754777637069772e+00  0
-8.057398938721533e-09  1.582988254620658e+00  1.582988254620658e+00  1.582988254620658e+00  1.582988254620658e+00  0
-7.351921583085453e-09  1.476080252638585e+00  1.476080252638585e+00  1.476080252638585e+00  1.476080252638585e+00  0
-6.708213329749061e-09  1.473607958541120e+00  1.473607958541120e+00  1.473607958541120e+00  1.473607958541120e+00  0
-6.120865894564850e-09  1.574514129503246e+00  1.574514129503246e+00  1.574514129503246e+00  1.574514129503246e+00  0
-5.584944523618580e-09  1.725959167456125e+00  1.725959167456125e+00  1.725959167456125e+00  1.725959167456125e+00  0
-5.095946532596702e-09  1.891557137686284e+00  1.891557137686284e+00  1.891557137686284e+00  1.891557137686284e+00  0
-4.649763476300175e-09  1.983826079233284e+00  1.983826079233284e+00  1.983826079233284e+00  1.983826079233284e+00  0
-4.242646630461839e-09  1.954679615237151e+00  1.954679615237151e+00  1.954679615237151e+00  1.954679615237151e+00  0
-3.871175495853794e-09  1.793295007145960e+00  1.793295007145960e+00  1.793295007145960e+00  1.793295007145960e+00  0
-3.532229060063754e-09  1.758307122333661e+00  1.758307122333661e+00  1.758307122333661e+00  1.758307122333661e+00  0
-3.222959575488613e-09  1.585258816025209e+00  1.585258816025209e+00  1.585258816025209e+00  1.585258816025209e+00  0
-2.940768633234181e-09  1.477609318588650e+00  1.477609318588650e+00  1.477609318588650e+00  1.477609318588650e+00  0
-2.683285331899625e-09  1.475188311098090e+00  1.475188311098090e+00  1.475188311098090e+00  1.475188311098090e+00  0
-2.448346357825941e-09  1.576940178973554e+00  1.576940178973554e+00  1.576940178973554e+00  1.576940178973554e+00  0
-2.233977809447432e-09  1.729233953413792e+00  1.729233953413792e+00  1.729233953413792e+00  1.729233953413792e+00  0
-2.038378613038681e-09  1.896322138592104e+00  1.896322138592104e+00  1.896322138592104e+00  1.896322138592104e+00  0
-1.859905390520070e-09  1.989502955282191e+00  1.989502955282191e+00  1.989502955282191e+00  1.989502955282191e+00  0
-1.697058652184735e-09  1.960444468061695e+00  1.960444468061695e+00  1.960444468061695e+00  1.960444468061695e+00  0
-1.548470198341518e-09  1.798363552555438e+00  1.798363552555438e+00  1.798363552555438e+00  1.798363552555438e+00  0
-1.412891624025501e-09  1.761237476417116e+00  1.761237476417116e+00  1.761237476417116e+00  1.761237476417116e+00  0
-1.289183830195445e-09  1.586743842429238e+00  1.586743842429238e+00  1.586743842429238e+00  1.586743842429238e+00  0
-1.176307453293673e-09  1.478382560395306e+00  1.478382560395306e+00  1.478382560395306e+00  1.478382560395306e+00  0
-1.073314132759850e-09  1.476193256587055e+00  1.476193256587055e+00  1.476193256587055e+00  1.476193256587055e+00  0
-9.793385431303761e-10  1.579001336988047e+00  1.579001336988047e+00  1.579001336988047e+00  1.579001336988047e+00  0
-8.935911237789728e-10  1.731874355018153e+00  1.731874355018153e+00  1.731874355018153e+00  1.731874355018153e+00  0
-8.153514452154724e-10  1.900871790187152e+00  1.900871790187152e+00  1.900871790187152e+00  1.900871790187152e+00  0
-7.439621562080280e-10  1.995130799462777e+00  1.995130799462777e+00  1.995130799462777e+00  1.995130799462777e+00  0
-6.788234608738942e-10  1.966051012203683e+00  1.966051012203683e+00  1.966051012203683e+00  1.966051012203683e+00  0
-6.193880793366070e-10  1.802993355679009e+00  1.802993355679009e+00  1.802993355679009e+00  1.802993355679009e+00  0
-5.651566496102005e-10  1.764421505562534e+00  1.764421505562534e+00  1.764421505562534e+00  1.764421505562534e+00  0
-5.156735320781780e-10  1.587979358680322e+00  1.587979358680322e+00  1.587979358680322e+00  1.587979358680322e+00  0
-4.705229813174689e-10  1.478517347426430e+00  1.478517347426430e+00  1.478517347426430e+00  1.478517347426430e+00  0
-4.293256531039398e-10  1.476472489667043e+00  1.476472489667043e+00  1.476472489667043e+00  1.476472489667043e+00  0
-3.917354172521504e-10  1.580545909687673e+00  1.580545909687673e+00  1.580545909687673e+00  1.580545909687673e+00  0
3.917354172521504e-10  1.580545914813729e+00  1.580545914813729e+00  1.580545914813729e+00  1.580545914813729e+00  0
4.293256531039398e-10  1.476472494053509e+00  1.476472494053509e+00  1.476472494053509e+00  1.476472494053509e+00  0
4.705229813174689e-10  1.478517351272925e+00  1.478517351272925e+00  1.478517351272925e+00  1.478517351272925e+00  0
5.156735320781780e-10  1.587979362197684e+00  1.587979362197684e+00  1.587979362197684e+00  1.587979362197684e+00  0
5.651566496102005e-10  1.764421508906030e+00  1.764421508906030e+00  1.764421508906030e+00  1.764421508906030e+00  0
6.193880793366070e-10  1.802993363835382e+00  1.802993363835382e+00  1.802993363835382e+00  1.802993363835382e+00  0
6.788234608738942e-10  1.966051020420741e+00  1.966051020420741e+00  1.966051020420741e+00  1.966051020420741e+00  0
7.439621562080280e-10  1.995130807294920e+00  1.995130807294920e+00  1.995130807294920e+00  1.995130807294920e+00  0
8.153514452154724e-10  1.900871797279697e+00  1.900871797279697e+00  1.900871797279697e+00  1.900871797279697e+00  0
8.935911237789728e-10  1.731874361178731e+00  1.731874361178731e+00  1.731874361178731e+00  1.731874361178731e+00  0
9.793385431303761e-10  1.579001350933177e+00  1.579001350933177e+00  1.579001350933177e+00  1.579001350933177e+00  0
1.073314132759850e-09  1.476193268474848e+00  1.476193268474848e+00  1.476193268474848e+00  1.476193268474848e+00  0
1.176307453293673e-09  1.478382570843991e+00  1.478382570843991e+00  1.478382570843991e+00  1.478382570843991e+00  0
1.289183830195445e-09  1.586743852056376e+00  1.586743852056376e+00  1.586743852056376e+00  1.586743852056376e+00  0
1.412891624025501e-09  1.761237485644878e+00  1.761237485644878e+00  1.761237485644878e+00  1.761237485644878e+00  0
1.548470198341518e-09  1.798363575159833e+00  1.798363575159833e+00  1.798363575159833e+00  1.798363575159833e+00  0
1.697058652184735e-09  1.960444490852843e+00  1.960444490852843e+00  1.960444490852843e+00  1.960444490852843e+00  0
1.859905390520070e-09  1.989502976952330e+00  1.989502976952330e+00  1.989502976952330e+00  1.989502976952330e+00  0
2.038378613038681e-09  1.896322158112145e+00  1.896322158112145e+00  1.896322158112145e+00  1.896322158112145e+00  0
2.233977809447432e-09  1.729233970250685e+00  1.729233970250685e+00  1.729233970250685e+00  1.729233970250685e+00  0
2.448346357825941e-09  1.576940217157988e+00  1.576940217157988e+00  1.576940217157988e+00  1.576940217157988e+00  0
2.683285331899625e-09  1.475188343493919e+00  1.475188343493919e+00  1.475188343493919e+00  1.475188343493919e+00  0
2.940768633234181e-09  1.477609347041477e+00  1.477609347041477e+00  1.477609347041477e+00  1.477609347041477e+00  0
3.222959575488613e-09  1.585258842340219e+00  1.585258842340219e+00  1.585258842340219e+00  1.585258842340219e+00  0
3.532229060063754e-09  1.758307147710860e+00  1.758307147710860e+00  1.758307147710860e+00  1.758307147710860e+00  0
3.871175495853794e-09  1.793295069843335e+00  1.793295069843335e+00  1.793295069843335e+00  1.793295069843335e+00  0
4.242646630461839e-09  1.954679678512778e+00  1.954679678512778e+00  1.954679678512778e+00  1.954679678512778e+00  0
4.649763476300175e-09  1.983826139319563e+00  1.983826139319563e+00  1.983826139319563e+00  1.983826139319563e+00  0
5.095946532596702e-09  1.891557191627242e+00  1.891557191627242e+00  1.891557191627242e+00  1.891557191627242e+00  0
5.584944523618580e-09  1.725959213745677e+00  1.725959213745677e+00  1.725959213745677e+00  1.725959213745677e+00  0
6.120865894564850e-09  1.574514234790209e+00  1.574514234790209e+00  1.574514234790209e+00  1.574514234790209e+00  0
6.708213329749061e-09  1.473608047503924e+00  1.473608047503924e+00  1.473608047503924e+00  1.473608047503924e+00  0
7.351921583085453e-09  1.476080330683276e+00  1.476080330683276e+00  1.476080330683276e+00  1.476080330683276e+00  0
8.057398938721533e-09  1.582988326957633e+00  1.582988326957633e+00  1.582988326957633e+00  1.582988326957633e+00  0
8.830572650159383e-09  1.754777707104107e+00  1.754777707104107e+00  1.754777707104107e+00  1.754777707104107e+00  0
9.677938739634486e-09  1.787337284577847e+00  1.787337284577847e+00  1.787337284577847e+00  1.787337284577847e+00  0
1.060661657615460e-08  1.948204050875486e+00  1.948204050875486e+00  1.948204050875486e+00  1.948204050875486e+00  0
1.162440869075044e-08  1.977650827525431e+00  1.977650827525431e+00  1.977650827525431e+00  1.977650827525431e+00  0
1.273986633149176e-08  1.886433527730182e+00  1.886433527730182e+00  1.886433527730182e+00  1.886433527730182e+00  0
1.396236130904645e-08  1.722307181849909e+00  1.722307181849909e+00  1.722307181849909e+00  1.722307181849909e+00  0
1.530216473641213e-08  1.571678615563591e+00  1.571678615563591e+00  1.571678615563591e+00  1.571678615563591e+00  0
1.677053332437265e-08  1.471562416604119e+00  1.471562416604119e+00  1.471562416604119e+00  1.471562416604119e+00  0
1.837980395771363e-08  1.473932659531094e+00  1.473932659531094e+00  1.473932659531094e+00  1.473932659531094e+00  0
2.014349734680383e-08  1.579935598519570e+00  1.579935598519570e+00  1.579935598519570e+00  1.579935598519570e+00  0
2.207643162539846e-08  1.750388609759698e+00  1.750388609759698e+00  1.750388609759698e+00  1.750388609759698e+00  0
2.419484684908621e-08  1.780156540425592e+00  1.780156540425592e+00  1.780156540425592e+00  1.780156540425592e+00  0
2.651654144038649e-08  1.940574539505374e+00  1.940574539505374e+00  1.940574539505374e+00  1.940574539505374e+00  0
2.906102172687609e-08  1.970514175647152e+00  1.970514175647152e+00  1.970514175647152e+00  1.970514175647152e+00  0
3.184966582872939e-08  1.880586776010656e+00  1.880586776010656e+00  1.880586776010656e+00  1.880586776010656e+00  0
3.490590327261613e-08  1.718116350605705e+00  1.718116350605705e+00  1.718116350605705e+00  1.718116350605705e+00  0
3.825541184103032e-08  1.568304154772073e+00  1.568304154772073e+00  1.568304154772073e+00  1.568304154772073e+00  0
4.192633331093163e-08  1.469030254025368e+00  1.469030254025368e+00  1.469030254025368e+00  1.469030254025368e+00  0
4.594950989428408e-08  1.471183201195208e+00  1.471183201195208e+00  1.471183201195208e+00  1.471183201195208e+00  0
5.035874336700958e-08  1.576066231949068e+00  1.576066231949068e+00  1.576066231949068e+00  1.576066231949068e+00  0
5.519107906349615e-08  1.744974433335109e+00  1.744974433335109e+00  1.744974433335109e+00  1.744974433335109e+00  0
6.048711712271553e-08  1.771359127527175e+00  1.771359127527175e+00  1.771359127527175e+00  1.771359127527175e+00  0
6.629135360096623e-08  1.931341446061712e+00  1.931341446061712e+00  1.931341446061712e+00  1.931341446061712e+00  0
7.265255431719022e-08  1.961972797169800e+00  1.961972797169800e+00  1.961972797169800e+00  1.961972797169800e+00  0
7.962416457182346e-08  1.873650286878497e+00  1.873650286878497e+00  1.873650286878497e+00  1.873650286878497e+00  0
8.726475818154030e-08  1.713152556224739e+00  1.713152556224739e+00  1.713152556224739e+00  1.713152556224739e+00  0
9.563852960257580e-08  1.564213812084709e+00  1.564213812084709e+00  1.564213812084709e+00  1.564213812084709e+00  0
1.048158332773291e-07  1.465909437431075e+00  1.465909437431075e+00  1.465909437431075e+00  1.465909437431075e+00  0
1.148737747357102e-07  1.467737796139895e+00  1.467737796139895e+00  1.467737796139895e+00  1.467737796139895e+00  0
1.258968584175239e-07  1.571228083631814e+00  1.571228083631814e+00  1.571228083631814e+00  1.571228083631814e+00  0
1.379776976587404e-07  1.738280777242099e+00  1.738280777242099e+00  1.738280777242099e+00  1.738280777242099e+00  0
1.512177928067889e-07  1.760391569219118e+00  1.760391569219118e+00  1.760391569219118e+00  1.760391569219118e+00  0
1.657283840024156e-07  1.919930029984152e+00  1.919930029984152e+00  1.919930029984152e+00  1.919930029984152e+00  0
1.816313857929756e-07  1.951499467062402e+00  1.951499467062402e+00  1.951499467062402e+00  1.951499467062402e+00  0
1.990604114295587e-07  1.865203021288544e+00  1.865203021288544e+00  1.865203021288544e+00  1.865203021288544e+00  0
2.181618954538508e-07  1.707130252341772e+00  1.707130252341772e+00  1.707130252341772e+00  1.707130252341772e+00  0
2.390963240064395e-07  1.559124874597801e+00  1.559124874597801e+00  1.559124874597801e+00  1.559124874597801e+00  0
2.620395831933227e-07  1.461992604270125e+00  1.461992604270125e+00  1.461992604270125e+00  1.461992604270125e+00  0
2.871844368392756e-07  1.463377775605063e+00  1.463377775605063e+00  1.463377775605063e+00  1.463377775605063e+00  0
3.147421460438099e-07  1.565121382763378e+00  1.565121382763378e+00  1.565121382763378e+00  1.565121382763378e+00  0
3.449442441468510e-07  1.729895976730291e+00  1.729895976730291e+00  1.729895976730291e+00  1.729895976730291e+00  0
3.780444820169721e-07  1.746340512892696e+00  1.746340512892696e+00  1.746340512892696e+00  1.746340512892696e+00  0
4.143209600060390e-07  1.905450370457315e+00  1.905450370457315e+00  1.905450370457315e+00  1.905450370457315e+00  0
4.540784644824390e-07  1.938312353345845e+00  1.938312353345845e+00  1.938312353345845e+00  1.938312353345845e+00  0
4.976510285738967e-07  1.854633500037554e+00  1.854633500037554e+00  1.854633500037554e+00  1.854633500037554e+00  0
5.454047386346270e-07  1.699624233313583e+00  1.699624233313583e+00  1.699624233313583e+00  1.699624233313583e+00  0
5.977408100160987e-07  1.552421858037259e+00  1.552421858037259e+00  1.552421858037259e+00  1.552421858037259e+00  0
6.550989579833068e-07  1.456779802111925e+00  1.456779802111925e+00  1.456779802111925e+00  1.456779802111925e+00  0
7.179610920981888e-07  1.457601466984959e+00  1.457601466984959e+00  1.457601466984959e+00  1.457601466984959e+00  0
7.868553651095247e-07  1.557151472713145e+00  1.557151472713145e+00  1.557151472713145e+00  1.557151472713145e+00  0
8.623606103671273e-07  1.719098812629984e+00  1.719098812629984e+00  1.719098812629984e+00  1.719098812629984e+00  0
9.451112050424303e-07  1.727926886158881e+00  1.727926886158881e+00  1.727926886158881e+00  1.727926886158881e+00  0
1.035802400015097e-06  1.886547726243359e+00  1.886547726243359e+00  1.886547726243359e+00  1.886547726243359e+00  0
1.135196161206098e-06  1.921141846526726e+00  1.921141846526726e+00  1.921141846526726e+00  1.921141846526726e+00  0
1.244127571434742e-06  1.840874921001526e+00  1.840874921001526e+00  1.840874921001526e+00  1.840874921001526e+00  0
1.363511846586567e-06  1.689812390991908e+00  1.689812390991908e+00  1.689812390991908e+00  1.689812390991908e+00  0
1.494352025040247e-06  1.544051655035539e+00  1.544051655035539e+00  1.544051655035539e+00  1.544051655035539e+00  0
1.637747394958267e-06  1.450186804165822e+00  1.450186804165822e+00  1.450186804165822e+00  1.450186804165822e+00  0
1.794902730245472e-06  1.450116673555735e+00  1.450116673555735e+00  1.450116673555735e+00  1.450116673555735e+00  0
1.967138412773812e-06  1.546705085322037e+00  1.546705085322037e+00  1.546705085322037e+00  1.546705085322037e+00  0
2.155901525917819e-06  1.704939626673142e+00  1.704939626673142e+00  1.704939626673142e+00  1.704939626673142e+00  0
2.362778012606080e-06  1.768849579297890e+00  1.768849579297890e+00  1.768849579297890e+00  1.768849579297890e+00  0
2.589506000037748e-06  1.895306135311352e+00  1.895306135311352e+00  1.895306135311352e+00  1.895306135311352e+00  0
2.837990403015248e-06  1.914810290498770e+00  1.914810290498770e+00  1.914810290498770e+00  1.914810290498770e+00  0
3.110318928586860e-06  1.830241469506603e+00  1.830241469506603e+00  1.830241469506603e+00  1.830241469506603e+00  0
3.408779616466424e-06  1.680221391291670e+00  1.680221391291670e+00  1.680221391291670e+00  1.680221391291670e+00  0
3.735880062600623e-06  1.533503102140975e+00  1.533503102140975e+00  1.533503102140975e+00  1.533503102140975e+00  0
4.094368487395674e-06  1.441853897104617e+00  1.441853897104617e+00  1.441853897104617e+00  1.441853897104617e+00  0
4.487256825613687e-06  1.440492825697107e+00  1.440492825697107e+00  1.440492825697107e+00  1.440492825697107e+00  0
4.917846031934537e-06  1.533139619924757e+00  1.533139619924757e+00  1.533139619924757e+00  1.533139619924757e+00  0
5.389753814794554e-06  1.686548648056950e+00  1.686548648056950e+00  1.686548648056950e+00  1.686548648056950e+00  0
5.906945031515200e-06  1.740059353203544e+00  1.740059353203544e+00  1.740059353203544e+00  1.740059353203544e+00  0
6.473765000094370e-06  1.864991768880313e+00  1.864991768880313e+00  1.864991768880313e+00  1.864991768880313e+00  0
7.094976007538121e-06  1.887126746205023e+00  1.887126746205023e+00  1.887126746205023e+00  1.887126746205023e+00  0
7.775797321467150e-06  1.808201411509051e+00  1.808201411509051e+00  1.808201411509051e+00  1.808201411509051e+00  0
8.521949041166062e-06  1.664696671340639e+00  1.664696671340639e+00  1.664696671340639e+00  1.664696671340639e+00  0
9.339700156501558e-06  1.519423339010638e+00  1.519423339010638e+00  1.519423339010638e+00  1.519423339010638e+00  0
1.023592121848918e-05  1.430776575556010e+00  1.430776575556010e+00  1.430776575556010e+00  1.430776575556010e+00  0
1.121814206403422e-05  1.427688161440509e+00  1.427688161440509e+00  1.427688161440509e+00  1.427688161440509e+00  0
1.229461507983634e-05  1.515102986932442e+00  1.515102986932442e+00  1.515102986932442e+00  1.515102986932442e+00  0
1.347438453698639e-05  1.662187866616771e+00  1.662187866616771e+00  1.662187866616771e+00  1.662187866616771e+00  0
1.476736257878800e-05  1.733343444342173e+00  1.733343444342173e+00  1.733343444342173e+00  1.733343444342173e+00  0
1.618441250023592e-05  1.840600231037259e+00  1.840600231037259e+00  1.840600231037259e+00  1.840600231037259e+00  0
1.773744001884530e-05  1.857659324514232e+00  1.857659324514232e+00  1.857659324514232e+00  1.857659324514232e+00  0
1.943949330366787e-05  1.782022549339070e+00  1.782022549339070e+00  1.782022549339070e+00  1.782022549339070e+00  0
2.130487260291515e-05  1.645306374380891e+00  1.645306374380891e+00  1.645306374380891e+00  1.645306374380891e+00  0
2.334925039125390e-05  1.499515982698277e+00  1.499515982698277e+00  1.499515982698277e+00  1.499515982698277e+00  0
2.558980304622297e-05  1.415041752549422e+00  1.415041752549422e+00  1.415041752549422e+00  1.415041752549422e+00  0
2.804535516008555e-05  1.409586642533278e+00  1.409586642533278e+00  1.409586642533278e+00  1.409586642533278e+00  0
3.073653769959086e-05  1.489859949062930e+00  1.489859949062930e+00  1.489859949062930e+00  1.489859949062930e+00  0
3.368596134246597e-05  1.628398626951064e+00  1.628398626951064e+00  1.628398626951064e+00  1.628398626951064e+00  0
3.691840644696999e-05  1.677739529059945e+00  1.677739529059945e+00  1.677739529059945e+00  1.677739529059945e+00  0
4.046103125058980e-05  1.782734464730137e+00  1.782734464730137e+00  1.782734464730137e+00  1.782734464730137e+00  0
4.434360004711325e-05  1.805196365605453e+00  1.805196365605453e+00  1.805196365605453e+00  1.805196365605453e+00  0
4.859873325916968e-05  1.740466471534082e+00  1.740466471534082e+00  1.740466471534082e+00  1.740466471534082e+00  0
5.326218150728787e-05  1.616094106857377e+00  1.616094106857377e+00  1.616094106857377e+00  1.616094106857377e+00  0
5.837312597813474e-05  1.469130067544133e+00  1.469130067544133e+00  1.469130067544133e+00  1.469130067544133e+00  0
6.397450761555741e-05  1.390932697747380e+00  1.390932697747380e+00  1.390932697747380e+00  1.390932697747380e+00  0
7.011338790021387e-05  1.382611723484923e+00  1.382611723484923e+00  1.382611723484923e+00  1.382611723484923e+00  0
7.684134424897715e-05  1.453313406640970e+00  1.453313406640970e+00  1.453313406640970e+00  1.453313406640970e+00  0
8.421490335616491e-05  1.580283554383413e+00  1.580283554383413e+00  1.580283554383413e+00  1.580283554383413e+00  0
9.229601611742499e-05  1.596753933301245e+00  1.596753933301245e+00  1.596753933301245e+00  1.596753933301245e+00  0
1.011525781264745e-04  1.699004656166855e+00  1.699004656166855e+00  1.699004656166855e+00  1.699004656166855e+00  0
1.108590001177831e-04  1.729107521330260e+00  1.729107521330260e+00  1.729107521330260e+00  1.729107521330260e+00  0
1.214968331479242e-04  1.679637677761026e+00  1.679637677761026e+00  1.679637677761026e+00  1.679637677761026e+00  0
1.331554537682197e-04  1.572608730540048e+00  1.572608730540048e+00  1.572608730540048e+00  1.572608730540048e+00  0
1.459328149453368e-04  1.418941405363828e+00  1.418941405363828e+00  1.418941405363828e+00  1.418941405363828e+00  0
1.599362690388935e-04  1.350707206652263e+00  1.350707206652263e+00  1.350707206652263e+00  1.350707206652263e+00  0
1.752834697505346e-04  1.339856876311353e+00  1.339856876311353e+00  1.339856876311353e+00  1.339856876311353e+00  0
1.921033606224429e-04  1.398481992213757e+00  1.398481992213757e+00  1.398481992213757e+00  1.398481992213757e+00  0
2.105372583904123e-04  1.510142568702826e+00  1.510142568702826e+00  1.510142568702826e+00  1.510142568702826e+00  0
2.307400402935625e-04  1.478341478709297e+00  1.478341478709297e+00  1.478341478709297e+00  1.478341478709297e+00  0
2.528814453161863e-04  1.576966572056922e+00  1.576966572056922e+00  1.576966572056922e+00  1.576966572056922e+00  0
2.771475002944578e-04  1.616691302000722e+00  1.616691302000722e+00  1.616691302000722e+00  1.616691302000722e+00  0
3.037420828698105e-04  1.587312339579532e+00  1.587312339579532e+00  1.587312339579532e+00  1.587312339579532e+00  0
3.328886344205492e-04  1.503899706356282e+00  1.503899706356282e+00  1.503899706356282e+00  1.503899706356282e+00  0
3.648320373633421e-04  1.334053563925547e+00  1.334053563925547e+00  1.334053563925547e+00  1.334053563925547e+00  0
3.998406725972338e-04  1.280839612098707e+00  1.280839612098707e+00  1.280839612098707e+00  1.280839612098707e+00  0
4.382086743763367e-04  1.269645892389399e+00  1.269645892389399e+00  1.269645892389399e+00  1.269645892389399e+00  0
4.802584015561072e-04  1.314960139690873e+00  1.314960139690873e+00  1.314960139690873e+00  1.314960139690873e+00  0
5.263431459760307e-04  1.407727360322100e+00  1.407727360322100e+00  1.407727360322100e+00  1.407727360322100e+00  0
5.768501007339061e-04  1.326754898661051e+00  1.326754898661051e+00  1.326754898661051e+00  1.326754898661051e+00  0
6.322036132904656e-04  1.416054821614213e+00  1.416054821614213e+00  1.416054821614213e+00  1.416054821614213e+00  0
6.928687507361445e-04  1.461999575332395e+00  1.461999575332395e+00  1.461999575332395e+00  1.461999575332395e+00  0
7.593552071745262e-04  1.452956805222100e+00  1.452956805222100e+00  1.452956805222100e+00  1.452956805222100e+00  0
8.322215860513730e-04  1.396691781558795e+00  1.396691781558795e+00  1.396691781558795e+00  1.396691781558795e+00  0
9.120800934083554e-04  1.221616656973317e+00  1.221616656973317e+00  1.221616656973317e+00  1.221616656973317e+00  0
9.996016814930845e-04  1.182238306251311e+00  1.182238306251311e+00  1.182238306251311e+00  1.182238306251311e+00  0
1.095521685940842e-03  1.170638711801218e+00  1.170638711801218e+00  1.170638711801218e+00  1.170638711801218e+00  0
1.200646003890268e-03  1.201555785127202e+00  1.201555785127202e+00  1.201555785127202e+00  1.201555785127202e+00  0
1.315857864940077e-03  1.272169290813133e+00  1.272169290813133e+00  1.272169290813133e+00  1.272169290813133e+00  0
1.442125251834765e-03  1.169527060850214e+00  1.169527060850214e+00  1.169527060850214e+00  1.169527060850214e+00  0
1.580509033226164e-03  1.251901377822268e+00  1.251901377822268e+00  1.251901377822268e+00  1.251901377822268e+00  0
1.732171876840361e-03  1.300643871146417e+00  1.300643871146417e+00  1.300643871146417e+00  1.300643871146417e+00  0
1.898388017936316e-03  1.305636665507542e+00  1.305636665507542e+00  1.305636665507542e+00  1.305636665507542e+00  0
2.080553965128433e-03  1.270402061524176e+00  1.270402061524176e+00  1.270402061524176e+00  1.270402061524176e+00  0
2.280200233520888e-03  1.174471415398495e+00  1.174471415398495e+00  1.174471415398495e+00  1.174471415398495e+00  0
2.499004203732711e-03  1.139291082226085e+00  1.139291082226085e+00  1.139291082226085e+00  1.139291082226085e+00  0
2.738804214852104e-03  1.117366220198675e+00  1.117366220198675e+00  1.117366220198675e+00  1.117366220198675e+00  0
3.001615009725670e-03  1.125225502202735e+00  1.125225502202735e+00  1.125225502202735e+00  1.125225502202735e+00  0
3.289644662350192e-03  1.165641850319788e+00  1.165641850319788e+00  1.165641850319788e+00  1.165641850319788e+00  0
3.605313129586914e-03  1.247639089033290e+00  1.247639089033290e+00  1.247639089033290e+00  1.247639089033290e+00  0
3.951272583065412e-03  1.288658971084067e+00  1.288658971084067e+00  1.288658971084067e+00  1.288658971084067e+00  0
4.330429692100905e-03  1.309459411967902e+00  1.309459411967902e+00  1.309459411967902e+00  1.309459411967902e+00  0
4.745970044840789e-03  1.301660979461268e+00  1.301660979461268e+00  1.301660979461268e+00  1.301660979461268e+00  0
5.201384912821082e-03  1.264023150188315e+00  1.264023150188315e+00  1.264023150188315e+00  1.264023150188315e+00  0
5.700500583802221e-03  1.097086884665466e+00  1.097086884665466e+00  1.097086884665466e+00  1.097086884665466e+00  0
6.247510509331778e-03  1.161204131830219e+00  1.161204131830219e+00  1.161204131830219e+00  1.161204131830219e+00  0
6.847010537130260e-03  1.202863284887995e+00  1.202863284887995e+00  1.202863284887995e+00  1.202863284887995e+00  0
7.504037524314174e-03  1.233815262448326e+00  1.233815262448326e+00  1.233815262448326e+00  1.233815262448326e+00  0
8.224111655875480e-03  1.263413321536056e+00  1.263413321536056e+00  1.263413321536056e+00  1.263413321536056e+00  0
9.013282823967282e-03  5.752502706179694e-01  5.752502706179694e-01  5.752502706179694e-01  5.752502706179694e-01  0
9.878181457663527e-03  6.864923331956416e-01  6.864923331956416e-01  6.864923331956416e-01  6.864923331956416e-01  0
1.082607423025226e-02  8.089657894304509e-01  8.089657894304509e-01  8.089657894304509e-01  8.089657894304509e-01  0
1.186492511210197e-02  9.302513235426889e-01  9.302513235426889e-01  9.302513235426889e-01  9.302513235426889e-01  0
1.300346228205270e-02  1.037149971719084e+00  1.037149971719084e+00  1.037149971719084e+00  1.037149971719084e+00  0
1.425125145950555e-02  4.525578228795641e-01  4.525578228795641e-01  4.525578228795641e-01  4.525578228795641e-01  0
1.561877627332944e-02  4.770612682446186e-01  4.770612682446186e-01  4.770612682446186e-01  4.770612682446186e-01  0
1.711752634282565e-02  4.969030582364289e-01  4.969030582364289e-01  4.969030582364289e-01  4.969030582364289e-01  0
1.876009381078543e-02  5.234257073746846e-01  5.234257073746846e-01  5.234257073746846e-01  5.234257073746846e-01  0
2.056027913968870e-02  5.678975526426627e-01  5.678975526426627e-01  5.678975526426627e-01  5.678975526426627e-01  0
2.253320705991821e-02  2.651033754819485e-01  2.651033754819485e-01  2.651033754819485e-01  2.651033754819485e-01  0
2.469545364415882e-02  3.060233945371827e-01  3.060233945371827e-01  3.060233945371827e-01  3.060233945371827e-01  0
2.706518557563065e-02  3.521978959028302e-01  3.521978959028302e-01  3.521978959028302e-01  3.521978959028302e-01  0
2.966231278025493e-02  3.982938819016227e-01  3.982938819016227e-01  3.982938819016227e-01  3.982938819016227e-01  0
3.250865570513176e-02  4.383298372583903e-01  4.383298372583903e-01  4.383298372583903e-01  4.383298372583903e-01  0
3.562812864876388e-02  2.837114005026143e-01  2.837114005026143e-01  2.837114005026143e-01  2.837114005026143e-01  0
3.904694068332362e-02  2.990302147264621e-01  2.990302147264621e-01  2.990302147264621e-01  2.990302147264621e-01  0
4.279381585706413e-02  3.043300752908367e-01  3.043300752908367e-01  3.043300752908367e-01  3.043300752908367e-01  0
4.690023452696359e-02  3.056709239907525e-01  3.056709239907525e-01  3.056709239907525e-01  3.056709239907525e-01  0
5.140069784922175e-02  3.106969234630952e-01  3.106969234630952e-01  3.106969234630952e-01  3.106969234630952e-01  0
5.633301764979552e-02  2.190848748945785e-01  2.190848748945785e-01  2.190848748945785e-01  2.190848748945785e-01  0
6.173863411039705e-02  2.312423451649398e-01  2.312423451649398e-01  2.312423451649398e-01  2.312423451649398e-01  0
6.766296393907663e-02  2.477145711289211e-01  2.477145711289211e-01  2.477145711289211e-01  2.477145711289211e-01  0
7.415578195063734e-02  2.674086789064725e-01  2.674086789064725e-01  2.674086789064725e-01  2.674086789064725e-01  0
8.127163926282940e-02  2.864559037041903e-01  2.864559037041903e-01  2.864559037041903e-01  2.864559037041903e-01  0
8.907032162190970e-02  2.802901021540647e-01  2.802901021540647e-01  2.802901021540647e-01  2.802901021540647e-01  0
9.761735170830904e-02  3.083958377732730e-01  3.083958377732730e-01  3.083958377732730e-01  3.083958377732730e-01  0
1.069845396426603e-01  3.208799842417082e-01  3.208799842417082e-01  3.208799842417082e-01  3.208799842417082e-01  0
1.172505863174090e-01  3.189503156531717e-01  3.189503156531717e-01  3.189503156531717e-01  3.189503156531717e-01  0
1.285017446230544e-01  3.079265842892583e-01  3.079265842892583e-01  3.079265842892583e-01  3.079265842892583e-01  0
1.408325441244888e-01  5.564002647483653e-01  5.564002647483653e-01  5.564002647483653e-01  5.564002647483653e-01  0
1.543465852759926e-01  6.060766104254595e-01  6.060766104254595e-01  6.060766104254595e-01  6.060766104254595e-01  0
1.691574098476915e-01  6.241607030197289e-01  6.241607030197289e-01  6.241607030197289e-01  6.241607030197289e-01  0
1.853894548765933e-01  6.130233523488535e-01  6.130233523488535e-01  6.130233523488535e-01  6.130233523488535e-01  0
2.031790981570734e-01  5.800615213359236e-01  5.800615213359236e-01  5.800615213359236e-01  5.800615213359236e-01  0
2.226758040547741e-01  2.193308360522024e-01  2.193308360522024e-01  2.193308360522024e-01  2.193308360522024e-01  0
2.440433792707724e-01  2.906621137233813e-01  2.906621137233813e-01  2.906621137233813e-01  2.906621137233813e-01  0
2.674613491066506e-01  3.717380344435982e-01  3.717380344435982e-01  3.717380344435982e-01  3.717380344435982e-01  0
2.931264657935223e-01  4.563367266220028e-01  4.563367266220028e-01  4.563367266220028e-01  4.563367266220028e-01  0
3.212543615576358e-01  5.350663827681225e-01  5.350663827681225e-01  5.350663827681225e-01  5.350663827681225e-01  0
3.520813603112218e-01  3.479658897562802e-02  3.479658897562802e-02  3.479658897562802e-02  3.479658897562802e-02  0
3.858664631899814e-01  5.426665328043287e-02  5.426665328043287e-02  5.426665328043287e-02  5.426665328043287e-02  0
4.228935246192287e-01  8.076108773008980e-02  8.076108773008980e-02  8.076108773008980e-02  8.076108773008980e-02  0
4.634736371914831e-01  1.156173887275063e-01  1.156173887275063e-01  1.156173887275063e-01  1.156173887275063e-01  0
5.079477453926835e-01  1.604153551413162e-01  1.604153551413162e-01  1.604153551413162e-01  1.604153551413162e-01  0
5.566895101369354e-01  7.512820317485241e-03  7.512820317485241e-03  7.512820317485241e-03  7.512820317485241e-03  0
6.101084481769312e-01  1.098930897217071e-02  1.098930897217071e-02  1.098930897217071e-02  1.098930897217071e-02  0
6.686533727666267e-01  1.573000661509802e-02  1.573000661509802e-02  1.573000661509802e-02  1.573000661509802e-02  0
7.328161644838058e-01  2.233729402737143e-02  2.233729402737143e-02  2.233729402737143e-02  2.233729402737143e-02  0
8.031359038940895e-01  3.172079109599094e-02  3.172079109599094e-02  3.172079109599094e-02  3.172079109599094e-02  0
8.802034007780546e-01  5.192845530880263e-04  5.192845530880263e-04  5.192845530880263e-04  5.192845530880263e-04  0
9.646661579749535e-01  1.021684165440522e-03  1.021684165440522e-03  1.021684165440522e-03  1.021684165440522e-03  0
1.057233811548072e+00  1.867085938215616e-03  1.867085938215616e-03  1.867085938215616e-03  1.867085938215616e-03  0
1.158684092978708e+00  3.174669565507229e-03  3.174669565507229e-03  3.174669565507229e-03  3.174669565507229e-03  0
1.269869363481709e+00  5.040923297024794e-03  5.040923297024794e-03  5.040923297024794e-03  5.040923297024794e-03  0
1.391723775342338e+00  6.914079678907580e-06  6.914079678907580e-06  6.914079678907580e-06  6.914079678907580e-06  0
1.525271120442328e+00  1.811866490502348e-05  1.811866490502348e-05  1.811866490502348e-05  1.811866490502348e-05  0
1.671633431916567e+00  4.586305677777841e-05  4.586305677777841e-05  4.586305677777841e-05  4.586305677777841e-05  0
1.832040411209515e+00  1.107117163296683e-04  1.107117163296683e-04  1.107117163296683e-04  1.107117163296683e-04  0
2.007839759735224e+00  2.524575359038036e-04  2.524575359038036e-04  2.524575359038036e-04  2.524575359038036e-04  0
2.200508501945137e+00  1.994718457067464e-07  1.994718457067464e-07  1.994718457067464e-07  1.994718457067464e-07  0
2.411665394937384e+00  5.073561481159514e-07  5.073561481159514e-07  5.073561481159514e-07  5.073561481159514e-07  0
2.643084528870180e+00  1.204293036063194e-06  1.204293036063194e-06  1.204293036063194e-06  1.204293036063194e-06  0
2.896710232446770e+00  2.669982884369715e-06  2.669982884369715e-06  2.669982884369715e-06  2.669982884369715e-06  0
3.174673408704273e+00  5.544581891005257e-06  5.544581891005257e-06  5.544581891005257e-06  5.544581891005257e-06  0
