-3.174673408704273e+00  6.199020702493045e-06  6.199020702493045e-06  6.199020702493045e-06  6.199020702493045e-06  0
-2.896710232446770e+00  2.827952931435569e-06  2.827952931435569e-06  2.827952931435569e-06  2.827952931435569e-06  0
-2.643084528870180e+00  1.235882891874615e-06  1.235882891874615e-06  1.235882891874615e-06  1.235882891874615e-06  0
-2.411665394937384e+00  5.122974836927974e-07  5.122974836927974e-07  5.122974836927974e-07  5.122974836927974e-07  0
-2.200508501945137e+00  2.002549383824751e-07  2.002549383824751e-07  2.002549383824751e-07  2.002549383824751e-07  0
-2.007839759735224e+00  4.596475295869522e-04  4.596475295869522e-04  4.596475295869522e-04  4.596475295869522e-04  0
-1.832040411209515e+00  1.936949234351544e-04  1.936949234351544e-04  1.936949234351544e-04  1.936949234351544e-04  0
-1.671633431916567e+00  7.543623660829986e-05  7.543623660829986e-05  7.543623660829986e-05  7.543623660829986e-05  0
-1.525271120442328e+00  2.707986105565389e-05  2.707986105565389e-05  2.707986105565389e-05  2.707986105565389e-05  0
-1.391723775342338e+00  8.918458960240037e-06  8.918458960240037e-06  8.918458960240037e-06  8.918458960240037e-06  0
-1.269869363481709e+00  1.027864078062037e-02  1.027864078062037e-02  1.027864078062037e-02  1.027864078062037e-02  0
-1.158684092978708e+00  6.369534724710075e-03  6.369534724710075e-03  6.369534724710075e-03  6.369534724710075e-03  0
-1.057233811548072e+00  3.708811997268538e-03  3.708811997268538e-03  3.708811997268538e-03  3.708811997268538e-03  0
-9.646661579749535e-01  2.014880702823465e-03  2.014880702823465e-03  2.014880702823465e-03  2.014880702823465e-03  0
-8.802034007780546e-01  1.017301270790754e-03  1.017301270790754e-03  1.017301270790754e-03  1.017301270790754e-03  0
-8.031359038940895e-01  7.940283287569835e-02  7.940283287569835e-02  7.940283287569835e-02  7.940283287569835e-02  0
-7.328161644838058e-01  5.375506198234159e-02  5.375506198234159e-02  5.375506198234159e-02  5.375506198234159e-02  0
-6.686533727666267e-01  3.643812358391211e-02  3.643812358391211e-02  3.643812358391211e-02  3.643812358391211e-02  0
-6.101084481769312e-01  2.466587136331840e-02  2.466587136331840e-02  2.466587136331840e-02  2.466587136331840e-02  0
-5.566895101369354e-01  1.649401794005365e-02  1.649401794005365e-02  1.649401794005365e-02  1.649401794005365e-02  0
-5.079477453926835e-01  4.914037596400855e-01  4.914037596400855e-01  4.914037596400855e-01  4.914037596400855e-01  0
-4.634736371914831e-01  3.417547980633324e-01  3.417547980633324e-01  3.417547980633324e-01  3.417547980633324e-01  0
-4.228935246192287e-01  2.322424144928054e-01  2.322424144928054e-01  2.322424144928054e-01  2.322424144928054e-01  0
-3.858664631899814e-01  1.529392316277325e-01  1.529392316277325e-01  1.529392316277325e-01  1.529392316277325e-01  0
-3.520813603112218e-01  9.658066187246094e-02  9.658066187246094e-02  9.658066187246094e-02  9.658066187246094e-02  0
-3.212543615576358e-01  1.949128019974046e+00  1.949128019974046e+00  1.949128019974046e+00  1.949128019974046e+00  0
-2.931264657935223e-01  1.606756913416905e+00  1.606756913416905e+00  1.606756913416905e+00  1.606756913416905e+00  0
-2.674613491066506e-01  1.259951147775368e+00  1.259951147775368e+00  1.259951147775368e+00  1.259951147775368e+00  0
-2.440433792707724e-01  9.469703142044720e-01  9.469703142044720e-01  9.469703142044720e-01  9.469703142044720e-01  0
-2.226758040547741e-01  6.882862691139506e-01  6.882862691139506e-01  6.882862691139506e-01  6.882862691139506e-01  0
-2.031790981570734e-01  2.306229471194224e+00  2.306229471194224e+00  2.306229471194224e+00  2.306229471194224e+00  0
-1.853894548765933e-01  2.430328965918716e+00  2.430328965918716e+00  2.430328965918716e+00  2.430328965918716e+00  0
-1.691574098476915e-01  2.458270767147608e+00  2.458270767147608e+00  2.458270767147608e+00  2.458270767147608e+00  0
-1.543465852759926e-01  2.360526349380175e+00  2.360526349380175e+00  2.360526349380175e+00  2.360526349380175e+00  0
-1.408325441244888e-01  2.133122877906032e+00  2.133122877906032e+00  2.133122877906032e+00  2.133122877906032e+00  0
-1.285017446230544e-01  1.118568923430568e+00  1.118568923430568e+00  1.118568923430568e+00  1.118568923430568e+00  0
-1.172505863174090e-01  1.154508136294808e+00  1.154508136294808e+00  1.154508136294808e+00  1.154508136294808e+00  0
-1.069845396426603e-01  1.129179039805246e+00  1.129179039805246e+00  1.129179039805246e+00  1.129179039805246e+00  0
-9.761735170830904e-02  1.039385146652127e+00  1.039385146652127e+00  1.039385146652127e+00  1.039385146652127e+00  0
-8.907032162190970e-02  8.975738029245817e-01  8.975738029245817e-01  8.975738029245817e-01  8.975738029245817e-01  0
-8.127163926282940e-02  7.704168959309041e-01  7.704168959309041e-01  7.704168959309041e-01  7.704168959309041e-01  0
-7.415578195063734e-02  7.608109574042927e-01  7.608109574042927e-01  7.608109574042927e-01  7.608109574042927e-01  0
-6.766296393907663e-02  7.792561039381399e-01  7.792561039381399e-01  7.792561039381399e-01  7.792561039381399e-01  0
-6.173863411039705e-02  8.222539106632073e-01  8.222539106632073e-01  8.222539106632073e-01  8.222539106632073e-01  0
-5.633301764979552e-02  8.734175782327175e-01  8.734175782327175e-01  8.734175782327175e-01  8.734175782327175e-01  0
-5.140069784922175e-02  7.987578578531798e-01  7.987578578531798e-01  7.987578578531798e-01  7.987578578531798e-01  0
-4.690023452696359e-02  8.134056965894113e-01  8.134056965894113e-01  8.134056965894113e-01  8.134056965894113e-01  0
-4.279381585706413e-02  7.989304158620635e-01  7.989304158620635e-01  7.989304158620635e-01  7.989304158620635e-01  0
-3.904694068332362e-02  7.477077497866963e-01  7.477077497866963e-01  7.477077497866963e-01  7.477077497866963e-01  0
-3.562812864876388e-02  6.618815921266906e-01  6.618815921266906e-01  6.618815921266906e-01  6.618815921266906e-01  0
-3.250865570513176e-02  7.744637688091784e-01  7.744637688091784e-01  7.744637688091784e-01  7.744637688091784e-01  0
-2.966231278025493e-02  7.136542891602471e-01  7.136542891602471e-01  7.136542891602471e-01  7.136542891602471e-01  0
-2.706518557563065e-02  6.687672835681947e-01  6.687672835681947e-01  6.687672835681947e-01  6.687672835681947e-01  0
-2.469545364415882e-02  6.412534612785489e-01  6.412534612785489e-01  6.412534612785489e-01  6.412534612785489e-01  0
-2.253320705991821e-02  6.245078823650322e-01  6.245078823650322e-01  6.245078823650322e-01  6.245078823650322e-01  0
-2.056027913968870e-02  9.476677493091470e-01  9.476677493091470e-01  9.476677493091470e-01  9.476677493091470e-01  0
-1.876009381078543e-02  9.474290371245253e-01  9.474290371245253e-01  9.474290371245253e-01  9.474290371245253e-01  0
-1.711752634282565e-02  9.186066838817852e-01  9.186066838817852e-01  9.186066838817852e-01  9.186066838817852e-01  0
-1.561877627332944e-02  8.556607538194781e-01  8.556607538194781e-01  8.556607538194781e-01  8.556607538194781e-01  0
-1.425125145950555e-02  7.616211143452625e-01  7.616211143452625e-01  7.616211143452625e-01  7.616211143452625e-01  0
-1.300346228205270e-02  1.054874839782539e+00  1.054874839782539e+00  1.054874839782539e+00  1.054874839782539e+00  0
-1.186492511210197e-02  9.801549329746994e-01  9.801549329746994e-01  9.801549329746994e-01  9.801549329746994e-01  0
-1.082607423025226e-02  9.231741171861739e-01  9.231741171861739e-01  9.231741171861739e-01  9.231741171861739e-01  0
-9.878181457663527e-03  8.873423106779404e-01  8.873423106779404e-01  8.873423106779404e-01  8.873423106779404e-01  0
-9.013282823967282e-03  8.648284252670615e-01  8.648284252670615e-01  8.648284252670615e-01  8.648284252670615e-01  0
-8.224111655875480e-03  1.167888573211746e+00  1.167888573211746e+00  1.167888573211746e+00  1.167888573211746e+00  0
-7.504037524314174e-03  1.217633548233905e+00  1.217633548233905e+00  1.217633548233905e+00  1.217633548233905e+00  0
-6.847010537130260e-03  1.216800007437498e+00  1.216800007437498e+00  1.216800007437498e+00  1.216800007437498e+00  0
-6.247510509331778e-03  1.159578432029236e+00  1.159578432029236e+00  1.159578432029236e+00  1.159578432029236e+00  0
-5.700500583802221e-03  1.052363280883282e+00  1.052363280883282e+00  1.052363280883282e+00  1.052363280883282e+00  0
-5.201384912821082e-03  8.421223637253443e-01  8.421223637253443e-01  8.421223637253443e-01  8.421223637253443e-01  0
-4.745970044840789e-03  8.547997625145400e-01  8.547997625145400e-01  8.547997625145400e-01  8.547997625145400e-01  0
-4.330429692100905e-03  8.960073126812340e-01  8.960073126812340e-01  8.960073126812340e-01  8.960073126812340e-01  0
-3.951272583065412e-03  9.615106908351041e-01  9.615106908351041e-01  9.615106908351041e-01  9.615106908351041e-01  0
-3.605313129586914e-03  1.035481559566404e+00  1.035481559566404e+00  1.035481559566404e+00  1.035481559566404e+00  0
-3.289644662350192e-03  8.215860793792668e-01  8.215860793792668e-01  8.215860793792668e-01  8.215860793792668e-01  0
-3.001615009725670e-03  8.478533667336154e-01  8.478533667336154e-01  8.478533667336154e-01  8.478533667336154e-01  0
-2.738804214852104e-03  8.472055748582280e-01  8.472055748582280e-01  8.472055748582280e-01  8.472055748582280e-01  0
-2.499004203732711e-03  8.134650152187689e-01  8.134650152187689e-01  8.134650152187689e-01  8.134650152187689e-01  0
-2.280200233520888e-03  7.496299728278285e-01  7.496299728278285e-01  7.496299728278285e-01  7.496299728278285e-01  0
-2.080553965128433e-03  8.099144305311817e-01  8.099144305311817e-01  8.099144305311817e-01  8.099144305311817e-01  0
-1.898388017936316e-03  7.621289859287124e-01  7.621289859287124e-01  7.621289859287124e-01  7.621289859287124e-01  0
-1.732171876840361e-03  7.387129697689131e-01  7.387129697689131e-01  7.387129697689131e-01  7.387129697689131e-01  0
-1.580509033226164e-03  7.433435881765110e-01  7.433435881765110e-01  7.433435881765110e-01  7.433435881765110e-01  0
-1.442125251834765e-03  7.676236754966258e-01  7.676236754966258e-01  7.676236754966258e-01  7.676236754966258e-01  0
-1.315857864940077e-03  8.927003429299722e-01  8.927003429299722e-01  8.927003429299722e-01  8.927003429299722e-01  0
-1.200646003890268e-03  9.274790213475212e-01  9.274790213475212e-01  9.274790213475212e-01  9.274790213475212e-01  0
-1.095521685940842e-03  9.286776939281373e-01  9.286776939281373e-01  9.286776939281373e-01  9.286776939281373e-01  0
-9.996016814930845e-04  8.851340273624937e-01  8.851340273624937e-01  8.851340273624937e-01  8.851340273624937e-01  0
-9.120800934083554e-04  7.980315185083897e-01  7.980315185083897e-01  7.980315185083897e-01  7.980315185083897e-01  0
-8.322215860513730e-04  8.398610867706230e-01  8.398610867706230e-01  8.398610867706230e-01  8.398610867706230e-01  0
-7.593552071745262e-04  8.011489387484720e-01  8.011489387484720e-01  8.011489387484720e-01  8.011489387484720e-01  0
-6.928687507361445e-04  7.859459144391358e-01  7.859459144391358e-01  7.859459144391358e-01  7.859459144391358e-01  0
-6.322036132904656e-04  8.007396176372883e-01  8.007396176372883e-01  8.007396176372883e-01  8.007396176372883e-01  0
-5.768501007339061e-04  8.397774957041158e-01  8.397774957041158e-01  8.397774957041158e-01  8.397774957041158e-01  0
-5.263431459760307e-04  8.959751510889452e-01  8.959751510889452e-01  8.959751510889452e-01  8.959751510889452e-01  0
-4.802584015561072e-04  9.259447554399030e-01  9.259447554399030e-01  9.259447554399030e-01  9.259447554399030e-01  0
-4.382086743763367e-04  9.309120780223978e-01  9.309120780223978e-01  9.309120780223978e-01  9.309120780223978e-01  0
-3.998406725972338e-04  8.990706494920977e-01  8.990706494920977e-01  8.990706494920977e-01  8.990706494920977e-01  0
-3.648320373633421e-04  8.280970783742710e-01  8.280970783742710e-01  8.280970783742710e-01  8.280970783742710e-01  0
-3.328886344205492e-04  8.714149063800340e-01  8.714149063800340e-01  8.714149063800340e-01  8.714149063800340e-01  0
-3.037420828698105e-04  8.367115173481006e-01  8.367115173481006e-01  8.367115173481006e-01  8.367115173481006e-01  0
-2.771475002944578e-04  8.198285373454154e-01  8.198285373454154e-01  8.198285373454154e-01  8.198285373454154e-01  0
-2.528814453161863e-04  8.267080105521872e-01  8.267080105521872e-01  8.267080105521872e-01  8.267080105521872e-01  0
-2.307400402935625e-04  8.541538392621026e-01  8.541538392621026e-01  8.541538392621026e-01  8.541538392621026e-01  0
-2.105372583904123e-04  9.269614745800784e-01  9.269614745800784e-01  9.269614745800784e-01  9.269614745800784e-01  0
-1.921033606224429e-04  9.500040140166702e-01  9.500040140166702e-01  9.500040140166702e-01  9.500040140166702e-01  0
-1.752834697505346e-04  9.532010827208339e-01  9.532010827208339e-01  9.532010827208339e-01  9.532010827208339e-01  0
-1.599362690388935e-04  9.278209111149355e-01  9.278209111149355e-01  9.278209111149355e-01  9.278209111149355e-01  0
-1.459328149453368e-04  8.720793029388419e-01  8.720793029388419e-01  8.720793029388419e-01  8.720793029388419e-01  0
-1.331554537682197e-04  8.998641641505425e-01  8.998641641505425e-01  8.998641641505425e-01  8.998641641505425e-01  0
-1.214968331479242e-04  8.734497269997795e-01  8.734497269997795e-01  8.734497269997795e-01  8.734497269997795e-01  0
-1.108590001177831e-04  8.619734514030780e-01  8.619734514030780e-01  8.619734514030780e-01  8.619734514030780e-01  0
-1.011525781264745e-04  8.688462962115115e-01  8.688462962115115e-01  8.688462962115115e-01  8.688462962115115e-01  0
-9.229601611742499e-05  8.901776920879781e-01  8.901776920879781e-01  8.901776920879781e-01  8.901776920879781e-01  0
-8.421490335616491e-05  9.489395288288769e-01  9.489395288288769e-01  9.489395288288769e-01  9.489395288288769e-01  0
-7.684134424897715e-05  9.670883670052837e-01  9.670883670052837e-01  9.670883670052837e-01  9.670883670052837e-01  0
-7.011338790021387e-05  9.678814871326455e-01  9.678814871326455e-01  9.678814871326455e-01  9.678814871326455e-01  0
-6.397450761555741e-05  9.451052475333608e-01  9.451052475333608e-01  9.451052475333608e-01  9.451052475333608e-01  0
-5.837312597813474e-05  8.981230592979115e-01  8.981230592979115e-01  8.981230592979115e-01  8.981230592979115e-01  0
-5.326218150728787e-05  9.149473800644605e-01  9.149473800644605e-01  9.149473800644605e-01  9.149473800644605e-01  0
-4.859873325916968e-05  8.947885728051943e-01  8.947885728051943e-01  8.947885728051943e-01  8.947885728051943e-01  0
-4.434360004711325e-05  8.881681607273942e-01  8.881681607273942e-01  8.881681607273942e-01  8.881681607273942e-01  0
-4.046103125058980e-05  8.966637612707876e-01  8.966637612707876e-01  8.966637612707876e-01  8.966637612707876e-01  0
-3.691840644696999e-05  9.155565199614421e-01  9.155565199614421e-01  9.155565199614421e-01  9.155565199614421e-01  0
-3.368596134246597e-05  9.595798093293432e-01  9.595798093293432e-01  9.595798093293432e-01  9.595798093293432e-01  0
-3.073653769959086e-05  9.740763794671234e-01  9.740763794671234e-01  9.740763794671234e-01  9.740763794671234e-01  0
-2.804535516008555e-05  9.727640581574434e-01  9.727640581574434e-01  9.727640581574434e-01  9.727640581574434e-01  0
-2.558980304622297e-05  9.509961462627528e-01  9.509961462627528e-01  9.509961462627528e-01  9.509961462627528e-01  0
-2.334925039125390e-05  9.088235003905738e-01  9.088235003905738e-01  9.088235003905738e-01  9.088235003905738e-01  0
-2.130487260291515e-05  9.222358901134624e-01  9.222358901134624e-01  9.222358901134624e-01  9.222358901134624e-01  0
-1.943949330366787e-05  9.061725464607742e-01  9.061725464607742e-01  9.061725464607742e-01  9.061725464607742e-01  0
-1.773744001884530e-05  9.025506651931269e-01  9.025506651931269e-01  9.025506651931269e-01  9.025506651931269e-01  0
-1.618441250023592e-05  9.117792183936199e-01  9.117792183936199e-01  9.117792183936199e-01  9.117792183936199e-01  0
-1.476736257878800e-05  9.286642211847339e-01  9.286642211847339e-01  9.286642211847339e-01  9.286642211847339e-01  0
-1.347438453698639e-05  9.637013722391976e-01  9.637013722391976e-01  9.637013722391976e-01  9.637013722391976e-01  0
-1.229461507983634e-05  9.754269892455424e-01  9.754269892455424e-01  9.754269892455424e-01  9.754269892455424e-01  0
-1.121814206403422e-05  9.725671927206361e-01  9.725671927206361e-01  9.725671927206361e-01  9.725671927206361e-01  0
-1.023592121848918e-05  9.514341160309945e-01  9.514341160309945e-01  9.514341160309945e-01  9.514341160309945e-01  0
-9.339700156501558e-06  9.123759044974470e-01  9.123759044974470e-01  9.123759044974470e-01  9.123759044974470e-01  0
-8.521949041166062e-06  9.255885427223881e-01  9.255885427223881e-01  9.255885427223881e-01  9.255885427223881e-01  0
-7.775797321467150e-06  9.119697875638189e-01  9.119697875638189e-01  9.119697875638189e-01  9.119697875638189e-01  0
-7.094976007538121e-06  9.094574406070463e-01  9.094574406070463e-01  9.094574406070463e-01  9.094574406070463e-01  0
-6.473765000094370e-06  9.174454053661742e-01  9.174454053661742e-01  9.174454053661742e-01  9.174454053661742e-01  0
-5.906945031515200e-06  9.301615512994812e-01  9.301615512994812e-01  9.301615512994812e-01  9.301615512994812e-01  0
-5.389753814794554e-06  9.646247039993439e-01  9.646247039993439e-01  9.646247039993439e-01  9.646247039993439e-01  0
-4.917846031934537e-06  9.742268129254185e-01  9.742268129254185e-01  9.742268129254185e-01  9.742268129254185e-01  0
-4.487256825613687e-06  9.702970181460517e-01  9.702970181460517e-01  9.702970181460517e-01  9.702970181460517e-01  0
-4.094368487395674e-06  9.497505189394800e-01  9.497505189394800e-01  9.497505189394800e-01  9.497505189394800e-01  0
-3.735880062600623e-06  9.130086342786932e-01  9.130086342786932e-01  9.130086342786932e-01  9.130086342786932e-01  0
-3.408779616466424e-06  9.274015622330725e-01  9.274015622330725e-01  9.274015622330725e-01  9.274015622330725e-01  0
-3.110318928586860e-06  9.157078861282393e-01  9.157078861282393e-01  9.157078861282393e-01  9.157078861282393e-01  0
-2.837990403015248e-06  9.142186815723897e-01  9.142186815723897e-01  9.142186815723897e-01  9.142186815723897e-01  0
-2.589506000037748e-06  9.218469038640882e-01  9.218469038640882e-01  9.218469038640882e-01  9.218469038640882e-01  0
-2.362778012606080e-06  9.327800775275357e-01  9.327800775275357e-01  9.327800775275357e-01  9.327800775275357e-01  0
-2.155901525917819e-06  9.641891709419440e-01  9.641891709419440e-01  9.641891709419440e-01  9.641891709419440e-01  0
-1.967138412773812e-06  9.721167466966729e-01  9.721167466966729e-01  9.721167466966729e-01  9.721167466966729e-01  0
-1.794902730245472e-06  9.674348876318257e-01  9.674348876318257e-01  9.674348876318257e-01  9.674348876318257e-01  0
-1.637747394958267e-06  9.474534129699025e-01  9.474534129699025e-01  9.474534129699025e-01  9.474534129699025e-01  0
-1.494352025040247e-06  9.125517006590940e-01  9.125517006590940e-01  9.125517006590940e-01  9.125517006590940e-01  0
-1.363511846586567e-06  9.281087679769541e-01  9.281087679769541e-01  9.281087679769541e-01  9.281087679769541e-01  0
-1.244127571434742e-06  9.173524765561243e-01  9.173524765561243e-01  9.173524765561243e-01  9.173524765561243e-01  0
-1.135196161206098e-06  9.153753683592193e-01  9.153753683592193e-01  9.153753683592193e-01  9.153753683592193e-01  0
-1.035802400015097e-06  9.202672495379705e-01  9.202672495379705e-01  9.202672495379705e-01  9.202672495379705e-01  0
-9.451112050424303e-07  9.255532273118884e-01  9.255532273118884e-01  9.255532273118884e-01  9.255532273118884e-01  0
-8.623606103671273e-07  9.630660092289662e-01  9.630660092289662e-01  9.630660092289662e-01  9.630660092289662e-01  0
-7.868553651095247e-07  9.696707239470320e-01  9.696707239470320e-01  9.696707239470320e-01  9.696707239470320e-01  0
-7.179610920981888e-07  9.644928439482281e-01  9.644928439482281e-01  9.644928439482281e-01  9.644928439482281e-01  0
-6.550989579833068e-07  9.451028033670502e-01  9.451028033670502e-01  9.451028033670502e-01  9.451028033670502e-01  0
-5.977408100160987e-07  9.117742770634674e-01  9.117742770634674e-01  9.117742770634674e-01  9.117742770634674e-01  0
-5.454047386346270e-07  9.287342344735353e-01  9.287342344735353e-01  9.287342344735353e-01  9.287342344735353e-01  0
-4.976510285738967e-07  9.191129457252422e-01  9.191129457252422e-01  9.191129457252422e-01  9.191129457252422e-01  0
-4.540784644824390e-07  9.175288505135072e-01  9.175288505135072e-01  9.175288505135072e-01  9.175288505135072e-01  0
-4.143209600060390e-07  9.218654902313487e-01  9.218654902313487e-01  9.218654902313487e-01  9.218654902313487e-01  0
-3.780444820169721e-07  9.257548927413322e-01  9.257548927413322e-01  9.257548927413322e-01  9.257548927413322e-01  0
-3.449442441468510e-07  9.615854982090158e-01  9.615854982090158e-01  9.615854982090158e-01  9.615854982090158e-01  0
-3.147421460438099e-07  9.671207660018104e-01  9.671207660018104e-01  9.671207660018104e-01  9.671207660018104e-01  0
-2.871844368392756e-07  9.616287098144053e-01  9.616287098144053e-01  9.616287098144053e-01  9.616287098144053e-01  0
-2.620395831933227e-07  9.428467170906616e-01  9.428467170906616e-01  9.428467170906616e-01  9.428467170906616e-01  0
-2.390963240064395e-07  9.109033615341952e-01  9.109033615341952e-01  9.109033615341952e-01  9.109033615341952e-01  0
-2.181618954538508e-07  9.291240841522256e-01  9.291240841522256e-01  9.291240841522256e-01  9.291240841522256e-01  0
-1.990604114295587e-07  9.204323152822957e-01  9.204323152822957e-01  9.204323152822957e-01  9.204323152822957e-01  0
-1.816313857929756e-07  9.190766946841787e-01  9.190766946841787e-01  9.190766946841787e-01  9.190766946841787e-01  0
-1.657283840024156e-07  9.228163018851570e-01  9.228163018851570e-01  9.228163018851570e-01  9.228163018851570e-01  0
-1.512177928067889e-07  9.254307404232380e-01  9.254307404232380e-01  9.254307404232380e-01  9.254307404232380e-01  0
-1.379776976587404e-07  9.598120928302238e-01  9.598120928302238e-01  9.598120928302238e-01  9.598120928302238e-01  0
-1.258968584175239e-07  9.644443234302662e-01  9.644443234302662e-01  9.644443234302662e-01  9.644443234302662e-01  0
-1.148737747357102e-07  9.587875535113476e-01  9.587875535113476e-01  9.587875535113476e-01  9.587875535113476e-01  0
-1.048158332773291e-07  9.406661433737425e-01  9.406661433737425e-01  9.406661433737425e-01  9.406661433737425e-01  0
-9.563852960257580e-08  9.100215487189721e-01  9.100215487189721e-01  9.100215487189721e-01  9.100215487189721e-01  0
-8.726475818154030e-08  9.294701859892933e-01  9.294701859892933e-01  9.294701859892933e-01  9.294701859892933e-01  0
-7.962416457182346e-08  9.215673910449320e-01  9.215673910449320e-01  9.215673910449320e-01  9.215673910449320e-01  0
-7.265255431719022e-08  9.202658400126134e-01  9.202658400126134e-01  9.202658400126134e-01  9.202658400126134e-01  0
-6.629135360096623e-08  9.232807879910577e-01  9.232807879910577e-01  9.232807879910577e-01  9.232807879910577e-01  0
-6.048711712271553e-08  9.245955692809793e-01  9.245955692809793e-01  9.245955692809793e-01  9.245955692809793e-01  0
-5.519107906349615e-08  9.577228100007493e-01  9.577228100007493e-01  9.577228100007493e-01  9.577228100007493e-01  0
-5.035874336700958e-08  9.615114230492766e-01  9.615114230492766e-01  9.615114230492766e-01  9.615114230492766e-01  0
-4.594950989428408e-08  9.558400385804463e-01  9.558400385804463e-01  9.558400385804463e-01  9.558400385804463e-01  0
-4.192633331093163e-08  9.385255218434142e-01  9.385255218434142e-01  9.385255218434142e-01  9.385255218434142e-01  0
-3.825541184103032e-08  9.092427893083760e-01  9.092427893083760e-01  9.092427893083760e-01  9.092427893083760e-01  0
-3.490590327261613e-08  9.301511991187121e-01  9.301511991187121e-01  9.301511991187121e-01  9.301511991187121e-01  0
-3.184966582872939e-08  9.230360684702972e-01  9.230360684702972e-01  9.230360684702972e-01  9.230360684702972e-01  0
-2.906102172687609e-08  9.216050012829213e-01  9.216050012829213e-01  9.216050012829213e-01  9.216050012829213e-01  0
-2.651654144038649e-08  9.236503488636956e-01  9.236503488636956e-01  9.236503488636956e-01  9.236503488636956e-01  0
-2.419484684908621e-08  9.234845461035643e-01  9.234845461035643e-01  9.234845461035643e-01  9.234845461035643e-01  0
-2.207643162539846e-08  9.550045109456199e-01  9.550045109456199e-01  9.550045109456199e-01  9.550045109456199e-01  0
-2.014349734680383e-08  9.578314715146458e-01  9.578314715146458e-01  9.578314715146458e-01  9.578314715146458e-01  0
-1.837980395771363e-08  9.523726316266923e-01  9.523726316266923e-01  9.523726316266923e-01  9.523726316266923e-01  0
-1.677053332437265e-08  9.362774611629185e-01  9.362774611629185e-01  9.362774611629185e-01  9.362774611629185e-01  0
-1.530216473641213e-08  9.087658154098414e-01  9.087658154098414e-01  9.087658154098414e-01  9.087658154098414e-01  0
-1.396236130904645e-08  9.318413743360147e-01  9.318413743360147e-01  9.318413743360147e-01  9.318413743360147e-01  0
-1.273986633149176e-08  9.257678774565364e-01  9.257678774565364e-01  9.257678774565364e-01  9.257678774565364e-01  0
-1.162440869075044e-08  9.239103745271781e-01  9.239103745271781e-01  9.239103745271781e-01  9.239103745271781e-01  0
-1.060661657615460e-08  9.243727868239778e-01  9.243727868239778e-01  9.243727868239778e-01  9.243727868239778e-01  0
-9.677938739634486e-09  9.220991189841263e-01  9.220991189841263e-01  9.220991189841263e-01  9.220991189841263e-01  0
-8.830572650159383e-09  9.508761986830572e-01  9.508761986830572e-01  9.508761986830572e-01  9.508761986830572e-01  0
-8.057398938721533e-09  9.521823572367675e-01  9.521823572367675e-01  9.521823572367675e-01  9.521823572367675e-01  0
-7.351921583085453e-09  9.473299506314696e-01  9.473299506314696e-01  9.473299506314696e-01  9.473299506314696e-01  0
-6.708213329749061e-09  9.334783899352108e-01  9.334783899352108e-01  9.334783899352108e-01  9.334783899352108e-01  0
-6.120865894564850e-09  9.089326771513447e-01  9.089326771513447e-01  9.089326771513447e-01  9.089326771513447e-01  0
-5.584944523618580e-09  9.357981748200668e-01  9.357981748200668e-01  9.357981748200668e-01  9.357981748200668e-01  0
-5.095946532596702e-09  9.317412059140436e-01  9.317412059140436e-01  9.317412059140436e-01  9.317412059140436e-01  0
-4.649763476300175e-09  9.289899925301347e-01  9.289899925301347e-01  9.289899925301347e-01  9.289899925301347e-01  0
-4.242646630461839e-09  9.264436298591757e-01  9.264436298591757e-01  9.264436298591757e-01  9.264436298591757e-01  0
-3.871175495853794e-09  9.204076469396280e-01  9.204076469396280e-01  9.204076469396280e-01  9.204076469396280e-01  0
-3.532229060063754e-09  9.441476000360601e-01  9.441476000360601e-01  9.441476000360601e-01  9.441476000360601e-01  0
-3.222959575488613e-09  9.420069419083937e-01  9.420069419083937e-01  9.420069419083937e-01  9.420069419083937e-01  0
-2.940768633234181e-09  9.382180492397051e-01  9.382180492397051e-01  9.382180492397051e-01  9.382180492397051e-01  0
-2.683285331899625e-09  9.288561339859733e-01  9.288561339859733e-01  9.288561339859733e-01  9.288561339859733e-01  0
-2.448346357825941e-09  9.102426637371043e-01  9.102426637371043e-01  9.102426637371043e-01  9.102426637371043e-01  0
-2.233977809447432e-09  9.431043860542875e-01  9.431043860542875e-01  9.431043860542875e-01  9.431043860542875e-01  0
-2.038378613038681e-09  9.445198438253658e-01  9.445198438253658e-01  9.445198438253658e-01  9.445198438253658e-01  0
-1.859905390520070e-09  9.408327942665173e-01  9.408327942665173e-01  9.408327942665173e-01  9.408327942665173e-01  0
-1.697058652184735e-09  9.324945416792383e-01  9.324945416792383e-01  9.324945416792383e-01  9.324945416792383e-01  0
-1.548470198341518e-09  9.187777895660932e-01  9.187777895660932e-01  9.187777895660932e-01  9.187777895660932e-01  0
-1.412891624025501e-09  9.361453234544241e-01  9.361453234544241e-01  9.361453234544241e-01  9.361453234544241e-01  0
-1.289183830195445e-09  9.241284859407590e-01  9.241284859407590e-01  9.241284859407590e-01  9.241284859407590e-01  0
-1.176307453293673e-09  9.200666168173178e-01  9.200666168173178e-01  9.200666168173178e-01  9.200666168173178e-01  0
-1.073314132759850e-09  9.186638477062954e-01  9.186638477062954e-01  9.186638477062954e-01  9.186638477062954e-01  0
-9.793385431303761e-10  9.122657506829051e-01  9.122657506829051e-01  9.122657506829051e-01  9.122657506829051e-01  0
-8.935911237789728e-10  9.462949102028544e-01  9.462949102028544e-01  9.462949102028544e-01  9.462949102028544e-01  0
-8.153514452154724e-10  9.646953130557256e-01  9.646953130557256e-01  9.646953130557256e-01  9.646953130557256e-01  0
-7.439621562080280e-10  9.653430935417210e-01  9.653430935417210e-01  9.653430935417210e-01  9.653430935417210e-01  0
-6.788234608738942e-10  9.493938089217673e-01  9.493938089217673e-01  9.493938089217673e-01  9.493938089217673e-01  0
-6.193880793366070e-10  9.212988673677681e-01  9.212988673677681e-01  9.212988673677681e-01  9.212988673677681e-01  0
-5.651566496102005e-10  9.386114974956902e-01  9.386114974956902e-01  9.386114974956902e-01  9.386114974956902e-01  0
-5.156735320781780e-10  9.040381004867498e-01  9.040381004867498e-01  9.040381004867498e-01  9.040381004867498e-01  0
-4.705229813174689e-10  8.898381191419689e-01  8.898381191419689e-01  8.898381191419689e-01  8.898381191419689e-01  0
-4.293256531039398e-10  8.949440054398703e-01  8.949440054398703e-01  8.949440054398703e-01  8.949440054398703e-01  0
-3.917354172521504e-10  9.082247305215372e-01  9.082247305215372e-01  9.082247305215372e-01  9.082247305215372e-01  0
3.917354172521504e-10  4.149523099560191e-01  4.149523099560191e-01  4.149523099560191e-01  4.149523099560191e-01  0
4.293256531039398e-10  3.822891260687423e-01  3.822891260687423e-01  3.822891260687423e-01  3.822891260687423e-01  0
4.705229813174689e-10  3.753577704915075e-01  3.753577704915075e-01  3.753577704915075e-01  3.753577704915075e-01  0
5.156735320781780e-10  3.973266169658455e-01  3.973266169658455e-01  3.973266169658455e-01  3.973266169658455e-01  0
5.651566496102005e-10  4.401709305582541e-01  4.401709305582541e-01  4.401709305582541e-01  4.401709305582541e-01  0
6.193880793366070e-10  4.473476630790287e-01  4.473476630790287e-01  4.473476630790287e-01  4.473476630790287e-01  0
6.788234608738942e-10  4.974939994658685e-01  4.974939994658685e-01  4.974939994658685e-01  4.974939994658685e-01  0
7.439621562080280e-10  5.137056068282428e-01  5.137056068282428e-01  5.137056068282428e-01  5.137056068282428e-01  0
8.153514452154724e-10  4.960438091373808e-01  4.960438091373808e-01  4.960438091373808e-01  4.960438091373808e-01  0
8.935911237789728e-10  4.548552860498650e-01  4.548552860498650e-01  4.548552860498650e-01  4.548552860498650e-01  0
9.793385431303761e-10  4.164770334950921e-01  4.164770334950921e-01  4.164770334950921e-01  4.164770334950921e-01  0
1.073314132759850e-09  3.836744001308295e-01  3.836744001308295e-01  3.836744001308295e-01  3.836744001308295e-01  0
1.176307453293673e-09  3.763194157419477e-01  3.763194157419477e-01  3.763194157419477e-01  3.763194157419477e-01  0
1.289183830195445e-09  3.976666959342463e-01  3.976666959342463e-01  3.976666959342463e-01  3.976666959342463e-01  0
1.412891624025501e-09  4.397494699637532e-01  4.397494699637532e-01  4.397494699637532e-01  4.397494699637532e-01  0
1.548470198341518e-09  4.464855762821112e-01  4.464855762821112e-01  4.464855762821112e-01  4.464855762821112e-01  0
1.697058652184735e-09  4.970104279918608e-01  4.970104279918608e-01  4.970104279918608e-01  4.970104279918608e-01  0
1.859905390520070e-09  5.137508305931089e-01  5.137508305931089e-01  5.137508305931089e-01  5.137508305931089e-01  0
2.038378613038681e-09  4.966269430822728e-01  4.966269430822728e-01  4.966269430822728e-01  4.966269430822728e-01  0
2.233977809447432e-09  4.558382799864769e-01  4.558382799864769e-01  4.558382799864769e-01  4.558382799864769e-01  0
2.448346357825941e-09  4.175685581822622e-01  4.175685581822622e-01  4.175685581822622e-01  4.175685581822622e-01  0
2.683285331899625e-09  3.844686067634404e-01  3.844686067634404e-01  3.844686067634404e-01  3.844686067634404e-01  0
2.940768633234181e-09  3.765186298708635e-01  3.765186298708635e-01  3.765186298708635e-01  3.765186298708635e-01  0
3.222959575488613e-09  3.971012948675532e-01  3.971012948675532e-01  3.971012948675532e-01  3.971012948675532e-01  0
3.532229060063754e-09  4.383679638722002e-01  4.383679638722002e-01  4.383679638722002e-01  4.383679638722002e-01  0
3.871175495853794e-09  4.454930662034893e-01  4.454930662034893e-01  4.454930662034893e-01  4.454930662034893e-01  0
4.242646630461839e-09  4.964344837493524e-01  4.964344837493524e-01  4.964344837493524e-01  4.964344837493524e-01  0
4.649763476300175e-09  5.137587877902621e-01  5.137587877902621e-01  5.137587877902621e-01  5.137587877902621e-01  0
5.095946532596702e-09  4.972145093111475e-01  4.972145093111475e-01  4.972145093111475e-01  4.972145093111475e-01  0
5.584944523618580e-09  4.568188813100261e-01  4.568188813100261e-01  4.568188813100261e-01  4.568188813100261e-01  0
6.120865894564850e-09  4.186942061100596e-01  4.186942061100596e-01  4.186942061100596e-01  4.186942061100596e-01  0
6.708213329749061e-09  3.853106172739064e-01  3.853106172739064e-01  3.853106172739064e-01  3.853106172739064e-01  0
7.351921583085453e-09  3.767825986820411e-01  3.767825986820411e-01  3.767825986820411e-01  3.767825986820411e-01  0
8.057398938721533e-09  3.966759154614359e-01  3.966759154614359e-01  3.966759154614359e-01  3.966759154614359e-01  0
8.830572650159383e-09  4.373364898474525e-01  4.373364898474525e-01  4.373364898474525e-01  4.373364898474525e-01  0
9.677938739634486e-09  4.443377337093803e-01  4.443377337093803e-01  4.443377337093803e-01  4.443377337093803e-01  0
1.060661657615460e-08  4.957386092992654e-01  4.957386092992654e-01  4.957386092992654e-01  4.957386092992654e-01  0
1.162440869075044e-08  5.137193774626444e-01  5.137193774626444e-01  5.137193774626444e-01  5.137193774626444e-01  0
1.273986633149176e-08  4.978325628448930e-01  4.978325628448930e-01  4.978325628448930e-01  4.978325628448930e-01  0
1.396236130904645e-08  4.578831448506395e-01  4.578831448506395e-01  4.578831448506395e-01  4.578831448506395e-01  0
1.530216473641213e-08  4.199430023514579e-01  4.199430023514579e-01  4.199430023514579e-01  4.199430023514579e-01  0
1.677053332437265e-08  3.862888558330557e-01  3.862888558330557e-01  3.862888558330557e-01  3.862888558330557e-01  0
1.837980395771363e-08  3.771730715699024e-01  3.771730715699024e-01  3.771730715699024e-01  3.771730715699024e-01  0
2.014349734680383e-08  3.963835833151901e-01  3.963835833151901e-01  3.963835833151901e-01  3.963835833151901e-01  0
2.207643162539846e-08  4.365078494564905e-01  4.365078494564905e-01  4.365078494564905e-01  4.365078494564905e-01  0
2.419484684908621e-08  4.429699505499539e-01  4.429699505499539e-01  4.429699505499539e-01  4.429699505499539e-01  0
2.651654144038649e-08  4.948792867896751e-01  4.948792867896751e-01  4.948792867896751e-01  4.948792867896751e-01  0
2.906102172687609e-08  5.136031399025475e-01  5.136031399025475e-01  5.136031399025475e-01  5.136031399025475e-01  0
3.184966582872939e-08  4.984718675596044e-01  4.984718675596044e-01  4.984718675596044e-01  4.984718675596044e-01  0
3.490590327261613e-08  4.590452556918931e-01  4.590452556918931e-01  4.590452556918931e-01  4.590452556918931e-01  0
3.825541184103032e-08  4.213405171038113e-01  4.213405171038113e-01  4.213405171038113e-01  4.213405171038113e-01  0
4.192633331093163e-08  3.874143847224525e-01  3.874143847224525e-01  3.874143847224525e-01  3.874143847224525e-01  0
4.594950989428408e-08  3.776634918806462e-01  3.776634918806462e-01  3.776634918806462e-01  3.776634918806462e-01  0
5.035874336700958e-08  3.961335306672358e-01  3.961335306672358e-01  3.961335306672358e-01  3.961335306672358e-01  0
5.519107906349615e-08  4.356960370213719e-01  4.356960370213719e-01  4.356960370213719e-01  4.356960370213719e-01  0
6.048711712271553e-08  4.413252951973159e-01  4.413252951973159e-01  4.413252951973159e-01  4.413252951973159e-01  0
6.629135360096623e-08  4.938018076783161e-01  4.938018076783161e-01  4.938018076783161e-01  4.938018076783161e-01  0
7.265255431719022e-08  5.133747710436612e-01  5.133747710436612e-01  5.133747710436612e-01  5.133747710436612e-01  0
7.962416457182346e-08  4.991211008061426e-01  4.991211008061426e-01  4.991211008061426e-01  4.991211008061426e-01  0
8.726475818154030e-08  4.603158645468509e-01  4.603158645468509e-01  4.603158645468509e-01  4.603158645468509e-01  0
9.563852960257580e-08  4.229169417829869e-01  4.229169417829869e-01  4.229169417829869e-01  4.229169417829869e-01  0
1.048158332773291e-07  3.887084863487619e-01  3.887084863487619e-01  3.887084863487619e-01  3.887084863487619e-01  0
1.148737747357102e-07  3.782458153338830e-01  3.782458153338830e-01  3.782458153338830e-01  3.782458153338830e-01  0
1.258968584175239e-07  3.958724035571060e-01  3.958724035571060e-01  3.958724035571060e-01  3.958724035571060e-01  0
1.379776976587404e-07  4.347928625179832e-01  4.347928625179832e-01  4.347928625179832e-01  4.347928625179832e-01  0
1.512177928067889e-07  4.393183328609436e-01  4.393183328609436e-01  4.393183328609436e-01  4.393183328609436e-01  0
1.657283840024156e-07  4.924344460665394e-01  4.924344460665394e-01  4.924344460665394e-01  4.924344460665394e-01  0
1.816313857929756e-07  5.129900164156367e-01  5.129900164156367e-01  5.129900164156367e-01  5.129900164156367e-01  0
1.990604114295587e-07  4.997694137610061e-01  4.997694137610061e-01  4.997694137610061e-01  4.997694137610061e-01  0
2.181618954538508e-07  4.617132736755450e-01  4.617132736755450e-01  4.617132736755450e-01  4.617132736755450e-01  0
2.390963240064395e-07  4.247116917290806e-01  4.247116917290806e-01  4.247116917290806e-01  4.247116917290806e-01  0
2.620395831933227e-07  3.902089184332121e-01  3.902089184332121e-01  3.902089184332121e-01  3.902089184332121e-01  0
2.871844368392756e-07  3.789318724276096e-01  3.789318724276096e-01  3.789318724276096e-01  3.789318724276096e-01  0
3.147421460438099e-07  3.955710065547093e-01  3.955710065547093e-01  3.955710065547093e-01  3.955710065547093e-01  0
3.449442441468510e-07  4.337256365262631e-01  4.337256365262631e-01  4.337256365262631e-01  4.337256365262631e-01  0
3.780444820169721e-07  4.368135902231457e-01  4.368135902231457e-01  4.368135902231457e-01  4.368135902231457e-01  0
4.143209600060390e-07  4.906616517371409e-01  4.906616517371409e-01  4.906616517371409e-01  4.906616517371409e-01  0
4.540784644824390e-07  5.123734366054208e-01  5.123734366054208e-01  5.123734366054208e-01  5.123734366054208e-01  0
4.976510285738967e-07  5.003909112362910e-01  5.003909112362910e-01  5.003909112362910e-01  5.003909112362910e-01  0
5.454047386346270e-07  4.632557480619226e-01  4.632557480619226e-01  4.632557480619226e-01  4.632557480619226e-01  0
5.977408100160987e-07  4.266486634808286e-01  4.266486634808286e-01  4.266486634808286e-01  4.266486634808286e-01  0
6.550989579833068e-07  3.918754698514588e-01  3.918754698514588e-01  3.918754698514588e-01  3.918754698514588e-01  0
7.179610920981888e-07  3.796806166787823e-01  3.796806166787823e-01  3.796806166787823e-01  3.796806166787823e-01  0
7.868553651095247e-07  3.951617501808486e-01  3.951617501808486e-01  3.951617501808486e-01  3.951617501808486e-01  0
8.623606103671273e-07  4.323930874886044e-01  4.323930874886044e-01  4.323930874886044e-01  4.323930874886044e-01  0
9.451112050424303e-07  4.334573397083822e-01  4.334573397083822e-01  4.334573397083822e-01  4.334573397083822e-01  0
1.035802400015097e-06  4.881312503972329e-01  4.881312503972329e-01  4.881312503972329e-01  4.881312503972329e-01  0
1.135196161206098e-06  5.112209295909902e-01  5.112209295909902e-01  5.112209295909902e-01  5.112209295909902e-01  0
1.244127571434742e-06  5.007609909300315e-01  5.007609909300315e-01  5.007609909300315e-01  5.007609909300315e-01  0
1.363511846586567e-06  4.648049798095216e-01  4.648049798095216e-01  4.648049798095216e-01  4.648049798095216e-01  0
1.494352025040247e-06  4.290232478159879e-01  4.290232478159879e-01  4.290232478159879e-01  4.290232478159879e-01  0
1.637747394958267e-06  3.939398567756361e-01  3.939398567756361e-01  3.939398567756361e-01  3.939398567756361e-01  0
1.794902730245472e-06  3.806037645248315e-01  3.806037645248315e-01  3.806037645248315e-01  3.806037645248315e-01  0
1.967138412773812e-06  3.946088437702743e-01  3.946088437702743e-01  3.946088437702743e-01  3.946088437702743e-01  0
2.155901525917819e-06  4.306203801663774e-01  4.306203801663774e-01  4.306203801663774e-01  4.306203801663774e-01  0
2.362778012606080e-06  4.541149182218288e-01  4.541149182218288e-01  4.541149182218288e-01  4.541149182218288e-01  0
2.589506000037748e-06  4.976175073057746e-01  4.976175073057746e-01  4.976175073057746e-01  4.976175073057746e-01  0
2.837990403015248e-06  5.156830938938208e-01  5.156830938938208e-01  5.156830938938208e-01  5.156830938938208e-01  0
3.110318928586860e-06  5.037359170040735e-01  5.037359170040735e-01  5.037359170040735e-01  5.037359170040735e-01  0
3.408779616466424e-06  4.677155132247217e-01  4.677155132247217e-01  4.677155132247217e-01  4.677155132247217e-01  0
3.735880062600623e-06  4.321798302033523e-01  4.321798302033523e-01  4.321798302033523e-01  4.321798302033523e-01  0
4.094368487395674e-06  3.967722012349444e-01  3.967722012349444e-01  3.967722012349444e-01  3.967722012349444e-01  0
4.487256825613687e-06  3.820203118062899e-01  3.820203118062899e-01  3.820203118062899e-01  3.820203118062899e-01  0
4.917846031934537e-06  3.941399599727116e-01  3.941399599727116e-01  3.941399599727116e-01  3.941399599727116e-01  0
5.389753814794554e-06  4.285495550384711e-01  4.285495550384711e-01  4.285495550384711e-01  4.285495550384711e-01  0
5.906945031515200e-06  4.500767968352192e-01  4.500767968352192e-01  4.500767968352192e-01  4.500767968352192e-01  0
6.473765000094370e-06  4.942176646933656e-01  4.942176646933656e-01  4.942176646933656e-01  4.942176646933656e-01  0
7.094976007538121e-06  5.140628532729046e-01  5.140628532729046e-01  5.140628532729046e-01  5.140628532729046e-01  0
7.775797321467150e-06  5.043638400533609e-01  5.043638400533609e-01  5.043638400533609e-01  5.043638400533609e-01  0
8.521949041166062e-06  4.702186829926066e-01  4.702186829926066e-01  4.702186829926066e-01  4.702186829926066e-01  0
9.339700156501558e-06  4.367173400849093e-01  4.367173400849093e-01  4.367173400849093e-01  4.367173400849093e-01  0
1.023592121848918e-05  4.009871419992390e-01  4.009871419992390e-01  4.009871419992390e-01  4.009871419992390e-01  0
1.121814206403422e-05  3.844111644464887e-01  3.844111644464887e-01  3.844111644464887e-01  3.844111644464887e-01  0
1.229461507983634e-05  3.940177608318811e-01  3.940177608318811e-01  3.940177608318811e-01  3.940177608318811e-01  0
1.347438453698639e-05  4.262266816999032e-01  4.262266816999032e-01  4.262266816999032e-01  4.262266816999032e-01  0
1.476736257878800e-05  4.579502575199778e-01  4.579502575199778e-01  4.579502575199778e-01  4.579502575199778e-01  0
1.618441250023592e-05  4.966084527883183e-01  4.966084527883183e-01  4.966084527883183e-01  4.966084527883183e-01  0
1.773744001884530e-05  5.152684573185171e-01  5.152684573185171e-01  5.152684573185171e-01  5.152684573185171e-01  0
1.943949330366787e-05  5.067906896202854e-01  5.067906896202854e-01  5.067906896202854e-01  5.067906896202854e-01  0
2.130487260291515e-05  4.743893138837964e-01  4.743893138837964e-01  4.743893138837964e-01  4.743893138837964e-01  0
2.334925039125390e-05  4.439498496015832e-01  4.439498496015832e-01  4.439498496015832e-01  4.439498496015832e-01  0
2.558980304622297e-05  4.079297251005781e-01  4.079297251005781e-01  4.079297251005781e-01  4.079297251005781e-01  0
2.804535516008555e-05  3.888744811674597e-01  3.888744811674597e-01  3.888744811674597e-01  3.888744811674597e-01  0
3.073653769959086e-05  3.949306326843795e-01  3.949306326843795e-01  3.949306326843795e-01  3.949306326843795e-01  0
3.368596134246597e-05  4.239240223691055e-01  4.239240223691055e-01  4.239240223691055e-01  4.239240223691055e-01  0
3.691840644696999e-05  4.530621917058070e-01  4.530621917058070e-01  4.530621917058070e-01  4.530621917058070e-01  0
4.046103125058980e-05  4.919926265145652e-01  4.919926265145652e-01  4.919926265145652e-01  4.919926265145652e-01  0
4.434360004711325e-05  5.134318560434613e-01  5.134318560434613e-01  5.134318560434613e-01  5.134318560434613e-01  0
4.859873325916968e-05  5.090042502755250e-01  5.090042502755250e-01  5.090042502755250e-01  5.090042502755250e-01  0
5.326218150728787e-05  4.802577824567919e-01  4.802577824567919e-01  4.802577824567919e-01  4.802577824567919e-01  0
5.837312597813474e-05  4.556781096754614e-01  4.556781096754614e-01  4.556781096754614e-01  4.556781096754614e-01  0
6.397450761555741e-05  4.197395247086808e-01  4.197395247086808e-01  4.197395247086808e-01  4.197395247086808e-01  0
7.011338790021387e-05  3.973609509134775e-01  3.973609509134775e-01  3.973609509134775e-01  3.973609509134775e-01  0
7.684134424897715e-05  3.982741016579390e-01  3.982741016579390e-01  3.982741016579390e-01  3.982741016579390e-01  0
8.421490335616491e-05  4.223846325558180e-01  4.223846325558180e-01  4.223846325558180e-01  4.223846325558180e-01  0
9.229601611742499e-05  4.472419286967654e-01  4.472419286967654e-01  4.472419286967654e-01  4.472419286967654e-01  0
1.011525781264745e-04  4.860348134108087e-01  4.860348134108087e-01  4.860348134108087e-01  4.860348134108087e-01  0
1.108590001177831e-04  5.112222392677325e-01  5.112222392677325e-01  5.112222392677325e-01  5.112222392677325e-01  0
1.214968331479242e-04  5.127487699159802e-01  5.127487699159802e-01  5.127487699159802e-01  5.127487699159802e-01  0
1.331554537682197e-04  4.896917737423092e-01  4.896917737423092e-01  4.896917737423092e-01  4.896917737423092e-01  0
1.459328149453368e-04  4.715108457473756e-01  4.715108457473756e-01  4.715108457473756e-01  4.715108457473756e-01  0
1.599362690388935e-04  4.374647681929268e-01  4.374647681929268e-01  4.374647681929268e-01  4.374647681929268e-01  0
1.752834697505346e-04  4.114782771614736e-01  4.114782771614736e-01  4.114782771614736e-01  4.114782771614736e-01  0
1.921033606224429e-04  4.053783389715540e-01  4.053783389715540e-01  4.053783389715540e-01  4.053783389715540e-01  0
2.105372583904123e-04  4.221776423844535e-01  4.221776423844535e-01  4.221776423844535e-01  4.221776423844535e-01  0
2.307400402935625e-04  4.400656395497546e-01  4.400656395497546e-01  4.400656395497546e-01  4.400656395497546e-01  0
2.528814453161863e-04  4.762731395165035e-01  4.762731395165035e-01  4.762731395165035e-01  4.762731395165035e-01  0
2.771475002944578e-04  5.053295772460245e-01  5.053295772460245e-01  5.053295772460245e-01  5.053295772460245e-01  0
3.037420828698105e-04  5.151732864067553e-01  5.151732864067553e-01  5.151732864067553e-01  5.151732864067553e-01  0
3.328886344205492e-04  5.012440769474317e-01  5.012440769474317e-01  5.012440769474317e-01  5.012440769474317e-01  0
3.648320373633421e-04  4.804569942655973e-01  4.804569942655973e-01  4.804569942655973e-01  4.804569942655973e-01  0
3.998406725972338e-04  4.534452168946618e-01  4.534452168946618e-01  4.534452168946618e-01  4.534452168946618e-01  0
4.382086743763367e-04  4.264004188302122e-01  4.264004188302122e-01  4.264004188302122e-01  4.264004188302122e-01  0
4.802584015561072e-04  4.129865751480395e-01  4.129865751480395e-01  4.129865751480395e-01  4.129865751480395e-01  0
5.263431459760307e-04  4.202407507483669e-01  4.202407507483669e-01  4.202407507483669e-01  4.202407507483669e-01  0
5.768501007339061e-04  4.158724209324813e-01  4.158724209324813e-01  4.158724209324813e-01  4.158724209324813e-01  0
6.322036132904656e-04  4.484771921393800e-01  4.484771921393800e-01  4.484771921393800e-01  4.484771921393800e-01  0
6.928687507361445e-04  4.813564486507477e-01  4.813564486507477e-01  4.813564486507477e-01  4.813564486507477e-01  0
7.593552071745262e-04  5.019073958193551e-01  5.019073958193551e-01  5.019073958193551e-01  5.019073958193551e-01  0
8.322215860513730e-04  5.019093658957796e-01  5.019093658957796e-01  5.019093658957796e-01  5.019093658957796e-01  0
9.120800934083554e-04  4.640065743680664e-01  4.640065743680664e-01  4.640065743680664e-01  4.640065743680664e-01  0
9.996016814930845e-04  4.496987989143663e-01  4.496987989143663e-01  4.496987989143663e-01  4.496987989143663e-01  0
1.095521685940842e-03  4.271758489791000e-01  4.271758489791000e-01  4.271758489791000e-01  4.271758489791000e-01  0
1.200646003890268e-03  4.097212086673413e-01  4.097212086673413e-01  4.097212086673413e-01  4.097212086673413e-01  0
1.315857864940077e-03  4.074656528375721e-01  4.074656528375721e-01  4.074656528375721e-01  4.074656528375721e-01  0
1.442125251834765e-03  3.669672452605708e-01  3.669672452605708e-01  3.669672452605708e-01  3.669672452605708e-01  0
1.580509033226164e-03  3.955283132395641e-01  3.955283132395641e-01  3.955283132395641e-01  3.955283132395641e-01  0
1.732171876840361e-03  4.297121450361953e-01  4.297121450361953e-01  4.297121450361953e-01  4.297121450361953e-01  0
1.898388017936316e-03  4.588755476324621e-01  4.588755476324621e-01  4.588755476324621e-01  4.588755476324621e-01  0
2.080553965128433e-03  4.733542783987392e-01  4.733542783987392e-01  4.733542783987392e-01  4.733542783987392e-01  0
2.280200233520888e-03  4.146645402704591e-01  4.146645402704591e-01  4.146645402704591e-01  4.146645402704591e-01  0
2.499004203732711e-03  4.120232399059201e-01  4.120232399059201e-01  4.120232399059201e-01  4.120232399059201e-01  0
2.738804214852104e-03  3.971572722453959e-01  3.971572722453959e-01  3.971572722453959e-01  3.971572722453959e-01  0
3.001615009725670e-03  3.808511529246947e-01  3.808511529246947e-01  3.808511529246947e-01  3.808511529246947e-01  0
3.289644662350192e-03  3.735260693629855e-01  3.735260693629855e-01  3.735260693629855e-01  3.735260693629855e-01  0
3.605313129586914e-03  3.223005819149003e-01  3.223005819149003e-01  3.223005819149003e-01  3.223005819149003e-01  0
3.951272583065412e-03  3.433641112531205e-01  3.433641112531205e-01  3.433641112531205e-01  3.433641112531205e-01  0
4.330429692100905e-03  3.717111580052176e-01  3.717111580052176e-01  3.717111580052176e-01  3.717111580052176e-01  0
4.745970044840789e-03  3.999785448502025e-01  3.999785448502025e-01  3.999785448502025e-01  3.999785448502025e-01  0
5.201384912821082e-03  4.195409902502643e-01  4.195409902502643e-01  4.195409902502643e-01  4.195409902502643e-01  0
5.700500583802221e-03  3.838378772860043e-01  3.838378772860043e-01  3.838378772860043e-01  3.838378772860043e-01  0
6.247510509331778e-03  3.909008250411122e-01  3.909008250411122e-01  3.909008250411122e-01  3.909008250411122e-01  0
6.847010537130260e-03  3.827983353417202e-01  3.827983353417202e-01  3.827983353417202e-01  3.827983353417202e-01  0
7.504037524314174e-03  3.675924386389500e-01  3.675924386389500e-01  3.675924386389500e-01  3.675924386389500e-01  0
8.224111655875480e-03  3.549631406340604e-01  3.549631406340604e-01  3.549631406340604e-01  3.549631406340604e-01  0
9.013282823967282e-03  2.476740132966671e-01  2.476740132966671e-01  2.476740132966671e-01  2.476740132966671e-01  0
9.878181457663527e-03  2.762505829116291e-01  2.762505829116291e-01  2.762505829116291e-01  2.762505829116291e-01  0
1.082607423025226e-02  3.114869347124405e-01  3.114869347124405e-01  3.114869347124405e-01  3.114869347124405e-01  0
1.186492511210197e-02  3.478433120170020e-01  3.478433120170020e-01  3.478433120170020e-01  3.478433120170020e-01  0
1.300346228205270e-02  3.776575660025149e-01  3.776575660025149e-01  3.776575660025149e-01  3.776575660025149e-01  0
1.425125145950555e-02  2.943345147666227e-01  2.943345147666227e-01  2.943345147666227e-01  2.943345147666227e-01  0
1.561877627332944e-02  3.076735333338864e-01  3.076735333338864e-01  3.076735333338864e-01  3.076735333338864e-01  0
1.711752634282565e-02  3.080235061898186e-01  3.080235061898186e-01  3.080235061898186e-01  3.080235061898186e-01  0
1.876009381078543e-02  3.009410476027002e-01  3.009410476027002e-01  3.009410476027002e-01  3.009410476027002e-01  0
2.056027913968870e-02  2.941378106812238e-01  2.941378106812238e-01  2.941378106812238e-01  2.941378106812238e-01  0
2.253320705991821e-02  1.397342248078198e-01  1.397342248078198e-01  1.397342248078198e-01  1.397342248078198e-01  0
2.469545364415882e-02  1.725210239478143e-01  1.725210239478143e-01  1.725210239478143e-01  1.725210239478143e-01  0
2.706518557563065e-02  2.096730987802839e-01  2.096730987802839e-01  2.096730987802839e-01  2.096730987802839e-01  0
2.966231278025493e-02  2.469766269052735e-01  2.469766269052735e-01  2.469766269052735e-01  2.469766269052735e-01  0
3.250865570513176e-02  2.784544025440870e-01  2.784544025440870e-01  2.784544025440870e-01  2.784544025440870e-01  0
3.562812864876388e-02  2.186608318578325e-01  2.186608318578325e-01  2.186608318578325e-01  2.186608318578325e-01  0
3.904694068332362e-02  2.337000366182342e-01  2.337000366182342e-01  2.337000366182342e-01  2.337000366182342e-01  0
4.279381585706413e-02  2.371682581570344e-01  2.371682581570344e-01  2.371682581570344e-01  2.371682581570344e-01  0
4.690023452696359e-02  2.324706184923871e-01  2.324706184923871e-01  2.324706184923871e-01  2.324706184923871e-01  0
5.140069784922175e-02  2.257374050761400e-01  2.257374050761400e-01  2.257374050761400e-01  2.257374050761400e-01  0
5.633301764979552e-02  1.674962232163226e-01  1.674962232163226e-01  1.674962232163226e-01  1.674962232163226e-01  0
6.173863411039705e-02  1.752908634029611e-01  1.752908634029611e-01  1.752908634029611e-01  1.752908634029611e-01  0
6.766296393907663e-02  1.875192864720303e-01  1.875192864720303e-01  1.875192864720303e-01  1.875192864720303e-01  0
7.415578195063734e-02  2.037559196743302e-01  2.037559196743302e-01  2.037559196743302e-01  2.037559196743302e-01  0
8.127163926282940e-02  2.206736388147322e-01  2.206736388147322e-01  2.206736388147322e-01  2.206736388147322e-01  0
8.907032162190970e-02  2.079073073325006e-01  2.079073073325006e-01  2.079073073325006e-01  2.079073073325006e-01  0
9.761735170830904e-02  2.323977701827949e-01  2.323977701827949e-01  2.323977701827949e-01  2.323977701827949e-01  0
1.069845396426603e-01  2.446007126737512e-01  2.446007126737512e-01  2.446007126737512e-01  2.446007126737512e-01  0
1.172505863174090e-01  2.444793603259659e-01  2.444793603259659e-01  2.444793603259659e-01  2.444793603259659e-01  0
1.285017446230544e-01  2.355040203467239e-01  2.355040203467239e-01  2.355040203467239e-01  2.355040203467239e-01  0
1.408325441244888e-01  3.727197469603686e-01  3.727197469603686e-01  3.727197469603686e-01  3.727197469603686e-01  0
1.543465852759926e-01  4.146321786028354e-01  4.146321786028354e-01  4.146321786028354e-01  4.146321786028354e-01  0
1.691574098476915e-01  4.363993764607332e-01  4.363993764607332e-01  4.363993764607332e-01  4.363993764607332e-01  0
1.853894548765933e-01  4.381286802921735e-01  4.381286802921735e-01  4.381286802921735e-01  4.381286802921735e-01  0
2.031790981570734e-01  4.233788137520621e-01  4.233788137520621e-01  4.233788137520621e-01  4.233788137520621e-01  0
2.226758040547741e-01  1.422066022476216e-01  1.422066022476216e-01  1.422066022476216e-01  1.422066022476216e-01  0
2.440433792707724e-01  1.884727855669694e-01  1.884727855669694e-01  1.884727855669694e-01  1.884727855669694e-01  0
2.674613491066506e-01  2.421097104924177e-01  2.421097104924177e-01  2.421097104924177e-01  2.421097104924177e-01  0
2.931264657935223e-01  2.997154350084756e-01  2.997154350084756e-01  2.997154350084756e-01  2.997154350084756e-01  0
3.212543615576358e-01  3.555009992854664e-01  3.555009992854664e-01  3.555009992854664e-01  3.555009992854664e-01  0
3.520813603112218e-01  2.306170222961413e-02  2.306170222961413e-02  2.306170222961413e-02  2.306170222961413e-02  0
3.858664631899814e-01  3.593229272181716e-02  3.593229272181716e-02  3.593229272181716e-02  3.593229272181716e-02  0
4.228935246192287e-01  5.333901300591613e-02  5.333901300591613e-02  5.333901300591613e-02  5.333901300591613e-02  0
4.634736371914831e-01  7.607134533660571e-02  7.607134533660571e-02  7.607134533660571e-02  7.607134533660571e-02  0
5.079477453926835e-01  1.050881077779576e-01  1.050881077779576e-01  1.050881077779576e-01  1.050881077779576e-01  0
5.566895101369354e-01  6.046061036518703e-03  6.046061036518703e-03  6.046061036518703e-03  6.046061036518703e-03  0
6.101084481769312e-01  8.702162216002981e-03  8.702162216002981e-03  8.702162216002981e-03  8.702162216002981e-03  0
6.686533727666267e-01  1.219167339763355e-02  1.219167339763355e-02  1.219167339763355e-02  1.219167339763355e-02  0
7.328161644838058e-01  1.687807898487837e-02  1.687807898487837e-02  1.687807898487837e-02  1.687807898487837e-02  0
8.031359038940895e-01  2.333402273005664e-02  2.333402273005664e-02  2.333402273005664e-02  2.333402273005664e-02  0
8.802034007780546e-01  4.274393401848120e-04  4.274393401848120e-04  4.274393401848120e-04  4.274393401848120e-04  0
9.646661579749535e-01  8.393444211105713e-04  8.393444211105713e-04  8.393444211105713e-04  8.393444211105713e-04  0
1.057233811548072e+00  1.528847462107191e-03  1.528847462107191e-03  1.528847462107191e-03  1.528847462107191e-03  0
1.158684092978708e+00  2.585839907992855e-03  2.585839907992855e-03  2.585839907992855e-03  2.585839907992855e-03  0
1.269869363481709e+00  4.072037655433392e-03  4.072037655433392e-03  4.072037655433392e-03  4.072037655433392e-03  0
1.391723775342338e+00  6.203439682869531e-06  6.203439682869531e-06  6.203439682869531e-06  6.203439682869531e-06  0
1.525271120442328e+00  1.585282888654051e-05  1.585282888654051e-05  1.585282888654051e-05  1.585282888654051e-05  0
1.671633431916567e+00  3.955696224526556e-05  3.955696224526556e-05  3.955696224526556e-05  3.955696224526556e-05  0
1.832040411209515e+00  9.485210504761407e-05  9.485210504761407e-05  9.485210504761407e-05  9.485210504761407e-05  0
2.007839759735224e+00  2.158347088481383e-04  2.158347088481383e-04  2.158347088481383e-04  2.158347088481383e-04  0
2.200508501945137e+00  1.672570682261610e-07  1.672570682261610e-07  1.672570682261610e-07  1.672570682261610e-07  0
2.411665394937384e+00  4.219518666010891e-07  4.219518666010891e-07  4.219518666010891e-07  4.219518666010891e-07  0
2.643084528870180e+00  9.903615363799422e-07  9.903615363799422e-07  9.903615363799422e-07  9.903615363799422e-07  0
2.896710232446770e+00  2.162266788710231e-06  2.162266788710231e-06  2.162266788710231e-06  2.162266788710231e-06  0
3.174673408704273e+00  4.397951398186740e-06  4.397951398186740e-06  4.397951398186740e-06  4.397951398186740e-06  0
