-2.643084528870179e+00  6.955628027480854e-08  6.955628027480854e-08  6.955628027480854e-08  6.955628027480854e-08  0
-2.411665394937383e+00  3.060688433812903e-08  3.060688433812903e-08  3.060688433812903e-08  3.060688433812903e-08  0
-2.200508501945136e+00  1.365897851400578e-08  1.365897851400578e-08  1.365897851400578e-08  1.365897851400578e-08  0
-2.007839759735224e+00  6.093763317944690e-09  6.093763317944690e-09  6.093763317944690e-09  6.093763317944690e-09  0
-1.832040411209514e+00  2.663973064881770e-09  2.663973064881770e-09  2.663973064881770e-09  2.663973064881770e-09  0
-1.671633431916567e+00  6.187334266316229e-06  6.187334266316229e-06  6.187334266316229e-06  6.187334266316229e-06  0
-1.525271120442328e+00  3.147537803606811e-06  3.147537803606811e-06  3.147537803606811e-06  3.147537803606811e-06  0
-1.391723775342339e+00  1.514366356940070e-06  1.514366356940070e-06  1.514366356940070e-06  1.514366356940070e-06  0
-1.269869363481709e+00  6.870583944265307e-07  6.870583944265307e-07  6.870583944265307e-07  6.870583944265307e-07  0
-1.158684092978708e+00  2.937521293692432e-07  2.937521293692432e-07  2.937521293692432e-07  2.937521293692432e-07  0
-1.057233811548072e+00  1.075633188021159e-04  1.075633188021159e-04  1.075633188021159e-04  1.075633188021159e-04  0
-9.646661579749534e-01  5.771008379245952e-05  5.771008379245952e-05  5.771008379245952e-05  5.771008379245952e-05  0
-8.802034007780546e-01  3.184318762573212e-05  3.184318762573212e-05  3.184318762573212e-05  3.184318762573212e-05  0
-8.031359038940895e-01  1.759450173826245e-05  1.759450173826245e-05  1.759450173826245e-05  1.759450173826245e-05  0
-7.328161644838057e-01  9.458105909648937e-06  9.458105909648937e-06  9.458105909648937e-06  9.458105909648937e-06  0
-6.686533727666270e-01  2.852880136753977e-03  2.852880136753977e-03  2.852880136753977e-03  2.852880136753977e-03  0
-6.101084481769313e-01  1.516521881685555e-03  1.516521881685555e-03  1.516521881685555e-03  1.516521881685555e-03  0
-5.566895101369356e-01  7.923431456029664e-04  7.923431456029664e-04  7.923431456029664e-04  7.923431456029664e-04  0
-5.079477453926837e-01  4.131177201075724e-04  4.131177201075724e-04  4.131177201075724e-04  4.131177201075724e-04  0
-4.634736371914833e-01  2.182105885612468e-04  2.182105885612468e-04  2.182105885612468e-04  2.182105885612468e-04  0
-4.228935246192289e-01  3.856216077334704e-02  3.856216077334704e-02  3.856216077334704e-02  3.856216077334704e-02  0
-3.858664631899815e-01  2.449653134907030e-02  2.449653134907030e-02  2.449653134907030e-02  2.449653134907030e-02  0
-3.520813603112219e-01  1.510585520952075e-02  1.510585520952075e-02  1.510585520952075e-02  1.510585520952075e-02  0
-3.212543615576359e-01  8.973759511572615e-03  8.973759511572615e-03  8.973759511572615e-03  8.973759511572615e-03  0
-2.931264657935224e-01  5.119403086026149e-03  5.119403086026149e-03  5.119403086026149e-03  5.119403086026149e-03  0
-2.674613491066508e-01  3.677162084036811e-01  3.677162084036811e-01  3.677162084036811e-01  3.677162084036811e-01  0
-2.440433792707725e-01  2.277958693052397e-01  2.277958693052397e-01  2.277958693052397e-01  2.277958693052397e-01  0
-2.226758040547742e-01  1.417661657794993e-01  1.417661657794993e-01  1.417661657794993e-01  1.417661657794993e-01  0
-2.031790981570735e-01  8.967842017761764e-02  8.967842017761764e-02  8.967842017761764e-02  8.967842017761764e-02  0
-1.853894548765933e-01  5.766347094409596e-02  5.766347094409596e-02  5.766347094409596e-02  5.766347094409596e-02  0
-1.691574098476915e-01  2.532152944252793e+00  2.532152944252793e+00  2.532152944252793e+00  2.532152944252793e+00  0
-1.543465852759926e-01  1.906316543824458e+00  1.906316543824458e+00  1.906316543824458e+00  1.906316543824458e+00  0
-1.408325441244888e-01  1.352478005467227e+00  1.352478005467227e+00  1.352478005467227e+00  1.352478005467227e+00  0
-1.285017446230543e-01  9.093208152803689e-01  9.093208152803689e-01  9.093208152803689e-01  9.093208152803689e-01  0
-1.172505863174089e-01  5.843205396548031e-01  5.843205396548031e-01  5.843205396548031e-01  5.843205396548031e-01  0
-1.069845396426603e-01  3.890294231061928e+00  3.890294231061928e+00  3.890294231061928e+00  3.890294231061928e+00  0
-9.761735170830900e-02  4.084060479519522e+00  4.084060479519522e+00  4.084060479519522e+00  4.084060479519522e+00  0
-8.907032162190968e-02  4.006561136520743e+00  4.006561136520743e+00  4.006561136520743e+00  4.006561136520743e+00  0
-8.127163926282939e-02  3.671712635407073e+00  3.671712635407073e+00  3.671712635407073e+00  3.671712635407073e+00  0
-7.415578195063731e-02  3.143804538988635e+00  3.143804538988635e+00  3.143804538988635e+00  3.143804538988635e+00  0
-6.766296393907660e-02  1.287581506786821e+00  1.287581506786821e+00  1.287581506786821e+00  1.287581506786821e+00  0
-6.173863411039702e-02  1.694459953742344e+00  1.694459953742344e+00  1.694459953742344e+00  1.694459953742344e+00  0
-5.633301764979550e-02  2.217304356302076e+00  2.217304356302076e+00  2.217304356302076e+00  2.217304356302076e+00  0
-5.140069784922174e-02  2.787102323229057e+00  2.787102323229057e+00  2.787102323229057e+00  2.787102323229057e+00  0
-4.690023452696358e-02  3.309135733646029e+00  3.309135733646029e+00  3.309135733646029e+00  3.309135733646029e+00  0
-4.279381585706412e-02  1.433124612435534e+00  1.433124612435534e+00  1.433124612435534e+00  1.433124612435534e+00  0
-3.904694068332360e-02  1.106010844833169e+00  1.106010844833169e+00  1.106010844833169e+00  1.106010844833169e+00  0
-3.562812864876387e-02  8.376507662961504e-01  8.376507662961504e-01  8.376507662961504e-01  8.376507662961504e-01  0
-3.250865570513176e-02  6.414315127058077e-01  6.414315127058077e-01  6.414315127058077e-01  6.414315127058077e-01  0
-2.966231278025492e-02  5.125811892891822e-01  5.125811892891822e-01  5.125811892891822e-01  5.125811892891822e-01  0
-2.706518557563065e-02  2.559266943771600e+00  2.559266943771600e+00  2.559266943771600e+00  2.559266943771600e+00  0
-2.469545364415881e-02  2.556354626597052e+00  2.556354626597052e+00  2.556354626597052e+00  2.556354626597052e+00  0
-2.253320705991821e-02  2.410946618513362e+00  2.410946618513362e+00  2.410946618513362e+00  2.410946618513362e+00  0
-2.056027913968870e-02  2.142380120631719e+00  2.142380120631719e+00  2.142380120631719e+00  2.142380120631719e+00  0
-1.876009381078543e-02  1.792453686881314e+00  1.792453686881314e+00  1.792453686881314e+00  1.792453686881314e+00  0
-1.711752634282565e-02  1.277804302624451e+00  1.277804302624451e+00  1.277804302624451e+00  1.277804302624451e+00  0
-1.561877627332944e-02  1.573047695391197e+00  1.573047695391197e+00  1.573047695391197e+00  1.573047695391197e+00  0
-1.425125145950555e-02  1.890838470624114e+00  1.890838470624114e+00  1.890838470624114e+00  1.890838470624114e+00  0
-1.300346228205270e-02  2.189463023758459e+00  2.189463023758459e+00  2.189463023758459e+00  2.189463023758459e+00  0
-1.186492511210197e-02  2.423429795436313e+00  2.423429795436313e+00  2.423429795436313e+00  2.423429795436313e+00  0
-1.082607423025226e-02  8.010972408381257e-01  8.010972408381257e-01  8.010972408381257e-01  8.010972408381257e-01  0
-9.878181457663525e-03  7.723238068940295e-01  7.723238068940295e-01  7.723238068940295e-01  7.723238068940295e-01  0
-9.013282823967282e-03  7.890626709693608e-01  7.890626709693608e-01  7.890626709693608e-01  7.890626709693608e-01  0
-8.224111655875478e-03  8.738615174934918e-01  8.738615174934918e-01  8.738615174934918e-01  8.738615174934918e-01  0
-7.504037524314174e-03  1.037059312873209e+00  1.037059312873209e+00  1.037059312873209e+00  1.037059312873209e+00  0
-6.847010537130258e-03  1.173476268332040e+00  1.173476268332040e+00  1.173476268332040e+00  1.173476268332040e+00  0
-6.247510509331775e-03  1.054789353227183e+00  1.054789353227183e+00  1.054789353227183e+00  1.054789353227183e+00  0
-5.700500583802218e-03  9.774113708520235e-01  9.774113708520235e-01  9.774113708520235e-01  9.774113708520235e-01  0
-5.201384912821080e-03  9.154481493254975e-01  9.154481493254975e-01  9.154481493254975e-01  9.154481493254975e-01  0
-4.745970044840788e-03  8.529602907722024e-01  8.529602907722024e-01  8.529602907722024e-01  8.529602907722024e-01  0
-4.330429692100904e-03  2.305742436198904e+00  2.305742436198904e+00  2.305742436198904e+00  2.305742436198904e+00  0
-3.951272583065411e-03  2.090901534187531e+00  2.090901534187531e+00  2.090901534187531e+00  2.090901534187531e+00  0
-3.605313129586913e-03  1.829041527039389e+00  1.829041527039389e+00  1.829041527039389e+00  1.829041527039389e+00  0
-3.289644662350192e-03  1.562490439737434e+00  1.562490439737434e+00  1.562490439737434e+00  1.562490439737434e+00  0
-3.001615009725670e-03  1.332655900183885e+00  1.332655900183885e+00  1.332655900183885e+00  1.332655900183885e+00  0
-2.738804214852102e-03  3.322227821062177e+00  3.322227821062177e+00  3.322227821062177e+00  3.322227821062177e+00  0
-2.499004203732709e-03  2.980355932810587e+00  2.980355932810587e+00  2.980355932810587e+00  2.980355932810587e+00  0
-2.280200233520886e-03  2.761345675276360e+00  2.761345675276360e+00  2.761345675276360e+00  2.761345675276360e+00  0
-2.080553965128431e-03  2.621087051132302e+00  2.621087051132302e+00  2.621087051132302e+00  2.621087051132302e+00  0
-1.898388017936314e-03  2.493492257588001e+00  2.493492257588001e+00  2.493492257588001e+00  2.493492257588001e+00  0
-1.732171876840360e-03  4.943381271470910e+00  4.943381271470910e+00  4.943381271470910e+00  4.943381271470910e+00  0
-1.580509033226163e-03  4.877083035150813e+00  4.877083035150813e+00  4.877083035150813e+00  4.877083035150813e+00  0
-1.442125251834764e-03  4.616906500005375e+00  4.616906500005375e+00  4.616906500005375e+00  4.616906500005375e+00  0
-1.315857864940076e-03  4.201128986072252e+00  4.201128986072252e+00  4.201128986072252e+00  4.201128986072252e+00  0
-1.200646003890267e-03  3.724556359357303e+00  3.724556359357303e+00  3.724556359357303e+00  3.724556359357303e+00  0
-1.095521685940841e-03  5.483739182417771e+00  5.483739182417771e+00  5.483739182417771e+00  5.483739182417771e+00  0
-9.996016814930835e-04  5.060962547618050e+00  5.060962547618050e+00  5.060962547618050e+00  5.060962547618050e+00  0
-9.120800934083544e-04  4.845112859123110e+00  4.845112859123110e+00  4.845112859123110e+00  4.845112859123110e+00  0
-8.322215860513723e-04  4.827001957218312e+00  4.827001957218312e+00  4.827001957218312e+00  4.827001957218312e+00  0
-7.593552071745256e-04  4.905927064132653e+00  4.905927064132653e+00  4.905927064132653e+00  4.905927064132653e+00  0
-6.928687507361440e-04  6.360225295568837e+00  6.360225295568837e+00  6.360225295568837e+00  6.360225295568837e+00  0
-6.322036132904651e-04  6.648359761359296e+00  6.648359761359296e+00  6.648359761359296e+00  6.648359761359296e+00  0
-5.768501007339055e-04  6.678279217528566e+00  6.678279217528566e+00  6.678279217528566e+00  6.678279217528566e+00  0
-5.263431459760303e-04  6.417404160869279e+00  6.417404160869279e+00  6.417404160869279e+00  6.417404160869279e+00  0
-4.802584015561067e-04  5.950793968466257e+00  5.950793968466257e+00  5.950793968466257e+00  5.950793968466257e+00  0
-4.382086743763362e-04  6.391515619142439e+00  6.391515619142439e+00  6.391515619142439e+00  6.391515619142439e+00  0
-3.998406725972333e-04  5.900345940097444e+00  5.900345940097444e+00  5.900345940097444e+00  5.900345940097444e+00  0
-3.648320373633417e-04  5.654294734450751e+00  5.654294734450751e+00  5.654294734450751e+00  5.654294734450751e+00  0
-3.328886344205489e-04  5.715256126445007e+00  5.715256126445007e+00  5.715256126445007e+00  5.715256126445007e+00  0
-3.037420828698102e-04  6.011976755410367e+00  6.011976755410367e+00  6.011976755410367e+00  6.011976755410367e+00  0
-2.771475002944575e-04  6.693929918072500e+00  6.693929918072500e+00  6.693929918072500e+00  6.693929918072500e+00  0
-2.528814453161860e-04  7.178758166228285e+00  7.178758166228285e+00  7.178758166228285e+00  7.178758166228285e+00  0
-2.307400402935622e-04  7.411143440408589e+00  7.411143440408589e+00  7.411143440408589e+00  7.411143440408589e+00  0
-2.105372583904121e-04  7.297838546457490e+00  7.297838546457490e+00  7.297838546457490e+00  7.297838546457490e+00  0
-1.921033606224427e-04  6.886068090563091e+00  6.886068090563091e+00  6.886068090563091e+00  6.886068090563091e+00  0
-1.752834697505345e-04  6.684354386958808e+00  6.684354386958808e+00  6.684354386958808e+00  6.684354386958808e+00  0
-1.599362690388933e-04  6.131386725203443e+00  6.131386725203443e+00  6.131386725203443e+00  6.131386725203443e+00  0
-1.459328149453367e-04  5.820820738802171e+00  5.820820738802171e+00  5.820820738802171e+00  5.820820738802171e+00  0
-1.331554537682195e-04  5.860456537865616e+00  5.860456537865616e+00  5.860456537865616e+00  5.860456537865616e+00  0
-1.214968331479241e-04  6.215409917428596e+00  6.215409917428596e+00  6.215409917428596e+00  6.215409917428596e+00  0
-1.108590001177830e-04  6.742687650418038e+00  6.742687650418038e+00  6.742687650418038e+00  6.742687650418038e+00  0
-1.011525781264744e-04  7.304784317667437e+00  7.304784317667437e+00  7.304784317667437e+00  7.304784317667437e+00  0
-9.229601611742488e-05  7.627196956342127e+00  7.627196956342127e+00  7.627196956342127e+00  7.627196956342127e+00  0
-8.421490335616483e-05  7.586059815874036e+00  7.586059815874036e+00  7.586059815874036e+00  7.586059815874036e+00  0
-7.684134424897707e-05  7.202485636647483e+00  7.202485636647483e+00  7.202485636647483e+00  7.202485636647483e+00  0
-7.011338790021381e-05  6.786038679237794e+00  6.786038679237794e+00  6.786038679237794e+00  6.786038679237794e+00  0
-6.397450761555734e-05  6.200805367603870e+00  6.200805367603870e+00  6.200805367603870e+00  6.200805367603870e+00  0
-5.837312597813469e-05  5.850404584553791e+00  5.850404584553791e+00  5.850404584553791e+00  5.850404584553791e+00  0
-5.326218150728783e-05  5.863122291101411e+00  5.863122291101411e+00  5.863122291101411e+00  5.863122291101411e+00  0
-4.859873325916964e-05  6.223552967709086e+00  6.223552967709086e+00  6.223552967709086e+00  6.223552967709086e+00  0
-4.434360004711321e-05  6.745645446329346e+00  6.745645446329346e+00  6.745645446329346e+00  6.745645446329346e+00  0
-4.046103125058977e-05  7.337238270568156e+00  7.337238270568156e+00  7.337238270568156e+00  7.337238270568156e+00  0
-3.691840644696995e-05  7.696464952523969e+00  7.696464952523969e+00  7.696464952523969e+00  7.696464952523969e+00  0
-3.368596134246593e-05  7.686414305440051e+00  7.686414305440051e+00  7.686414305440051e+00  7.686414305440051e+00  0
-3.073653769959083e-05  7.315699872350947e+00  7.315699872350947e+00  7.315699872350947e+00  7.315699872350947e+00  0
-2.804535516008552e-05  6.824328036418733e+00  6.824328036418733e+00  6.824328036418733e+00  6.824328036418733e+00  0
-2.558980304622294e-05  6.225028785519230e+00  6.225028785519230e+00  6.225028785519230e+00  6.225028785519230e+00  0
-2.334925039125387e-05  5.856235062651779e+00  5.856235062651779e+00  5.856235062651779e+00  5.856235062651779e+00  0
-2.130487260291513e-05  5.854609413158731e+00  5.854609413158731e+00  5.854609413158731e+00  5.854609413158731e+00  0
-1.943949330366785e-05  6.213274618233961e+00  6.213274618233961e+00  6.213274618233961e+00  6.213274618233961e+00  0
-1.773744001884528e-05  6.744105967894237e+00  6.744105967894237e+00  6.744105967894237e+00  6.744105967894237e+00  0
-1.618441250023591e-05  7.347179457639023e+00  7.347179457639023e+00  7.347179457639023e+00  7.347179457639023e+00  0
-1.476736257878798e-05  7.721192504170661e+00  7.721192504170661e+00  7.721192504170661e+00  7.721192504170661e+00  0
-1.347438453698637e-05  7.723909389301387e+00  7.723909389301387e+00  7.723909389301387e+00  7.723909389301387e+00  0
-1.229461507983633e-05  7.358600045015735e+00  7.358600045015735e+00  7.358600045015735e+00  7.358600045015735e+00  0
-1.121814206403421e-05  6.839366526390410e+00  6.839366526390410e+00  6.839366526390410e+00  6.839366526390410e+00  0
-1.023592121848917e-05  6.234259192880052e+00  6.234259192880052e+00  6.234259192880052e+00  6.234259192880052e+00  0
-9.339700156501548e-06  5.857706299314679e+00  5.857706299314679e+00  5.857706299314679e+00  5.857706299314679e+00  0
-8.521949041166052e-06  5.849737696464127e+00  5.849737696464127e+00  5.849737696464127e+00  5.849737696464127e+00  0
-7.775797321467140e-06  6.206995823131587e+00  6.206995823131587e+00  6.206995823131587e+00  6.206995823131587e+00  0
-7.094976007538114e-06  6.743143345004099e+00  6.743143345004099e+00  6.743143345004099e+00  6.743143345004099e+00  0
-6.473765000094363e-06  7.350767109190679e+00  7.350767109190679e+00  7.350767109190679e+00  7.350767109190679e+00  0
-5.906945031515193e-06  7.730721052827159e+00  7.730721052827159e+00  7.730721052827159e+00  7.730721052827159e+00  0
-5.389753814794549e-06  7.738631222409330e+00  7.738631222409330e+00  7.738631222409330e+00  7.738631222409330e+00  0
-4.917846031934533e-06  7.375587950897319e+00  7.375587950897319e+00  7.375587950897319e+00  7.375587950897319e+00  0
-4.487256825613684e-06  6.845434386954038e+00  6.845434386954038e+00  6.845434386954038e+00  6.845434386954038e+00  0
-4.094368487395670e-06  6.237967230233159e+00  6.237967230233159e+00  6.237967230233159e+00  6.237967230233159e+00  0
-3.735880062600620e-06  5.858241162962877e+00  5.858241162962877e+00  5.858241162962877e+00  5.858241162962877e+00  0
-3.408779616466421e-06  5.847636707420941e+00  5.847636707420941e+00  5.847636707420941e+00  5.847636707420941e+00  0
-3.110318928586857e-06  6.204220878454461e+00  6.204220878454461e+00  6.204220878454461e+00  6.204220878454461e+00  0
-2.837990403015245e-06  6.742796321528871e+00  6.742796321528871e+00  6.742796321528871e+00  6.742796321528871e+00  0
-2.589506000037745e-06  7.352240889428781e+00  7.352240889428781e+00  7.352240889428781e+00  7.352240889428781e+00  0
-2.362778012606077e-06  7.734578893687272e+00  7.734578893687272e+00  7.734578893687272e+00  7.734578893687272e+00  0
-2.155901525917819e-06  7.744577037732063e+00  7.744577037732063e+00  7.744577037732063e+00  7.744577037732063e+00  0
-1.967138412773813e-06  7.382445870566370e+00  7.382445870566370e+00  7.382445870566370e+00  7.382445870566370e+00  0
-1.794902730245473e-06  6.847966342675064e+00  6.847966342675064e+00  6.847966342675064e+00  6.847966342675064e+00  0
-1.637747394958268e-06  6.239540864326033e+00  6.239540864326033e+00  6.239540864326033e+00  6.239540864326033e+00  0
-1.494352025040248e-06  5.858528992511878e+00  5.858528992511878e+00  5.858528992511878e+00  5.858528992511878e+00  0
-1.363511846586568e-06  5.846854063160514e+00  5.846854063160514e+00  5.846854063160514e+00  5.846854063160514e+00  0
-1.244127571434742e-06  6.203155545357600e+00  6.203155545357600e+00  6.203155545357600e+00  6.203155545357600e+00  0
-1.135196161206098e-06  6.742758434069970e+00  6.742758434069970e+00  6.742758434069970e+00  6.742758434069970e+00  0
-1.035802400015098e-06  7.352940009691482e+00  7.352940009691482e+00  7.352940009691482e+00  7.352940009691482e+00  0
-9.451112050424309e-07  7.736238274585629e+00  7.736238274585629e+00  7.736238274585629e+00  7.736238274585629e+00  0
-8.623606103671279e-07  7.747073506313097e+00  7.747073506313097e+00  7.747073506313097e+00  7.747073506313097e+00  0
-7.868553651095252e-07  7.385303069296271e+00  7.385303069296271e+00  7.385303069296271e+00  7.385303069296271e+00  0
-7.179610920981894e-07  6.849092337434277e+00  6.849092337434277e+00  6.849092337434277e+00  6.849092337434277e+00  0
-6.550989579833072e-07  6.240272647750687e+00  6.240272647750687e+00  6.240272647750687e+00  6.240272647750687e+00  0
-5.977408100160992e-07  5.858738419388502e+00  5.858738419388502e+00  5.858738419388502e+00  5.858738419388502e+00  0
-5.454047386346274e-07  5.846632523594633e+00  5.846632523594633e+00  5.846632523594633e+00  5.846632523594633e+00  0
-4.976510285738970e-07  6.202823818761170e+00  6.202823818761170e+00  6.202823818761170e+00  6.202823818761170e+00  0
-4.540784644824392e-07  6.742854348000984e+00  6.742854348000984e+00  6.742854348000984e+00  6.742854348000984e+00  0
-4.143209600060391e-07  7.353340721825827e+00  7.353340721825827e+00  7.353340721825827e+00  7.353340721825827e+00  0
-3.780444820169723e-07  7.737029577977747e+00  7.737029577977747e+00  7.737029577977747e+00  7.737029577977747e+00  0
-3.449442441468511e-07  7.748200148015383e+00  7.748200148015383e+00  7.748200148015383e+00  7.748200148015383e+00  0
-3.147421460438101e-07  7.386568325366745e+00  7.386568325366745e+00  7.386568325366745e+00  7.386568325366745e+00  0
-2.871844368392758e-07  6.849657298253094e+00  6.849657298253094e+00  6.849657298253094e+00  6.849657298253094e+00  0
-2.620395831933229e-07  6.240669604567507e+00  6.240669604567507e+00  6.240669604567507e+00  6.240669604567507e+00  0
-2.390963240064397e-07  5.858919767476009e+00  5.858919767476009e+00  5.858919767476009e+00  5.858919767476009e+00  0
-2.181618954538510e-07  5.846640862916038e+00  5.846640862916038e+00  5.846640862916038e+00  5.846640862916038e+00  0
-1.990604114295588e-07  6.202793558703848e+00  6.202793558703848e+00  6.202793558703848e+00  6.202793558703848e+00  0
-1.816313857929757e-07  6.743005434059549e+00  6.743005434059549e+00  6.743005434059549e+00  6.743005434059549e+00  0
-1.657283840024157e-07  7.353623943781702e+00  7.353623943781702e+00  7.353623943781702e+00  7.353623943781702e+00  0
-1.512177928067889e-07  7.737475522900235e+00  7.737475522900235e+00  7.737475522900235e+00  7.737475522900235e+00  0
-1.379776976587405e-07  7.748780556123502e+00  7.748780556123502e+00  7.748780556123502e+00  7.748780556123502e+00  0
-1.258968584175240e-07  7.387198343857416e+00  7.387198343857416e+00  7.387198343857416e+00  7.387198343857416e+00  0
-1.148737747357103e-07  6.849998064097877e+00  6.849998064097877e+00  6.849998064097877e+00  6.849998064097877e+00  0
-1.048158332773291e-07  6.240932941817544e+00  6.240932941817544e+00  6.240932941817544e+00  6.240932941817544e+00  0
-9.563852960257586e-08  5.859090418566689e+00  5.859090418566689e+00  5.859090418566689e+00  5.859090418566689e+00  0
-8.726475818154038e-08  5.846742039855692e+00  5.846742039855692e+00  5.846742039855692e+00  5.846742039855692e+00  0
-7.962416457182352e-08  6.202885194632109e+00  6.202885194632109e+00  6.202885194632109e+00  6.202885194632109e+00  0
-7.265255431719029e-08  6.743178873974434e+00  6.743178873974434e+00  6.743178873974434e+00  6.743178873974434e+00  0
-6.629135360096627e-08  7.353860515662890e+00  7.353860515662890e+00  7.353860515662890e+00  7.353860515662890e+00  0
-6.048711712271557e-08  7.737783729082721e+00  7.737783729082721e+00  7.737783729082721e+00  7.737783729082721e+00  0
-5.519107906349619e-08  7.749142971594324e+00  7.749142971594324e+00  7.749142971594324e+00  7.749142971594324e+00  0
-5.035874336700961e-08  7.387574982416072e+00  7.387574982416072e+00  7.387574982416072e+00  7.387574982416072e+00  0
-4.594950989428412e-08  6.850249190617936e+00  6.850249190617936e+00  6.850249190617936e+00  6.850249190617936e+00  0
-4.192633331093166e-08  6.241142886508788e+00  6.241142886508788e+00  6.241142886508788e+00  6.241142886508788e+00  0
-3.825541184103035e-08  5.859256886045809e+00  5.859256886045809e+00  5.859256886045809e+00  5.859256886045809e+00  0
-3.490590327261615e-08  5.846880511422706e+00  5.846880511422706e+00  5.846880511422706e+00  5.846880511422706e+00  0
-3.184966582872941e-08  6.203025830898595e+00  6.203025830898595e+00  6.203025830898595e+00  6.203025830898595e+00  0
-2.906102172687611e-08  6.743361345458250e+00  6.743361345458250e+00  6.743361345458250e+00  6.743361345458250e+00  0
-2.651654144038651e-08  7.354078590519069e+00  7.354078590519069e+00  7.354078590519069e+00  7.354078590519069e+00  0
-2.419484684908623e-08  7.738037156636790e+00  7.738037156636790e+00  7.738037156636790e+00  7.738037156636790e+00  0
-2.207643162539847e-08  7.749418825125684e+00  7.749418825125684e+00  7.749418825125684e+00  7.749418825125684e+00  0
-2.014349734680384e-08  7.387851518906692e+00  7.387851518906692e+00  7.387851518906692e+00  7.387851518906692e+00  0
-1.837980395771364e-08  6.850464475207829e+00  6.850464475207829e+00  6.850464475207829e+00  6.850464475207829e+00  0
-1.677053332437266e-08  6.241331494235424e+00  6.241331494235424e+00  6.241331494235424e+00  6.241331494235424e+00  0
-1.530216473641213e-08  5.859421715310048e+00  5.859421715310048e+00  5.859421715310048e+00  5.859421715310048e+00  0
-1.396236130904646e-08  5.847033964983208e+00  5.847033964983208e+00  5.847033964983208e+00  5.847033964983208e+00  0
-1.273986633149176e-08  6.203186180129934e+00  6.203186180129934e+00  6.203186180129934e+00  6.203186180129934e+00  0
-1.162440869075045e-08  6.743547541455105e+00  6.743547541455105e+00  6.743547541455105e+00  6.743547541455105e+00  0
-1.060661657615460e-08  7.354289535284109e+00  7.354289535284109e+00  7.354289535284109e+00  7.354289535284109e+00  0
-9.677938739634492e-09  7.738269297842336e+00  7.738269297842336e+00  7.738269297842336e+00  7.738269297842336e+00  0
-8.830572650159389e-09  7.749661424581179e+00  7.749661424581179e+00  7.749661424581179e+00  7.749661424581179e+00  0
-8.057398938721539e-09  7.388090813898232e+00  7.388090813898232e+00  7.388090813898232e+00  7.388090813898232e+00  0
-7.351921583085459e-09  6.850665441945847e+00  6.850665441945847e+00  6.850665441945847e+00  6.850665441945847e+00  0
-6.708213329749065e-09  6.241511596003842e+00  6.241511596003842e+00  6.241511596003842e+00  6.241511596003842e+00  0
-6.120865894564855e-09  5.859585942133400e+00  5.859585942133400e+00  5.859585942133400e+00  5.859585942133400e+00  0
-5.584944523618584e-09  5.847193515002683e+00  5.847193515002683e+00  5.847193515002683e+00  5.847193515002683e+00  0
-5.095946532596706e-09  6.203354614955248e+00  6.203354614955248e+00  6.203354614955248e+00  6.203354614955248e+00  0
-4.649763476300179e-09  6.743735434449297e+00  6.743735434449297e+00  6.743735434449297e+00  6.743735434449297e+00  0
-4.242646630461842e-09  7.354498137329990e+00  7.354498137329990e+00  7.354498137329990e+00  7.354498137329990e+00  0
-3.871175495853797e-09  7.738494124242439e+00  7.738494124242439e+00  7.738494124242439e+00  7.738494124242439e+00  0
-3.532229060063756e-09  7.749893367440031e+00  7.749893367440031e+00  7.749893367440031e+00  7.749893367440031e+00  0
-3.222959575488616e-09  7.388320624723709e+00  7.388320624723709e+00  7.388320624723709e+00  7.388320624723709e+00  0
-2.940768633234184e-09  6.850860729334052e+00  6.850860729334052e+00  6.850860729334052e+00  6.850860729334052e+00  0
-2.683285331899626e-09  6.241688368481012e+00  6.241688368481012e+00  6.241688368481012e+00  6.241688368481012e+00  0
-2.448346357825942e-09  5.859750061198423e+00  5.859750061198423e+00  5.859750061198423e+00  5.859750061198423e+00  0
-2.233977809447434e-09  5.847355764636145e+00  5.847355764636145e+00  5.847355764636145e+00  5.847355764636145e+00  0
-2.038378613038682e-09  6.203526790684057e+00  6.203526790684057e+00  6.203526790684057e+00  6.203526790684057e+00  0
-1.859905390520071e-09  6.743924148984140e+00  6.743924148984140e+00  6.743924148984140e+00  6.743924148984140e+00  0
-1.697058652184737e-09  7.354706075953484e+00  7.354706075953484e+00  7.354706075953484e+00  7.354706075953484e+00  0
-1.548470198341519e-09  7.738716599501430e+00  7.738716599501430e+00  7.738716599501430e+00  7.738716599501430e+00  0
-1.412891624025502e-09  7.750122252137013e+00  7.750122252137013e+00  7.750122252137013e+00  7.750122252137013e+00  0
-1.289183830195446e-09  7.388549051329121e+00  7.388549051329121e+00  7.388549051329121e+00  7.388549051329121e+00  0
-1.176307453293673e-09  6.851053915624927e+00  6.851053915624927e+00  6.851053915624927e+00  6.851053915624927e+00  0
-1.073314132759850e-09  6.241864064129410e+00  6.241864064129410e+00  6.241864064129410e+00  6.241864064129410e+00  0
-9.793385431303769e-10  5.859914585320309e+00  5.859914585320309e+00  5.859914585320309e+00  5.859914585320309e+00  0
-8.935911237789734e-10  5.847519947454608e+00  5.847519947454608e+00  5.847519947454608e+00  5.847519947454608e+00  0
-8.153514452154729e-10  6.203702090417628e+00  6.203702090417628e+00  6.203702090417628e+00  6.203702090417628e+00  0
-7.439621562080285e-10  6.744109088650845e+00  6.744109088650845e+00  6.744109088650845e+00  6.744109088650845e+00  0
-6.788234608738945e-10  7.354902546183817e+00  7.354902546183817e+00  7.354902546183817e+00  7.354902546183817e+00  0
-6.193880793366075e-10  7.738910752826368e+00  7.738910752826368e+00  7.738910752826368e+00  7.738910752826368e+00  0
-5.651566496102009e-10  7.750288672864617e+00  7.750288672864617e+00  7.750288672864617e+00  7.750288672864617e+00  0
-5.156735320781784e-10  7.388650858329131e+00  7.388650858329131e+00  7.388650858329131e+00  7.388650858329131e+00  0
-4.705229813174694e-10  6.851247471403981e+00  6.851247471403981e+00  6.851247471403981e+00  6.851247471403981e+00  0
-4.293256531039402e-10  6.242041214920970e+00  6.242041214920970e+00  6.242041214920970e+00  6.242041214920970e+00  0
-3.917354172521507e-10  5.860082606267069e+00  5.860082606267069e+00  5.860082606267069e+00  5.860082606267069e+00  0
-3.574364495115894e-10  5.847691183881421e+00  5.847691183881421e+00  5.847691183881421e+00  5.847691183881421e+00  0
-3.261405780861892e-10  6.203890474160738e+00  6.203890474160738e+00  6.203890474160738e+00  6.203890474160738e+00  0
3.261405780861892e-10  6.203890968629697e+00  6.203890968629697e+00  6.203890968629697e+00  6.203890968629697e+00  0
3.574364495115894e-10  5.847691590935517e+00  5.847691590935517e+00  5.847691590935517e+00  5.847691590935517e+00  0
3.917354172521507e-10  5.860082950593345e+00  5.860082950593345e+00  5.860082950593345e+00  5.860082950593345e+00  0
4.293256531039402e-10  6.242041526327385e+00  6.242041526327385e+00  6.242041526327385e+00  6.242041526327385e+00  0
4.705229813174694e-10  6.851247774330846e+00  6.851247774330846e+00  6.851247774330846e+00  6.851247774330846e+00  0
5.156735320781784e-10  7.388651618296237e+00  7.388651618296237e+00  7.388651618296237e+00  7.388651618296237e+00  0
5.651566496102009e-10  7.750289437335242e+00  7.750289437335242e+00  7.750289437335242e+00  7.750289437335242e+00  0
6.193880793366075e-10  7.738911493772680e+00  7.738911493772680e+00  7.738911493772680e+00  7.738911493772680e+00  0
6.788234608738945e-10  7.354903226778523e+00  7.354903226778523e+00  7.354903226778523e+00  7.354903226778523e+00  0
7.439621562080285e-10  6.744109679812030e+00  6.744109679812030e+00  6.744109679812030e+00  6.744109679812030e+00  0
8.153514452154729e-10  6.203703326559523e+00  6.203703326559523e+00  6.203703326559523e+00  6.203703326559523e+00  0
8.935911237789734e-10  5.847520965064654e+00  5.847520965064654e+00  5.847520965064654e+00  5.847520965064654e+00  0
9.793385431303769e-10  5.859915446114504e+00  5.859915446114504e+00  5.859915446114504e+00  5.859915446114504e+00  0
1.073314132759850e-09  6.241864842625826e+00  6.241864842625826e+00  6.241864842625826e+00  6.241864842625826e+00  0
1.176307453293673e-09  6.851054672922884e+00  6.851054672922884e+00  6.851054672922884e+00  6.851054672922884e+00  0
1.289183830195446e-09  7.388550951267922e+00  7.388550951267922e+00  7.388550951267922e+00  7.388550951267922e+00  0
1.412891624025502e-09  7.750124163300148e+00  7.750124163300148e+00  7.750124163300148e+00  7.750124163300148e+00  0
1.548470198341519e-09  7.738718451837415e+00  7.738718451837415e+00  7.738718451837415e+00  7.738718451837415e+00  0
1.697058652184737e-09  7.354707777405603e+00  7.354707777405603e+00  7.354707777405603e+00  7.354707777405603e+00  0
1.859905390520071e-09  6.743925626854137e+00  6.743925626854137e+00  6.743925626854137e+00  6.743925626854137e+00  0
2.038378613038682e-09  6.203529880967348e+00  6.203529880967348e+00  6.203529880967348e+00  6.203529880967348e+00  0
2.233977809447434e-09  5.847358308602634e+00  5.847358308602634e+00  5.847358308602634e+00  5.847358308602634e+00  0
2.448346357825942e-09  5.859752213134138e+00  5.859752213134138e+00  5.859752213134138e+00  5.859752213134138e+00  0
2.683285331899626e-09  6.241690314676597e+00  6.241690314676597e+00  6.241690314676597e+00  6.241690314676597e+00  0
2.940768633234184e-09  6.850862622534323e+00  6.850862622534323e+00  6.850862622534323e+00  6.850862622534323e+00  0
3.222959575488616e-09  7.388325374431839e+00  7.388325374431839e+00  7.388325374431839e+00  7.388325374431839e+00  0
3.532229060063756e-09  7.749898145222052e+00  7.749898145222052e+00  7.749898145222052e+00  7.749898145222052e+00  0
3.871175495853797e-09  7.738498754967739e+00  7.738498754967739e+00  7.738498754967739e+00  7.738498754967739e+00  0
4.242646630461842e-09  7.354502390858655e+00  7.354502390858655e+00  7.354502390858655e+00  7.354502390858655e+00  0
4.649763476300179e-09  6.743739129037858e+00  6.743739129037858e+00  6.743739129037858e+00  6.743739129037858e+00  0
5.095946532596706e-09  6.203362340489326e+00  6.203362340489326e+00  6.203362340489326e+00  6.203362340489326e+00  0
5.584944523618584e-09  5.847199874777176e+00  5.847199874777176e+00  5.847199874777176e+00  5.847199874777176e+00  0
6.120865894564855e-09  5.859591321852339e+00  5.859591321852339e+00  5.859591321852339e+00  5.859591321852339e+00  0
6.708213329749065e-09  6.241516461382130e+00  6.241516461382130e+00  6.241516461382130e+00  6.241516461382130e+00  0
7.351921583085459e-09  6.850670174836801e+00  6.850670174836801e+00  6.850670174836801e+00  6.850670174836801e+00  0
8.057398938721539e-09  7.388102687836462e+00  7.388102687836462e+00  7.388102687836462e+00  7.388102687836462e+00  0
8.830572650159389e-09  7.749673368725612e+00  7.749673368725612e+00  7.749673368725612e+00  7.749673368725612e+00  0
9.677938739634492e-09  7.738280874369398e+00  7.738280874369398e+00  7.738280874369398e+00  7.738280874369398e+00  0
1.060661657615460e-08  7.354300168852786e+00  7.354300168852786e+00  7.354300168852786e+00  7.354300168852786e+00  0
1.162440869075045e-08  6.743556777713450e+00  6.743556777713450e+00  6.743556777713450e+00  6.743556777713450e+00  0
1.273986633149176e-08  6.203205493545948e+00  6.203205493545948e+00  6.203205493545948e+00  6.203205493545948e+00  0
1.396236130904646e-08  5.847049864084850e+00  5.847049864084850e+00  5.847049864084850e+00  5.847049864084850e+00  0
1.530216473641213e-08  5.859435164322042e+00  5.859435164322042e+00  5.859435164322042e+00  5.859435164322042e+00  0
1.677053332437266e-08  6.241343657412060e+00  6.241343657412060e+00  6.241343657412060e+00  6.241343657412060e+00  0
1.837980395771364e-08  6.850476307160985e+00  6.850476307160985e+00  6.850476307160985e+00  6.850476307160985e+00  0
2.014349734680384e-08  7.387881202950092e+00  7.387881202950092e+00  7.387881202950092e+00  7.387881202950092e+00  0
2.207643162539847e-08  7.749448684697461e+00  7.749448684697461e+00  7.749448684697461e+00  7.749448684697461e+00  0
2.419484684908623e-08  7.738066097219788e+00  7.738066097219788e+00  7.738066097219788e+00  7.738066097219788e+00  0
2.651654144038651e-08  7.354105173800660e+00  7.354105173800660e+00  7.354105173800660e+00  7.354105173800660e+00  0
2.906102172687611e-08  6.743384435579224e+00  6.743384435579224e+00  6.743384435579224e+00  6.743384435579224e+00  0
3.184966582872941e-08  6.203074113480274e+00  6.203074113480274e+00  6.203074113480274e+00  6.203074113480274e+00  0
3.490590327261615e-08  5.846920258453988e+00  5.846920258453988e+00  5.846920258453988e+00  5.846920258453988e+00  0
3.825541184103035e-08  5.859290507950538e+00  5.859290507950538e+00  5.859290507950538e+00  5.859290507950538e+00  0
4.192633331093166e-08  6.241173293816800e+00  6.241173293816800e+00  6.241173293816800e+00  6.241173293816800e+00  0
4.594950989428412e-08  6.850278769806916e+00  6.850278769806916e+00  6.850278769806916e+00  6.850278769806916e+00  0
5.035874336700961e-08  7.387649190355246e+00  7.387649190355246e+00  7.387649190355246e+00  7.387649190355246e+00  0
5.519107906349619e-08  7.749217618299038e+00  7.749217618299038e+00  7.749217618299038e+00  7.749217618299038e+00  0
6.048711712271557e-08  7.737856078499390e+00  7.737856078499390e+00  7.737856078499390e+00  7.737856078499390e+00  0
6.629135360096627e-08  7.353926972177209e+00  7.353926972177209e+00  7.353926972177209e+00  7.353926972177209e+00  0
7.265255431719029e-08  6.743236597991134e+00  6.743236597991134e+00  6.743236597991134e+00  6.743236597991134e+00  0
7.962416457182352e-08  6.203005899240813e+00  6.203005899240813e+00  6.203005899240813e+00  6.203005899240813e+00  0
8.726475818154038e-08  5.846841406328546e+00  5.846841406328546e+00  5.846841406328546e+00  5.846841406328546e+00  0
9.563852960257586e-08  5.859174472308040e+00  5.859174472308040e+00  5.859174472308040e+00  5.859174472308040e+00  0
1.048158332773291e-07  6.241008958739903e+00  6.241008958739903e+00  6.241008958739903e+00  6.241008958739903e+00  0
1.148737747357103e-07  6.850072010274914e+00  6.850072010274914e+00  6.850072010274914e+00  6.850072010274914e+00  0
1.258968584175240e-07  7.387383856825037e+00  7.387383856825037e+00  7.387383856825037e+00  7.387383856825037e+00  0
1.379776976587405e-07  7.748967165536262e+00  7.748967165536262e+00  7.748967165536262e+00  7.748967165536262e+00  0
1.512177928067889e-07  7.737656389961376e+00  7.737656389961376e+00  7.737656389961376e+00  7.737656389961376e+00  0
1.657283840024157e-07  7.353790080236573e+00  7.353790080236573e+00  7.353790080236573e+00  7.353790080236573e+00  0
1.816313857929757e-07  6.743149741028958e+00  6.743149741028958e+00  6.743149741028958e+00  6.743149741028958e+00  0
1.990604114295588e-07  6.203095319036385e+00  6.203095319036385e+00  6.203095319036385e+00  6.203095319036385e+00  0
2.181618954538510e-07  5.846889280708162e+00  5.846889280708162e+00  5.846889280708162e+00  5.846889280708162e+00  0
2.390963240064397e-07  5.859129902659467e+00  5.859129902659467e+00  5.859129902659467e+00  5.859129902659467e+00  0
2.620395831933229e-07  6.240859644971109e+00  6.240859644971109e+00  6.240859644971109e+00  6.240859644971109e+00  0
2.871844368392758e-07  6.849842158818206e+00  6.849842158818206e+00  6.849842158818206e+00  6.849842158818206e+00  0
3.147421460438101e-07  7.387032081001182e+00  7.387032081001182e+00  7.387032081001182e+00  7.387032081001182e+00  0
3.449442441468511e-07  7.748666641763248e+00  7.748666641763248e+00  7.748666641763248e+00  7.748666641763248e+00  0
3.780444820169723e-07  7.737481720695504e+00  7.737481720695504e+00  7.737481720695504e+00  7.737481720695504e+00  0
4.143209600060391e-07  7.353756047033877e+00  7.353756047033877e+00  7.353756047033877e+00  7.353756047033877e+00  0
4.540784644824392e-07  6.743215108598779e+00  6.743215108598779e+00  6.743215108598779e+00  6.743215108598779e+00  0
4.976510285738970e-07  6.203578237924861e+00  6.203578237924861e+00  6.203578237924861e+00  6.203578237924861e+00  0
5.454047386346274e-07  5.847253599362785e+00  5.847253599362785e+00  5.847253599362785e+00  5.847253599362785e+00  0
5.977408100160992e-07  5.859263780508695e+00  5.859263780508695e+00  5.859263780508695e+00  5.859263780508695e+00  0
6.550989579833072e-07  6.240747753142203e+00  6.240747753142203e+00  6.240747753142203e+00  6.240747753142203e+00  0
7.179610920981894e-07  6.849554474201869e+00  6.849554474201869e+00  6.849554474201869e+00  6.849554474201869e+00  0
7.868553651095252e-07  7.386462330914832e+00  7.386462330914832e+00  7.386462330914832e+00  7.386462330914832e+00  0
8.623606103671279e-07  7.748239594549728e+00  7.748239594549728e+00  7.748239594549728e+00  7.748239594549728e+00  0
9.451112050424309e-07  7.737368514226873e+00  7.737368514226873e+00  7.737368514226873e+00  7.737368514226873e+00  0
1.035802400015098e-06  7.353978258645230e+00  7.353978258645230e+00  7.353978258645230e+00  7.353978258645230e+00  0
1.135196161206098e-06  6.743660323712024e+00  6.743660323712024e+00  6.743660323712024e+00  6.743660323712024e+00  0
1.244127571434742e-06  6.205041770880085e+00  6.205041770880085e+00  6.205041770880085e+00  6.205041770880085e+00  0
1.363511846586568e-06  5.848407000222505e+00  5.848407000222505e+00  5.848407000222505e+00  5.848407000222505e+00  0
1.494352025040248e-06  5.859842584397096e+00  5.859842584397096e+00  5.859842584397096e+00  5.859842584397096e+00  0
1.637747394958268e-06  6.240728695528446e+00  6.240728695528446e+00  6.240728695528446e+00  6.240728695528446e+00  0
1.794902730245473e-06  6.849121632463074e+00  6.849121632463074e+00  6.849121632463074e+00  6.849121632463074e+00  0
1.967138412773813e-06  7.385343325385188e+00  7.385343325385188e+00  7.385343325385188e+00  7.385343325385188e+00  0
2.155901525917819e-06  7.747491443070832e+00  7.747491443070832e+00  7.747491443070832e+00  7.747491443070832e+00  0
2.362778012606077e-06  7.737403855389204e+00  7.737403855389204e+00  7.737403855389204e+00  7.737403855389204e+00  0
2.589506000037745e-06  7.354836198239157e+00  7.354836198239157e+00  7.354836198239157e+00  7.354836198239157e+00  0
2.837990403015245e-06  6.745051046883355e+00  6.745051046883355e+00  6.745051046883355e+00  6.745051046883355e+00  0
3.110318928586857e-06  6.208937688844276e+00  6.208937688844276e+00  6.208937688844276e+00  6.208937688844276e+00  0
3.408779616466421e-06  5.851520713222009e+00  5.851520713222009e+00  5.851520713222009e+00  5.851520713222009e+00  0
3.735880062600620e-06  5.861526426011771e+00  5.861526426011771e+00  5.861526426011771e+00  5.861526426011771e+00  0
4.094368487395670e-06  6.240937327126220e+00  6.240937327126220e+00  6.240937327126220e+00  6.240937327126220e+00  0
4.487256825613684e-06  6.848322381216175e+00  6.848322381216175e+00  6.848322381216175e+00  6.848322381216175e+00  0
4.917846031934533e-06  7.382827432176760e+00  7.382827432176760e+00  7.382827432176760e+00  7.382827432176760e+00  0
5.389753814794549e-06  7.745912359339435e+00  7.745912359339435e+00  7.745912359339435e+00  7.745912359339435e+00  0
5.906945031515193e-06  7.737779682712764e+00  7.737779682712764e+00  7.737779682712764e+00  7.737779682712764e+00  0
6.473765000094363e-06  7.357253610433810e+00  7.357253610433810e+00  7.357253610433810e+00  7.357253610433810e+00  0
7.094976007538114e-06  6.748780328972343e+00  6.748780328972343e+00  6.748780328972343e+00  6.748780328972343e+00  0
7.775797321467140e-06  6.218795660885529e+00  6.218795660885529e+00  6.218795660885529e+00  6.218795660885529e+00  0
8.521949041166052e-06  5.859458168298327e+00  5.859458168298327e+00  5.859458168298327e+00  5.859458168298327e+00  0
9.339700156501548e-06  5.865927591030024e+00  5.865927591030024e+00  5.865927591030024e+00  5.865927591030024e+00  0
1.023592121848917e-05  6.241687838128468e+00  6.241687838128468e+00  6.241687838128468e+00  6.241687838128468e+00  0
1.121814206403421e-05  6.846585268593052e+00  6.846585268593052e+00  6.846585268593052e+00  6.846585268593052e+00  0
1.229461507983633e-05  7.376672914714805e+00  7.376672914714805e+00  7.376672914714805e+00  7.376672914714805e+00  0
1.347438453698637e-05  7.742081927711000e+00  7.742081927711000e+00  7.742081927711000e+00  7.742081927711000e+00  0
1.476736257878798e-05  7.738815605458480e+00  7.738815605458480e+00  7.738815605458480e+00  7.738815605458480e+00  0
1.618441250023591e-05  7.363384695068476e+00  7.363384695068476e+00  7.363384695068476e+00  7.363384695068476e+00  0
1.773744001884528e-05  6.758199514185502e+00  6.758199514185502e+00  6.758199514185502e+00  6.758199514185502e+00  0
1.943949330366785e-05  6.242818625933058e+00  6.242818625933058e+00  6.242818625933058e+00  6.242818625933058e+00  0
2.130487260291513e-05  5.878972961711992e+00  5.878972961711992e+00  5.878972961711992e+00  5.878972961711992e+00  0
2.334925039125387e-05  5.876837463153699e+00  5.876837463153699e+00  5.876837463153699e+00  5.876837463153699e+00  0
2.558980304622294e-05  6.243620983261062e+00  6.243620983261062e+00  6.243620983261062e+00  6.243620983261062e+00  0
2.804535516008552e-05  6.842367015495904e+00  6.842367015495904e+00  6.842367015495904e+00  6.842367015495904e+00  0
3.073653769959083e-05  7.360718096815473e+00  7.360718096815473e+00  7.360718096815473e+00  7.360718096815473e+00  0
3.368596134246593e-05  7.731653010800274e+00  7.731653010800274e+00  7.731653010800274e+00  7.731653010800274e+00  0
3.691840644696995e-05  7.740371427301545e+00  7.740371427301545e+00  7.740371427301545e+00  7.740371427301545e+00  0
4.046103125058977e-05  7.377677163848598e+00  7.377677163848598e+00  7.377677163848598e+00  7.377677163848598e+00  0
4.434360004711321e-05  6.780880915266850e+00  6.780880915266850e+00  6.780880915266850e+00  6.780880915266850e+00  0
4.859873325916964e-05  6.297608311953098e+00  6.297608311953098e+00  6.297608311953098e+00  6.297608311953098e+00  0
5.326218150728783e-05  5.924362661500484e+00  5.924362661500484e+00  5.924362661500484e+00  5.924362661500484e+00  0
5.837312597813469e-05  5.902181887621092e+00  5.902181887621092e+00  5.902181887621092e+00  5.902181887621092e+00  0
6.397450761555734e-05  6.247395047928385e+00  6.247395047928385e+00  6.247395047928385e+00  6.247395047928385e+00  0
7.011338790021381e-05  6.831077176520196e+00  6.831077176520196e+00  6.831077176520196e+00  6.831077176520196e+00  0
7.684134424897707e-05  7.313874691799362e+00  7.313874691799362e+00  7.313874691799362e+00  7.313874691799362e+00  0
8.421490335616483e-05  7.697846752877901e+00  7.697846752877901e+00  7.697846752877901e+00  7.697846752877901e+00  0
9.229601611742488e-05  7.735911885207017e+00  7.735911885207017e+00  7.735911885207017e+00  7.735911885207017e+00  0
1.011525781264744e-04  7.405310583687236e+00  7.405310583687236e+00  7.405310583687236e+00  7.405310583687236e+00  0
1.108590001177830e-04  6.830687431306459e+00  6.830687431306459e+00  6.830687431306459e+00  6.830687431306459e+00  0
1.214968331479241e-04  6.400518291427290e+00  6.400518291427290e+00  6.400518291427290e+00  6.400518291427290e+00  0
1.331554537682195e-04  6.014711629617755e+00  6.014711629617755e+00  6.014711629617755e+00  6.014711629617755e+00  0
1.459328149453367e-04  5.951368281512607e+00  5.951368281512607e+00  5.951368281512607e+00  5.951368281512607e+00  0
1.599362690388933e-04  6.248203937983122e+00  6.248203937983122e+00  6.248203937983122e+00  6.248203937983122e+00  0
1.752834697505345e-04  6.796397103383312e+00  6.796397103383312e+00  6.796397103383312e+00  6.796397103383312e+00  0
1.921033606224427e-04  7.155411128114301e+00  7.155411128114301e+00  7.155411128114301e+00  7.155411128114301e+00  0
2.105372583904121e-04  7.567598620967037e+00  7.567598620967037e+00  7.567598620967037e+00  7.567598620967037e+00  0
2.307400402935622e-04  7.674841265397257e+00  7.674841265397257e+00  7.674841265397257e+00  7.674841265397257e+00  0
2.528814453161860e-04  7.424943787699469e+00  7.424943787699469e+00  7.424943787699469e+00  7.424943787699469e+00  0
2.771475002944575e-04  6.911900916161713e+00  6.911900916161713e+00  6.911900916161713e+00  6.911900916161713e+00  0
3.037420828698102e-04  6.458345842740599e+00  6.458345842740599e+00  6.458345842740599e+00  6.458345842740599e+00  0
3.328886344205489e-04  6.095340570727534e+00  6.095340570727534e+00  6.095340570727534e+00  6.095340570727534e+00  0
3.648320373633417e-04  5.978764390279667e+00  5.978764390279667e+00  5.978764390279667e+00  5.978764390279667e+00  0
3.998406725972333e-04  6.189134450498607e+00  6.189134450498607e+00  6.189134450498607e+00  6.189134450498607e+00  0
4.382086743763362e-04  6.665058849489842e+00  6.665058849489842e+00  6.665058849489842e+00  6.665058849489842e+00  0
4.802584015561067e-04  6.542605197354808e+00  6.542605197354808e+00  6.542605197354808e+00  6.542605197354808e+00  0
5.263431459760303e-04  7.012655000807609e+00  7.012655000807609e+00  7.012655000807609e+00  7.012655000807609e+00  0
5.768501007339055e-04  7.269199994567400e+00  7.269199994567400e+00  7.269199994567400e+00  7.269199994567400e+00  0
6.322036132904651e-04  7.213150502560818e+00  7.213150502560818e+00  7.213150502560818e+00  7.213150502560818e+00  0
6.928687507361440e-04  6.874058877110566e+00  6.874058877110566e+00  6.874058877110566e+00  6.874058877110566e+00  0
7.593552071745256e-04  5.798625935869534e+00  5.798625935869534e+00  5.798625935869534e+00  5.798625935869534e+00  0
8.322215860513723e-04  5.628312113795773e+00  5.628312113795773e+00  5.628312113795773e+00  5.628312113795773e+00  0
9.120800934083544e-04  5.553680219352591e+00  5.553680219352591e+00  5.553680219352591e+00  5.553680219352591e+00  0
9.996016814930835e-04  5.700041468583221e+00  5.700041468583221e+00  5.700041468583221e+00  5.700041468583221e+00  0
1.095521685940841e-03  6.087471939680369e+00  6.087471939680369e+00  6.087471939680369e+00  6.087471939680369e+00  0
1.200646003890267e-03  4.650337218795110e+00  4.650337218795110e+00  4.650337218795110e+00  4.650337218795110e+00  0
1.315857864940076e-03  5.164440067270844e+00  5.164440067270844e+00  5.164440067270844e+00  5.164440067270844e+00  0
1.442125251834764e-03  5.617381636358656e+00  5.617381636358656e+00  5.617381636358656e+00  5.617381636358656e+00  0
1.580509033226163e-03  5.886823402737861e+00  5.886823402737861e+00  5.886823402737861e+00  5.886823402737861e+00  0
1.732171876840360e-03  5.917898149163182e+00  5.917898149163182e+00  5.917898149163182e+00  5.917898149163182e+00  0
1.898388017936314e-03  3.583230540737725e+00  3.583230540737725e+00  3.583230540737725e+00  3.583230540737725e+00  0
2.080553965128431e-03  3.675226366385577e+00  3.675226366385577e+00  3.675226366385577e+00  3.675226366385577e+00  0
2.280200233520886e-03  3.755995955694656e+00  3.755995955694656e+00  3.755995955694656e+00  3.755995955694656e+00  0
2.499004203732709e-03  3.921689128117350e+00  3.921689128117350e+00  3.921689128117350e+00  3.921689128117350e+00  0
2.738804214852102e-03  4.241170014283198e+00  4.241170014283198e+00  4.241170014283198e+00  4.241170014283198e+00  0
3.001615009725670e-03  2.092402318065526e+00  2.092402318065526e+00  2.092402318065526e+00  2.092402318065526e+00  0
3.289644662350192e-03  2.398486028927370e+00  2.398486028927370e+00  2.398486028927370e+00  2.398486028927370e+00  0
3.605313129586913e-03  2.761409969617167e+00  2.761409969617167e+00  2.761409969617167e+00  2.761409969617167e+00  0
3.951272583065411e-03  3.112819663322516e+00  3.112819663322516e+00  3.112819663322516e+00  3.112819663322516e+00  0
4.330429692100904e-03  3.382359346351997e+00  3.382359346351997e+00  3.382359346351997e+00  3.382359346351997e+00  0
4.745970044840788e-03  1.540656471338818e+00  1.540656471338818e+00  1.540656471338818e+00  1.540656471338818e+00  0
5.201384912821080e-03  1.628933597993864e+00  1.628933597993864e+00  1.628933597993864e+00  1.628933597993864e+00  0
5.700500583802218e-03  1.692039551871061e+00  1.692039551871061e+00  1.692039551871061e+00  1.692039551871061e+00  0
6.247510509331775e-03  1.764247892379081e+00  1.764247892379081e+00  1.764247892379081e+00  1.764247892379081e+00  0
6.847010537130258e-03  1.894875270054664e+00  1.894875270054664e+00  1.894875270054664e+00  1.894875270054664e+00  0
7.504037524314174e-03  1.284179135834140e+00  1.284179135834140e+00  1.284179135834140e+00  1.284179135834140e+00  0
8.224111655875478e-03  1.217887893232772e+00  1.217887893232772e+00  1.217887893232772e+00  1.217887893232772e+00  0
9.013282823967282e-03  1.233937459255022e+00  1.233937459255022e+00  1.233937459255022e+00  1.233937459255022e+00  0
9.878181457663525e-03  1.315982355805095e+00  1.315982355805095e+00  1.315982355805095e+00  1.315982355805095e+00  0
1.082607423025226e-02  1.428181049353355e+00  1.428181049353355e+00  1.428181049353355e+00  1.428181049353355e+00  0
1.186492511210197e-02  2.099663314429316e+00  2.099663314429316e+00  2.099663314429316e+00  2.099663314429316e+00  0
1.300346228205270e-02  1.995976650571614e+00  1.995976650571614e+00  1.995976650571614e+00  1.995976650571614e+00  0
1.425125145950555e-02  1.826831912420143e+00  1.826831912420143e+00  1.826831912420143e+00  1.826831912420143e+00  0
1.561877627332944e-02  1.625135351410099e+00  1.625135351410099e+00  1.625135351410099e+00  1.625135351410099e+00  0
1.711752634282565e-02  1.432065679145081e+00  1.432065679145081e+00  1.432065679145081e+00  1.432065679145081e+00  0
1.876009381078543e-02  1.449500953091897e+00  1.449500953091897e+00  1.449500953091897e+00  1.449500953091897e+00  0
2.056027913968870e-02  1.702104887134499e+00  1.702104887134499e+00  1.702104887134499e+00  1.702104887134499e+00  0
2.253320705991821e-02  1.915078302806553e+00  1.915078302806553e+00  1.915078302806553e+00  1.915078302806553e+00  0
2.469545364415881e-02  2.061914450432115e+00  2.061914450432115e+00  2.061914450432115e+00  2.061914450432115e+00  0
2.706518557563065e-02  2.124093481344963e+00  2.124093481344963e+00  2.124093481344963e+00  2.124093481344963e+00  0
2.966231278025492e-02  4.608151393318187e-01  4.608151393318187e-01  4.608151393318187e-01  4.608151393318187e-01  0
3.250865570513176e-02  5.869761136040983e-01  5.869761136040983e-01  5.869761136040983e-01  5.869761136040983e-01  0
3.562812864876387e-02  7.472067424670583e-01  7.472067424670583e-01  7.472067424670583e-01  7.472067424670583e-01  0
3.904694068332360e-02  9.428120465834668e-01  9.428120465834668e-01  9.428120465834668e-01  9.428120465834668e-01  0
4.279381585706412e-02  1.168654293083154e+00  1.168654293083154e+00  1.168654293083154e+00  1.168654293083154e+00  0
4.690023452696358e-02  3.352284639996213e-01  3.352284639996213e-01  3.352284639996213e-01  3.352284639996213e-01  0
5.140069784922174e-02  3.359661645854713e-01  3.359661645854713e-01  3.359661645854713e-01  3.359661645854713e-01  0
5.633301764979550e-02  3.445543581897227e-01  3.445543581897227e-01  3.445543581897227e-01  3.445543581897227e-01  0
6.173863411039702e-02  3.690774498953722e-01  3.690774498953722e-01  3.690774498953722e-01  3.690774498953722e-01  0
6.766296393907660e-02  4.174729888205481e-01  4.174729888205481e-01  4.174729888205481e-01  4.174729888205481e-01  0
7.415578195063731e-02  2.792339499999001e-01  2.792339499999001e-01  2.792339499999001e-01  2.792339499999001e-01  0
8.127163926282939e-02  3.191845415895626e-01  3.191845415895626e-01  3.191845415895626e-01  3.191845415895626e-01  0
8.907032162190968e-02  3.473438664547797e-01  3.473438664547797e-01  3.473438664547797e-01  3.473438664547797e-01  0
9.761735170830900e-02  3.622201749504516e-01  3.622201749504516e-01  3.622201749504516e-01  3.622201749504516e-01  0
1.069845396426603e-01  3.653702426727396e-01  3.653702426727396e-01  3.653702426727396e-01  3.653702426727396e-01  0
1.172505863174089e-01  2.982803363586773e-01  2.982803363586773e-01  2.982803363586773e-01  2.982803363586773e-01  0
1.285017446230543e-01  3.137164323035150e-01  3.137164323035150e-01  3.137164323035150e-01  3.137164323035150e-01  0
1.408325441244888e-01  3.231990174868791e-01  3.231990174868791e-01  3.231990174868791e-01  3.231990174868791e-01  0
1.543465852759926e-01  3.312268943087427e-01  3.312268943087427e-01  3.312268943087427e-01  3.312268943087427e-01  0
1.691574098476915e-01  3.408223385321966e-01  3.408223385321966e-01  3.408223385321966e-01  3.408223385321966e-01  0
1.853894548765933e-01  2.551972817705262e-01  2.551972817705262e-01  2.551972817705262e-01  2.551972817705262e-01  0
2.031790981570735e-01  2.884073702549665e-01  2.884073702549665e-01  2.884073702549665e-01  2.884073702549665e-01  0
2.226758040547742e-01  3.161780696043079e-01  3.161780696043079e-01  3.161780696043079e-01  3.161780696043079e-01  0
2.440433792707725e-01  3.367013980601586e-01  3.367013980601586e-01  3.367013980601586e-01  3.367013980601586e-01  0
2.674613491066508e-01  3.489618565836818e-01  3.489618565836818e-01  3.489618565836818e-01  3.489618565836818e-01  0
2.931264657935224e-01  3.666630299940238e-01  3.666630299940238e-01  3.666630299940238e-01  3.666630299940238e-01  0
3.212543615576359e-01  4.469325371441560e-01  4.469325371441560e-01  4.469325371441560e-01  4.469325371441560e-01  0
3.520813603112219e-01  5.097275029125136e-01  5.097275029125136e-01  5.097275029125136e-01  5.097275029125136e-01  0
3.858664631899815e-01  5.469945381419348e-01  5.469945381419348e-01  5.469945381419348e-01  5.469945381419348e-01  0
4.228935246192289e-01  5.568220228322294e-01  5.568220228322294e-01  5.568220228322294e-01  5.568220228322294e-01  0
4.634736371914833e-01  4.755785023257905e-02  4.755785023257905e-02  4.755785023257905e-02  4.755785023257905e-02  0
5.079477453926837e-01  8.315896378725091e-02  8.315896378725091e-02  8.315896378725091e-02  8.315896378725091e-02  0
5.566895101369356e-01  1.350362143944254e-01  1.350362143944254e-01  1.350362143944254e-01  1.350362143944254e-01  0
6.101084481769313e-01  2.036684746927870e-01  2.036684746927870e-01  2.036684746927870e-01  2.036684746927870e-01  0
6.686533727666270e-01  2.854964613850701e-01  2.854964613850701e-01  2.854964613850701e-01  2.854964613850701e-01  0
7.328161644838057e-01  9.803142617127766e-04  9.803142617127766e-04  9.803142617127766e-04  9.803142617127766e-04  0
8.031359038940895e-01  2.448550219030104e-03  2.448550219030104e-03  2.448550219030104e-03  2.448550219030104e-03  0
8.802034007780546e-01  5.697103362680866e-03  5.697103362680866e-03  5.697103362680866e-03  5.697103362680866e-03  0
9.646661579749534e-01  1.234914214595955e-02  1.234914214595955e-02  1.234914214595955e-02  1.234914214595955e-02  0
1.057233811548072e+00  2.492992634811347e-02  2.492992634811347e-02  2.492992634811347e-02  2.492992634811347e-02  0
1.158684092978708e+00  4.117113293346940e-06  4.117113293346940e-06  4.117113293346940e-06  4.117113293346940e-06  0
1.269869363481709e+00  1.458326103411312e-05  1.458326103411312e-05  1.458326103411312e-05  1.458326103411312e-05  0
1.391723775342339e+00  4.688061407041857e-05  4.688061407041857e-05  4.688061407041857e-05  4.688061407041857e-05  0
1.525271120442328e+00  1.394901835617589e-04  1.394901835617589e-04  1.394901835617589e-04  1.394901835617589e-04  0
1.671633431916567e+00  3.878305421332316e-04  3.878305421332316e-04  3.878305421332316e-04  3.878305421332316e-04  0
1.832040411209514e+00  -1.609992646450130e-08  -1.609992646450130e-08  -1.609992646450130e-08  -1.609992646450130e-08  0
2.007839759735224e+00  -3.500866090426965e-08  -3.500866090426965e-08  -3.500866090426965e-08  -3.500866090426965e-08  0
2.200508501945136e+00  -4.353968790504161e-08  -4.353968790504161e-08  -4.353968790504161e-08  -4.353968790504161e-08  0
2.411665394937383e+00  8.483676451335627e-08  8.483676451335627e-08  8.483676451335627e-08  8.483676451335627e-08  0
2.643084528870179e+00  8.807466690085051e-07  8.807466690085051e-07  8.807466690085051e-07  8.807466690085051e-07  0
