-1.525271120442328e+00  2.785758582865915e-03  2.785758582865915e-03  2.785758582865915e-03  2.785758582865915e-03  0
-1.391723775342339e+00  1.290238473648998e-03  1.290238473648998e-03  1.290238473648998e-03  1.290238473648998e-03  0
-1.269869363481709e+00  5.770680993711513e-04  5.770680993711513e-04  5.770680993711513e-04  5.770680993711513e-04  0
-1.158684092978708e+00  2.551115739225341e-04  2.551115739225341e-04  2.551115739225341e-04  2.551115739225341e-04  0
-1.057233811548072e+00  1.142532961327300e-04  1.142532961327300e-04  1.142532961327300e-04  1.142532961327300e-04  0
-9.646661579749536e-01  4.098289692967659e-02  4.098289692967659e-02  4.098289692967659e-02  4.098289692967659e-02  0
-8.802034007780548e-01  2.846359535663393e-02  2.846359535663393e-02  2.846359535663393e-02  2.846359535663393e-02  0
-8.031359038940896e-01  1.847102225901148e-02  1.847102225901148e-02  1.847102225901148e-02  1.847102225901148e-02  0
-7.328161644838059e-01  1.115125269583812e-02  1.115125269583812e-02  1.115125269583812e-02  1.115125269583812e-02  0
-6.686533727666268e-01  6.253062547035735e-03  6.253062547035735e-03  6.253062547035735e-03  6.253062547035735e-03  0
-6.101084481769313e-01  1.861331438872376e-01  1.861331438872376e-01  1.861331438872376e-01  1.861331438872376e-01  0
-5.566895101369356e-01  1.303462961397306e-01  1.303462961397306e-01  1.303462961397306e-01  1.303462961397306e-01  0
-5.079477453926836e-01  9.654934767080926e-02  9.654934767080926e-02  9.654934767080926e-02  9.654934767080926e-02  0
-4.634736371914833e-01  7.378936126026764e-02  7.378936126026764e-02  7.378936126026764e-02  7.378936126026764e-02  0
-4.228935246192288e-01  5.606078983987731e-02  5.606078983987731e-02  5.606078983987731e-02  5.606078983987731e-02  0
-3.858664631899814e-01  1.228867104105950e+00  1.228867104105950e+00  1.228867104105950e+00  1.228867104105950e+00  0
-3.520813603112219e-01  9.023451475583544e-01  9.023451475583544e-01  9.023451475583544e-01  9.023451475583544e-01  0
-3.212543615576358e-01  6.210905813603352e-01  6.210905813603352e-01  6.210905813603352e-01  6.210905813603352e-01  0
-2.931264657935224e-01  4.028212376266649e-01  4.028212376266649e-01  4.028212376266649e-01  4.028212376266649e-01  0
-2.674613491066507e-01  2.491101742859229e-01  2.491101742859229e-01  2.491101742859229e-01  2.491101742859229e-01  0
-2.440433792707725e-01  2.313869999479268e+00  2.313869999479268e+00  2.313869999479268e+00  2.313869999479268e+00  0
-2.226758040547742e-01  2.273172549353470e+00  2.273172549353470e+00  2.273172549353470e+00  2.273172549353470e+00  0
-2.031790981570734e-01  2.128698846956157e+00  2.128698846956157e+00  2.128698846956157e+00  2.128698846956157e+00  0
-1.853894548765933e-01  1.886575915431440e+00  1.886575915431440e+00  1.886575915431440e+00  1.886575915431440e+00  0
-1.691574098476915e-01  1.572740652269360e+00  1.572740652269360e+00  1.572740652269360e+00  1.572740652269360e+00  0
-1.543465852759926e-01  1.502148774593773e+00  1.502148774593773e+00  1.502148774593773e+00  1.502148774593773e+00  0
-1.408325441244888e-01  1.717772136321692e+00  1.717772136321692e+00  1.717772136321692e+00  1.717772136321692e+00  0
-1.285017446230543e-01  1.917255869554264e+00  1.917255869554264e+00  1.917255869554264e+00  1.917255869554264e+00  0
-1.172505863174090e-01  2.082721389692475e+00  2.082721389692475e+00  2.082721389692475e+00  2.082721389692475e+00  0
-1.069845396426603e-01  2.196211037532983e+00  2.196211037532983e+00  2.196211037532983e+00  2.196211037532983e+00  0
-9.761735170830896e-02  8.064072207276572e-01  8.064072207276572e-01  8.064072207276572e-01  8.064072207276572e-01  0
-8.907032162190963e-02  8.363171723856466e-01  8.363171723856466e-01  8.363171723856466e-01  8.363171723856466e-01  0
-8.127163926282933e-02  9.035291256920809e-01  9.035291256920809e-01  9.035291256920809e-01  9.035291256920809e-01  0
-7.415578195063728e-02  1.001770435037213e+00  1.001770435037213e+00  1.001770435037213e+00  1.001770435037213e+00  0
-6.766296393907657e-02  1.108781967867028e+00  1.108781967867028e+00  1.108781967867028e+00  1.108781967867028e+00  0
-6.173863411039700e-02  7.616305138337065e-01  7.616305138337065e-01  7.616305138337065e-01  7.616305138337065e-01  0
-5.633301764979549e-02  7.764617588054188e-01  7.764617588054188e-01  7.764617588054188e-01  7.764617588054188e-01  0
-5.140069784922172e-02  7.664103273920787e-01  7.664103273920787e-01  7.664103273920787e-01  7.664103273920787e-01  0
-4.690023452696356e-02  7.227004358973951e-01  7.227004358973951e-01  7.227004358973951e-01  7.227004358973951e-01  0
-4.279381585706410e-02  6.457431499326028e-01  6.457431499326028e-01  6.457431499326028e-01  6.457431499326028e-01  0
-3.904694068332359e-02  7.309733008058029e-01  7.309733008058029e-01  7.309733008058029e-01  7.309733008058029e-01  0
-3.562812864876386e-02  7.026805196120485e-01  7.026805196120485e-01  7.026805196120485e-01  7.026805196120485e-01  0
-3.250865570513174e-02  6.904451701485439e-01  6.904451701485439e-01  6.904451701485439e-01  6.904451701485439e-01  0
-2.966231278025492e-02  6.985839764863704e-01  6.985839764863704e-01  6.985839764863704e-01  6.985839764863704e-01  0
-2.706518557563063e-02  7.229867328279367e-01  7.229867328279367e-01  7.229867328279367e-01  7.229867328279367e-01  0
-2.469545364415880e-02  8.400055378113266e-01  8.400055378113266e-01  8.400055378113266e-01  8.400055378113266e-01  0
-2.253320705991819e-02  8.329516597766148e-01  8.329516597766148e-01  8.329516597766148e-01  8.329516597766148e-01  0
-2.056027913968868e-02  8.105091365889389e-01  8.105091365889389e-01  8.105091365889389e-01  8.105091365889389e-01  0
-1.876009381078543e-02  7.671233695724712e-01  7.671233695724712e-01  7.671233695724712e-01  7.671233695724712e-01  0
-1.711752634282564e-02  7.005978741344282e-01  7.005978741344282e-01  7.005978741344282e-01  7.005978741344282e-01  0
-1.561877627332943e-02  9.447404452083153e-01  9.447404452083153e-01  9.447404452083153e-01  9.447404452083153e-01  0
-1.425125145950554e-02  8.805564654238275e-01  8.805564654238275e-01  8.805564654238275e-01  8.805564654238275e-01  0
-1.300346228205270e-02  8.399074059517326e-01  8.399074059517326e-01  8.399074059517326e-01  8.399074059517326e-01  0
-1.186492511210197e-02  8.210753931343069e-01  8.210753931343069e-01  8.210753931343069e-01  8.210753931343069e-01  0
-1.082607423025225e-02  8.172440241447010e-01  8.172440241447010e-01  8.172440241447010e-01  8.172440241447010e-01  0
-9.878181457663520e-03  1.188785292011073e+00  1.188785292011073e+00  1.188785292011073e+00  1.188785292011073e+00  0
-9.013282823967277e-03  1.154986335865138e+00  1.154986335865138e+00  1.154986335865138e+00  1.154986335865138e+00  0
-8.224111655875473e-03  1.104072570541127e+00  1.104072570541127e+00  1.104072570541127e+00  1.104072570541127e+00  0
-7.504037524314169e-03  1.035575006841748e+00  1.035575006841748e+00  1.035575006841748e+00  1.035575006841748e+00  0
-6.847010537130255e-03  9.537356231430145e-01  9.537356231430145e-01  9.537356231430145e-01  9.537356231430145e-01  0
-6.247510509331773e-03  1.199806590610463e+00  1.199806590610463e+00  1.199806590610463e+00  1.199806590610463e+00  0
-5.700500583802216e-03  1.211894686762885e+00  1.211894686762885e+00  1.211894686762885e+00  1.211894686762885e+00  0
-5.201384912821078e-03  1.221390788363245e+00  1.221390788363245e+00  1.221390788363245e+00  1.221390788363245e+00  0
-4.745970044840786e-03  1.225952589447762e+00  1.225952589447762e+00  1.225952589447762e+00  1.225952589447762e+00  0
-4.330429692100900e-03  1.219002763573575e+00  1.219002763573575e+00  1.219002763573575e+00  1.219002763573575e+00  0
-3.951272583065408e-03  8.799349516336642e-01  8.799349516336642e-01  8.799349516336642e-01  8.799349516336642e-01  0
-3.605313129586911e-03  9.780820776025442e-01  9.780820776025442e-01  9.780820776025442e-01  9.780820776025442e-01  0
-3.289644662350189e-03  1.069353288482640e+00  1.069353288482640e+00  1.069353288482640e+00  1.069353288482640e+00  0
-3.001615009725668e-03  1.142984462007242e+00  1.142984462007242e+00  1.142984462007242e+00  1.142984462007242e+00  0
-2.738804214852102e-03  1.192772621264524e+00  1.192772621264524e+00  1.192772621264524e+00  1.192772621264524e+00  0
-2.499004203732710e-03  6.930145795699901e-01  6.930145795699901e-01  6.930145795699901e-01  6.930145795699901e-01  0
-2.280200233520887e-03  6.694765328776666e-01  6.694765328776666e-01  6.694765328776666e-01  6.694765328776666e-01  0
-2.080553965128431e-03  6.757300361050710e-01  6.757300361050710e-01  6.757300361050710e-01  6.757300361050710e-01  0
-1.898388017936315e-03  7.138860844152636e-01  7.138860844152636e-01  7.138860844152636e-01  7.138860844152636e-01  0
-1.732171876840360e-03  7.780144661163411e-01  7.780144661163411e-01  7.780144661163411e-01  7.780144661163411e-01  0
-1.580509033226163e-03  8.649142866328933e-01  8.649142866328933e-01  8.649142866328933e-01  8.649142866328933e-01  0
-1.442125251834764e-03  8.575264972230404e-01  8.575264972230404e-01  8.575264972230404e-01  8.575264972230404e-01  0
-1.315857864940076e-03  8.314240565372383e-01  8.314240565372383e-01  8.314240565372383e-01  8.314240565372383e-01  0
-1.200646003890267e-03  7.880092734474987e-01  7.880092734474987e-01  7.880092734474987e-01  7.880092734474987e-01  0
-1.095521685940841e-03  7.343003200512791e-01  7.343003200512791e-01  7.343003200512791e-01  7.343003200512791e-01  0
-9.996016814930839e-04  8.774131023308211e-01  8.774131023308211e-01  8.774131023308211e-01  8.774131023308211e-01  0
-9.120800934083548e-04  8.479974693233875e-01  8.479974693233875e-01  8.479974693233875e-01  8.479974693233875e-01  0
-8.322215860513725e-04  8.372027737809288e-01  8.372027737809288e-01  8.372027737809288e-01  8.372027737809288e-01  0
-7.593552071745259e-04  8.416509846885829e-01  8.416509846885829e-01  8.416509846885829e-01  8.416509846885829e-01  0
-6.928687507361442e-04  8.525370437437000e-01  8.525370437437000e-01  8.525370437437000e-01  8.525370437437000e-01  0
-6.322036132904654e-04  1.103581711073888e+00  1.103581711073888e+00  1.103581711073888e+00  1.103581711073888e+00  0
-5.768501007339059e-04  1.077464416700313e+00  1.077464416700313e+00  1.077464416700313e+00  1.077464416700313e+00  0
-5.263431459760304e-04  1.037077264645465e+00  1.037077264645465e+00  1.037077264645465e+00  1.037077264645465e+00  0
-4.802584015561070e-04  9.861311823970692e-01  9.861311823970692e-01  9.861311823970692e-01  9.861311823970692e-01  0
-4.382086743763364e-04  9.310889717130426e-01  9.310889717130426e-01  9.310889717130426e-01  9.310889717130426e-01  0
-3.998406725972335e-04  1.127056571452363e+00  1.127056571452363e+00  1.127056571452363e+00  1.127056571452363e+00  0
-3.648320373633419e-04  1.111240349480758e+00  1.111240349480758e+00  1.111240349480758e+00  1.111240349480758e+00  0
-3.328886344205490e-04  1.106989313634382e+00  1.106989313634382e+00  1.106989313634382e+00  1.106989313634382e+00  0
-3.037420828698103e-04  1.107698268571521e+00  1.107698268571521e+00  1.107698268571521e+00  1.107698268571521e+00  0
-2.771475002944577e-04  1.105262848302475e+00  1.105262848302475e+00  1.105262848302475e+00  1.105262848302475e+00  0
-2.528814453161862e-04  1.393486479243412e+00  1.393486479243412e+00  1.393486479243412e+00  1.393486479243412e+00  0
-2.307400402935623e-04  1.339397382517025e+00  1.339397382517025e+00  1.339397382517025e+00  1.339397382517025e+00  0
-2.105372583904122e-04  1.280060464020634e+00  1.280060464020634e+00  1.280060464020634e+00  1.280060464020634e+00  0
-1.921033606224428e-04  1.223242916302530e+00  1.223242916302530e+00  1.223242916302530e+00  1.223242916302530e+00  0
-1.752834697505346e-04  1.173972553739226e+00  1.173972553739226e+00  1.173972553739226e+00  1.173972553739226e+00  0
-1.599362690388934e-04  1.421821589461705e+00  1.421821589461705e+00  1.421821589461705e+00  1.421821589461705e+00  0
-1.459328149453367e-04  1.433241088910051e+00  1.433241088910051e+00  1.433241088910051e+00  1.433241088910051e+00  0
-1.331554537682196e-04  1.443846991771127e+00  1.443846991771127e+00  1.443846991771127e+00  1.443846991771127e+00  0
-1.214968331479241e-04  1.441427586998759e+00  1.441427586998759e+00  1.441427586998759e+00  1.441427586998759e+00  0
-1.108590001177830e-04  1.419200862049755e+00  1.419200862049755e+00  1.419200862049755e+00  1.419200862049755e+00  0
-1.011525781264745e-04  1.709430826344566e+00  1.709430826344566e+00  1.709430826344566e+00  1.709430826344566e+00  0
-9.229601611742493e-05  1.619964258099473e+00  1.619964258099473e+00  1.619964258099473e+00  1.619964258099473e+00  0
-8.421490335616486e-05  1.538288223601778e+00  1.538288223601778e+00  1.538288223601778e+00  1.538288223601778e+00  0
-7.684134424897711e-05  1.479248389138024e+00  1.479248389138024e+00  1.479248389138024e+00  1.479248389138024e+00  0
-7.011338790021382e-05  1.446494681965057e+00  1.446494681965057e+00  1.446494681965057e+00  1.446494681965057e+00  0
-6.397450761555736e-05  1.719038545059778e+00  1.719038545059778e+00  1.719038545059778e+00  1.719038545059778e+00  0
-5.837312597813469e-05  1.772750940136321e+00  1.772750940136321e+00  1.772750940136321e+00  1.772750940136321e+00  0
-5.326218150728784e-05  1.810086965333057e+00  1.810086965333057e+00  1.810086965333057e+00  1.810086965333057e+00  0
-4.859873325916965e-05  1.809644060312364e+00  1.809644060312364e+00  1.809644060312364e+00  1.809644060312364e+00  0
-4.434360004711322e-05  1.764937636427804e+00  1.764937636427804e+00  1.764937636427804e+00  1.764937636427804e+00  0
-4.046103125058979e-05  2.002244945428586e+00  2.002244945428586e+00  2.002244945428586e+00  2.002244945428586e+00  0
-3.691840644696997e-05  1.874868247781804e+00  1.874868247781804e+00  1.874868247781804e+00  1.874868247781804e+00  0
-3.368596134246595e-05  1.769360113776993e+00  1.769360113776993e+00  1.769360113776993e+00  1.769360113776993e+00  0
-3.073653769959084e-05  1.711157975519611e+00  1.711157975519611e+00  1.711157975519611e+00  1.711157975519611e+00  0
-2.804535516008553e-05  1.704318832630000e+00  1.704318832630000e+00  1.704318832630000e+00  1.704318832630000e+00  0
-2.558980304622295e-05  1.964959804597103e+00  1.964959804597103e+00  1.964959804597103e+00  1.964959804597103e+00  0
-2.334925039125388e-05  2.069005381663166e+00  2.069005381663166e+00  2.069005381663166e+00  2.069005381663166e+00  0
-2.130487260291513e-05  2.142411970832414e+00  2.142411970832414e+00  2.142411970832414e+00  2.142411970832414e+00  0
-1.943949330366786e-05  2.151656433562014e+00  2.151656433562014e+00  2.151656433562014e+00  2.151656433562014e+00  0
-1.773744001884529e-05  2.088182612239748e+00  2.088182612239748e+00  2.088182612239748e+00  2.088182612239748e+00  0
-1.618441250023591e-05  2.230648722104434e+00  2.230648722104434e+00  2.230648722104434e+00  2.230648722104434e+00  0
-1.476736257878799e-05  2.067814713684172e+00  2.067814713684172e+00  2.067814713684172e+00  2.067814713684172e+00  0
-1.347438453698638e-05  1.938942331759403e+00  1.938942331759403e+00  1.938942331759403e+00  1.938942331759403e+00  0
-1.229461507983634e-05  1.881811545519801e+00  1.881811545519801e+00  1.881811545519801e+00  1.881811545519801e+00  0
-1.121814206403421e-05  1.903301709590710e+00  1.903301709590710e+00  1.903301709590710e+00  1.903301709590710e+00  0
-1.023592121848918e-05  2.138207598971139e+00  2.138207598971139e+00  2.138207598971139e+00  2.138207598971139e+00  0
-9.339700156501553e-06  2.288692208591225e+00  2.288692208591225e+00  2.288692208591225e+00  2.288692208591225e+00  0
-8.521949041166055e-06  2.397879655355305e+00  2.397879655355305e+00  2.397879655355305e+00  2.397879655355305e+00  0
-7.775797321467145e-06  2.419872553753967e+00  2.419872553753967e+00  2.419872553753967e+00  2.419872553753967e+00  0
-7.094976007538116e-06  2.342204933515672e+00  2.342204933515672e+00  2.342204933515672e+00  2.342204933515672e+00  0
-6.473765000094365e-06  2.388523879581989e+00  2.388523879581989e+00  2.388523879581989e+00  2.388523879581989e+00  0
-5.906945031515196e-06  2.195884170365567e+00  2.195884170365567e+00  2.195884170365567e+00  2.195884170365567e+00  0
-5.389753814794551e-06  2.046386637823566e+00  2.046386637823566e+00  2.046386637823566e+00  2.046386637823566e+00  0
-4.917846031934535e-06  1.988975370347275e+00  1.988975370347275e+00  1.988975370347275e+00  1.988975370347275e+00  0
-4.487256825613684e-06  2.034309923092163e+00  2.034309923092163e+00  2.034309923092163e+00  2.034309923092163e+00  0
-4.094368487395672e-06  2.253171111787114e+00  2.253171111787114e+00  2.253171111787114e+00  2.253171111787114e+00  0
-3.735880062600621e-06  2.439522080966386e+00  2.439522080966386e+00  2.439522080966386e+00  2.439522080966386e+00  0
-3.408779616466422e-06  2.576742558085667e+00  2.576742558085667e+00  2.576742558085667e+00  2.576742558085667e+00  0
-3.110318928586858e-06  2.608720083371075e+00  2.608720083371075e+00  2.608720083371075e+00  2.608720083371075e+00  0
-2.837990403015247e-06  2.518998395309674e+00  2.518998395309674e+00  2.518998395309674e+00  2.518998395309674e+00  0
-2.589506000037746e-06  2.492287211311524e+00  2.492287211311524e+00  2.492287211311524e+00  2.492287211311524e+00  0
-2.362778012606078e-06  2.276773446990862e+00  2.276773446990862e+00  2.276773446990862e+00  2.276773446990862e+00  0
-2.155901525917820e-06  2.111459799695072e+00  2.111459799695072e+00  2.111459799695072e+00  2.111459799695072e+00  0
-1.967138412773814e-06  2.053648691410203e+00  2.053648691410203e+00  2.053648691410203e+00  2.053648691410203e+00  0
-1.794902730245474e-06  2.117037024325519e+00  2.117037024325519e+00  2.117037024325519e+00  2.117037024325519e+00  0
-1.637747394958271e-06  2.331417394866294e+00  2.331417394866294e+00  2.331417394866294e+00  2.331417394866294e+00  0
-1.494352025040251e-06  2.543072048769918e+00  2.543072048769918e+00  2.543072048769918e+00  2.543072048769918e+00  0
-1.363511846586571e-06  2.699270422083225e+00  2.699270422083225e+00  2.699270422083225e+00  2.699270422083225e+00  0
-1.244127571434745e-06  2.736562003143308e+00  2.736562003143308e+00  2.736562003143308e+00  2.736562003143308e+00  0
-1.135196161206100e-06  2.635585157725400e+00  2.635585157725400e+00  2.635585157725400e+00  2.635585157725400e+00  0
-1.035802400015100e-06  2.560073784000423e+00  2.560073784000423e+00  2.560073784000423e+00  2.560073784000423e+00  0
-9.451112050424327e-07  2.328055037952836e+00  2.328055037952836e+00  2.328055037952836e+00  2.328055037952836e+00  0
-8.623606103671294e-07  2.152045426569197e+00  2.152045426569197e+00  2.152045426569197e+00  2.152045426569197e+00  0
-7.868553651095268e-07  2.094917229411772e+00  2.094917229411772e+00  2.094917229411772e+00  2.094917229411772e+00  0
-7.179610920981906e-07  2.172075212169336e+00  2.172075212169336e+00  2.172075212169336e+00  2.172075212169336e+00  0
-6.550989579833085e-07  2.387462846647119e+00  2.387462846647119e+00  2.387462846647119e+00  2.387462846647119e+00  0
-5.977408100161003e-07  2.616448575936821e+00  2.616448575936821e+00  2.616448575936821e+00  2.616448575936821e+00  0
-5.454047386346284e-07  2.784558077707135e+00  2.784558077707135e+00  2.784558077707135e+00  2.784558077707135e+00  0
-4.976510285738981e-07  2.823497241054127e+00  2.823497241054127e+00  2.823497241054127e+00  2.823497241054127e+00  0
-4.540784644824401e-07  2.712300534294867e+00  2.712300534294867e+00  2.712300534294867e+00  2.712300534294867e+00  0
-4.143209600060400e-07  2.604920112439745e+00  2.604920112439745e+00  2.604920112439745e+00  2.604920112439745e+00  0
-3.780444820169731e-07  2.361325327982330e+00  2.361325327982330e+00  2.361325327982330e+00  2.361325327982330e+00  0
-3.449442441468518e-07  2.178716279619886e+00  2.178716279619886e+00  2.178716279619886e+00  2.178716279619886e+00  0
-3.147421460438107e-07  2.123440949388590e+00  2.123440949388590e+00  2.123440949388590e+00  2.123440949388590e+00  0
-2.871844368392763e-07  2.211491683678859e+00  2.211491683678859e+00  2.211491683678859e+00  2.211491683678859e+00  0
-2.620395831933234e-07  2.429207134955813e+00  2.429207134955813e+00  2.429207134955813e+00  2.429207134955813e+00  0
-2.390963240064401e-07  2.669945308392586e+00  2.669945308392586e+00  2.669945308392586e+00  2.669945308392586e+00  0
-2.181618954538513e-07  2.844964469198904e+00  2.844964469198904e+00  2.844964469198904e+00  2.844964469198904e+00  0
-1.990604114295592e-07  2.882808816462152e+00  2.882808816462152e+00  2.882808816462152e+00  2.882808816462152e+00  0
-1.816313857929761e-07  2.761759050322517e+00  2.761759050322517e+00  2.761759050322517e+00  2.761759050322517e+00  0
-1.657283840024160e-07  2.635175576030403e+00  2.635175576030403e+00  2.635175576030403e+00  2.635175576030403e+00  0
-1.512177928067893e-07  2.383476654442459e+00  2.383476654442459e+00  2.383476654442459e+00  2.383476654442459e+00  0
-1.379776976587407e-07  2.197059202763398e+00  2.197059202763398e+00  2.197059202763398e+00  2.197059202763398e+00  0
-1.258968584175243e-07  2.144354609883278e+00  2.144354609883278e+00  2.144354609883278e+00  2.144354609883278e+00  0
-1.148737747357105e-07  2.241223276933500e+00  2.241223276933500e+00  2.241223276933500e+00  2.241223276933500e+00  0
-1.048158332773293e-07  2.462131935104802e+00  2.462131935104802e+00  2.462131935104802e+00  2.462131935104802e+00  0
-9.563852960257603e-08  2.712585335461309e+00  2.712585335461309e+00  2.712585335461309e+00  2.712585335461309e+00  0
-8.726475818154052e-08  2.895456067784810e+00  2.895456067784810e+00  2.895456067784810e+00  2.895456067784810e+00  0
-7.962416457182368e-08  2.939985211093234e+00  2.939985211093234e+00  2.939985211093234e+00  2.939985211093234e+00  0
-7.265255431719042e-08  2.829047730753664e+00  2.829047730753664e+00  2.829047730753664e+00  2.829047730753664e+00  0
-6.629135360096640e-08  2.655883534045164e+00  2.655883534045164e+00  2.655883534045164e+00  2.655883534045164e+00  0
-6.048711712271569e-08  2.398459755585390e+00  2.398459755585390e+00  2.398459755585390e+00  2.398459755585390e+00  0
-5.519107906349629e-08  2.210021111038027e+00  2.210021111038027e+00  2.210021111038027e+00  2.210021111038027e+00  0
-5.035874336700971e-08  2.160198071521467e+00  2.160198071521467e+00  2.160198071521467e+00  2.160198071521467e+00  0
-4.594950989428420e-08  2.264318881935997e+00  2.264318881935997e+00  2.264318881935997e+00  2.264318881935997e+00  0
-4.192633331093174e-08  2.487381746935581e+00  2.487381746935581e+00  2.487381746935581e+00  2.487381746935581e+00  0
-3.825541184103042e-08  2.743814970724026e+00  2.743814970724026e+00  2.743814970724026e+00  2.743814970724026e+00  0
-3.490590327261621e-08  2.929390247909323e+00  2.929390247909323e+00  2.929390247909323e+00  2.929390247909323e+00  0
-3.184966582872947e-08  2.972483795911486e+00  2.972483795911486e+00  2.972483795911486e+00  2.972483795911486e+00  0
-2.906102172687617e-08  2.856768823309102e+00  2.856768823309102e+00  2.856768823309102e+00  2.856768823309102e+00  0
-2.651654144038656e-08  2.670654334608178e+00  2.670654334608178e+00  2.670654334608178e+00  2.670654334608178e+00  0
-2.419484684908628e-08  2.409029805976001e+00  2.409029805976001e+00  2.409029805976001e+00  2.409029805976001e+00  0
-2.207643162539852e-08  2.219578474462147e+00  2.219578474462147e+00  2.219578474462147e+00  2.219578474462147e+00  0
-2.014349734680389e-08  2.172590983689304e+00  2.172590983689304e+00  2.172590983689304e+00  2.172590983689304e+00  0
-1.837980395771368e-08  2.282675631626650e+00  2.282675631626650e+00  2.282675631626650e+00  2.282675631626650e+00  0
-1.677053332437270e-08  2.507720044746220e+00  2.507720044746220e+00  2.507720044746220e+00  2.507720044746220e+00  0
-1.530216473641217e-08  2.768572246584097e+00  2.768572246584097e+00  2.768572246584097e+00  2.768572246584097e+00  0
-1.396236130904649e-08  2.955653193010555e+00  2.955653193010555e+00  2.955653193010555e+00  2.955653193010555e+00  0
-1.273986633149179e-08  2.996858864290664e+00  2.996858864290664e+00  2.996858864290664e+00  2.996858864290664e+00  0
-1.162440869075047e-08  2.876696142008988e+00  2.876696142008988e+00  2.876696142008988e+00  2.876696142008988e+00  0
-1.060661657615463e-08  2.681095140856409e+00  2.681095140856409e+00  2.681095140856409e+00  2.681095140856409e+00  0
-9.677938739634512e-09  2.416325069051080e+00  2.416325069051080e+00  2.416325069051080e+00  2.416325069051080e+00  0
-8.830572650159406e-09  2.226546816809322e+00  2.226546816809322e+00  2.226546816809322e+00  2.226546816809322e+00  0
-8.057398938721554e-09  2.182361644734184e+00  2.182361644734184e+00  2.182361644734184e+00  2.182361644734184e+00  0
-7.351921583085473e-09  2.297560455123039e+00  2.297560455123039e+00  2.297560455123039e+00  2.297560455123039e+00  0
-6.708213329749079e-09  2.524273264617340e+00  2.524273264617340e+00  2.524273264617340e+00  2.524273264617340e+00  0
-6.120865894564868e-09  2.788506631867502e+00  2.788506631867502e+00  2.788506631867502e+00  2.788506631867502e+00  0
-5.584944523618594e-09  2.976334673874943e+00  2.976334673874943e+00  2.976334673874943e+00  2.976334673874943e+00  0
-5.095946532596716e-09  3.015451275523907e+00  3.015451275523907e+00  3.015451275523907e+00  3.015451275523907e+00  0
-4.649763476300187e-09  2.891247199102776e+00  2.891247199102776e+00  2.891247199102776e+00  2.891247199102776e+00  0
-4.242646630461849e-09  2.688504471995859e+00  2.688504471995859e+00  2.688504471995859e+00  2.688504471995859e+00  0
-3.871175495853804e-09  2.421184738989359e+00  2.421184738989359e+00  2.421184738989359e+00  2.421184738989359e+00  0
-3.532229060063762e-09  2.231448026235658e+00  2.231448026235658e+00  2.231448026235658e+00  2.231448026235658e+00  0
-3.222959575488621e-09  2.189973143055483e+00  2.189973143055483e+00  2.189973143055483e+00  2.189973143055483e+00  0
-2.940768633234189e-09  2.309666255354296e+00  2.309666255354296e+00  2.309666255354296e+00  2.309666255354296e+00  0
-2.683285331899631e-09  2.538028936943789e+00  2.538028936943789e+00  2.538028936943789e+00  2.538028936943789e+00  0
-2.448346357825947e-09  2.805128614245767e+00  2.805128614245767e+00  2.805128614245767e+00  2.805128614245767e+00  0
-2.233977809447438e-09  2.993297637669126e+00  2.993297637669126e+00  2.993297637669126e+00  2.993297637669126e+00  0
-2.038378613038686e-09  3.030209117249887e+00  3.030209117249887e+00  3.030209117249887e+00  3.030209117249887e+00  0
-1.859905390520075e-09  2.902200333336248e+00  2.902200333336248e+00  2.902200333336248e+00  2.902200333336248e+00  0
-1.697058652184740e-09  2.693927804914225e+00  2.693927804914225e+00  2.693927804914225e+00  2.693927804914225e+00  0
-1.548470198341522e-09  2.424146696788398e+00  2.424146696788398e+00  2.424146696788398e+00  2.424146696788398e+00  0
-1.412891624025505e-09  2.234518964184663e+00  2.234518964184663e+00  2.234518964184663e+00  2.234518964184663e+00  0
-1.289183830195449e-09  2.195673111811211e+00  2.195673111811211e+00  2.195673111811211e+00  2.195673111811211e+00  0
-1.176307453293676e-09  2.319551739797950e+00  2.319551739797950e+00  2.319551739797950e+00  2.319551739797950e+00  0
-1.073314132759852e-09  2.549264595002054e+00  2.549264595002054e+00  2.549264595002054e+00  2.549264595002054e+00  0
-9.793385431303785e-10  2.819376636078061e+00  2.819376636078061e+00  2.819376636078061e+00  2.819376636078061e+00  0
-8.935911237789750e-10  3.007981818152419e+00  3.007981818152419e+00  3.007981818152419e+00  3.007981818152419e+00  0
-8.153514452154745e-10  3.042729575754795e+00  3.042729575754795e+00  3.042729575754795e+00  3.042729575754795e+00  0
-7.439621562080298e-10  2.910954255917329e+00  2.910954255917329e+00  2.910954255917329e+00  2.910954255917329e+00  0
-6.788234608738959e-10  2.699092111050529e+00  2.699092111050529e+00  2.699092111050529e+00  2.699092111050529e+00  0
-6.193880793366086e-10  2.426274948617379e+00  2.426274948617379e+00  2.426274948617379e+00  2.426274948617379e+00  0
-5.651566496102019e-10  2.236133339238105e+00  2.236133339238105e+00  2.236133339238105e+00  2.236133339238105e+00  0
-5.156735320781795e-10  2.199462889831737e+00  2.199462889831737e+00  2.199462889831737e+00  2.199462889831737e+00  0
-4.705229813174702e-10  2.327301389176864e+00  2.327301389176864e+00  2.327301389176864e+00  2.327301389176864e+00  0
-4.293256531039410e-10  2.557371006609154e+00  2.557371006609154e+00  2.557371006609154e+00  2.557371006609154e+00  0
-3.917354172521515e-10  2.830627291291237e+00  2.830627291291237e+00  2.830627291291237e+00  2.830627291291237e+00  0
-3.574364495115900e-10  3.020428508091904e+00  3.020428508091904e+00  3.020428508091904e+00  3.020428508091904e+00  0
-3.261405780861898e-10  3.053724721614486e+00  3.053724721614486e+00  3.053724721614486e+00  3.053724721614486e+00  0
-2.975848624832120e-10  2.918343199171423e+00  2.918343199171423e+00  2.918343199171423e+00  2.918343199171423e+00  0
-2.715293843495584e-10  2.703460808025941e+00  2.703460808025941e+00  2.703460808025941e+00  2.703460808025941e+00  0
-2.477552317346435e-10  2.428851395115251e+00  2.428851395115251e+00  2.428851395115251e+00  2.428851395115251e+00  0
-2.260626598440808e-10  2.238020883391233e+00  2.238020883391233e+00  2.238020883391233e+00  2.238020883391233e+00  0
-2.062694128312718e-10  2.202487467668292e+00  2.202487467668292e+00  2.202487467668292e+00  2.202487467668292e+00  0
-1.882091925269881e-10  2.333199144302383e+00  2.333199144302383e+00  2.333199144302383e+00  2.333199144302383e+00  0
1.882091925269881e-10  2.443396441142619e+00  2.443396441142619e+00  2.443396441142619e+00  2.443396441142619e+00  0
2.062694128312718e-10  2.259140952929790e+00  2.259140952929790e+00  2.259140952929790e+00  2.259140952929790e+00  0
2.260626598440808e-10  2.231804115676622e+00  2.231804115676622e+00  2.231804115676622e+00  2.231804115676622e+00  0
2.477552317346435e-10  2.374825961995443e+00  2.374825961995443e+00  2.374825961995443e+00  2.374825961995443e+00  0
2.715293843495584e-10  2.635630954755717e+00  2.635630954755717e+00  2.635630954755717e+00  2.635630954755717e+00  0
2.975848624832120e-10  2.871189868829110e+00  2.871189868829110e+00  2.871189868829110e+00  2.871189868829110e+00  0
3.261405780861898e-10  3.062158820779067e+00  3.062158820779067e+00  3.062158820779067e+00  3.062158820779067e+00  0
3.574364495115900e-10  3.093171105687166e+00  3.093171105687166e+00  3.093171105687166e+00  3.093171105687166e+00  0
3.917354172521515e-10  2.951509710850439e+00  2.951509710850439e+00  2.951509710850439e+00  2.951509710850439e+00  0
4.293256531039410e-10  2.691080783076094e+00  2.691080783076094e+00  2.691080783076094e+00  2.691080783076094e+00  0
4.705229813174702e-10  2.445415402152962e+00  2.445415402152962e+00  2.445415402152962e+00  2.445415402152962e+00  0
5.156735320781795e-10  2.260045531691402e+00  2.260045531691402e+00  2.260045531691402e+00  2.260045531691402e+00  0
5.651566496102019e-10  2.230791796370355e+00  2.230791796370355e+00  2.230791796370355e+00  2.230791796370355e+00  0
6.193880793366086e-10  2.371875853665980e+00  2.371875853665980e+00  2.371875853665980e+00  2.371875853665980e+00  0
6.788234608738959e-10  2.631470402368262e+00  2.631470402368262e+00  2.631470402368262e+00  2.631470402368262e+00  0
7.439621562080298e-10  2.866126700020241e+00  2.866126700020241e+00  2.866126700020241e+00  2.866126700020241e+00  0
8.153514452154745e-10  3.058239666939903e+00  3.058239666939903e+00  3.058239666939903e+00  3.058239666939903e+00  0
8.935911237789750e-10  3.091422573882934e+00  3.091422573882934e+00  3.091422573882934e+00  3.091422573882934e+00  0
9.793385431303785e-10  2.952015434974042e+00  2.952015434974042e+00  2.952015434974042e+00  2.952015434974042e+00  0
1.073314132759852e-09  2.693033168273515e+00  2.693033168273515e+00  2.693033168273515e+00  2.693033168273515e+00  0
1.176307453293676e-09  2.447721592924712e+00  2.447721592924712e+00  2.447721592924712e+00  2.447721592924712e+00  0
1.289183830195449e-09  2.260906670770496e+00  2.260906670770496e+00  2.260906670770496e+00  2.260906670770496e+00  0
1.412891624025505e-09  2.229213604604765e+00  2.229213604604765e+00  2.229213604604765e+00  2.229213604604765e+00  0
1.548470198341522e-09  2.367860199801057e+00  2.367860199801057e+00  2.367860199801057e+00  2.367860199801057e+00  0
1.697058652184740e-09  2.625976286453009e+00  2.625976286453009e+00  2.625976286453009e+00  2.625976286453009e+00  0
1.859905390520075e-09  2.859034241484733e+00  2.859034241484733e+00  2.859034241484733e+00  2.859034241484733e+00  0
2.038378613038686e-09  3.052926361272227e+00  3.052926361272227e+00  3.052926361272227e+00  3.052926361272227e+00  0
2.233977809447438e-09  3.088983197333977e+00  3.088983197333977e+00  3.088983197333977e+00  3.088983197333977e+00  0
2.448346357825947e-09  2.952451093261339e+00  2.952451093261339e+00  2.952451093261339e+00  2.952451093261339e+00  0
2.683285331899631e-09  2.695280210551719e+00  2.695280210551719e+00  2.695280210551719e+00  2.695280210551719e+00  0
2.940768633234189e-09  2.450303008426570e+00  2.450303008426570e+00  2.450303008426570e+00  2.450303008426570e+00  0
3.222959575488621e-09  2.261763624664550e+00  2.261763624664550e+00  2.261763624664550e+00  2.261763624664550e+00  0
3.532229060063762e-09  2.227110188571236e+00  2.227110188571236e+00  2.227110188571236e+00  2.227110188571236e+00  0
3.871175495853804e-09  2.362780827724595e+00  2.362780827724595e+00  2.362780827724595e+00  2.362780827724595e+00  0
4.242646630461849e-09  2.619089279396605e+00  2.619089279396605e+00  2.619089279396605e+00  2.619089279396605e+00  0
4.649763476300187e-09  2.850133203560417e+00  2.850133203560417e+00  2.850133203560417e+00  2.850133203560417e+00  0
5.095946532596716e-09  3.046136775971517e+00  3.046136775971517e+00  3.046136775971517e+00  3.046136775971517e+00  0
5.584944523618594e-09  3.085671069851343e+00  3.085671069851343e+00  3.085671069851343e+00  3.085671069851343e+00  0
6.120865894564868e-09  2.952649765035271e+00  2.952649765035271e+00  2.952649765035271e+00  2.952649765035271e+00  0
6.708213329749079e-09  2.697705559616130e+00  2.697705559616130e+00  2.697705559616130e+00  2.697705559616130e+00  0
7.351921583085473e-09  2.453167292034716e+00  2.453167292034716e+00  2.453167292034716e+00  2.453167292034716e+00  0
8.057398938721554e-09  2.262639250261271e+00  2.262639250261271e+00  2.262639250261271e+00  2.262639250261271e+00  0
8.830572650159406e-09  2.224430450406566e+00  2.224430450406566e+00  2.224430450406566e+00  2.224430450406566e+00  0
9.677938739634512e-09  2.356463485670655e+00  2.356463485670655e+00  2.356463485670655e+00  2.356463485670655e+00  0
1.060661657615463e-08  2.610513128033920e+00  2.610513128033920e+00  2.610513128033920e+00  2.610513128033920e+00  0
1.162440869075047e-08  2.838766801512197e+00  2.838766801512197e+00  2.838766801512197e+00  2.838766801512197e+00  0
1.273986633149179e-08  3.037248010693441e+00  3.037248010693441e+00  3.037248010693441e+00  3.037248010693441e+00  0
1.396236130904649e-08  3.081008338065926e+00  3.081008338065926e+00  3.081008338065926e+00  3.081008338065926e+00  0
1.530216473641217e-08  2.952334602540023e+00  2.952334602540023e+00  2.952334602540023e+00  2.952334602540023e+00  0
1.677053332437270e-08  2.700221170550834e+00  2.700221170550834e+00  2.700221170550834e+00  2.700221170550834e+00  0
1.837980395771368e-08  2.456287644787205e+00  2.456287644787205e+00  2.456287644787205e+00  2.456287644787205e+00  0
2.014349734680389e-08  2.263508705984708e+00  2.263508705984708e+00  2.263508705984708e+00  2.263508705984708e+00  0
2.207643162539852e-08  2.221007370826894e+00  2.221007370826894e+00  2.221007370826894e+00  2.221007370826894e+00  0
2.419484684908628e-08  2.348530246894271e+00  2.348530246894271e+00  2.348530246894271e+00  2.348530246894271e+00  0
2.651654144038656e-08  2.599681858158569e+00  2.599681858158569e+00  2.599681858158569e+00  2.599681858158569e+00  0
2.906102172687617e-08  2.823801096566875e+00  2.823801096566875e+00  2.823801096566875e+00  2.823801096566875e+00  0
3.184966582872947e-08  3.025202593750489e+00  3.025202593750489e+00  3.025202593750489e+00  3.025202593750489e+00  0
3.490590327261621e-08  3.074188264880144e+00  3.074188264880144e+00  3.074188264880144e+00  3.074188264880144e+00  0
3.825541184103042e-08  2.951033535033294e+00  2.951033535033294e+00  2.951033535033294e+00  2.951033535033294e+00  0
4.192633331093174e-08  2.702658001906473e+00  2.702658001906473e+00  2.702658001906473e+00  2.702658001906473e+00  0
4.594950989428420e-08  2.459286471704082e+00  2.459286471704082e+00  2.459286471704082e+00  2.459286471704082e+00  0
5.035874336700971e-08  2.264074212060002e+00  2.264074212060002e+00  2.264074212060002e+00  2.264074212060002e+00  0
5.519107906349629e-08  2.216382228913178e+00  2.216382228913178e+00  2.216382228913178e+00  2.216382228913178e+00  0
6.048711712271569e-08  2.338235695540384e+00  2.338235695540384e+00  2.338235695540384e+00  2.338235695540384e+00  0
6.629135360096640e-08  2.585585814947273e+00  2.585585814947273e+00  2.585585814947273e+00  2.585585814947273e+00  0
7.265255431719042e-08  2.803064429515758e+00  2.803064429515758e+00  2.803064429515758e+00  2.803064429515758e+00  0
7.962416457182368e-08  3.007882808461182e+00  3.007882808461182e+00  3.007882808461182e+00  3.007882808461182e+00  0
8.726475818154052e-08  3.063461984067455e+00  3.063461984067455e+00  3.063461984067455e+00  3.063461984067455e+00  0
9.563852960257603e-08  2.947541611852260e+00  2.947541611852260e+00  2.947541611852260e+00  2.947541611852260e+00  0
1.048158332773293e-07  2.704337232801905e+00  2.704337232801905e+00  2.704337232801905e+00  2.704337232801905e+00  0
1.148737747357105e-07  2.461663268700003e+00  2.461663268700003e+00  2.461663268700003e+00  2.461663268700003e+00  0
1.258968584175243e-07  2.263901943534701e+00  2.263901943534701e+00  2.263901943534701e+00  2.263901943534701e+00  0
1.379776976587407e-07  2.209782498139845e+00  2.209782498139845e+00  2.209782498139845e+00  2.209782498139845e+00  0
1.512177928067893e-07  2.324248443241208e+00  2.324248443241208e+00  2.324248443241208e+00  2.324248443241208e+00  0
1.657283840024160e-07  2.566361491470248e+00  2.566361491470248e+00  2.566361491470248e+00  2.566361491470248e+00  0
1.816313857929761e-07  2.773284395278202e+00  2.773284395278202e+00  2.773284395278202e+00  2.773284395278202e+00  0
1.990604114295592e-07  2.982144041412060e+00  2.982144041412060e+00  2.982144041412060e+00  2.982144041412060e+00  0
2.181618954538513e-07  3.046266270363259e+00  3.046266270363259e+00  3.046266270363259e+00  3.046266270363259e+00  0
2.390963240064401e-07  2.940135550149635e+00  2.940135550149635e+00  2.940135550149635e+00  2.940135550149635e+00  0
2.620395831933234e-07  2.704336968592755e+00  2.704336968592755e+00  2.704336968592755e+00  2.704336968592755e+00  0
2.871844368392763e-07  2.461972829236103e+00  2.461972829236103e+00  2.461972829236103e+00  2.461972829236103e+00  0
3.147421460438107e-07  2.261925429276431e+00  2.261925429276431e+00  2.261925429276431e+00  2.261925429276431e+00  0
3.449442441468518e-07  2.199850724801371e+00  2.199850724801371e+00  2.199850724801371e+00  2.199850724801371e+00  0
3.780444820169731e-07  2.304508934664772e+00  2.304508934664772e+00  2.304508934664772e+00  2.304508934664772e+00  0
4.143209600060400e-07  2.539217318547287e+00  2.539217318547287e+00  2.539217318547287e+00  2.539217318547287e+00  0
4.540784644824401e-07  2.731746782687905e+00  2.731746782687905e+00  2.731746782687905e+00  2.731746782687905e+00  0
4.976510285738981e-07  2.943646768449444e+00  2.943646768449444e+00  2.943646768449444e+00  2.943646768449444e+00  0
5.454047386346284e-07  3.018199525570076e+00  3.018199525570076e+00  3.018199525570076e+00  3.018199525570076e+00  0
5.977408100161003e-07  2.925336936776910e+00  2.925336936776910e+00  2.925336936776910e+00  2.925336936776910e+00  0
6.550989579833085e-07  2.700407218345944e+00  2.700407218345944e+00  2.700407218345944e+00  2.700407218345944e+00  0
7.179610920981906e-07  2.456066285655545e+00  2.456066285655545e+00  2.456066285655545e+00  2.456066285655545e+00  0
7.868553651095268e-07  2.255044396002179e+00  2.255044396002179e+00  2.255044396002179e+00  2.255044396002179e+00  0
8.623606103671294e-07  2.183401284495448e+00  2.183401284495448e+00  2.183401284495448e+00  2.183401284495448e+00  0
9.451112050424327e-07  2.274928790596433e+00  2.274928790596433e+00  2.274928790596433e+00  2.274928790596433e+00  0
1.035802400015100e-06  2.498931288354167e+00  2.498931288354167e+00  2.498931288354167e+00  2.498931288354167e+00  0
1.135196161206100e-06  2.661739937013252e+00  2.661739937013252e+00  2.661739937013252e+00  2.661739937013252e+00  0
1.244127571434745e-06  2.878112493851180e+00  2.878112493851180e+00  2.878112493851180e+00  2.878112493851180e+00  0
1.363511846586571e-06  2.967490465576315e+00  2.967490465576315e+00  2.967490465576315e+00  2.967490465576315e+00  0
1.494352025040251e-06  2.894187542738051e+00  2.894187542738051e+00  2.894187542738051e+00  2.894187542738051e+00  0
1.637747394958271e-06  2.686363012804422e+00  2.686363012804422e+00  2.686363012804422e+00  2.686363012804422e+00  0
1.794902730245474e-06  2.433664895262399e+00  2.433664895262399e+00  2.433664895262399e+00  2.433664895262399e+00  0
1.967138412773814e-06  2.235376297216647e+00  2.235376297216647e+00  2.235376297216647e+00  2.235376297216647e+00  0
2.155901525917820e-06  2.153186152939888e+00  2.153186152939888e+00  2.153186152939888e+00  2.153186152939888e+00  0
2.362778012606078e-06  2.227357443739968e+00  2.227357443739968e+00  2.227357443739968e+00  2.227357443739968e+00  0
2.589506000037746e-06  2.435709107195337e+00  2.435709107195337e+00  2.435709107195337e+00  2.435709107195337e+00  0
2.837990403015247e-06  2.547465446257259e+00  2.547465446257259e+00  2.547465446257259e+00  2.547465446257259e+00  0
3.110318928586858e-06  2.766739102531782e+00  2.766739102531782e+00  2.766739102531782e+00  2.766739102531782e+00  0
3.408779616466422e-06  2.875041358353142e+00  2.875041358353142e+00  2.875041358353142e+00  2.875041358353142e+00  0
3.735880062600621e-06  2.829714798730822e+00  2.829714798730822e+00  2.829714798730822e+00  2.829714798730822e+00  0
4.094368487395672e-06  2.648747137810163e+00  2.648747137810163e+00  2.648747137810163e+00  2.648747137810163e+00  0
4.487256825613684e-06  2.371346525091850e+00  2.371346525091850e+00  2.371346525091850e+00  2.371346525091850e+00  0
4.917846031934535e-06  2.184280045775634e+00  2.184280045775634e+00  2.184280045775634e+00  2.184280045775634e+00  0
5.389753814794551e-06  2.093224921168833e+00  2.093224921168833e+00  2.093224921168833e+00  2.093224921168833e+00  0
5.906945031515196e-06  2.145941438285859e+00  2.145941438285859e+00  2.145941438285859e+00  2.145941438285859e+00  0
6.473765000094365e-06  2.331970862113052e+00  2.331970862113052e+00  2.331970862113052e+00  2.331970862113052e+00  0
7.094976007538116e-06  2.356577342922177e+00  2.356577342922177e+00  2.356577342922177e+00  2.356577342922177e+00  0
7.775797321467145e-06  2.575072297800113e+00  2.575072297800113e+00  2.575072297800113e+00  2.575072297800113e+00  0
8.521949041166055e-06  2.705709822415679e+00  2.705709822415679e+00  2.705709822415679e+00  2.705709822415679e+00  0
9.339700156501553e-06  2.698756581566679e+00  2.698756581566679e+00  2.698756581566679e+00  2.698756581566679e+00  0
1.023592121848918e-05  2.558877299790533e+00  2.558877299790533e+00  2.558877299790533e+00  2.558877299790533e+00  0
1.121814206403421e-05  2.228013244110306e+00  2.228013244110306e+00  2.228013244110306e+00  2.228013244110306e+00  0
1.229461507983634e-05  2.066838306987841e+00  2.066838306987841e+00  2.066838306987841e+00  2.066838306987841e+00  0
1.347438453698638e-05  1.974017945431227e+00  1.974017945431227e+00  1.974017945431227e+00  1.974017945431227e+00  0
1.476736257878799e-05  2.003769970346468e+00  2.003769970346468e+00  2.003769970346468e+00  2.003769970346468e+00  0
1.618441250023591e-05  2.160035799867864e+00  2.160035799867864e+00  2.160035799867864e+00  2.160035799867864e+00  0
1.773744001884529e-05  2.059168774319227e+00  2.059168774319227e+00  2.059168774319227e+00  2.059168774319227e+00  0
1.943949330366786e-05  2.267152223587142e+00  2.267152223587142e+00  2.267152223587142e+00  2.267152223587142e+00  0
2.130487260291513e-05  2.417126595771784e+00  2.417126595771784e+00  2.417126595771784e+00  2.417126595771784e+00  0
2.334925039125388e-05  2.455169749832318e+00  2.455169749832318e+00  2.455169749832318e+00  2.455169749832318e+00  0
2.558980304622295e-05  2.371165662558534e+00  2.371165662558534e+00  2.371165662558534e+00  2.371165662558534e+00  0
2.804535516008553e-05  1.964590854831602e+00  1.964590854831602e+00  1.964590854831602e+00  1.964590854831602e+00  0
3.073653769959084e-05  1.845006325468008e+00  1.845006325468008e+00  1.845006325468008e+00  1.845006325468008e+00  0
3.368596134246595e-05  1.762339047487976e+00  1.762339047487976e+00  1.762339047487976e+00  1.762339047487976e+00  0
3.691840644696997e-05  1.772318030116485e+00  1.772318030116485e+00  1.772318030116485e+00  1.772318030116485e+00  0
4.046103125058979e-05  1.892710741928429e+00  1.892710741928429e+00  1.892710741928429e+00  1.892710741928429e+00  0
4.434360004711322e-05  1.664860386170647e+00  1.664860386170647e+00  1.664860386170647e+00  1.664860386170647e+00  0
4.859873325916965e-05  1.845404218785907e+00  1.845404218785907e+00  1.845404218785907e+00  1.845404218785907e+00  0
5.326218150728784e-05  1.999372759126909e+00  1.999372759126909e+00  1.999372759126909e+00  1.999372759126909e+00  0
5.837312597813469e-05  2.075218541661215e+00  2.075218541661215e+00  2.075218541661215e+00  2.075218541661215e+00  0
6.397450761555736e-05  2.051039337061119e+00  2.051039337061119e+00  2.051039337061119e+00  2.051039337061119e+00  0
7.011338790021382e-05  1.597992691256771e+00  1.597992691256771e+00  1.597992691256771e+00  1.597992691256771e+00  0
7.684134424897711e-05  1.524861718262750e+00  1.524861718262750e+00  1.524861718262750e+00  1.524861718262750e+00  0
8.421490335616486e-05  1.461524487336456e+00  1.461524487336456e+00  1.461524487336456e+00  1.461524487336456e+00  0
9.229601611742493e-05  1.457686025048866e+00  1.457686025048866e+00  1.457686025048866e+00  1.457686025048866e+00  0
1.011525781264745e-04  1.539452540343943e+00  1.539452540343943e+00  1.539452540343943e+00  1.539452540343943e+00  0
1.108590001177830e-04  1.248565377056434e+00  1.248565377056434e+00  1.248565377056434e+00  1.248565377056434e+00  0
1.214968331479241e-04  1.385583785577475e+00  1.385583785577475e+00  1.385583785577475e+00  1.385583785577475e+00  0
1.331554537682196e-04  1.520766785852972e+00  1.520766785852972e+00  1.520766785852972e+00  1.520766785852972e+00  0
1.459328149453367e-04  1.611831874128452e+00  1.611831874128452e+00  1.611831874128452e+00  1.611831874128452e+00  0
1.599362690388934e-04  1.632189301275520e+00  1.632189301275520e+00  1.632189301275520e+00  1.632189301275520e+00  0
1.752834697505346e-04  1.211983415203972e+00  1.211983415203972e+00  1.211983415203972e+00  1.211983415203972e+00  0
1.921033606224428e-04  1.176350363915605e+00  1.176350363915605e+00  1.176350363915605e+00  1.176350363915605e+00  0
2.105372583904122e-04  1.133331229085911e+00  1.133331229085911e+00  1.133331229085911e+00  1.133331229085911e+00  0
2.307400402935623e-04  1.121344468968797e+00  1.121344468968797e+00  1.121344468968797e+00  1.121344468968797e+00  0
2.528814453161862e-04  1.167416301163448e+00  1.167416301163448e+00  1.167416301163448e+00  1.167416301163448e+00  0
2.771475002944577e-04  8.929711912621373e-01  8.929711912621373e-01  8.929711912621373e-01  8.929711912621373e-01  0
3.037420828698103e-04  9.841784232994578e-01  9.841784232994578e-01  9.841784232994578e-01  9.841784232994578e-01  0
3.328886344205490e-04  1.086933157311517e+00  1.086933157311517e+00  1.086933157311517e+00  1.086933157311517e+00  0
3.648320373633419e-04  1.171101984645178e+00  1.171101984645178e+00  1.171101984645178e+00  1.171101984645178e+00  0
3.998406725972335e-04  1.212083899578458e+00  1.212083899578458e+00  1.212083899578458e+00  1.212083899578458e+00  0
4.382086743763364e-04  8.842603821517214e-01  8.842603821517214e-01  8.842603821517214e-01  8.842603821517214e-01  0
4.802584015561070e-04  8.726585098388064e-01  8.726585098388064e-01  8.726585098388064e-01  8.726585098388064e-01  0
5.263431459760304e-04  8.459015539739572e-01  8.459015539739572e-01  8.459015539739572e-01  8.459015539739572e-01  0
5.768501007339059e-04  8.305963714893289e-01  8.305963714893289e-01  8.305963714893289e-01  8.305963714893289e-01  0
6.322036132904654e-04  8.498595610765238e-01  8.498595610765238e-01  8.498595610765238e-01  8.498595610765238e-01  0
6.928687507361442e-04  6.316647875467309e-01  6.316647875467309e-01  6.316647875467309e-01  6.316647875467309e-01  0
7.593552071745259e-04  6.860270083792749e-01  6.860270083792749e-01  6.860270083792749e-01  6.860270083792749e-01  0
8.322215860513725e-04  7.565740440741388e-01  7.565740440741388e-01  7.565740440741388e-01  7.565740440741388e-01  0
9.120800934083548e-04  8.238352506237895e-01  8.238352506237895e-01  8.238352506237895e-01  8.238352506237895e-01  0
9.996016814930839e-04  8.681415912277756e-01  8.681415912277756e-01  8.681415912277756e-01  8.681415912277756e-01  0
1.095521685940841e-03  6.387978708075160e-01  6.387978708075160e-01  6.387978708075160e-01  6.387978708075160e-01  0
1.200646003890267e-03  6.405892790929192e-01  6.405892790929192e-01  6.405892790929192e-01  6.405892790929192e-01  0
1.315857864940076e-03  6.253519293736675e-01  6.253519293736675e-01  6.253519293736675e-01  6.253519293736675e-01  0
1.442125251834764e-03  6.102503923414190e-01  6.102503923414190e-01  6.102503923414190e-01  6.102503923414190e-01  0
1.580509033226163e-03  6.131546987172163e-01  6.131546987172163e-01  6.131546987172163e-01  6.131546987172163e-01  0
1.732171876840360e-03  4.640035531511537e-01  4.640035531511537e-01  4.640035531511537e-01  4.640035531511537e-01  0
1.898388017936315e-03  4.888991467345288e-01  4.888991467345288e-01  4.888991467345288e-01  4.888991467345288e-01  0
2.080553965128431e-03  5.314958052015112e-01  5.314958052015112e-01  5.314958052015112e-01  5.314958052015112e-01  0
2.280200233520887e-03  5.797106679983415e-01  5.797106679983415e-01  5.797106679983415e-01  5.797106679983415e-01  0
2.499004203732710e-03  6.185797099731978e-01  6.185797099731978e-01  6.185797099731978e-01  6.185797099731978e-01  0
2.738804214852102e-03  5.470841868030342e-01  5.470841868030342e-01  5.470841868030342e-01  5.470841868030342e-01  0
3.001615009725668e-03  5.394696358926488e-01  5.394696358926488e-01  5.394696358926488e-01  5.394696358926488e-01  0
3.289644662350189e-03  5.155840796654874e-01  5.155840796654874e-01  5.155840796654874e-01  5.155840796654874e-01  0
3.605313129586911e-03  4.875457643103902e-01  4.875457643103902e-01  4.875457643103902e-01  4.875457643103902e-01  0
3.951272583065408e-03  4.696513793146828e-01  4.696513793146828e-01  4.696513793146828e-01  4.696513793146828e-01  0
4.330429692100900e-03  4.486429662506880e-01  4.486429662506880e-01  4.486429662506880e-01  4.486429662506880e-01  0
4.745970044840786e-03  4.637778455081375e-01  4.637778455081375e-01  4.637778455081375e-01  4.637778455081375e-01  0
5.201384912821078e-03  4.884972299168726e-01  4.884972299168726e-01  4.884972299168726e-01  4.884972299168726e-01  0
5.700500583802216e-03  5.163281653978575e-01  5.163281653978575e-01  5.163281653978575e-01  5.163281653978575e-01  0
6.247510509331773e-03  5.377778100779964e-01  5.377778100779964e-01  5.377778100779964e-01  5.377778100779964e-01  0
6.847010537130255e-03  4.371707328175733e-01  4.371707328175733e-01  4.371707328175733e-01  4.371707328175733e-01  0
7.504037524314169e-03  4.541358531308800e-01  4.541358531308800e-01  4.541358531308800e-01  4.541358531308800e-01  0
8.224111655875473e-03  4.559952202336510e-01  4.559952202336510e-01  4.559952202336510e-01  4.559952202336510e-01  0
9.013282823967277e-03  4.493263375834214e-01  4.493263375834214e-01  4.493263375834214e-01  4.493263375834214e-01  0
9.878181457663520e-03  4.436605333254321e-01  4.436605333254321e-01  4.436605333254321e-01  4.436605333254321e-01  0
1.082607423025225e-02  3.284061163731621e-01  3.284061163731621e-01  3.284061163731621e-01  3.284061163731621e-01  0
1.186492511210197e-02  3.398541959501289e-01  3.398541959501289e-01  3.398541959501289e-01  3.398541959501289e-01  0
1.300346228205270e-02  3.625670944688227e-01  3.625670944688227e-01  3.625670944688227e-01  3.625670944688227e-01  0
1.425125145950554e-02  3.928808845697350e-01  3.928808845697350e-01  3.928808845697350e-01  3.928808845697350e-01  0
1.561877627332943e-02  4.241579161384447e-01  4.241579161384447e-01  4.241579161384447e-01  4.241579161384447e-01  0
1.711752634282564e-02  3.175978053107849e-01  3.175978053107849e-01  3.175978053107849e-01  3.175978053107849e-01  0
1.876009381078543e-02  3.358255231648598e-01  3.358255231648598e-01  3.358255231648598e-01  3.358255231648598e-01  0
2.056027913968868e-02  3.408659740892440e-01  3.408659740892440e-01  3.408659740892440e-01  3.408659740892440e-01  0
2.253320705991819e-02  3.377718478496552e-01  3.377718478496552e-01  3.377718478496552e-01  3.377718478496552e-01  0
2.469545364415880e-02  3.339043028505185e-01  3.339043028505185e-01  3.339043028505185e-01  3.339043028505185e-01  0
2.706518557563063e-02  2.733244112553921e-01  2.733244112553921e-01  2.733244112553921e-01  2.733244112553921e-01  0
2.966231278025492e-02  2.703575782867382e-01  2.703575782867382e-01  2.703575782867382e-01  2.703575782867382e-01  0
3.250865570513174e-02  2.783624829877671e-01  2.783624829877671e-01  2.783624829877671e-01  2.783624829877671e-01  0
3.562812864876386e-02  2.950269547024951e-01  2.950269547024951e-01  2.950269547024951e-01  2.950269547024951e-01  0
3.904694068332359e-02  3.142026919151604e-01  3.142026919151604e-01  3.142026919151604e-01  3.142026919151604e-01  0
4.279381585706410e-02  2.851264329710190e-01  2.851264329710190e-01  2.851264329710190e-01  2.851264329710190e-01  0
4.690023452696356e-02  3.052516810806564e-01  3.052516810806564e-01  3.052516810806564e-01  3.052516810806564e-01  0
5.140069784922172e-02  3.096430167908525e-01  3.096430167908525e-01  3.096430167908525e-01  3.096430167908525e-01  0
5.633301764979549e-02  3.016068300710548e-01  3.016068300710548e-01  3.016068300710548e-01  3.016068300710548e-01  0
6.173863411039700e-02  2.881261693752573e-01  2.881261693752573e-01  2.881261693752573e-01  2.881261693752573e-01  0
6.766296393907657e-02  3.411501814300541e-01  3.411501814300541e-01  3.411501814300541e-01  3.411501814300541e-01  0
7.415578195063728e-02  3.245592549407896e-01  3.245592549407896e-01  3.245592549407896e-01  3.245592549407896e-01  0
8.127163926282933e-02  3.136438657945488e-01  3.136438657945488e-01  3.136438657945488e-01  3.136438657945488e-01  0
8.907032162190963e-02  3.115261093240672e-01  3.115261093240672e-01  3.115261093240672e-01  3.115261093240672e-01  0
9.761735170830896e-02  3.161195565070650e-01  3.161195565070650e-01  3.161195565070650e-01  3.161195565070650e-01  0
1.069845396426603e-01  6.276398914193637e-01  6.276398914193637e-01  6.276398914193637e-01  6.276398914193637e-01  0
1.172505863174090e-01  5.983370511614432e-01  5.983370511614432e-01  5.983370511614432e-01  5.983370511614432e-01  0
1.285017446230543e-01  5.538493521249872e-01  5.538493521249872e-01  5.538493521249872e-01  5.538493521249872e-01  0
1.408325441244888e-01  5.004252357119698e-01  5.004252357119698e-01  5.004252357119698e-01  5.004252357119698e-01  0
1.543465852759926e-01  4.448361533698780e-01  4.448361533698780e-01  4.448361533698780e-01  4.448361533698780e-01  0
1.691574098476915e-01  4.461432526846271e-01  4.461432526846271e-01  4.461432526846271e-01  4.461432526846271e-01  0
1.853894548765933e-01  5.342721731613709e-01  5.342721731613709e-01  5.342721731613709e-01  5.342721731613709e-01  0
2.031790981570734e-01  6.028128817216922e-01  6.028128817216922e-01  6.028128817216922e-01  6.028128817216922e-01  0
2.226758040547742e-01  6.444100621277814e-01  6.444100621277814e-01  6.444100621277814e-01  6.444100621277814e-01  0
2.440433792707725e-01  6.568851421794187e-01  6.568851421794187e-01  6.568851421794187e-01  6.568851421794187e-01  0
2.674613491066507e-01  8.324268615011667e-02  8.324268615011667e-02  8.324268615011667e-02  8.324268615011667e-02  0
2.931264657935224e-01  1.261307179225856e-01  1.261307179225856e-01  1.261307179225856e-01  1.261307179225856e-01  0
3.212543615576358e-01  1.865839315383234e-01  1.865839315383234e-01  1.865839315383234e-01  1.865839315383234e-01  0
3.520813603112219e-01  2.642142871126812e-01  2.642142871126812e-01  2.642142871126812e-01  2.642142871126812e-01  0
3.858664631899814e-01  3.541955823857409e-01  3.541955823857409e-01  3.541955823857409e-01  3.541955823857409e-01  0
4.228935246192288e-01  2.459215474598182e-02  2.459215474598182e-02  2.459215474598182e-02  2.459215474598182e-02  0
4.634736371914833e-01  3.181415718887882e-02  3.181415718887882e-02  3.181415718887882e-02  3.181415718887882e-02  0
5.079477453926836e-01  4.001455340598962e-02  4.001455340598962e-02  4.001455340598962e-02  4.001455340598962e-02  0
5.566895101369356e-01  5.051592932798490e-02  5.051592932798490e-02  5.051592932798490e-02  5.051592932798490e-02  0
6.101084481769313e-01  6.612584607645457e-02  6.612584607645457e-02  6.612584607645457e-02  6.612584607645457e-02  0
6.686533727666268e-01  2.820125408791842e-03  2.820125408791842e-03  2.820125408791842e-03  2.820125408791842e-03  0
7.328161644838059e-01  5.025859961892302e-03  5.025859961892302e-03  5.025859961892302e-03  5.025859961892302e-03  0
8.031359038940896e-01  8.335476978754468e-03  8.335476978754468e-03  8.335476978754468e-03  8.335476978754468e-03  0
8.802034007780548e-01  1.286448693928888e-02  1.286448693928888e-02  1.286448693928888e-02  1.286448693928888e-02  0
9.646661579749536e-01  1.851464338508834e-02  1.851464338508834e-02  1.851464338508834e-02  1.851464338508834e-02  0
1.057233811548072e+00  5.288138221797729e-05  5.288138221797729e-05  5.288138221797729e-05  5.288138221797729e-05  0
1.158684092978708e+00  1.025035675746162e-04  1.025035675746162e-04  1.025035675746162e-04  1.025035675746162e-04  0
1.269869363481709e+00  2.111648347368280e-04  2.111648347368280e-04  2.111648347368280e-04  2.111648347368280e-04  0
1.391723775342339e+00  4.532638344905043e-04  4.532638344905043e-04  4.532638344905043e-04  4.532638344905043e-04  0
1.525271120442328e+00  9.754995054805460e-04  9.754995054805460e-04  9.754995054805460e-04  9.754995054805460e-04  0
