-2.20050850194513714086e+00 7.07470855039899100547e-04 7.07470855039899100547e-04 7.07470855039899100547e-04 7.07470855039899100547e-04 0
-2.00783975973522421654e+00 7.81474733283913183292e-04 7.81474733283913183292e-04 7.81474733283913183292e-04 7.81474733283913183292e-04 0
-1.83204041120951499622e+00 7.23784880265189618787e-04 7.23784880265189618787e-04 7.23784880265189618787e-04 7.23784880265189618787e-04 0
-1.67163343191656688091e+00 1.00887205593122304507e-03 1.00887205593122304507e-03 1.00887205593122304507e-03 1.00887205593122304507e-03 0
-1.52527112044232815435e+00 7.72294378606300799608e-04 7.72294378606300799608e-04 7.72294378606300799608e-04 7.72294378606300799608e-04 0
-1.39172377534233904228e+00 1.65002949928248938971e-03 1.65002949928248938971e-03 1.65002949928248938971e-03 1.65002949928248938971e-03 0
-1.26986936348170909028e+00 2.82752316613400691420e-03 2.82752316613400691420e-03 2.82752316613400691420e-03 2.82752316613400691420e-03 0
-1.15868409297870789132e+00 5.23814699633322507222e-03 5.23814699633322507222e-03 5.23814699633322507222e-03 5.23814699633322507222e-03 0
-1.05723381154807194449e+00 7.86347849892828770768e-03 7.86347849892828770768e-03 7.86347849892828770768e-03 7.86347849892828770768e-03 0
-9.64666157974953475396e-01 1.31043332160908354567e-02 1.31043332160908354567e-02 1.31043332160908354567e-02 1.31043332160908354567e-02 0
-8.80203400778054700915e-01 1.85244283573785702146e-02 1.85244283573785702146e-02 1.85244283573785702146e-02 1.85244283573785702146e-02 0
-8.03135903894089508981e-01 2.74302777872932543324e-02 2.74302777872932543324e-02 2.74302777872932543324e-02 2.74302777872932543324e-02 0
-7.32816164483805709828e-01 3.71626205708353724022e-02 3.71626205708353724022e-02 3.71626205708353724022e-02 3.71626205708353724022e-02 0
-6.68653372766626730161e-01 5.61689983425500902192e-02 5.61689983425500902192e-02 5.61689983425500902192e-02 5.61689983425500902192e-02 0
-6.10108448176931106310e-01 7.51408482029677221581e-02 7.51408482029677221581e-02 7.51408482029677221581e-02 7.51408482029677221581e-02 0
-5.56689510136935350459e-01 1.15195352117015509252e-01 1.15195352117015509252e-01 1.15195352117015509252e-01 1.15195352117015509252e-01 0
-5.07947745392683502885e-01 1.68794455128685960688e-01 1.68794455128685960688e-01 1.68794455128685960688e-01 1.68794455128685960688e-01 0
-4.63473637191483156528e-01 2.43879006026637451532e-01 2.43879006026637451532e-01 2.43879006026637451532e-01 2.43879006026637451532e-01 0
-4.22893524619228744488e-01 3.37934472500184046595e-01 3.37934472500184046595e-01 3.37934472500184046595e-01 3.37934472500184046595e-01 0
-3.85866463189981301340e-01 4.71388679269808208439e-01 4.71388679269808208439e-01 4.71388679269808208439e-01 4.71388679269808208439e-01 0
-3.52081360311221891468e-01 6.16906640429002672832e-01 6.16906640429002672832e-01 6.16906640429002672832e-01 6.16906640429002672832e-01 0
-3.21254361557635814695e-01 7.93922516531333277712e-01 7.93922516531333277712e-01 7.93922516531333277712e-01 7.93922516531333277712e-01 0
-2.93126465793522417158e-01 9.95882697740290034893e-01 9.95882697740290034893e-01 9.95882697740290034893e-01 9.95882697740290034893e-01 0
-2.67461349106650703167e-01 1.20410857934589232698e+00 1.20410857934589232698e+00 1.20410857934589232698e+00 1.20410857934589232698e+00 0
-2.44043379270772520240e-01 1.41877992108045480890e+00 1.41877992108045480890e+00 1.41877992108045480890e+00 1.41877992108045480890e+00 0
-2.22675804054774217899e-01 1.60848630739204878637e+00 1.60848630739204878637e+00 1.60848630739204878637e+00 1.60848630739204878637e+00 0
-2.03179098157073412256e-01 1.74409332174644804425e+00 1.74409332174644804425e+00 1.74409332174644804425e+00 1.74409332174644804425e+00 0
-1.85389454876593307020e-01 1.84352769749564027180e+00 1.84352769749564027180e+00 1.84352769749564027180e+00 1.84352769749564027180e+00 0
-1.69157409847691508897e-01 1.88526305325497989251e+00 1.88526305325497989251e+00 1.88526305325497989251e+00 1.88526305325497989251e+00 0
-1.54346585275992514985e-01 1.83188268050762870232e+00 1.83188268050762870232e+00 1.83188268050762870232e+00 1.83188268050762870232e+00 0
-1.40832544124488812098e-01 1.74829061994134771219e+00 1.74829061994134771219e+00 1.74829061994134771219e+00 1.74829061994134771219e+00 0
-1.28501744623054303673e-01 1.60715428193777531973e+00 1.60715428193777531973e+00 1.60715428193777531973e+00 1.60715428193777531973e+00 0
-1.17250586317408908577e-01 1.41706011604479309440e+00 1.41706011604479309440e+00 1.41706011604479309440e+00 1.41706011604479309440e+00 0
-1.06984539642660303471e-01 1.20273761918896626710e+00 1.20273761918896626710e+00 1.20273761918896626710e+00 1.20273761918896626710e+00 0
-9.76173517083089858914e-02 1.10265253072093605269e+00 1.10265253072093605269e+00 1.10265253072093605269e+00 1.10265253072093605269e+00 0
-8.90703216219096705064e-02 8.94243013239481188137e-01 8.94243013239481188137e-01 8.94243013239481188137e-01 8.94243013239481188137e-01 0
-8.12716392628293760048e-02 8.91417245478124620206e-01 8.91417245478124620206e-01 8.91417245478124620206e-01 8.91417245478124620206e-01 0
-7.41557819506373228080e-02 7.49505983768877559470e-01 7.49505983768877559470e-01 7.49505983768877559470e-01 7.49505983768877559470e-01 0
-6.76629639390766007834e-02 7.45458706946868110421e-01 7.45458706946868110421e-01 7.45458706946868110421e-01 7.45458706946868110421e-01 0
-6.17386341103970184840e-02 6.92576634251006906240e-01 6.92576634251006906240e-01 6.92576634251006906240e-01 6.92576634251006906240e-01 0
-5.63330176497955012471e-02 6.92329853788458349229e-01 6.92329853788458349229e-01 6.92329853788458349229e-01 6.92329853788458349229e-01 0
-5.14006978492217297960e-02 6.68028634610989380249e-01 6.68028634610989380249e-01 6.68028634610989380249e-01 6.68028634610989380249e-01 0
-4.69002345269635689817e-02 6.70262908630230302975e-01 6.70262908630230302975e-01 6.70262908630230302975e-01 6.70262908630230302975e-01 0
-4.27938158570641130618e-02 6.63382574649384215704e-01 6.63382574649384215704e-01 6.63382574649384215704e-01 6.63382574649384215704e-01 0
-3.90469406833235874177e-02 6.67614634621073066434e-01 6.67614634621073066434e-01 6.67614634621073066434e-01 6.67614634621073066434e-01 0
-3.56281286487638709781e-02 6.72895814585621865334e-01 6.72895814585621865334e-01 6.72895814585621865334e-01 6.72895814585621865334e-01 0
-3.25086557051317490141e-02 6.78819440326318801482e-01 6.78819440326318801482e-01 6.78819440326318801482e-01 6.78819440326318801482e-01 0
-2.96623127802549194088e-02 6.91462559260755504909e-01 6.91462559260755504909e-01 6.91462559260755504909e-01 6.91462559260755504909e-01 0
-2.70651855756306389256e-02 6.99476992674682440665e-01 6.99476992674682440665e-01 6.99476992674682440665e-01 6.99476992674682440665e-01 0
-2.46954536441588087814e-02 7.16144576230195339939e-01 7.16144576230195339939e-01 7.16144576230195339939e-01 7.16144576230195339939e-01 0
-2.25332070599182018866e-02 7.26269987118319138020e-01 7.26269987118319138020e-01 7.26269987118319138020e-01 7.26269987118319138020e-01 0
-2.05602791396886919184e-02 7.62575230582181573524e-01 7.62575230582181573524e-01 7.62575230582181573524e-01 7.62575230582181573524e-01 0
-1.87600938107854303682e-02 7.79541795731506503842e-01 7.79541795731506503842e-01 7.79541795731506503842e-01 7.79541795731506503842e-01 0
-1.71175263428256507758e-02 8.22431580941412443408e-01 8.22431580941412443408e-01 8.22431580941412443408e-01 8.22431580941412443408e-01 0
-1.56187762733294398243e-02 8.46643889845338337707e-01 8.46643889845338337707e-01 8.46643889845338337707e-01 8.46643889845338337707e-01 0
-1.42512514595055511668e-02 8.99087052455647572913e-01 8.99087052455647572913e-01 8.99087052455647572913e-01 8.99087052455647572913e-01 0
-1.30034622820527009934e-02 9.37347471509092700082e-01 9.37347471509092700082e-01 9.37347471509092700082e-01 9.37347471509092700082e-01 0
-1.18649251121019701921e-02 9.99255436586668488452e-01 9.99255436586668488452e-01 9.99255436586668488452e-01 9.99255436586668488452e-01 0
-1.08260742302522597336e-02 1.04409923550053451713e+00 1.04409923550053451713e+00 1.04409923550053451713e+00 1.04409923550053451713e+00 0
-9.87818145766352143089e-03 1.10658121899626449292e+00 1.10658121899626449292e+00 1.10658121899626449292e+00 1.10658121899626449292e+00 0
-9.01328282396728075465e-03 1.15007362354800291016e+00 1.15007362354800291016e+00 1.15007362354800291016e+00 1.15007362354800291016e+00 0
-8.22411165587547642042e-03 1.20219763114484523570e+00 1.20219763114484523570e+00 1.20219763114484523570e+00 1.20219763114484523570e+00 0
-7.50403752431417180035e-03 1.23760673847618685173e+00 1.23760673847618685173e+00 1.23760673847618685173e+00 1.23760673847618685173e+00 0
-6.84701053713025840214e-03 1.26348848479539221934e+00 1.26348848479539221934e+00 1.26348848479539221934e+00 1.26348848479539221934e+00 0
-6.24751050933177506236e-03 1.27995927524634400818e+00 1.27995927524634400818e+00 1.27995927524634400818e+00 1.27995927524634400818e+00 0
-5.70050058380221821158e-03 1.27222162899892010657e+00 1.27222162899892010657e+00 1.27222162899892010657e+00 1.27222162899892010657e+00 0
-5.20138491282107900959e-03 1.24516466566395656024e+00 1.24516466566395656024e+00 1.24516466566395656024e+00 1.24516466566395656024e+00 0
-4.74597004484078686254e-03 1.21065048306720113303e+00 1.21065048306720113303e+00 1.21065048306720113303e+00 1.21065048306720113303e+00 0
-4.33042969210090198523e-03 1.16224799716227611412e+00 1.16224799716227611412e+00 1.16224799716227611412e+00 1.16224799716227611412e+00 0
-3.95127258306540891930e-03 1.11436081505782058620e+00 1.11436081505782058620e+00 1.11436081505782058620e+00 1.11436081505782058620e+00 0
-3.60531312958691212839e-03 1.06339965663228297466e+00 1.06339965663228297466e+00 1.06339965663228297466e+00 1.06339965663228297466e+00 0
-3.28964466235019117532e-03 1.01263551267410956136e+00 1.01263551267410956136e+00 1.01263551267410956136e+00 1.01263551267410956136e+00 0
-3.00161500972566906709e-03 9.70458889440233063439e-01 9.70458889440233063439e-01 9.70458889440233063439e-01 9.70458889440233063439e-01 0
-2.73880421485210318738e-03 9.41375716508925597381e-01 9.41375716508925597381e-01 9.41375716508925597381e-01 9.41375716508925597381e-01 0
-2.49900420373270993821e-03 9.21578194530242145177e-01 9.21578194530242145177e-01 9.21578194530242145177e-01 9.21578194530242145177e-01 0
-2.28020023352088797852e-03 9.28571200951777031563e-01 9.28571200951777031563e-01 9.28571200951777031563e-01 9.28571200951777031563e-01 0
-2.08055396512843221099e-03 9.56328977920604117458e-01 9.56328977920604117458e-01 9.56328977920604117458e-01 9.56328977920604117458e-01 0
-1.89838801793631517870e-03 1.00277964902415983595e+00 1.00277964902415983595e+00 1.00277964902415983595e+00 1.00277964902415983595e+00 0
-1.73217187684036096756e-03 1.06194979124190047592e+00 1.06194979124190047592e+00 1.06194979124190047592e+00 1.06194979124190047592e+00 0
-1.58050903322616391466e-03 1.14157047254461674335e+00 1.14157047254461674335e+00 1.14157047254461674335e+00 1.14157047254461674335e+00 0
-1.44212525183476511156e-03 1.22612367873722982736e+00 1.22612367873722982736e+00 1.22612367873722982736e+00 1.22612367873722982736e+00 0
-1.31585786494007607982e-03 1.33362862785565683410e+00 1.33362862785565683410e+00 1.33362862785565683410e+00 1.33362862785565683410e+00 0
-1.20064600389026797378e-03 1.43604289869315571160e+00 1.43604289869315571160e+00 1.43604289869315571160e+00 1.43604289869315571160e+00 0
-1.09552168594084092801e-03 1.56203082208437349365e+00 1.56203082208437349365e+00 1.56203082208437349365e+00 1.56203082208437349365e+00 0
-9.99601681493084105387e-04 1.67221011004910247166e+00 1.67221011004910247166e+00 1.67221011004910247166e+00 1.67221011004910247166e+00 0
-9.12080093408355169725e-04 1.80722239638624770919e+00 1.80722239638624770919e+00 1.80722239638624770919e+00 1.80722239638624770919e+00 0
-8.32221586051372971132e-04 1.91212556408880507419e+00 1.91212556408880507419e+00 1.91212556408880507419e+00 1.91212556408880507419e+00 0
-7.59355207174526093163e-04 2.04673410129821409242e+00 2.04673410129821409242e+00 2.04673410129821409242e+00 2.04673410129821409242e+00 0
-6.92868750736144387026e-04 2.14089208254075291649e+00 2.14089208254075291649e+00 2.14089208254075291649e+00 2.14089208254075291649e+00 0
-6.32203613290465522498e-04 2.26676283125712219046e+00 2.26676283125712219046e+00 2.26676283125712219046e+00 2.26676283125712219046e+00 0
-5.76850100733905979573e-04 2.34367803910795124978e+00 2.34367803910795124978e+00 2.34367803910795124978e+00 2.34367803910795124978e+00 0
-5.26343145976030496978e-04 2.44663046134887229854e+00 2.44663046134887229854e+00 2.44663046134887229854e+00 2.44663046134887229854e+00 0
-4.80258401556107005197e-04 2.50405165380963357080e+00 2.50405165380963357080e+00 2.50405165380963357080e+00 2.50405165380963357080e+00 0
-4.38208674376336609728e-04 2.58471151064759974147e+00 2.58471151064759974147e+00 2.58471151064759974147e+00 2.58471151064759974147e+00 0
-3.99840672597233707207e-04 2.62270294410223669956e+00 2.62270294410223669956e+00 2.62270294410223669956e+00 2.62270294410223669956e+00 0
-3.64832037363341959470e-04 2.67968922385300345468e+00 2.67968922385300345468e+00 2.67968922385300345468e+00 2.67968922385300345468e+00 0
-3.32888634420549069191e-04 2.69396201254130263081e+00 2.69396201254130263081e+00 2.69396201254130263081e+00 2.69396201254130263081e+00 0
-3.03742082869810372213e-04 2.72888232433433497448e+00 2.72888232433433497448e+00 2.72888232433433497448e+00 2.72888232433433497448e+00 0
-2.77147500294457819862e-04 2.72780482455321804380e+00 2.72780482455321804380e+00 2.72780482455321804380e+00 2.72780482455321804380e+00 0
-2.52881445316186208999e-04 2.74524915109071443453e+00 2.74524915109071443453e+00 2.74524915109071443453e+00 2.74524915109071443453e+00 0
-2.30740040293562408092e-04 2.73500102303055836472e+00 2.73500102303055836472e+00 2.73500102303055836472e+00 2.73500102303055836472e+00 0
-2.10537258390412209633e-04 2.73679397072090013765e+00 2.73679397072090013765e+00 2.73679397072090013765e+00 2.73679397072090013765e+00 0
-1.92103360622442823763e-04 2.72381068737983245143e+00 2.72381068737983245143e+00 2.72381068737983245143e+00 2.72381068737983245143e+00 0
-1.75283469750534622207e-04 2.71650195294817908831e+00 2.71650195294817908831e+00 2.71650195294817908831e+00 2.71650195294817908831e+00 0
-1.59936269038893493725e-04 2.70345008502587536015e+00 2.70345008502587536015e+00 2.70345008502587536015e+00 2.70345008502587536015e+00 0
-1.45932814945336810893e-04 2.69176399624486561990e+00 2.69176399624486561990e+00 2.69176399624486561990e+00 2.69176399624486561990e+00 0
-1.33155453768219595150e-04 2.67963800869354695777e+00 2.67963800869354695777e+00 2.67963800869354695777e+00 2.67963800869354695777e+00 0
-1.21496833147924203095e-04 2.66490715514237974659e+00 2.66490715514237974659e+00 2.66490715514237974659e+00 2.66490715514237974659e+00 0
-1.10859000117783106261e-04 2.65454049779277667653e+00 2.65454049779277667653e+00 2.65454049779277667653e+00 2.65454049779277667653e+00 0
-1.01152578126474505284e-04 2.63872661382538131747e+00 2.63872661382538131747e+00 2.63872661382538131747e+00 2.63872661382538131747e+00 0
-9.22960161174249523949e-05 2.63311816088897687749e+00 2.63311816088897687749e+00 2.63311816088897687749e+00 2.63311816088897687749e+00 0
-8.42149033561649001164e-05 2.61851209043081212258e+00 2.61851209043081212258e+00 2.61851209043081212258e+00 2.61851209043081212258e+00 0
-7.68413442489771078212e-05 2.61736196889828232059e+00 2.61736196889828232059e+00 2.61736196889828232059e+00 2.61736196889828232059e+00 0
-7.01133879002138461723e-05 2.60645672218440882517e+00 2.60645672218440882517e+00 2.60645672218440882517e+00 2.60645672218440882517e+00 0
-6.39745076155573839374e-05 2.60941755646040496330e+00 2.60941755646040496330e+00 2.60941755646040496330e+00 2.60941755646040496330e+00 0
-5.83731259781347216467e-05 2.59947028708232030780e+00 2.59947028708232030780e+00 2.59947028708232030780e+00 2.59947028708232030780e+00 0
-5.32621815072878638099e-05 2.60445466843562689618e+00 2.60445466843562689618e+00 2.60445466843562689618e+00 2.60445466843562689618e+00 0
-4.85987332591696622646e-05 2.59458285296592405800e+00 2.59458285296592405800e+00 2.59458285296592405800e+00 2.59458285296592405800e+00 0
-4.43436000471132397939e-05 2.59989624194380519739e+00 2.59989624194380519739e+00 2.59989624194380519739e+00 2.59989624194380519739e+00 0
-4.04610312505897939820e-05 2.58980603212975513117e+00 2.58980603212975513117e+00 2.58980603212975513117e+00 2.58980603212975513117e+00 0
-3.69184064469699809580e-05 2.59511739375057448598e+00 2.59511739375057448598e+00 2.59511739375057448598e+00 2.59511739375057448598e+00 0
-3.36859613424659532703e-05 2.58717498946098123369e+00 2.58717498946098123369e+00 2.58717498946098123369e+00 2.58717498946098123369e+00 0
-3.07365376995908377075e-05 2.59294507317764777454e+00 2.59294507317764777454e+00 2.59294507317764777454e+00 2.59294507317764777454e+00 0
-2.80453551600855418571e-05 2.58958604898494115787e+00 2.58958604898494115787e+00 2.58958604898494115787e+00 2.58958604898494115787e+00 0
-2.55898030462229522197e-05 2.59730321385359363973e+00 2.59730321385359363973e+00 2.59730321385359363973e+00 2.59730321385359363973e+00 0
-2.33492503912538900139e-05 2.59427832633357802194e+00 2.59427832633357802194e+00 2.59427832633357802194e+00 2.59427832633357802194e+00 0
-2.13048726029151414582e-05 2.60036199403354695292e+00 2.60036199403354695292e+00 2.60036199403354695292e+00 2.60036199403354695292e+00 0
-1.94394933036678710045e-05 2.59650087085648095808e+00 2.59650087085648095808e+00 2.59650087085648095808e+00 2.59650087085648095808e+00 0
-1.77374400188453006609e-05 2.60165340391183708135e+00 2.60165340391183708135e+00 2.60165340391183708135e+00 2.60165340391183708135e+00 0
-1.61844125002359203033e-05 2.59655006950207445371e+00 2.59655006950207445371e+00 2.59655006950207445371e+00 2.59655006950207445371e+00 0
-1.47673625787879903503e-05 2.60116855946926150978e+00 2.60116855946926150978e+00 2.60116855946926150978e+00 2.60116855946926150978e+00 0
-1.34743845369863799529e-05 2.59755577745089727415e+00 2.59755577745089727415e+00 2.59755577745089727415e+00 2.59755577745089727415e+00 0
-1.22946150798363418592e-05 2.60245795331421891916e+00 2.60245795331421891916e+00 2.60245795331421891916e+00 2.60245795331421891916e+00 0
-1.12181420640342204698e-05 2.60017822790510511055e+00 2.60017822790510511055e+00 2.60017822790510511055e+00 2.60017822790510511055e+00 0
-1.02359212184891812267e-05 2.60523293008547662808e+00 2.60523293008547662808e+00 2.60523293008547662808e+00 2.60523293008547662808e+00 0
-9.33970015650155600557e-06 2.60336437911834739367e+00 2.60336437911834739367e+00 2.60336437911834739367e+00 2.60336437911834739367e+00 0
-8.52194904116605827734e-06 2.60736164312115681341e+00 2.60736164312115681341e+00 2.60736164312115681341e+00 2.60736164312115681341e+00 0
-7.77579732146714636891e-06 2.60502626503639955757e+00 2.60502626503639955757e+00 2.60502626503639955757e+00 2.60502626503639955757e+00 0
-7.09497600753811890912e-06 2.60744431351309868816e+00 2.60744431351309868816e+00 2.60744431351309868816e+00 2.60744431351309868816e+00 0
-6.47376500009436693547e-06 2.60471718262896256846e+00 2.60471718262896256846e+00 2.60471718262896256846e+00 2.60471718262896256846e+00 0
-5.90694503151519647894e-06 2.60655180960299537318e+00 2.60655180960299537318e+00 2.60655180960299537318e+00 2.60655180960299537318e+00 0
-5.38975381479455248936e-06 2.60456071513427156461e+00 2.60456071513427156461e+00 2.60456071513427156461e+00 2.60456071513427156461e+00 0
-4.91784603193453437201e-06 2.60700806292674958087e+00 2.60700806292674958087e+00 2.60700806292674958087e+00 2.60700806292674958087e+00 0
-4.48725682561368615503e-06 2.60634108187849911076e+00 2.60634108187849911076e+00 2.60634108187849911076e+00 2.60634108187849911076e+00 0
-4.09436848739567181305e-06 2.60918013139655302624e+00 2.60918013139655302624e+00 2.60918013139655302624e+00 2.60918013139655302624e+00 0
-3.73588006260062214812e-06 2.60887071822983873659e+00 2.60887071822983873659e+00 2.60887071822983873659e+00 2.60887071822983873659e+00 0
-3.40877961646642297212e-06 2.61093408204127008787e+00 2.61093408204127008787e+00 2.61093408204127008787e+00 2.61093408204127008787e+00 0
-3.11031892858685803934e-06 2.60983422520896768404e+00 2.60983422520896768404e+00 2.60983422520896768404e+00 2.60983422520896768404e+00 0
-2.83799040301524807187e-06 2.61060793972699789478e+00 2.61060793972699789478e+00 2.61060793972699789478e+00 2.61060793972699789478e+00 0
-2.58950600003774601186e-06 2.60891547492598174784e+00 2.60891547492598174784e+00 2.60891547492598174784e+00 2.60891547492598174784e+00 0
-2.36277801260607909979e-06 2.60933157528870074415e+00 2.60933157528870074415e+00 2.60933157528870074415e+00 2.60933157528870074415e+00 0
-2.15590152591782108045e-06 2.60821524098245216550e+00 2.60821524098245216550e+00 2.60821524098245216550e+00 2.60821524098245216550e+00 0
-1.96713841277381391821e-06 2.60941260226828752877e+00 2.60941260226828752877e+00 2.60941260226828752877e+00 2.60941260226828752877e+00 0
-1.79490273024547492788e-06 2.60945790029667801235e+00 2.60945790029667801235e+00 2.60945790029667801235e+00 2.60945790029667801235e+00 0
-1.63774739495826889463e-06 2.61122210389412767739e+00 2.61122210389412767739e+00 2.61122210389412767739e+00 2.61122210389412767739e+00 0
-1.49435202504024885925e-06 2.61149773519750771911e+00 2.61149773519750771911e+00 2.61149773519750771911e+00 2.61149773519750771911e+00 0
-1.36351184658656897709e-06 2.61266888839770894393e+00 2.61266888839770894393e+00 2.61266888839770894393e+00 2.61266888839770894393e+00 0
-1.24412757143474287692e-06 2.61206223616433375057e+00 2.61206223616433375057e+00 2.61206223616433375057e+00 2.61206223616433375057e+00 0
-1.13519616120609888993e-06 2.61207422661080679305e+00 2.61207422661080679305e+00 2.61207422661080679305e+00 2.61207422661080679305e+00 0
-1.03580240001509891296e-06 2.61080744338739467736e+00 2.61080744338739467736e+00 2.61080744338739467736e+00 2.61080744338739467736e+00 0
-9.45111205042431322281e-07 2.61057922945588849473e+00 2.61057922945588849473e+00 2.61057922945588849473e+00 2.61057922945588849473e+00 0
-8.62360610367128368652e-07 2.60981168382194628208e+00 2.60981168382194628208e+00 2.60981168382194628208e+00 2.60981168382194628208e+00 0
-7.86855365109525609635e-07 2.61046166923476352650e+00 2.61046166923476352650e+00 2.61046166923476352650e+00 2.61046166923476352650e+00 0
-7.17961092098189695866e-07 2.61078985263073004575e+00 2.61078985263073004575e+00 2.61078985263073004575e+00 2.61078985263073004575e+00 0
-6.55098957983307430796e-07 2.61209472360193384333e+00 2.61209472360193384333e+00 2.61209472360193384333e+00 2.61209472360193384333e+00 0
-5.97740810016099586050e-07 2.61260757160346024364e+00 2.61260757160346024364e+00 2.61260757160346024364e+00 2.61260757160346024364e+00 0
-5.45404738634627717892e-07 2.61339910935473218601e+00 2.61339910935473218601e+00 2.61339910935473218601e+00 2.61339910935473218601e+00 0
-4.97651028573897362528e-07 2.61299183628123232737e+00 2.61299183628123232737e+00 2.61299183628123232737e+00 2.61299183628123232737e+00 0
-4.54078464482439566561e-07 2.61268644402546668104e+00 2.61268644402546668104e+00 2.61268644402546668104e+00 2.61268644402546668104e+00 0
-4.14320960006039459306e-07 2.61159040591672786391e+00 2.61159040591672786391e+00 2.61159040591672786391e+00 2.61159040591672786391e+00 0
-3.78044482016972603028e-07 2.61109579475290720652e+00 2.61109579475290720652e+00 2.61109579475290720652e+00 2.61109579475290720652e+00 0
-3.44944244146851379225e-07 2.61046679340662368674e+00 2.61046679340662368674e+00 2.61046679340662368674e+00 2.61046679340662368674e+00 0
-3.14742146043810265030e-07 2.61089516102805729858e+00 2.61089516102805729858e+00 2.61089516102805729858e+00 2.61089516102805729858e+00 0
-2.87184436839275878347e-07 2.61133827460432588197e+00 2.61133827460432588197e+00 2.61133827460432588197e+00 2.61133827460432588197e+00 0
-2.62039583193322993494e-07 2.61245335384600130268e+00 2.61245335384600130268e+00 2.61245335384600130268e+00 2.61245335384600130268e+00 0
-2.39096324006439802656e-07 2.61306062050289877874e+00 2.61306062050289877874e+00 2.61306062050289877874e+00 2.61306062050289877874e+00 0
-2.18161895453850981278e-07 2.61370000047455608438e+00 2.61370000047455608438e+00 2.61370000047455608438e+00 2.61370000047455608438e+00 0
-1.99060411429558881484e-07 2.61337336507006412489e+00 2.61337336507006412489e+00 2.61337336507006412489e+00 2.61337336507006412489e+00 0
-1.81631385792975794861e-07 2.61293929392910406762e+00 2.61293929392910406762e+00 2.61293929392910406762e+00 2.61293929392910406762e+00 0
-1.65728384002415794310e-07 2.61191211338721407387e+00 2.61191211338721407387e+00 2.61191211338721407387e+00 2.61191211338721407387e+00 0
-1.51217792806789099445e-07 2.61130999938934271754e+00 2.61130999938934271754e+00 2.61130999938934271754e+00 2.61130999938934271754e+00 0
-1.37977697658740599335e-07 2.61073728148322903309e+00 2.61073728148322903309e+00 2.61073728148322903309e+00 2.61073728148322903309e+00 0
-1.25896858417524106012e-07 2.61107513914103872565e+00 2.61107513914103872565e+00 2.61107513914103872565e+00 2.61107513914103872565e+00 0
-1.14873774735710398984e-07 2.61156460015699121158e+00 2.61156460015699121158e+00 2.61156460015699121158e+00 2.61156460015699121158e+00 0
-1.04815833277329194751e-07 2.61260346727426995272e+00 2.61260346727426995272e+00 2.61260346727426995272e+00 2.61260346727426995272e+00 0
-9.56385296025759290035e-08 2.61324929845566034103e+00 2.61324929845566034103e+00 2.61324929845566034103e+00 2.61324929845566034103e+00 0
-8.72647581815404189808e-08 2.61382616803693057506e+00 2.61382616803693057506e+00 2.61382616803693057506e+00 2.61382616803693057506e+00 0
-7.96241645718235896512e-08 2.61353171226063052401e+00 2.61353171226063052401e+00 2.61353171226063052401e+00 2.61353171226063052401e+00 0
-7.26525543171903391202e-08 2.61304522155149898666e+00 2.61304522155149898666e+00 2.61304522155149898666e+00 2.61304522155149898666e+00 0
-6.62913536009663071362e-08 2.61204408898527518090e+00 2.61204408898527518090e+00 2.61204408898527518090e+00 2.61204408898527518090e+00 0
-6.04871171227156106611e-08 2.61140143938378166411e+00 2.61140143938378166411e+00 2.61140143938378166411e+00 2.61140143938378166411e+00 0
-5.51910790634962066470e-08 2.61085128804461863439e+00 2.61085128804461863439e+00 2.61085128804461863439e+00 2.61085128804461863439e+00 0
-5.03587433670096371108e-08 2.61115285584588718848e+00 2.61115285584588718848e+00 2.61115285584588718848e+00 2.61115285584588718848e+00 0
-4.59495098942841410648e-08 2.61166084637427164949e+00 2.61166084637427164949e+00 2.61166084637427164949e+00 2.61166084637427164949e+00 0
-4.19263333109316779003e-08 2.61266902356644958871e+00 2.61266902356644958871e+00 2.61266902356644958871e+00 2.61266902356644958871e+00 0
-3.82554118410303716014e-08 2.61333003397694962899e+00 2.61333003397694962899e+00 2.61333003397694962899e+00 2.61333003397694962899e+00 0
-3.49059032726161649453e-08 2.61388125825630712740e+00 2.61388125825630712740e+00 2.61388125825630712740e+00 2.61388125825630712740e+00 0
-3.18496658287294252726e-08 2.61359823571951110921e+00 2.61359823571951110921e+00 2.61359823571951110921e+00 2.61359823571951110921e+00 0
-2.90610217268761303541e-08 2.61309365311835062329e+00 2.61309365311835062329e+00 2.61309365311835062329e+00 2.61309365311835062329e+00 0
-2.65165414403865321189e-08 2.61210358063139169715e+00 2.61210358063139169715e+00 2.61210358063139169715e+00 2.61210358063139169715e+00 0
-2.41948468490862409557e-08 2.61144354428451119787e+00 2.61144354428451119787e+00 2.61144354428451119787e+00 2.61144354428451119787e+00 0
-2.20764316253984919232e-08 2.61090242394305649398e+00 2.61090242394305649398e+00 2.61090242394305649398e+00 2.61090242394305649398e+00 0
-2.01434973468038594765e-08 2.61118945890314302360e+00 2.61118945890314302360e+00 2.61118945890314302360e+00 2.61118945890314302360e+00 0
-1.83798039577136603964e-08 2.61170486874296425839e+00 2.61170486874296425839e+00 2.61170486874296425839e+00 2.61170486874296425839e+00 0
-1.67705333243726718219e-08 2.61270081612450155717e+00 2.61270081612450155717e+00 2.61270081612450155717e+00 2.61270081612450155717e+00 0
-1.53021647364121512875e-08 2.61336803293928898739e+00 2.61336803293928898739e+00 2.61336803293928898739e+00 2.61336803293928898739e+00 0
-1.39623613090464712721e-08 2.61390924679961278443e+00 2.61390924679961278443e+00 2.61390924679961278443e+00 2.61390924679961278443e+00 0
-1.27398663314917707708e-08 2.61363142254170188750e+00 2.61363142254170188750e+00 2.61363142254170188750e+00 2.61363142254170188750e+00 0
-1.16244086907504498255e-08 2.61311845331592751407e+00 2.61311845331592751407e+00 2.61311845331592751407e+00 2.61311845331592751407e+00 0
-1.06066165761546102006e-08 2.61213279999095249195e+00 2.61213279999095249195e+00 2.61213279999095249195e+00 2.61213279999095249195e+00 0
-9.67793873963449902926e-09 2.61146586052153351076e+00 2.61146586052153351076e+00 2.61146586052153351076e+00 2.61146586052153351076e+00 0
-8.83057265015939445318e-09 2.61092836682178930374e+00 2.61092836682178930374e+00 2.61092836682178930374e+00 2.61092836682178930374e+00 0
-8.05739893872154412149e-09 2.61120960022771386733e+00 2.61120960022771386733e+00 2.61120960022771386733e+00 2.61120960022771386733e+00 0
-7.35192158308546266964e-09 2.61172799680140688139e+00 2.61172799680140688139e+00 2.61172799680140688139e+00 2.61172799680140688139e+00 0
-6.70821332974906988680e-09 2.61271903809122507667e+00 2.61271903809122507667e+00 2.61271903809122507667e+00 2.61271903809122507667e+00 0
-6.12086589456485935696e-09 2.61338872796948651356e+00 2.61338872796948651356e+00 2.61338872796948651356e+00 2.61338872796948651356e+00 0
-5.58494452361858701991e-09 2.61392592466365458748e+00 2.61392592466365458748e+00 2.61392592466365458748e+00 2.61392592466365458748e+00 0
-5.09594653259670897005e-09 2.61365017202355609527e+00 2.61365017202355609527e+00 2.61365017202355609527e+00 2.61365017202355609527e+00 0
-4.64976347630018125370e-09 2.61313389462369283223e+00 2.61313389462369283223e+00 2.61313389462369283223e+00 2.61313389462369283223e+00 0
-4.24264663046184441111e-09 2.61215001011058900460e+00 2.61215001011058900460e+00 2.61215001011058900460e+00 2.61215001011058900460e+00 0
-3.87117549585379861909e-09 2.61148030510801065773e+00 2.61148030510801065773e+00 2.61148030510801065773e+00 2.61148030510801065773e+00 0
-3.53222906006375811214e-09 2.61094426106012145183e+00 2.61094426106012145183e+00 2.61094426106012145183e+00 2.61094426106012145183e+00 0
-3.22295957548861690413e-09 2.61122316957857503184e+00 2.61122316957857503184e+00 2.61122316957857503184e+00 2.61122316957857503184e+00 0
-2.94076863323418506785e-09 2.61174276198174393215e+00 2.61174276198174393215e+00 2.61174276198174393215e+00 2.61174276198174393215e+00 0
-2.68328533189962795472e-09 2.61273184174256911660e+00 2.61273184174256911660e+00 2.61273184174256911660e+00 2.61273184174256911660e+00 0
-2.44834635782594399094e-09 2.61340252221063051863e+00 2.61340252221063051863e+00 2.61340252221063051863e+00 2.61340252221063051863e+00 0
-2.23397780944743522155e-09 2.61393811194904257533e+00 2.61393811194904257533e+00 2.61393811194904257533e+00 2.61393811194904257533e+00 0
-2.03837861303868391889e-09 2.61366318957443599658e+00 2.61366318957443599658e+00 2.61366318957443599658e+00 2.61366318957443599658e+00 0
-1.85990539052007200517e-09 2.61314558448876832486e+00 2.61314558448876832486e+00 2.61314558448876832486e+00 2.61314558448876832486e+00 0
-1.69705865218473817803e-09 2.61216240680296829524e+00 2.61216240680296829524e+00 2.61216240680296829524e+00 2.61216240680296829524e+00 0
-1.54847019834152002666e-09 2.61149159159569510535e+00 2.61149159159569510535e+00 2.61149159159569510535e+00 2.61149159159569510535e+00 0
-1.41289162402550303806e-09 2.61095612850583602693e+00 2.61095612850583602693e+00 2.61095612850583602693e+00 2.61095612850583602693e+00 0
-1.28918383019544705117e-09 2.61123410564649471866e+00 2.61123410564649471866e+00 2.61123410564649471866e+00 2.61123410564649471866e+00 0
-1.17630745329367402714e-09 2.61175417820899280485e+00 2.61175417820899280485e+00 2.61175417820899280485e+00 2.61175417820899280485e+00 0
-1.07331413275985097509e-09 2.61274247383607427508e+00 2.61274247383607427508e+00 2.61274247383607427508e+00 2.61274247383607427508e+00 0
-9.79338543130377513658e-10 2.61341355468877978296e+00 2.61341355468877978296e+00 2.61341355468877978296e+00 2.61341355468877978296e+00 0
-8.93591123778973943865e-10 2.61394849981852761545e+00 2.61394849981852761545e+00 2.61394849981852761545e+00 2.61394849981852761545e+00 0
-8.15351445215473422800e-10 2.61367391199802190371e+00 2.61367391199802190371e+00 2.61367391199802190371e+00 2.61367391199802190371e+00 0
-7.43962156208029008864e-10 2.61315577079330463306e+00 2.61315577079330463306e+00 2.61315577079330463306e+00 2.61315577079330463306e+00 0
-6.78823460873895064418e-10 2.61217287602883052600e+00 2.61217287602883052600e+00 2.61217287602883052600e+00 2.61217287602883052600e+00 0
-6.19388079336607865908e-10 2.61150161026194860270e+00 2.61150161026194860270e+00 2.61150161026194860270e+00 2.61150161026194860270e+00 0
-5.65156649610201173866e-10 2.61096638348052456635e+00 2.61096638348052456635e+00 2.61096638348052456635e+00 2.61096638348052456635e+00 0
-5.15673532078178737748e-10 2.61124398384558897845e+00 2.61124398384558897845e+00 2.61124398384558897845e+00 2.61124398384558897845e+00 0
-4.70522981317469672895e-10 2.61176425455620142557e+00 2.61176425455620142557e+00 2.61176425455620142557e+00 2.61176425455620142557e+00 0
-4.29325653103940410716e-10 2.61275223459616379174e+00 2.61275223459616379174e+00 2.61275223459616379174e+00 2.61275223459616379174e+00 0
-3.91735417252150984784e-10 2.61342348413486114111e+00 2.61342348413486114111e+00 2.61342348413486114111e+00 2.61342348413486114111e+00 0
-3.57436449511589618905e-10 2.61395816516972079313e+00 2.61395816516972079313e+00 2.61395816516972079313e+00 2.61395816516972079313e+00 0
-3.26140578086189410479e-10 2.61368371759655415687e+00 2.61368371759655415687e+00 2.61368371759655415687e+00 2.61368371759655415687e+00 0
-2.97584862483211613886e-10 2.61316535259292948012e+00 2.61316535259292948012e+00 2.61316535259292948012e+00 2.61316535259292948012e+00 0
-2.71529384349557994748e-10 2.61218257424696798097e+00 2.61218257424696798097e+00 2.61218257424696798097e+00 2.61218257424696798097e+00 0
-2.47755231734643218741e-10 2.61151111447534400867e+00 2.61151111447534400867e+00 2.61151111447534400867e+00 2.61151111447534400867e+00 0
-2.26062659844080516075e-10 2.61097599367000166026e+00 2.61097599367000166026e+00 2.61097599367000166026e+00 2.61097599367000166026e+00 0
-2.06269412831271510609e-10 2.61125343191690939548e+00 2.61125343191690939548e+00 2.61125343191690939548e+00 2.61125343191690939548e+00 0
-1.88209192526987889838e-10 2.61177379615320237605e+00 2.61177379615320237605e+00 2.61177379615320237605e+00 2.61177379615320237605e+00 0
-1.71730261241576184966e-10 2.61276164206119654310e+00 2.61276164206119654310e+00 2.61276164206119654310e+00 2.61276164206119654310e+00 0
-1.56694166900860399083e-10 2.61343297842998945058e+00 2.61343297842998945058e+00 2.61343297842998945058e+00 2.61343297842998945058e+00 0
-1.42974579804635790693e-10 2.61396753641353463138e+00 2.61396753641353463138e+00 2.61396753641353463138e+00 2.61396753641353463138e+00 0
-1.30456231234475702153e-10 2.61369316192544776101e+00 2.61369316192544776101e+00 2.61369316192544776101e+00 2.61369316192544776101e+00 0
-1.19033944993284609365e-10 2.61317468590242407700e+00 2.61317468590242407700e+00 2.61317468590242407700e+00 2.61317468590242407700e+00 0
-1.08611753739823203069e-10 2.61219196550696652892e+00 2.61219196550696652892e+00 2.61219196550696652892e+00 2.61219196550696652892e+00 0
-9.91020926938572745719e-11 2.61152039580965311671e+00 2.61152039580965311671e+00 2.61152039580965311671e+00 2.61152039580965311671e+00 0
-9.04250639376322090150e-11 2.61098534765722600781e+00 2.61098534765722600781e+00 2.61098534765722600781e+00 2.61098534765722600781e+00 0
-8.25077651325085990737e-11 2.61126269157652890485e+00 2.61126269157652890485e+00 2.61126269157652890485e+00 2.61126269157652890485e+00 0
-7.52836770107951533501e-11 2.61178312730618378268e+00 2.61178312730618378268e+00 2.61178312730618378268e+00 2.61178312730618378268e+00 0
-6.86921044966304739864e-11 2.61277089667266260165e+00 2.61277089667266260165e+00 2.61277089667266260165e+00 2.61277089667266260165e+00 0
-6.26776667603441673881e-11 2.61344231413490923899e+00 2.61344231413490923899e+00 2.61344231413490923899e+00 2.61344231413490923899e+00 0
-5.71898319218543395418e-11 2.61397677758251445468e+00 2.61397677758251445468e+00 2.61397677758251445468e+00 2.61397677758251445468e+00 0
-5.21824924937903118805e-11 2.61370247569334379634e+00 2.61370247569334379634e+00 2.61370247569334379634e+00 2.61370247569334379634e+00 0
-4.76135779973138553783e-11 2.61318390302654668389e+00 2.61318390302654668389e+00 2.61318390302654668389e+00 2.61318390302654668389e+00 0
-4.34447014959292863975e-11 2.61220123731603370842e+00 2.61220123731603370842e+00 2.61220123731603370842e+00 2.61220123731603370842e+00 0
-3.96408370775429124137e-11 2.61152954464778508381e+00 2.61152954464778508381e+00 2.61152954464778508381e+00 2.61152954464778508381e+00 0
-3.61700255750528771437e-11 2.61099460333940136536e+00 2.61099460333940136536e+00 2.61099460333940136536e+00 2.61099460333940136536e+00 0
-3.30031060530034383370e-11 2.61127183469194168453e+00 2.61127183469194168453e+00 2.61127183469194168453e+00 2.61127183469194168453e+00 0
-3.01134708043180574626e-11 2.61179238313256201209e+00 2.61179238313256201209e+00 2.61179238313256201209e+00 2.61179238313256201209e+00 0
-2.74768417986521876559e-11 2.61278006156883346733e+00 2.61278006156883346733e+00 2.61278006156883346733e+00 2.61278006156883346733e+00 0
-2.50710667041376566155e-11 2.61345162648349083057e+00 2.61345162648349083057e+00 2.61345162648349083057e+00 2.61345162648349083057e+00 0
-2.28759327687417274157e-11 2.61398593587053706955e+00 2.61398593587053706955e+00 2.61398593587053706955e+00 2.61398593587053706955e+00 0
-2.08729969975161182899e-11 2.61371177353783901154e+00 2.61371177353783901154e+00 2.61371177353783901154e+00 2.61371177353783901154e+00 0
-1.90454311989255382739e-11 2.61319303190400509251e+00 2.61319303190400509251e+00 2.61319303190400509251e+00 2.61319303190400509251e+00 0
-1.73778805983717080967e-11 2.61221047087915536622e+00 2.61221047087915536622e+00 2.61221047087915536622e+00 2.61221047087915536622e+00 0
-1.58563348310171610881e-11 2.61153853142958558564e+00 2.61153853142958558564e+00 2.61153853142958558564e+00 2.61153853142958558564e+00 0
-1.44680102300211482725e-11 2.61100383136436509091e+00 2.61100383136436509091e+00 2.61100383136436509091e+00 2.61100383136436509091e+00 0
-1.32012424212013695187e-11 2.61128082772051683946e+00 2.61128082772051683946e+00 2.61128082772051683946e+00 2.61128082772051683946e+00 0
-1.20453883217272187845e-11 2.61180163295795120248e+00 2.61180163295795120248e+00 2.61180163295795120248e+00 2.61180163295795120248e+00 0
-1.09907367194608692462e-11 2.61278912104025984320e+00 2.61278912104025984320e+00 2.61278912104025984320e+00 2.61278912104025984320e+00 0
-1.00284266816550691085e-11 2.61346103811018304341e+00 2.61346103811018304341e+00 2.61346103811018304341e+00 2.61346103811018304341e+00 0
-9.15037310749669355121e-12 2.61399498583045986067e+00 2.61399498583045986067e+00 2.61399498583045986067e+00 2.61399498583045986067e+00 0
-8.34919879900644796218e-12 2.61372116380799690560e+00 2.61372116380799690560e+00 2.61372116380799690560e+00 2.61372116380799690560e+00 0
-7.61817247957021757138e-12 2.61320202155105807407e+00 2.61320202155105807407e+00 2.61320202155105807407e+00 2.61320202155105807407e+00 0
-6.95115223934868646984e-12 2.61221971690384258125e+00 2.61221971690384258125e+00 2.61221971690384258125e+00 2.61221971690384258125e+00 0
-6.34253393240686508146e-12 2.61154717091045718291e+00 2.61154717091045718291e+00 2.61154717091045718291e+00 2.61154717091045718291e+00 0
-5.78720409200846043992e-12 2.61101308275818499993e+00 2.61101308275818499993e+00 2.61101308275818499993e+00 2.61101308275818499993e+00 0
-5.28049696848054958462e-12 2.61128949526608433729e+00 2.61128949526608433729e+00 2.61128949526608433729e+00 2.61128949526608433729e+00 0
-4.81815532869088864472e-12 2.61181095360782311587e+00 2.61181095360782311587e+00 2.61181095360782311587e+00 2.61181095360782311587e+00 0
-4.39629468778435012187e-12 2.61279797733785157376e+00 2.61279797733785157376e+00 2.61279797733785157376e+00 2.61279797733785157376e+00 0
-4.01137067266202618939e-12 2.61347082199631319810e+00 2.61347082199631319810e+00 2.61347082199631319810e+00 2.61347082199631319810e+00 0
-3.66014924299867693581e-12 2.61400381664971837026e+00 2.61400381664971837026e+00 2.61400381664971837026e+00 2.61400381664971837026e+00 0
-3.33967951960257934643e-12 2.61373089465932073594e+00 2.61373089465932073594e+00 2.61373089465932073594e+00 2.61373089465932073594e+00 0
-3.04726899182808727089e-12 2.61321069221736479449e+00 2.61321069221736479449e+00 2.61321069221736479449e+00 2.61321069221736479449e+00 0
-2.78046089573947394170e-12 2.61222905035487640291e+00 2.61222905035487640291e+00 2.61222905035487640291e+00 2.61222905035487640291e+00 0
-2.53701357296274619414e-12 2.61155485045519553111e+00 2.61155485045519553111e+00 2.61155485045519553111e+00 2.61155485045519553111e+00 0
-2.31488163680338393363e-12 2.61102245137322563906e+00 2.61102245137322563906e+00 2.61102245137322563906e+00 2.61102245137322563906e+00 0
-2.11219878739222007619e-12 2.61129727713428660962e+00 2.61129727713428660962e+00 2.61129727713428660962e+00 2.61129727713428660962e+00 0
-1.92726213147635610412e-12 2.61182056891374880792e+00 2.61182056891374880792e+00 2.61182056891374880792e+00 2.61182056891374880792e+00 0
-1.75851787511374000836e-12 2.61280642150491848597e+00 2.61280642150491848597e+00 2.61280642150491848597e+00 2.61280642150491848597e+00 0
-1.60454826906481096043e-12 2.61348207702436496902e+00 2.61348207702436496902e+00 2.61348207702436496902e+00 2.61348207702436496902e+00 0
-1.46405969719947093588e-12 2.61401216302253702750e+00 2.61401216302253702750e+00 2.61401216302253702750e+00 2.61401216302253702750e+00 0
-1.33587180784103190013e-12 2.61374189505694509705e+00 2.61374189505694509705e+00 2.61374189505694509705e+00 2.61374189505694509705e+00 0
-1.21890759673123498914e-12 2.61321825244295613544e+00 2.61321825244295613544e+00 2.61321825244295613544e+00 2.61321825244295613544e+00 0
-1.11218435829579002097e-12 2.61223798937440765400e+00 2.61223798937440765400e+00 2.61223798937440765400e+00 2.61223798937440765400e+00 0
-1.01480542918509807376e-12 2.61155721627414516561e+00 2.61155721627414516561e+00 2.61155721627414516561e+00 2.61155721627414516561e+00 0
-9.25952654721353896569e-13 2.61103157204080904563e+00 2.61103157204080904563e+00 2.61103157204080904563e+00 2.61103157204080904563e+00 0
-8.44879514956888131449e-13 2.61130038189145263772e+00 2.61130038189145263772e+00 2.61130038189145263772e+00 2.61130038189145263772e+00 0
-7.70904852590542320480e-13 2.61183176880874601267e+00 2.61183176880874601267e+00 2.61183176880874601267e+00 2.61183176880874601267e+00 0
-7.03407150045496043734e-13 2.61281518437190252158e+00 2.61281518437190252158e+00 2.61281518437190252158e+00 2.61281518437190252158e+00 0
-6.41819307625924263004e-13 2.61350741539766584509e+00 2.61350741539766584509e+00 2.61350741539766584509e+00 2.61350741539766584509e+00 0
6.41819307625924263004e-13 2.61366543350285374103e+00 2.61366543350285374103e+00 2.61366543350285374103e+00 2.61366543350285374103e+00 0
7.03407150045496043734e-13 2.61288143023641827867e+00 2.61288143023641827867e+00 2.61288143023641827867e+00 2.61288143023641827867e+00 0
7.70904852590542320480e-13 2.61179610052095423356e+00 2.61179610052095423356e+00 2.61179610052095423356e+00 2.61179610052095423356e+00 0
8.44879514956888131449e-13 2.61116284493181627369e+00 2.61116284493181627369e+00 2.61116284493181627369e+00 2.61116284493181627369e+00 0
9.25952654721353896569e-13 2.61085819946549690940e+00 2.61085819946549690940e+00 2.61085819946549690940e+00 2.61085819946549690940e+00 0
1.01480542918509807376e-12 2.61139930168351419582e+00 2.61139930168351419582e+00 2.61139930168351419582e+00 2.61139930168351419582e+00 0
1.11218435829579002097e-12 2.61217180198992782181e+00 2.61217180198992782181e+00 2.61217180198992782181e+00 2.61217180198992782181e+00 0
1.21890759673123498914e-12 2.61325395560993323230e+00 2.61325395560993323230e+00 2.61325395560993323230e+00 2.61325395560993323230e+00 0
1.33587180784103190013e-12 2.61387945969474921881e+00 2.61387945969474921881e+00 2.61387945969474921881e+00 2.61387945969474921881e+00 0
1.46405969719947093588e-12 2.61418556826095738188e+00 2.61418556826095738188e+00 2.61418556826095738188e+00 2.61418556826095738188e+00 0
1.60454826906481096043e-12 2.61364004040769293269e+00 2.61364004040769293269e+00 2.61364004040769293269e+00 2.61364004040769293269e+00 0
1.75851787511374000836e-12 2.61287263795770430264e+00 2.61287263795770430264e+00 2.61287263795770430264e+00 2.61287263795770430264e+00 0
1.92726213147635610412e-12 2.61178488716621526322e+00 2.61178488716621526322e+00 2.61178488716621526322e+00 2.61178488716621526322e+00 0
2.11219878739222007619e-12 2.61115972512155192220e+00 2.61115972512155192220e+00 2.61115972512155192220e+00 2.61115972512155192220e+00 0
2.31488163680338393363e-12 2.61084907356045148319e+00 2.61084907356045148319e+00 2.61084907356045148319e+00 2.61084907356045148319e+00 0
2.53701357296274619414e-12 2.61139691693239450743e+00 2.61139691693239450743e+00 2.61139691693239450743e+00 2.61139691693239450743e+00 0
2.78046089573947394170e-12 2.61216285477881449140e+00 2.61216285477881449140e+00 2.61216285477881449140e+00 2.61216285477881449140e+00 0
3.04726899182808727089e-12 2.61324639140096115497e+00 2.61324639140096115497e+00 2.61324639140096115497e+00 2.61324639140096115497e+00 0
3.33967951960257934643e-12 2.61386845604242745722e+00 2.61386845604242745722e+00 2.61386845604242745722e+00 2.61386845604242745722e+00 0
3.66014924299867693581e-12 2.61417722178698097579e+00 2.61417722178698097579e+00 2.61417722178698097579e+00 2.61417722178698097579e+00 0
4.01137067266202618939e-12 2.61362878188498370946e+00 2.61362878188498370946e+00 2.61362878188498370946e+00 2.61362878188498370946e+00 0
4.39629468778435012187e-12 2.61286419396290758854e+00 2.61286419396290758854e+00 2.61286419396290758854e+00 2.61286419396290758854e+00 0
4.81815532869088864472e-12 2.61177527486634364351e+00 2.61177527486634364351e+00 2.61177527486634364351e+00 2.61177527486634364351e+00 0
5.28049696848054958462e-12 2.61115194650488158246e+00 2.61115194650488158246e+00 2.61115194650488158246e+00 2.61115194650488158246e+00 0
5.78720409200846043992e-12 2.61083971086363231251e+00 2.61083971086363231251e+00 2.61083971086363231251e+00 2.61083971086363231251e+00 0
6.34253393240686508146e-12 2.61138924090655510923e+00 2.61138924090655510923e+00 2.61138924090655510923e+00 2.61138924090655510923e+00 0
6.95115223934868646984e-12 2.61215352757753338508e+00 2.61215352757753338508e+00 2.61215352757753338508e+00 2.61215352757753338508e+00 0
7.61817247957021757138e-12 2.61323772815679467030e+00 2.61323772815679467030e+00 2.61323772815679467030e+00 2.61323772815679467030e+00 0
8.34919879900644796218e-12 2.61385873337950780382e+00 2.61385873337950780382e+00 2.61385873337950780382e+00 2.61385873337950780382e+00 0
9.15037310749669355121e-12 2.61416840084710688785e+00 2.61416840084710688785e+00 2.61416840084710688785e+00 2.61416840084710688785e+00 0
1.00284266816550691085e-11 2.61361900792442147790e+00 2.61361900792442147790e+00 2.61361900792442147790e+00 2.61361900792442147790e+00 0
1.09907367194608692462e-11 2.61285534992861467884e+00 2.61285534992861467884e+00 2.61285534992861467884e+00 2.61285534992861467884e+00 0
1.20453883217272187845e-11 2.61176596879889766356e+00 2.61176596879889766356e+00 2.61176596879889766356e+00 2.61176596879889766356e+00 0
1.32012424212013695187e-11 2.61114329508635956145e+00 2.61114329508635956145e+00 2.61114329508635956145e+00 2.61114329508635956145e+00 0
1.44680102300211482725e-11 2.61083047803251755425e+00 2.61083047803251755425e+00 2.61083047803251755425e+00 2.61083047803251755425e+00 0
1.58563348310171610881e-11 2.61138062059607189980e+00 2.61138062059607189980e+00 2.61138062059607189980e+00 2.61138062059607189980e+00 0
1.73778805983717080967e-11 2.61214430318300205869e+00 2.61214430318300205869e+00 2.61214430318300205869e+00 2.61214430318300205869e+00 0
1.90454311989255382739e-11 2.61322876216818089645e+00 2.61322876216818089645e+00 2.61322876216818089645e+00 2.61322876216818089645e+00 0
2.08729969975161182899e-11 2.61384936885175900301e+00 2.61384936885175900301e+00 2.61384936885175900301e+00 2.61384936885175900301e+00 0
2.28759327687417274157e-11 2.61415937940221532187e+00 2.61415937940221532187e+00 2.61415937940221532187e+00 2.61415937940221532187e+00 0
2.50710667041376566155e-11 2.61360962727940782102e+00 2.61360962727940782102e+00 2.61360962727940782102e+00 2.61360962727940782102e+00 0
2.74768417986521876559e-11 2.61284632514880321708e+00 2.61284632514880321708e+00 2.61284632514880321708e+00 2.61284632514880321708e+00 0
3.01134708043180574626e-11 2.61175675765977732823e+00 2.61175675765977732823e+00 2.61175675765977732823e+00 2.61175675765977732823e+00 0
3.30031060530034383370e-11 2.61113434470095651108e+00 2.61113434470095651108e+00 2.61113434470095651108e+00 2.61113434470095651108e+00 0
3.61700255750528771437e-11 2.61082129713220023604e+00 2.61082129713220023604e+00 2.61082129713220023604e+00 2.61082129713220023604e+00 0
3.96408370775429124137e-11 2.61137168490067894666e+00 2.61137168490067894666e+00 2.61137168490067894666e+00 2.61137168490067894666e+00 0
4.34447014959292863975e-11 2.61213512559817484515e+00 2.61213512559817484515e+00 2.61213512559817484515e+00 2.61213512559817484515e+00 0
4.76135779973138553783e-11 2.61321969444837876040e+00 2.61321969444837876040e+00 2.61321969444837876040e+00 2.61321969444837876040e+00 0
5.21824924937903118805e-11 2.61384013772730083858e+00 2.61384013772730083858e+00 2.61384013772730083858e+00 2.61384013772730083858e+00 0
5.71898319218543395418e-11 2.61415029438854995547e+00 2.61415029438854995547e+00 2.61415029438854995547e+00 2.61415029438854995547e+00 0
6.26776667603441673881e-11 2.61360039512782682536e+00 2.61360039512782682536e+00 2.61360039512782682536e+00 2.61360039512782682536e+00 0
6.86921044966304739864e-11 2.61283724869246114508e+00 2.61283724869246114508e+00 2.61283724869246114508e+00 2.61283724869246114508e+00 0
7.52836770107951533501e-11 2.61174759926150468203e+00 2.61174759926150468203e+00 2.61174759926150468203e+00 2.61174759926150468203e+00 0
8.25077651325085990737e-11 2.61112530863413727644e+00 2.61112530863413727644e+00 2.61112530863413727644e+00 2.61112530863413727644e+00 0
9.04250639376322090150e-11 2.61081215896459983838e+00 2.61081215896459983838e+00 2.61081215896459983838e+00 2.61081215896459983838e+00 0
9.91020926938572745719e-11 2.61136266448629061898e+00 2.61136266448629061898e+00 2.61136266448629061898e+00 2.61136266448629061898e+00 0
1.08611753739823203069e-10 2.61212599424540226067e+00 2.61212599424540226067e+00 2.61212599424540226067e+00 2.61212599424540226067e+00 0
1.19033944993284609365e-10 2.61321063111063356388e+00 2.61321063111063356388e+00 2.61321063111063356388e+00 2.61321063111063356388e+00 0
1.30456231234475702153e-10 2.61383099210647440458e+00 2.61383099210647440458e+00 2.61383099210647440458e+00 2.61383099210647440458e+00 0
1.42974579804635790693e-10 2.61414123772597184470e+00 2.61414123772597184470e+00 2.61414123772597184470e+00 2.61414123772597184470e+00 0
1.56694166900860399083e-10 2.61359126146847398076e+00 2.61359126146847398076e+00 2.61359126146847398076e+00 2.61359126146847398076e+00 0
1.71730261241576184966e-10 2.61282821604520254510e+00 2.61282821604520254510e+00 2.61282821604520254510e+00 2.61282821604520254510e+00 0
1.88209192526987889838e-10 2.61173851182611027610e+00 2.61173851182611027610e+00 2.61173851182611027610e+00 2.61173851182611027610e+00 0
2.06269412831271510609e-10 2.61111631631356733152e+00 2.61111631631356733152e+00 2.61111631631356733152e+00 2.61111631631356733152e+00 0
2.26062659844080516075e-10 2.61080309807426802493e+00 2.61080309807426802493e+00 2.61080309807426802493e+00 2.61080309807426802493e+00 0
2.47755231734643218741e-10 2.61135370396925292624e+00 2.61135370396925292624e+00 2.61135370396925292624e+00 2.61135370396925292624e+00 0
2.71529384349557994748e-10 2.61211695409565614057e+00 2.61211695409565614057e+00 2.61211695409565614057e+00 2.61211695409565614057e+00 0
2.97584862483211613886e-10 2.61320168271144659400e+00 2.61320168271144659400e+00 2.61320168271144659400e+00 2.61320168271144659400e+00 0
3.26140578086189410479e-10 2.61382196908971309313e+00 2.61382196908971309313e+00 2.61382196908971309313e+00 2.61382196908971309313e+00 0
3.57436449511589618905e-10 2.61413232879403345521e+00 2.61413232879403345521e+00 2.61413232879403345521e+00 2.61413232879403345521e+00 0
3.91735417252150984784e-10 2.61358227337074700003e+00 2.61358227337074700003e+00 2.61358227337074700003e+00 2.61358227337074700003e+00 0
4.29325653103940410716e-10 2.61281936400762759831e+00 2.61281936400762759831e+00 2.61281936400762759831e+00 2.61281936400762759831e+00 0
4.70522981317469672895e-10 2.61172957942860506364e+00 2.61172957942860506364e+00 2.61172957942860506364e+00 2.61172957942860506364e+00 0
5.15673532078178737748e-10 2.61110753599820988313e+00 2.61110753599820988313e+00 2.61110753599820988313e+00 2.61110753599820988313e+00 0
5.65156649610201173866e-10 2.61079421975625436403e+00 2.61079421975625436403e+00 2.61079421975625436403e+00 2.61079421975625436403e+00 0
6.19388079336607865908e-10 2.61134500115163969980e+00 2.61134500115163969980e+00 2.61134500115163969980e+00 2.61134500115163969980e+00 0
6.78823460873895064418e-10 2.61210813337647396182e+00 2.61210813337647396182e+00 2.61210813337647396182e+00 2.61210813337647396182e+00 0
7.43962156208029008864e-10 2.61319306341854140641e+00 2.61319306341854140641e+00 2.61319306341854140641e+00 2.61319306341854140641e+00 0
8.15351445215473422800e-10 2.61381321751847384149e+00 2.61381321751847384149e+00 2.61381321751847384149e+00 2.61381321751847384149e+00 0
8.93591123778973943865e-10 2.61412382011685640038e+00 2.61412382011685640038e+00 2.61412382011685640038e+00 2.61412382011685640038e+00 0
9.79338543130377513658e-10 2.61357361027083445748e+00 2.61357361027083445748e+00 2.61357361027083445748e+00 2.61357361027083445748e+00 0
1.07331413275985097509e-09 2.61281099214449419321e+00 2.61281099214449419321e+00 2.61281099214449419321e+00 2.61281099214449419321e+00 0
1.17630745329367402714e-09 2.61172102583296661393e+00 2.61172102583296661393e+00 2.61172102583296661393e+00 2.61172102583296661393e+00 0
1.28918383019544705117e-09 2.61109932641225039873e+00 2.61109932641225039873e+00 2.61109932641225039873e+00 2.61109932641225039873e+00 0
1.41289162402550303806e-09 2.61078579344891981151e+00 2.61078579344891981151e+00 2.61078579344891981151e+00 2.61078579344891981151e+00 0
1.54847019834152002666e-09 2.61133698509191614079e+00 2.61133698509191614079e+00 2.61133698509191614079e+00 2.61133698509191614079e+00 0
1.69705865218473817803e-09 2.61209985744177064504e+00 2.61209985744177064504e+00 2.61209985744177064504e+00 2.61209985744177064504e+00 0
1.85990539052007200517e-09 2.61318528343664180369e+00 2.61318528343664180369e+00 2.61318528343664180369e+00 2.61318528343664180369e+00 0
2.03837861303868391889e-09 2.61380513073234066468e+00 2.61380513073234066468e+00 2.61380513073234066468e+00 2.61380513073234066468e+00 0
2.23397780944743522155e-09 2.61411632465765331190e+00 2.61411632465765331190e+00 2.61411632465765331190e+00 2.61411632465765331190e+00 0
2.44834635782594399094e-09 2.61356574429954857663e+00 2.61356574429954857663e+00 2.61356574429954857663e+00 2.61356574429954857663e+00 0
2.68328533189962795472e-09 2.61280383241583313847e+00 2.61280383241583313847e+00 2.61280383241583313847e+00 2.61280383241583313847e+00 0
2.94076863323418506785e-09 2.61171341603342943571e+00 2.61171341603342943571e+00 2.61171341603342943571e+00 2.61171341603342943571e+00 0
3.22295957548861690413e-09 2.61109256086909535810e+00 2.61109256086909535810e+00 2.61109256086909535810e+00 2.61109256086909535810e+00 0
3.53222906006375811214e-09 2.61077849643151616021e+00 2.61077849643151616021e+00 2.61077849643151616021e+00 2.61077849643151616021e+00 0
3.87117549585379861909e-09 2.61133070395483413151e+00 2.61133070395483413151e+00 2.61133070395483413151e+00 2.61133070395483413151e+00 0
4.24264663046184441111e-09 2.61209294324199614579e+00 2.61209294324199614579e+00 2.61209294324199614579e+00 2.61209294324199614579e+00 0
4.64976347630018125370e-09 2.61317960913845404036e+00 2.61317960913845404036e+00 2.61317960913845404036e+00 2.61317960913845404036e+00 0
5.09594653259670897005e-09 2.61379870252306067968e+00 2.61379870252306067968e+00 2.61379870252306067968e+00 2.61379870252306067968e+00 0
5.58494452361858701991e-09 2.61411136878366834324e+00 2.61411136878366834324e+00 2.61411136878366834324e+00 2.61411136878366834324e+00 0
6.12086589456485935696e-09 2.61355986658369765507e+00 2.61355986658369765507e+00 2.61355986658369765507e+00 2.61355986658369765507e+00 0
6.70821332974906988680e-09 2.61279970939101735539e+00 2.61279970939101735539e+00 2.61279970939101735539e+00 2.61279970939101735539e+00 0
7.35192158308546266964e-09 2.61170816602947208906e+00 2.61170816602947208906e+00 2.61170816602947208906e+00 2.61170816602947208906e+00 0
8.05739893872154412149e-09 2.61108941632782087794e+00 2.61108941632782087794e+00 2.61108941632782087794e+00 2.61108941632782087794e+00 0
8.83057265015939445318e-09 2.61077402649167256143e+00 2.61077402649167256143e+00 2.61077402649167256143e+00 2.61077402649167256143e+00 0
9.67793873963449902926e-09 2.61132877099220905848e+00 2.61132877099220905848e+00 2.61132877099220905848e+00 2.61132877099220905848e+00 0
1.06066165761546102006e-08 2.61208943798264670022e+00 2.61208943798264670022e+00 2.61208943798264670022e+00 2.61208943798264670022e+00 0
1.16244086907504498255e-08 2.61317920582458551593e+00 2.61317920582458551593e+00 2.61317920582458551593e+00 2.61317920582458551593e+00 0
1.27398663314917707708e-08 2.61379642585462823590e+00 2.61379642585462823590e+00 2.61379642585462823590e+00 2.61379642585462823590e+00 0
1.39623613090464712721e-08 2.61411276899605971025e+00 2.61411276899605971025e+00 2.61411276899605971025e+00 2.61411276899605971025e+00 0
1.53021647364121512875e-08 2.61355896219873296005e+00 2.61355896219873296005e+00 2.61355896219873296005e+00 2.61355896219873296005e+00 0
1.67705333243726718219e-08 2.61280318770590769262e+00 2.61280318770590769262e+00 2.61280318770590769262e+00 2.61280318770590769262e+00 0
1.83798039577136603964e-08 2.61170882391608305539e+00 2.61170882391608305539e+00 2.61170882391608305539e+00 2.61170882391608305539e+00 0
2.01434973468038594765e-08 2.61109533420113981705e+00 2.61109533420113981705e+00 2.61109533420113981705e+00 2.61109533420113981705e+00 0
2.20764316253984919232e-08 2.61077664116690844054e+00 2.61077664116690844054e+00 2.61077664116690844054e+00 2.61077664116690844054e+00 0
2.41948468490862409557e-08 2.61133773057685747432e+00 2.61133773057685747432e+00 2.61133773057685747432e+00 2.61133773057685747432e+00 0
2.65165414403865321189e-08 2.61209447774596270619e+00 2.61209447774596270619e+00 2.61209447774596270619e+00 2.61209447774596270619e+00 0
2.90610217268761303541e-08 2.61319199795661383234e+00 2.61319199795661383234e+00 2.61319199795661383234e+00 2.61319199795661383234e+00 0
3.18496658287294252726e-08 2.61380441831104004535e+00 2.61380441831104004535e+00 2.61380441831104004535e+00 2.61380441831104004535e+00 0
3.49059032726161649453e-08 2.61412997287834425464e+00 2.61412997287834425464e+00 2.61412997287834425464e+00 2.61412997287834425464e+00 0
3.82554118410303716014e-08 2.61357043662347132695e+00 2.61357043662347132695e+00 2.61357043662347132695e+00 2.61357043662347132695e+00 0
4.19263333109316779003e-08 2.61282564180880161331e+00 2.61282564180880161331e+00 2.61282564180880161331e+00 2.61282564180880161331e+00 0
4.59495098942841410648e-08 2.61172426138000224327e+00 2.61172426138000224327e+00 2.61172426138000224327e+00 2.61172426138000224327e+00 0
5.03587433670096371108e-08 2.61112387332573403498e+00 2.61112387332573403498e+00 2.61112387332573403498e+00 2.61112387332573403498e+00 0
5.51910790634962066470e-08 2.61079689243859380809e+00 2.61079689243859380809e+00 2.61079689243859380809e+00 2.61079689243859380809e+00 0
6.04871171227156106611e-08 2.61137380825017784147e+00 2.61137380825017784147e+00 2.61137380825017784147e+00 2.61137380825017784147e+00 0
6.62913536009663071362e-08 2.61212062624870267058e+00 2.61212062624870267058e+00 2.61212062624870267058e+00 2.61212062624870267058e+00 0
7.26525543171903391202e-08 2.61323753980883921599e+00 2.61323753980883921599e+00 2.61323753980883921599e+00 2.61323753980883921599e+00 0
7.96241645718235896512e-08 2.61384084139079364562e+00 2.61384084139079364562e+00 2.61384084139079364562e+00 2.61384084139079364562e+00 0
8.72647581815404189808e-08 2.61418785851630719463e+00 2.61418785851630719463e+00 2.61418785851630719463e+00 2.61418785851630719463e+00 0
9.56385296025759290035e-08 2.61361337638658941529e+00 2.61361337638658941529e+00 2.61361337638658941529e+00 2.61361337638658941529e+00 0
1.04815833277329194751e-07 2.61289569270066923679e+00 2.61289569270066923679e+00 2.61289569270066923679e+00 2.61289569270066923679e+00 0
1.14873774735710398984e-07 2.61177665259633684514e+00 2.61177665259633684514e+00 2.61177665259633684514e+00 2.61177665259633684514e+00 0
1.25896858417524106012e-07 2.61120899925760951987e+00 2.61120899925760951987e+00 2.61120899925760951987e+00 2.61120899925760951987e+00 0
1.37977697658740599335e-07 2.61086133835878797527e+00 2.61086133835878797527e+00 2.61086133835878797527e+00 2.61086133835878797527e+00 0
1.51217792806789099445e-07 2.61147780923441796830e+00 2.61147780923441796830e+00 2.61147780923441796830e+00 2.61147780923441796830e+00 0
1.65728384002415794310e-07 2.61220273873316788382e+00 2.61220273873316788382e+00 2.61220273873316788382e+00 2.61220273873316788382e+00 0
1.81631385792975794861e-07 2.61336653143710062608e+00 2.61336653143710062608e+00 2.61336653143710062608e+00 2.61336653143710062608e+00 0
1.99060411429558881484e-07 2.61393982763932886115e+00 2.61393982763932886115e+00 2.61393982763932886115e+00 2.61393982763932886115e+00 0
2.18161895453850981278e-07 2.61434410651719773000e+00 2.61434410651719773000e+00 2.61434410651719773000e+00 2.61434410651719773000e+00 0
2.39096324006439802656e-07 2.61373385959571269410e+00 2.61373385959571269410e+00 2.61373385959571269410e+00 2.61373385959571269410e+00 0
2.62039583193322993494e-07 2.61308457325967768980e+00 2.61308457325967768980e+00 2.61308457325967768980e+00 2.61308457325967768980e+00 0
2.87184436839275878347e-07 2.61192188887694687338e+00 2.61192188887694687338e+00 2.61192188887694687338e+00 2.61192188887694687338e+00 0
3.14742146043810265030e-07 2.61143609908760065963e+00 2.61143609908760065963e+00 2.61143609908760065963e+00 2.61143609908760065963e+00 0
3.44944244146851379225e-07 2.61103694201613478754e+00 2.61103694201613478754e+00 2.61103694201613478754e+00 2.61103694201613478754e+00 0
3.78044482016972603028e-07 2.61175217351349520101e+00 2.61175217351349520101e+00 2.61175217351349520101e+00 2.61175217351349520101e+00 0
4.14320960006039459306e-07 2.61241619281658099538e+00 2.61241619281658099538e+00 2.61241619281658099538e+00 2.61241619281658099538e+00 0
4.54078464482439566561e-07 2.61370093795032243378e+00 2.61370093795032243378e+00 2.61370093795032243378e+00 2.61370093795032243378e+00 0
4.97651028573897362528e-07 2.61420157572416211877e+00 2.61420157572416211877e+00 2.61420157572416211877e+00 2.61420157572416211877e+00 0
5.45404738634627717892e-07 2.61474921375506053067e+00 2.61474921375506053067e+00 2.61474921375506053067e+00 2.61474921375506053067e+00 0
5.97740810016099586050e-07 2.61405366054252752406e+00 2.61405366054252752406e+00 2.61405366054252752406e+00 2.61405366054252752406e+00 0
6.55098957983307430796e-07 2.61357338999103383514e+00 2.61357338999103383514e+00 2.61357338999103383514e+00 2.61357338999103383514e+00 0
7.17961092098189695866e-07 2.61230229175514683249e+00 2.61230229175514683249e+00 2.61230229175514683249e+00 2.61230229175514683249e+00 0
7.86855365109525609635e-07 2.61202025238475865621e+00 2.61202025238475865621e+00 2.61202025238475865621e+00 2.61202025238475865621e+00 0
8.62360610367128368652e-07 2.61149697177123885083e+00 2.61149697177123885083e+00 2.61149697177123885083e+00 2.61149697177123885083e+00 0
9.45111205042431322281e-07 2.61245698518125468723e+00 2.61245698518125468723e+00 2.61245698518125468723e+00 2.61245698518125468723e+00 0
1.03580240001509891296e-06 2.61297102057749430770e+00 2.61297102057749430770e+00 2.61297102057749430770e+00 2.61297102057749430770e+00 0
1.13519616120609888993e-06 2.61455682834504576917e+00 2.61455682834504576917e+00 2.61455682834504576917e+00 2.61455682834504576917e+00 0
1.24412757143474287692e-06 2.61488004530171025408e+00 2.61488004530171025408e+00 2.61488004530171025408e+00 2.61488004530171025408e+00 0
1.36351184658656897709e-06 2.61578398428992420222e+00 2.61578398428992420222e+00 2.61578398428992420222e+00 2.61578398428992420222e+00 0
1.49435202504024885925e-06 2.61487579356937915875e+00 2.61487579356937915875e+00 2.61487579356937915875e+00 2.61487579356937915875e+00 0
1.63774739495826889463e-06 2.61481942683294077412e+00 2.61481942683294077412e+00 2.61481942683294077412e+00 2.61481942683294077412e+00 0
1.79490273024547492788e-06 2.61329228852347839052e+00 2.61329228852347839052e+00 2.61329228852347839052e+00 2.61329228852347839052e+00 0
1.96713841277381391821e-06 2.61351541372199580593e+00 2.61351541372199580593e+00 2.61351541372199580593e+00 2.61351541372199580593e+00 0
2.15590152591782108045e-06 2.61268824200801663693e+00 2.61268824200801663693e+00 2.61268824200801663693e+00 2.61268824200801663693e+00 0
2.36277801260607909979e-06 2.61426301209539690973e+00 2.61426301209539690973e+00 2.61426301209539690973e+00 2.61426301209539690973e+00 0
2.58950600003774601186e-06 2.61442348809681446298e+00 2.61442348809681446298e+00 2.61442348809681446298e+00 2.61442348809681446298e+00 0
2.83799040301524807187e-06 2.61676135055446668076e+00 2.61676135055446668076e+00 2.61676135055446668076e+00 2.61676135055446668076e+00 0
3.11031892858685803934e-06 2.61667234974487694643e+00 2.61667234974487694643e+00 2.61667234974487694643e+00 2.61667234974487694643e+00 0
3.40877961646642297212e-06 2.61846263267117196349e+00 2.61846263267117196349e+00 2.61846263267117196349e+00 2.61846263267117196349e+00 0
3.73588006260062214812e-06 2.61707905647310301589e+00 2.61707905647310301589e+00 2.61707905647310301589e+00 2.61707905647310301589e+00 0
4.09436848739567181305e-06 2.61807577515359657383e+00 2.61807577515359657383e+00 2.61807577515359657383e+00 2.61807577515359657383e+00 0
4.48725682561368615503e-06 2.61598101120790627050e+00 2.61598101120790627050e+00 2.61598101120790627050e+00 2.61598101120790627050e+00 0
4.91784603193453437201e-06 2.61747361683969437252e+00 2.61747361683969437252e+00 2.61747361683969437252e+00 2.61747361683969437252e+00 0
5.38975381479455248936e-06 2.61600385361965859232e+00 2.61600385361965859232e+00 2.61600385361965859232e+00 2.61600385361965859232e+00 0
5.90694503151519647894e-06 2.61911953288709486998e+00 2.61911953288709486998e+00 2.61911953288709486998e+00 2.61911953288709486998e+00 0
6.47376500009436693547e-06 2.61858684019239573715e+00 2.61858684019239573715e+00 2.61858684019239573715e+00 2.61858684019239573715e+00 0
7.09497600753811890912e-06 2.62277641498065161585e+00 2.62277641498065161585e+00 2.62277641498065161585e+00 2.62277641498065161585e+00 0
7.77579732146714636891e-06 2.62191263170563448881e+00 2.62191263170563448881e+00 2.62191263170563448881e+00 2.62191263170563448881e+00 0
8.52194904116605827734e-06 2.62592101413603007387e+00 2.62592101413603007387e+00 2.62592101413603007387e+00 2.62592101413603007387e+00 0
9.33970015650155600557e-06 2.62363305825177661745e+00 2.62363305825177661745e+00 2.62363305825177661745e+00 2.62363305825177661745e+00 0
1.02359212184891812267e-05 2.62735825724900973199e+00 2.62735825724900973199e+00 2.62735825724900973199e+00 2.62735825724900973199e+00 0
1.12181420640342204698e-05 2.62429564488099620334e+00 2.62429564488099620334e+00 2.62429564488099620334e+00 2.62429564488099620334e+00 0
1.22946150798363418592e-05 2.62878270238944100612e+00 2.62878270238944100612e+00 2.62878270238944100612e+00 2.62878270238944100612e+00 0
1.34743845369863799529e-05 2.62634372248580127973e+00 2.62634372248580127973e+00 2.62634372248580127973e+00 2.62634372248580127973e+00 0
1.47673625787879903503e-05 2.63271873743479378760e+00 2.63271873743479378760e+00 2.63271873743479378760e+00 2.63271873743479378760e+00 0
1.61844125002359203033e-05 2.63115359291274852893e+00 2.63115359291274852893e+00 2.63115359291274852893e+00 2.63115359291274852893e+00 0
1.77374400188453006609e-05 2.63973790792308538045e+00 2.63973790792308538045e+00 2.63973790792308538045e+00 2.63973790792308538045e+00 0
1.94394933036678710045e-05 2.63824514319289971098e+00 2.63824514319289971098e+00 2.63824514319289971098e+00 2.63824514319289971098e+00 0
2.13048726029151414582e-05 2.64614934573186655342e+00 2.64614934573186655342e+00 2.64614934573186655342e+00 2.64614934573186655342e+00 0
2.33492503912538900139e-05 2.64431967291438896339e+00 2.64431967291438896339e+00 2.64431967291438896339e+00 2.64431967291438896339e+00 0
2.55898030462229522197e-05 2.65197352939301955743e+00 2.65197352939301955743e+00 2.65197352939301955743e+00 2.65197352939301955743e+00 0
2.80453551600855418571e-05 2.64923029736369786136e+00 2.64923029736369786136e+00 2.64923029736369786136e+00 2.64923029736369786136e+00 0
3.07365376995908377075e-05 2.65808891267976710182e+00 2.65808891267976710182e+00 2.65808891267976710182e+00 2.65808891267976710182e+00 0
3.36859613424659532703e-05 2.65842997147268622626e+00 2.65842997147268622626e+00 2.65842997147268622626e+00 2.65842997147268622626e+00 0
3.69184064469699809580e-05 2.67323656180552271522e+00 2.67323656180552271522e+00 2.67323656180552271522e+00 2.67323656180552271522e+00 0
4.04610312505897939820e-05 2.67527976239661402502e+00 2.67527976239661402502e+00 2.67527976239661402502e+00 2.67527976239661402502e+00 0
4.43436000471132397939e-05 2.69380034810526547417e+00 2.69380034810526547417e+00 2.69380034810526547417e+00 2.69380034810526547417e+00 0
4.85987332591696622646e-05 2.69725540128433394216e+00 2.69725540128433394216e+00 2.69725540128433394216e+00 2.69725540128433394216e+00 0
5.32621815072878638099e-05 2.71706171556729225713e+00 2.71706171556729225713e+00 2.71706171556729225713e+00 2.71706171556729225713e+00 0
5.83731259781347216467e-05 2.72242861080431985954e+00 2.72242861080431985954e+00 2.72242861080431985954e+00 2.72242861080431985954e+00 0
6.39745076155573839374e-05 2.74394126877122079833e+00 2.74394126877122079833e+00 2.74394126877122079833e+00 2.74394126877122079833e+00 0
7.01133879002138461723e-05 2.75352716884177306511e+00 2.75352716884177306511e+00 2.75352716884177306511e+00 2.75352716884177306511e+00 0
7.68413442489771078212e-05 2.77802252346311373543e+00 2.77802252346311373543e+00 2.77802252346311373543e+00 2.77802252346311373543e+00 0
8.42149033561649001164e-05 2.79432765817617356774e+00 2.79432765817617356774e+00 2.79432765817617356774e+00 2.79432765817617356774e+00 0
9.22960161174249523949e-05 2.82529032973586824440e+00 2.82529032973586824440e+00 2.82529032973586824440e+00 2.82529032973586824440e+00 0
1.01152578126474505284e-04 2.84917294033945456277e+00 2.84917294033945456277e+00 2.84917294033945456277e+00 2.84917294033945456277e+00 0
1.10859000117783106261e-04 2.88484861307712936451e+00 2.88484861307712936451e+00 2.88484861307712936451e+00 2.88484861307712936451e+00 0
1.21496833147924203095e-04 2.91818171812714899360e+00 2.91818171812714899360e+00 2.91818171812714899360e+00 2.91818171812714899360e+00 0
1.33155453768219595150e-04 2.95601765352058887260e+00 2.95601765352058887260e+00 2.95601765352058887260e+00 2.95601765352058887260e+00 0
1.45932814945336810893e-04 2.99564526318373447467e+00 2.99564526318373447467e+00 2.99564526318373447467e+00 2.99564526318373447467e+00 0
1.59936269038893493725e-04 3.03447275812436956244e+00 3.03447275812436956244e+00 3.03447275812436956244e+00 3.03447275812436956244e+00 0
1.75283469750534622207e-04 3.08143903046120115619e+00 3.08143903046120115619e+00 3.08143903046120115619e+00 3.08143903046120115619e+00 0
1.92103360622442823763e-04 3.12205224750713927762e+00 3.12205224750713927762e+00 3.12205224750713927762e+00 3.12205224750713927762e+00 0
2.10537258390412209633e-04 3.17563600751026253732e+00 3.17563600751026253732e+00 3.17563600751026253732e+00 3.17563600751026253732e+00 0
2.30740040293562408092e-04 3.21372618061301551506e+00 3.21372618061301551506e+00 3.21372618061301551506e+00 3.21372618061301551506e+00 0
2.52881445316186208999e-04 3.27309671532917167980e+00 3.27309671532917167980e+00 3.27309671532917167980e+00 3.27309671532917167980e+00 0
2.77147500294457819862e-04 3.30484577398167278517e+00 3.30484577398167278517e+00 3.30484577398167278517e+00 3.30484577398167278517e+00 0
3.03742082869810372213e-04 3.36449000015990140611e+00 3.36449000015990140611e+00 3.36449000015990140611e+00 3.36449000015990140611e+00 0
3.32888634420549069191e-04 3.38667855694319896998e+00 3.38667855694319896998e+00 3.38667855694319896998e+00 3.38667855694319896998e+00 0
3.64832037363341959470e-04 3.44105568584147514244e+00 3.44105568584147514244e+00 3.44105568584147514244e+00 3.44105568584147514244e+00 0
3.99840672597233707207e-04 3.44885127058992901894e+00 3.44885127058992901894e+00 3.44885127058992901894e+00 3.44885127058992901894e+00 0
4.38208674376336609728e-04 3.48884692599252144163e+00 3.48884692599252144163e+00 3.48884692599252144163e+00 3.48884692599252144163e+00 0
4.80258401556107005197e-04 3.47862182038072464962e+00 3.47862182038072464962e+00 3.47862182038072464962e+00 3.47862182038072464962e+00 0
5.26343145976030496978e-04 3.50447112758231593688e+00 3.50447112758231593688e+00 3.50447112758231593688e+00 3.50447112758231593688e+00 0
5.76850100733905979573e-04 3.47276377335990105166e+00 3.47276377335990105166e+00 3.47276377335990105166e+00 3.47276377335990105166e+00 0
6.32203613290465522498e-04 3.47825832313309257771e+00 3.47825832313309257771e+00 3.47825832313309257771e+00 3.47825832313309257771e+00 0
6.92868750736144387026e-04 3.41465322065169152310e+00 3.41465322065169152310e+00 3.41465322065169152310e+00 3.41465322065169152310e+00 0
7.59355207174526093163e-04 3.39342155406029144515e+00 3.39342155406029144515e+00 3.39342155406029144515e+00 3.39342155406029144515e+00 0
8.32221586051372971132e-04 3.30410915148498229854e+00 3.30410915148498229854e+00 3.30410915148498229854e+00 3.30410915148498229854e+00 0
9.12080093408355169725e-04 3.25226656471876029997e+00 3.25226656471876029997e+00 3.25226656471876029997e+00 3.25226656471876029997e+00 0
9.99601681493084105387e-04 3.13645578041584238704e+00 3.13645578041584238704e+00 3.13645578041584238704e+00 3.13645578041584238704e+00 0
1.09552168594084092801e-03 3.04524315002757095527e+00 3.04524315002757095527e+00 3.04524315002757095527e+00 3.04524315002757095527e+00 0
1.20064600389026797378e-03 2.90554838083542010807e+00 2.90554838083542010807e+00 2.90554838083542010807e+00 2.90554838083542010807e+00 0
1.31585786494007607982e-03 2.78799658311006615108e+00 2.78799658311006615108e+00 2.78799658311006615108e+00 2.78799658311006615108e+00 0
1.44212525183476511156e-03 2.63132573882651765729e+00 2.63132573882651765729e+00 2.63132573882651765729e+00 2.63132573882651765729e+00 0
1.58050903322616391466e-03 2.49435912157063288674e+00 2.49435912157063288674e+00 2.49435912157063288674e+00 2.49435912157063288674e+00 0
1.73217187684036096756e-03 2.32730609911988262084e+00 2.32730609911988262084e+00 2.32730609911988262084e+00 2.32730609911988262084e+00 0
1.89838801793631517870e-03 2.17940323713526762361e+00 2.17940323713526762361e+00 2.17940323713526762361e+00 2.17940323713526762361e+00 0
2.08055396512843221099e-03 2.01565327088425316759e+00 2.01565327088425316759e+00 2.01565327088425316759e+00 2.01565327088425316759e+00 0
2.28020023352088797852e-03 1.86730015326187492875e+00 1.86730015326187492875e+00 1.86730015326187492875e+00 1.86730015326187492875e+00 0
2.49900420373270993821e-03 1.71391166751037760108e+00 1.71391166751037760108e+00 1.71391166751037760108e+00 1.71391166751037760108e+00 0
2.73880421485210318738e-03 1.57253059124847172079e+00 1.57253059124847172079e+00 1.57253059124847172079e+00 1.57253059124847172079e+00 0
3.00161500972566906709e-03 1.43435636983660974586e+00 1.43435636983660974586e+00 1.43435636983660974586e+00 1.43435636983660974586e+00 0
3.28964466235019117532e-03 1.30650627712034084205e+00 1.30650627712034084205e+00 1.30650627712034084205e+00 1.30650627712034084205e+00 0
3.60531312958691212839e-03 1.18565285729076919097e+00 1.18565285729076919097e+00 1.18565285729076919097e+00 1.18565285729076919097e+00 0
3.95127258306540891930e-03 1.07384686648369598316e+00 1.07384686648369598316e+00 1.07384686648369598316e+00 1.07384686648369598316e+00 0
4.33042969210090198523e-03 9.72319426505445449926e-01 9.72319426505445449926e-01 9.72319426505445449926e-01 9.72319426505445449926e-01 0
4.74597004484078686254e-03 8.77929377385641140918e-01 8.77929377385641140918e-01 8.77929377385641140918e-01 8.77929377385641140918e-01 0
5.20138491282107900959e-03 7.93743190481449700791e-01 7.93743190481449700791e-01 7.93743190481449700791e-01 7.93743190481449700791e-01 0
5.70050058380221821158e-03 7.18303397788959796522e-01 7.18303397788959796522e-01 7.18303397788959796522e-01 7.18303397788959796522e-01 0
6.24751050933177506236e-03 6.52252659085349795198e-01 6.52252659085349795198e-01 6.52252659085349795198e-01 6.52252659085349795198e-01 0
6.84701053713025840214e-03 5.98433307526999191950e-01 5.98433307526999191950e-01 5.98433307526999191950e-01 5.98433307526999191950e-01 0
7.50403752431417180035e-03 5.48746088134495879629e-01 5.48746088134495879629e-01 5.48746088134495879629e-01 5.48746088134495879629e-01 0
8.22411165587547642042e-03 5.09843312916668178758e-01 5.09843312916668178758e-01 5.09843312916668178758e-01 5.09843312916668178758e-01 0
9.01328282396728075465e-03 4.73954940475529773458e-01 4.73954940475529773458e-01 4.73954940475529773458e-01 4.73954940475529773458e-01 0
9.87818145766352143089e-03 4.46824309885210602111e-01 4.46824309885210602111e-01 4.46824309885210602111e-01 4.46824309885210602111e-01 0
1.08260742302522597336e-02 4.18453971634897226028e-01 4.18453971634897226028e-01 4.18453971634897226028e-01 4.18453971634897226028e-01 0
1.18649251121019701921e-02 4.01606709843656428660e-01 4.01606709843656428660e-01 4.01606709843656428660e-01 4.01606709843656428660e-01 0
1.30034622820527009934e-02 3.78986759032397479974e-01 3.78986759032397479974e-01 3.78986759032397479974e-01 3.78986759032397479974e-01 0
1.42512514595055511668e-02 3.68191912732232951022e-01 3.68191912732232951022e-01 3.68191912732232951022e-01 3.68191912732232951022e-01 0
1.56187762733294398243e-02 3.47931830579215006782e-01 3.47931830579215006782e-01 3.47931830579215006782e-01 3.47931830579215006782e-01 0
1.71175263428256507758e-02 3.41586278487699623874e-01 3.41586278487699623874e-01 3.41586278487699623874e-01 3.41586278487699623874e-01 0
1.87600938107854303682e-02 3.21934979948190647114e-01 3.21934979948190647114e-01 3.21934979948190647114e-01 3.21934979948190647114e-01 0
2.05602791396886919184e-02 3.17850126544373057236e-01 3.17850126544373057236e-01 3.17850126544373057236e-01 3.17850126544373057236e-01 0
2.25332070599182018866e-02 3.00272984066480674858e-01 3.00272984066480674858e-01 3.00272984066480674858e-01 3.00272984066480674858e-01 0
2.46954536441588087814e-02 2.97373447819604119768e-01 2.97373447819604119768e-01 2.97373447819604119768e-01 2.97373447819604119768e-01 0
2.70651855756306389256e-02 2.83399013786565290296e-01 2.83399013786565290296e-01 2.83399013786565290296e-01 2.83399013786565290296e-01 0
2.96623127802549194088e-02 2.80794983520702701174e-01 2.80794983520702701174e-01 2.80794983520702701174e-01 2.80794983520702701174e-01 0
3.25086557051317490141e-02 2.68930982808811447349e-01 2.68930982808811447349e-01 2.68930982808811447349e-01 2.68930982808811447349e-01 0
3.56281286487638709781e-02 2.66397093069479784511e-01 2.66397093069479784511e-01 2.66397093069479784511e-01 2.66397093069479784511e-01 0
3.90469406833235874177e-02 2.57251879450476006461e-01 2.57251879450476006461e-01 2.57251879450476006461e-01 2.57251879450476006461e-01 0
4.27938158570641130618e-02 2.55021950895565563400e-01 2.55021950895565563400e-01 2.55021950895565563400e-01 2.55021950895565563400e-01 0
4.69002345269635689817e-02 2.49674228244265133947e-01 2.49674228244265133947e-01 2.49674228244265133947e-01 2.49674228244265133947e-01 0
5.14006978492217297960e-02 2.47673841599563099303e-01 2.47673841599563099303e-01 2.47673841599563099303e-01 2.47673841599563099303e-01 0
5.63330176497955012471e-02 2.47528458398931144879e-01 2.47528458398931144879e-01 2.47528458398931144879e-01 2.47528458398931144879e-01 0
6.17386341103970184840e-02 2.45730123754790696911e-01 2.45730123754790696911e-01 2.45730123754790696911e-01 2.45730123754790696911e-01 0
6.76629639390766007834e-02 2.53703203069854221763e-01 2.53703203069854221763e-01 2.53703203069854221763e-01 2.53703203069854221763e-01 0
7.41557819506373228080e-02 2.52271080152042970202e-01 2.52271080152042970202e-01 2.52271080152042970202e-01 2.52271080152042970202e-01 0
8.12716392628293760048e-02 2.75288730159659211782e-01 2.75288730159659211782e-01 2.75288730159659211782e-01 2.75288730159659211782e-01 0
8.90703216219096705064e-02 2.74627709961460908517e-01 2.74627709961460908517e-01 2.74627709961460908517e-01 2.74627709961460908517e-01 0
9.76173517083089858914e-02 3.23658379317745048542e-01 3.23658379317745048542e-01 3.23658379317745048542e-01 3.23658379317745048542e-01 0
1.06984539642660303471e-01 3.42635662671371077348e-01 3.42635662671371077348e-01 3.42635662671371077348e-01 3.42635662671371077348e-01 0
1.17250586317408908577e-01 3.96477957236993527879e-01 3.96477957236993527879e-01 3.96477957236993527879e-01 3.96477957236993527879e-01 0
1.28501744623054303673e-01 4.47654324605134323889e-01 4.47654324605134323889e-01 4.47654324605134323889e-01 4.47654324605134323889e-01 0
1.40832544124488812098e-01 4.87272839667982016199e-01 4.87272839667982016199e-01 4.87272839667982016199e-01 4.87272839667982016199e-01 0
1.54346585275992514985e-01 5.13764958480764533100e-01 5.13764958480764533100e-01 5.13764958480764533100e-01 5.13764958480764533100e-01 0
1.69157409847691508897e-01 5.32273040840553823827e-01 5.32273040840553823827e-01 5.32273040840553823827e-01 5.32273040840553823827e-01 0
1.85389454876593307020e-01 5.25341737449023016282e-01 5.25341737449023016282e-01 5.25341737449023016282e-01 5.25341737449023016282e-01 0
2.03179098157073412256e-01 5.01221817984525030987e-01 5.01221817984525030987e-01 5.01221817984525030987e-01 5.01221817984525030987e-01 0
2.22675804054774217899e-01 4.67036557533468621450e-01 4.67036557533468621450e-01 4.67036557533468621450e-01 4.67036557533468621450e-01 0
2.44043379270772520240e-01 4.16894050259023707383e-01 4.16894050259023707383e-01 4.16894050259023707383e-01 4.16894050259023707383e-01 0
2.67461349106650703167e-01 3.56634331294712780824e-01 3.56634331294712780824e-01 3.56634331294712780824e-01 3.56634331294712780824e-01 0
2.93126465793522417158e-01 2.99377701869667223189e-01 2.99377701869667223189e-01 2.99377701869667223189e-01 2.99377701869667223189e-01 0
3.21254361557635814695e-01 2.42173252871894867377e-01 2.42173252871894867377e-01 2.42173252871894867377e-01 2.42173252871894867377e-01 0
3.52081360311221891468e-01 1.91670462318370732335e-01 1.91670462318370732335e-01 1.91670462318370732335e-01 1.91670462318370732335e-01 0
3.85866463189981301340e-01 1.49201362644939133917e-01 1.49201362644939133917e-01 1.49201362644939133917e-01 1.49201362644939133917e-01 0
4.22893524619228744488e-01 1.11684938675502970495e-01 1.11684938675502970495e-01 1.11684938675502970495e-01 1.11684938675502970495e-01 0
4.63473637191483156528e-01 8.30026930933114026612e-02 8.30026930933114026612e-02 8.30026930933114026612e-02 8.30026930933114026612e-02 0
5.07947745392683502885e-01 6.03158756786962846341e-02 6.03158756786962846341e-02 6.03158756786962846341e-02 6.03158756786962846341e-02 0
5.56689510136935350459e-01 4.29103567809356323259e-02 4.29103567809356323259e-02 4.29103567809356323259e-02 4.29103567809356323259e-02 0
6.10108448176931106310e-01 2.95971997143463054492e-02 2.95971997143463054492e-02 2.95971997143463054492e-02 2.95971997143463054492e-02 0
6.68653372766626730161e-01 2.26101260845799831301e-02 2.26101260845799831301e-02 2.26101260845799831301e-02 2.26101260845799831301e-02 0
7.32816164483805709828e-01 1.58443108264829241039e-02 1.58443108264829241039e-02 1.58443108264829241039e-02 1.58443108264829241039e-02 0
8.03135903894089508981e-01 1.17986240072187938827e-02 1.17986240072187938827e-02 1.17986240072187938827e-02 1.17986240072187938827e-02 0
8.80203400778054700915e-01 8.45310746074398253191e-03 8.45310746074398253191e-03 8.45310746074398253191e-03 8.45310746074398253191e-03 0
9.64666157974953475396e-01 6.14421088461967329630e-03 6.14421088461967329630e-03 6.14421088461967329630e-03 6.14421088461967329630e-03 0
1.05723381154807194449e+00 3.73805290257504373858e-03 3.73805290257504373858e-03 3.73805290257504373858e-03 3.73805290257504373858e-03 0
1.15868409297870789132e+00 2.52177225737807049477e-03 2.52177225737807049477e-03 2.52177225737807049477e-03 2.52177225737807049477e-03 0
1.26986936348170909028e+00 1.38760825078736876360e-03 1.38760825078736876360e-03 1.38760825078736876360e-03 1.38760825078736876360e-03 0
1.39172377534233904228e+00 7.79834027892029480605e-04 7.79834027892029480605e-04 7.79834027892029480605e-04 7.79834027892029480605e-04 0
1.52527112044232815435e+00 3.13102992799449799440e-04 3.13102992799449799440e-04 3.13102992799449799440e-04 3.13102992799449799440e-04 0
1.67163343191656688091e+00 4.29833579554051738430e-04 4.29833579554051738430e-04 4.29833579554051738430e-04 4.29833579554051738430e-04 0
1.83204041120951499622e+00 2.72828102377491599900e-04 2.72828102377491599900e-04 2.72828102377491599900e-04 2.72828102377491599900e-04 0
2.00783975973522421654e+00 3.03604484699754415423e-04 3.03604484699754415423e-04 3.03604484699754415423e-04 3.03604484699754415423e-04 0
2.20050850194513714086e+00 2.60676932438471699576e-04 2.60676932438471699576e-04 2.60676932438471699576e-04 2.60676932438471699576e-04 0
