-1.525271120442328e+00  3.471161622909199e-04  3.471161622909199e-04  3.471161622909199e-04  3.471161622909199e-04  0
-1.391723775342339e+00  1.396425181861511e-04  1.396425181861511e-04  1.396425181861511e-04  1.396425181861511e-04  0
-1.269869363481709e+00  5.185814184719198e-05  5.185814184719198e-05  5.185814184719198e-05  5.185814184719198e-05  0
-1.158684092978708e+00  1.777758131923502e-05  1.777758131923502e-05  1.777758131923502e-05  1.777758131923502e-05  0
-1.057233811548072e+00  5.625807136859634e-06  5.625807136859634e-06  5.625807136859634e-06  5.625807136859634e-06  0
-9.646661579749536e-01  9.766483570955645e-03  9.766483570955645e-03  9.766483570955645e-03  9.766483570955645e-03  0
-8.802034007780548e-01  6.571223949262601e-03  6.571223949262601e-03  6.571223949262601e-03  6.571223949262601e-03  0
-8.031359038940896e-01  4.081415033025717e-03  4.081415033025717e-03  4.081415033025717e-03  4.081415033025717e-03  0
-7.328161644838059e-01  2.340085333278447e-03  2.340085333278447e-03  2.340085333278447e-03  2.340085333278447e-03  0
-6.686533727666268e-01  1.238537246800269e-03  1.238537246800269e-03  1.238537246800269e-03  1.238537246800269e-03  0
-6.101084481769313e-01  1.991803643132679e-02  1.991803643132679e-02  1.991803643132679e-02  1.991803643132679e-02  0
-5.566895101369356e-01  2.012750889294960e-02  2.012750889294960e-02  2.012750889294960e-02  2.012750889294960e-02  0
-5.079477453926836e-01  1.879374630159541e-02  1.879374630159541e-02  1.879374630159541e-02  1.879374630159541e-02  0
-4.634736371914833e-01  1.620387136780673e-02  1.620387136780673e-02  1.620387136780673e-02  1.620387136780673e-02  0
-4.228935246192288e-01  1.289784078537793e-02  1.289784078537793e-02  1.289784078537793e-02  1.289784078537793e-02  0
-3.858664631899814e-01  9.919330065333503e-03  9.919330065333503e-03  9.919330065333503e-03  9.919330065333503e-03  0
-3.520813603112219e-01  5.213134185593118e-03  5.213134185593118e-03  5.213134185593118e-03  5.213134185593118e-03  0
-3.212543615576358e-01  2.529515291308403e-03  2.529515291308403e-03  2.529515291308403e-03  2.529515291308403e-03  0
-2.931264657935224e-01  1.133291523730827e-03  1.133291523730827e-03  1.133291523730827e-03  1.133291523730827e-03  0
-2.674613491066507e-01  4.689152328868159e-04  4.689152328868159e-04  4.689152328868159e-04  4.689152328868159e-04  0
-2.440433792707725e-01  6.707839925926219e-02  6.707839925926219e-02  6.707839925926219e-02  6.707839925926219e-02  0
-2.226758040547742e-01  5.376012113167101e-02  5.376012113167101e-02  5.376012113167101e-02  5.376012113167101e-02  0
-2.031790981570734e-01  3.979551919869097e-02  3.979551919869097e-02  3.979551919869097e-02  3.979551919869097e-02  0
-1.853894548765933e-01  2.720003383673263e-02  2.720003383673263e-02  2.720003383673263e-02  2.720003383673263e-02  0
-1.691574098476915e-01  1.716371530281319e-02  1.716371530281319e-02  1.716371530281319e-02  1.716371530281319e-02  0
-1.543465852759926e-01  8.262023469223863e-02  8.262023469223863e-02  8.262023469223863e-02  8.262023469223863e-02  0
-1.408325441244888e-01  8.271010502455166e-02  8.271010502455166e-02  8.271010502455166e-02  8.271010502455166e-02  0
-1.285017446230543e-01  8.357970467350039e-02  8.357970467350039e-02  8.357970467350039e-02  8.357970467350039e-02  0
-1.172505863174090e-01  8.184591891638418e-02  8.184591891638418e-02  8.184591891638418e-02  8.184591891638418e-02  0
-1.069845396426603e-01  7.576919770636251e-02  7.576919770636251e-02  7.576919770636251e-02  7.576919770636251e-02  0
-9.761735170830896e-02  1.596123106887319e-01  1.596123106887319e-01  1.596123106887319e-01  1.596123106887319e-01  0
-8.907032162190963e-02  1.294442112373128e-01  1.294442112373128e-01  1.294442112373128e-01  1.294442112373128e-01  0
-8.127163926282933e-02  9.699432602961701e-02  9.699432602961701e-02  9.699432602961701e-02  9.699432602961701e-02  0
-7.415578195063728e-02  6.715770909764655e-02  6.715770909764655e-02  6.715770909764655e-02  6.715770909764655e-02  0
-6.766296393907657e-02  4.298556904811579e-02  4.298556904811579e-02  4.298556904811579e-02  4.298556904811579e-02  0
-6.173863411039700e-02  1.782271814754676e-01  1.782271814754676e-01  1.782271814754676e-01  1.782271814754676e-01  0
-5.633301764979549e-02  1.858718062623277e-01  1.858718062623277e-01  1.858718062623277e-01  1.858718062623277e-01  0
-5.140069784922172e-02  1.930428902238108e-01  1.930428902238108e-01  1.930428902238108e-01  1.930428902238108e-01  0
-4.690023452696356e-02  1.925576040950387e-01  1.925576040950387e-01  1.925576040950387e-01  1.925576040950387e-01  0
-4.279381585706410e-02  1.807033415889179e-01  1.807033415889179e-01  1.807033415889179e-01  1.807033415889179e-01  0
-3.904694068332359e-02  2.779590681362851e-01  2.779590681362851e-01  2.779590681362851e-01  2.779590681362851e-01  0
-3.562812864876386e-02  2.274996761393539e-01  2.274996761393539e-01  2.274996761393539e-01  2.274996761393539e-01  0
-3.250865570513174e-02  1.719995292301859e-01  1.719995292301859e-01  1.719995292301859e-01  1.719995292301859e-01  0
-2.966231278025492e-02  1.201142045895246e-01  1.201142045895246e-01  1.201142045895246e-01  1.201142045895246e-01  0
-2.706518557563063e-02  7.750281607884497e-02  7.750281607884497e-02  7.750281607884497e-02  7.750281607884497e-02  0
-2.469545364415880e-02  2.959598919068566e-01  2.959598919068566e-01  2.959598919068566e-01  2.959598919068566e-01  0
-2.253320705991819e-02  3.115962891552634e-01  3.115962891552634e-01  3.115962891552634e-01  3.115962891552634e-01  0
-2.056027913968868e-02  3.266790055500738e-01  3.266790055500738e-01  3.266790055500738e-01  3.266790055500738e-01  0
-1.876009381078543e-02  3.289621827813529e-01  3.289621827813529e-01  3.289621827813529e-01  3.289621827813529e-01  0
-1.711752634282564e-02  3.116779810881332e-01  3.116779810881332e-01  3.116779810881332e-01  3.116779810881332e-01  0
-1.561877627332943e-02  4.375673856268159e-01  4.375673856268159e-01  4.375673856268159e-01  4.375673856268159e-01  0
-1.425125145950554e-02  3.616232079084196e-01  3.616232079084196e-01  3.616232079084196e-01  3.616232079084196e-01  0
-1.300346228205270e-02  2.761984262610797e-01  2.761984262610797e-01  2.761984262610797e-01  2.761984262610797e-01  0
-1.186492511210197e-02  1.949234723388558e-01  1.949234723388558e-01  1.949234723388558e-01  1.949234723388558e-01  0
-1.082607423025225e-02  1.271666330714799e-01  1.271666330714799e-01  1.271666330714799e-01  1.271666330714799e-01  0
-9.878181457663520e-03  4.790857309606634e-01  4.790857309606634e-01  4.790857309606634e-01  4.790857309606634e-01  0
-9.013282823967277e-03  4.920834729064951e-01  4.920834729064951e-01  4.920834729064951e-01  4.920834729064951e-01  0
-8.224111655875473e-03  5.102627667800380e-01  5.102627667800380e-01  5.102627667800380e-01  5.102627667800380e-01  0
-7.504037524314169e-03  5.132581468654990e-01  5.132581468654990e-01  5.132581468654990e-01  5.132581468654990e-01  0
-6.847010537130255e-03  4.884933829810743e-01  4.884933829810743e-01  4.884933829810743e-01  4.884933829810743e-01  0
-6.247510509331773e-03  7.787473355267506e-01  7.787473355267506e-01  7.787473355267506e-01  7.787473355267506e-01  0
-5.700500583802216e-03  6.541172239868477e-01  6.541172239868477e-01  6.541172239868477e-01  6.541172239868477e-01  0
-5.201384912821078e-03  5.086969231240815e-01  5.086969231240815e-01  5.086969231240815e-01  5.086969231240815e-01  0
-4.745970044840786e-03  3.659496025734228e-01  3.659496025734228e-01  3.659496025734228e-01  3.659496025734228e-01  0
-4.330429692100900e-03  2.436248729846153e-01  2.436248729846153e-01  2.436248729846153e-01  2.436248729846153e-01  0
-3.951272583065408e-03  9.558799959340389e-01  9.558799959340389e-01  9.558799959340389e-01  9.558799959340389e-01  0
-3.605313129586911e-03  9.205116411517975e-01  9.205116411517975e-01  9.205116411517975e-01  9.205116411517975e-01  0
-3.289644662350189e-03  9.174612863986135e-01  9.174612863986135e-01  9.174612863986135e-01  9.174612863986135e-01  0
-3.001615009725668e-03  9.085808024752764e-01  9.085808024752764e-01  9.085808024752764e-01  9.085808024752764e-01  0
-2.738804214852102e-03  8.651345120070020e-01  8.651345120070020e-01  8.651345120070020e-01  8.651345120070020e-01  0
-2.499004203732710e-03  1.762310425567531e+00  1.762310425567531e+00  1.762310425567531e+00  1.762310425567531e+00  0
-2.280200233520887e-03  1.536382032304376e+00  1.536382032304376e+00  1.536382032304376e+00  1.536382032304376e+00  0
-2.080553965128431e-03  1.245921091339491e+00  1.245921091339491e+00  1.245921091339491e+00  1.245921091339491e+00  0
-1.898388017936315e-03  9.367017987776659e-01  9.367017987776659e-01  9.367017987776659e-01  9.367017987776659e-01  0
-1.732171876840360e-03  6.523290753357802e-01  6.523290753357802e-01  6.523290753357802e-01  6.523290753357802e-01  0
-1.580509033226163e-03  2.299010946749515e+00  2.299010946749515e+00  2.299010946749515e+00  2.299010946749515e+00  0
-1.442125251834764e-03  2.114663248092632e+00  2.114663248092632e+00  2.114663248092632e+00  2.114663248092632e+00  0
-1.315857864940076e-03  2.032884154290247e+00  2.032884154290247e+00  2.032884154290247e+00  2.032884154290247e+00  0
-1.200646003890267e-03  1.989132253346773e+00  1.989132253346773e+00  1.989132253346773e+00  1.989132253346773e+00  0
-1.095521685940841e-03  1.914447629113184e+00  1.914447629113184e+00  1.914447629113184e+00  1.914447629113184e+00  0
-9.996016814930839e-04  3.777425443342541e+00  3.777425443342541e+00  3.777425443342541e+00  3.777425443342541e+00  0
-9.120800934083548e-04  3.538078999517231e+00  3.538078999517231e+00  3.538078999517231e+00  3.538078999517231e+00  0
-8.322215860513725e-04  3.101120954794672e+00  3.101120954794672e+00  3.101120954794672e+00  3.101120954794672e+00  0
-7.593552071745259e-04  2.526190323931781e+00  2.526190323931781e+00  2.526190323931781e+00  2.526190323931781e+00  0
-6.928687507361442e-04  1.906486586429522e+00  1.906486586429522e+00  1.906486586429522e+00  1.906486586429522e+00  0
-6.322036132904654e-04  4.246835374697709e+00  4.246835374697709e+00  4.246835374697709e+00  4.246835374697709e+00  0
-5.768501007339059e-04  3.941795498968540e+00  3.941795498968540e+00  3.941795498968540e+00  3.941795498968540e+00  0
-5.263431459760304e-04  3.825020602014905e+00  3.825020602014905e+00  3.825020602014905e+00  3.825020602014905e+00  0
-4.802584015561070e-04  3.840222881322697e+00  3.840222881322697e+00  3.840222881322697e+00  3.840222881322697e+00  0
-4.382086743763364e-04  3.871039177071341e+00  3.871039177071341e+00  3.871039177071341e+00  3.871039177071341e+00  0
-3.998406725972335e-04  5.340393872480645e+00  5.340393872480645e+00  5.340393872480645e+00  5.340393872480645e+00  0
-3.648320373633419e-04  5.413091749394272e+00  5.413091749394272e+00  5.413091749394272e+00  5.413091749394272e+00  0
-3.328886344205490e-04  5.167710329876774e+00  5.167710329876774e+00  5.167710329876774e+00  5.167710329876774e+00  0
-3.037420828698103e-04  4.598103786279015e+00  4.598103786279015e+00  4.598103786279015e+00  4.598103786279015e+00  0
-2.771475002944577e-04  3.793898700693862e+00  3.793898700693862e+00  3.793898700693862e+00  3.793898700693862e+00  0
-2.528814453161862e-04  5.173673258007571e+00  5.173673258007571e+00  5.173673258007571e+00  5.173673258007571e+00  0
-2.307400402935623e-04  4.790936348839822e+00  4.790936348839822e+00  4.790936348839822e+00  4.790936348839822e+00  0
-2.105372583904122e-04  4.648403086199172e+00  4.648403086199172e+00  4.648403086199172e+00  4.648403086199172e+00  0
-1.921033606224428e-04  4.759868485497663e+00  4.759868485497663e+00  4.759868485497663e+00  4.759868485497663e+00  0
-1.752834697505346e-04  5.022739209374564e+00  5.022739209374564e+00  5.022739209374564e+00  5.022739209374564e+00  0
-1.599362690388934e-04  5.590027639799938e+00  5.590027639799938e+00  5.590027639799938e+00  5.590027639799938e+00  0
-1.459328149453367e-04  5.944064473809961e+00  5.944064473809961e+00  5.944064473809961e+00  5.944064473809961e+00  0
-1.331554537682196e-04  5.991716819364055e+00  5.991716819364055e+00  5.991716819364055e+00  5.991716819364055e+00  0
-1.214968331479241e-04  5.645437546040296e+00  5.645437546040296e+00  5.645437546040296e+00  5.645437546040296e+00  0
-1.108590001177830e-04  4.938308638748647e+00  4.938308638748647e+00  4.938308638748647e+00  4.938308638748647e+00  0
-1.011525781264745e-04  5.352931153462558e+00  5.352931153462558e+00  5.352931153462558e+00  5.352931153462558e+00  0
-9.229601611742493e-05  4.885209013857110e+00  4.885209013857110e+00  4.885209013857110e+00  4.885209013857110e+00  0
-8.421490335616486e-05  4.652801030043447e+00  4.652801030043447e+00  4.652801030043447e+00  4.652801030043447e+00  0
-7.684134424897711e-05  4.733102394780611e+00  4.733102394780611e+00  4.733102394780611e+00  4.733102394780611e+00  0
-7.011338790021382e-05  5.071963522499301e+00  5.071963522499301e+00  5.071963522499301e+00  5.071963522499301e+00  0
-6.397450761555736e-05  5.459735471475224e+00  5.459735471475224e+00  5.459735471475224e+00  5.459735471475224e+00  0
-5.837312597813469e-05  5.927045742268975e+00  5.927045742268975e+00  5.927045742268975e+00  5.927045742268975e+00  0
-5.326218150728784e-05  6.127031796899352e+00  6.127031796899352e+00  6.127031796899352e+00  6.127031796899352e+00  0
-4.859873325916965e-05  5.932150207571198e+00  5.932150207571198e+00  5.932150207571198e+00  5.932150207571198e+00  0
-4.434360004711322e-05  5.336682449165221e+00  5.336682449165221e+00  5.336682449165221e+00  5.336682449165221e+00  0
-4.046103125058979e-05  5.368434645805844e+00  5.368434645805844e+00  5.368434645805844e+00  5.368434645805844e+00  0
-3.691840644696997e-05  4.849204865359370e+00  4.849204865359370e+00  4.849204865359370e+00  4.849204865359370e+00  0
-3.368596134246595e-05  4.547350046543504e+00  4.547350046543504e+00  4.547350046543504e+00  4.547350046543504e+00  0
-3.073653769959084e-05  4.570659545926740e+00  4.570659545926740e+00  4.570659545926740e+00  4.570659545926740e+00  0
-2.804535516008553e-05  4.896321242804328e+00  4.896321242804328e+00  4.896321242804328e+00  4.896321242804328e+00  0
-2.558980304622295e-05  5.355862714044525e+00  5.355862714044525e+00  5.355862714044525e+00  5.355862714044525e+00  0
-2.334925039125388e-05  5.861661521570063e+00  5.861661521570063e+00  5.861661521570063e+00  5.861661521570063e+00  0
-2.130487260291513e-05  6.122960588727725e+00  6.122960588727725e+00  6.122960588727725e+00  6.122960588727725e+00  0
-1.943949330366786e-05  5.996600989612062e+00  5.996600989612062e+00  5.996600989612062e+00  5.996600989612062e+00  0
-1.773744001884529e-05  5.459283057797645e+00  5.459283057797645e+00  5.459283057797645e+00  5.459283057797645e+00  0
-1.618441250023591e-05  5.365250003927442e+00  5.365250003927442e+00  5.365250003927442e+00  5.365250003927442e+00  0
-1.476736257878799e-05  4.823088800991579e+00  4.823088800991579e+00  4.823088800991579e+00  4.823088800991579e+00  0
-1.347438453698638e-05  4.487386181259701e+00  4.487386181259701e+00  4.487386181259701e+00  4.487386181259701e+00  0
-1.229461507983634e-05  4.478092700223757e+00  4.478092700223757e+00  4.478092700223757e+00  4.478092700223757e+00  0
-1.121814206403421e-05  4.786557140228235e+00  4.786557140228235e+00  4.786557140228235e+00  4.786557140228235e+00  0
-1.023592121848918e-05  5.305011009193315e+00  5.305011009193315e+00  5.305011009193315e+00  5.305011009193315e+00  0
-9.339700156501553e-06  5.824447006252643e+00  5.824447006252643e+00  5.824447006252643e+00  5.824447006252643e+00  0
-8.521949041166055e-06  6.109696208663744e+00  6.109696208663744e+00  6.109696208663744e+00  6.109696208663744e+00  0
-7.775797321467145e-06  6.011597286170205e+00  6.011597286170205e+00  6.011597286170205e+00  6.011597286170205e+00  0
-7.094976007538116e-06  5.499608807035656e+00  5.499608807035656e+00  5.499608807035656e+00  5.499608807035656e+00  0
-6.473765000094365e-06  5.343812115833304e+00  5.343812115833304e+00  5.343812115833304e+00  5.343812115833304e+00  0
-5.906945031515196e-06  4.778713202018062e+00  4.778713202018062e+00  4.778713202018062e+00  4.778713202018062e+00  0
-5.389753814794551e-06  4.409202830658691e+00  4.409202830658691e+00  4.409202830658691e+00  4.409202830658691e+00  0
-4.917846031934535e-06  4.360331219925999e+00  4.360331219925999e+00  4.360331219925999e+00  4.360331219925999e+00  0
-4.487256825613684e-06  4.631384051059744e+00  4.631384051059744e+00  4.631384051059744e+00  4.631384051059744e+00  0
-4.094368487395672e-06  5.282954194640807e+00  5.282954194640807e+00  5.282954194640807e+00  5.282954194640807e+00  0
-3.735880062600621e-06  5.807248304641947e+00  5.807248304641947e+00  5.807248304641947e+00  5.807248304641947e+00  0
-3.408779616466422e-06  6.101788162585821e+00  6.101788162585821e+00  6.101788162585821e+00  6.101788162585821e+00  0
-3.110318928586858e-06  6.015044808747791e+00  6.015044808747791e+00  6.015044808747791e+00  6.015044808747791e+00  0
-2.837990403015247e-06  5.513534984860280e+00  5.513534984860280e+00  5.513534984860280e+00  5.513534984860280e+00  0
-2.589506000037746e-06  5.344850975966595e+00  5.344850975966595e+00  5.344850975966595e+00  5.344850975966595e+00  0
-2.362778012606078e-06  4.775562435541875e+00  4.775562435541875e+00  4.775562435541875e+00  4.775562435541875e+00  0
-2.155901525917820e-06  4.399730199109156e+00  4.399730199109156e+00  4.399730199109156e+00  4.399730199109156e+00  0
-1.967138412773814e-06  4.344325226494740e+00  4.344325226494740e+00  4.344325226494740e+00  4.344325226494740e+00  0
-1.794902730245474e-06  4.610997138316833e+00  4.610997138316833e+00  4.610997138316833e+00  4.610997138316833e+00  0
-1.637747394958271e-06  5.276003934127730e+00  5.276003934127730e+00  5.276003934127730e+00  5.276003934127730e+00  0
-1.494352025040251e-06  5.802608945793793e+00  5.802608945793793e+00  5.802608945793793e+00  5.802608945793793e+00  0
-1.363511846586571e-06  6.101085846181516e+00  6.101085846181516e+00  6.101085846181516e+00  6.101085846181516e+00  0
-1.244127571434745e-06  6.018916598489244e+00  6.018916598489244e+00  6.018916598489244e+00  6.018916598489244e+00  0
-1.135196161206100e-06  5.521438546797206e+00  5.521438546797206e+00  5.521438546797206e+00  5.521438546797206e+00  0
-1.035802400015100e-06  5.345587887503656e+00  5.345587887503656e+00  5.345587887503656e+00  5.345587887503656e+00  0
-9.451112050424327e-07  4.774697159638416e+00  4.774697159638416e+00  4.774697159638416e+00  4.774697159638416e+00  0
-8.623606103671294e-07  4.396466083871227e+00  4.396466083871227e+00  4.396466083871227e+00  4.396466083871227e+00  0
-7.868553651095268e-07  4.338653916125615e+00  4.338653916125615e+00  4.338653916125615e+00  4.338653916125615e+00  0
-7.179610920981906e-07  4.603864873048036e+00  4.603864873048036e+00  4.603864873048036e+00  4.603864873048036e+00  0
-6.550989579833085e-07  5.273352713220336e+00  5.273352713220336e+00  5.273352713220336e+00  5.273352713220336e+00  0
-5.977408100161003e-07  5.800865262954131e+00  5.800865262954131e+00  5.800865262954131e+00  5.800865262954131e+00  0
-5.454047386346284e-07  6.100906360080173e+00  6.100906360080173e+00  6.100906360080173e+00  6.100906360080173e+00  0
-4.976510285738981e-07  6.020559587403229e+00  6.020559587403229e+00  6.020559587403229e+00  6.020559587403229e+00  0
-4.540784644824401e-07  5.524687930595937e+00  5.524687930595937e+00  5.524687930595937e+00  5.524687930595937e+00  0
-4.143209600060400e-07  5.346161572850085e+00  5.346161572850085e+00  5.346161572850085e+00  5.346161572850085e+00  0
-3.780444820169731e-07  4.774633600761258e+00  4.774633600761258e+00  4.774633600761258e+00  4.774633600761258e+00  0
-3.449442441468518e-07  4.395457411334977e+00  4.395457411334977e+00  4.395457411334977e+00  4.395457411334977e+00  0
-3.147421460438107e-07  4.336704358907756e+00  4.336704358907756e+00  4.336704358907756e+00  4.336704358907756e+00  0
-2.871844368392763e-07  4.601348657181634e+00  4.601348657181634e+00  4.601348657181634e+00  4.601348657181634e+00  0
-2.620395831933234e-07  5.272594496456668e+00  5.272594496456668e+00  5.272594496456668e+00  5.272594496456668e+00  0
-2.390963240064401e-07  5.800495934463036e+00  5.800495934463036e+00  5.800495934463036e+00  5.800495934463036e+00  0
-2.181618954538513e-07  6.101177650037491e+00  6.101177650037491e+00  6.101177650037491e+00  6.101177650037491e+00  0
-1.990604114295592e-07  6.021554856473905e+00  6.021554856473905e+00  6.021554856473905e+00  6.021554856473905e+00  0
-1.816313857929761e-07  5.526298322079829e+00  5.526298322079829e+00  5.526298322079829e+00  5.526298322079829e+00  0
-1.657283840024160e-07  5.346755927478959e+00  5.346755927478959e+00  5.346755927478959e+00  5.346755927478959e+00  0
-1.512177928067893e-07  4.774941905390778e+00  4.774941905390778e+00  4.774941905390778e+00  4.774941905390778e+00  0
-1.379776976587407e-07  4.395371956023222e+00  4.395371956023222e+00  4.395371956023222e+00  4.395371956023222e+00  0
-1.258968584175243e-07  4.336250580171267e+00  4.336250580171267e+00  4.336250580171267e+00  4.336250580171267e+00  0
-1.148737747357105e-07  4.600699221207593e+00  4.600699221207593e+00  4.600699221207593e+00  4.600699221207593e+00  0
-1.048158332773293e-07  5.272643021147441e+00  5.272643021147441e+00  5.272643021147441e+00  5.272643021147441e+00  0
-9.563852960257603e-08  5.800734818031376e+00  5.800734818031376e+00  5.800734818031376e+00  5.800734818031376e+00  0
-8.726475818154052e-08  6.101692696336491e+00  6.101692696336491e+00  6.101692696336491e+00  6.101692696336491e+00  0
-7.962416457182368e-08  6.022354237616787e+00  6.022354237616787e+00  6.022354237616787e+00  6.022354237616787e+00  0
-7.265255431719042e-08  5.527310884249300e+00  5.527310884249300e+00  5.527310884249300e+00  5.527310884249300e+00  0
-6.629135360096640e-08  5.347393282860936e+00  5.347393282860936e+00  5.347393282860936e+00  5.347393282860936e+00  0
-6.048711712271569e-08  4.775453732177945e+00  4.775453732177945e+00  4.775453732177945e+00  4.775453732177945e+00  0
-5.519107906349629e-08  4.395740138618121e+00  4.395740138618121e+00  4.395740138618121e+00  4.395740138618121e+00  0
-5.035874336700971e-08  4.336518331053151e+00  4.336518331053151e+00  4.336518331053151e+00  4.336518331053151e+00  0
-4.594950989428420e-08  4.600964655136313e+00  4.600964655136313e+00  4.600964655136313e+00  4.600964655136313e+00  0
-4.192633331093174e-08  5.273020973576140e+00  5.273020973576140e+00  5.273020973576140e+00  5.273020973576140e+00  0
-3.825541184103042e-08  5.801225422899637e+00  5.801225422899637e+00  5.801225422899637e+00  5.801225422899637e+00  0
-3.490590327261621e-08  6.102314689547954e+00  6.102314689547954e+00  6.102314689547954e+00  6.102314689547954e+00  0
-3.184966582872947e-08  6.023084835069955e+00  6.023084835069955e+00  6.023084835069955e+00  6.023084835069955e+00  0
-2.906102172687617e-08  5.528093147858637e+00  5.528093147858637e+00  5.528093147858637e+00  5.528093147858637e+00  0
-2.651654144038656e-08  5.348101555728803e+00  5.348101555728803e+00  5.348101555728803e+00  5.348101555728803e+00  0
-2.419484684908628e-08  4.776144931377273e+00  4.776144931377273e+00  4.776144931377273e+00  4.776144931377273e+00  0
-2.207643162539852e-08  4.396450824789533e+00  4.396450824789533e+00  4.396450824789533e+00  4.396450824789533e+00  0
-2.014349734680389e-08  4.337316589060034e+00  4.337316589060034e+00  4.337316589060034e+00  4.337316589060034e+00  0
-1.837980395771368e-08  4.601929865072049e+00  4.601929865072049e+00  4.601929865072049e+00  4.601929865072049e+00  0
-1.677053332437270e-08  5.273527282247266e+00  5.273527282247266e+00  5.273527282247266e+00  5.273527282247266e+00  0
-1.530216473641217e-08  5.801814065736124e+00  5.801814065736124e+00  5.801814065736124e+00  5.801814065736124e+00  0
-1.396236130904649e-08  6.102977393022702e+00  6.102977393022702e+00  6.102977393022702e+00  6.102977393022702e+00  0
-1.273986633149179e-08  6.023786292586604e+00  6.023786292586604e+00  6.023786292586604e+00  6.023786292586604e+00  0
-1.162440869075047e-08  5.528781998433480e+00  5.528781998433480e+00  5.528781998433480e+00  5.528781998433480e+00  0
-1.060661657615463e-08  5.348970285295223e+00  5.348970285295223e+00  5.348970285295223e+00  5.348970285295223e+00  0
-9.677938739634512e-09  4.777151654439949e+00  4.777151654439949e+00  4.777151654439949e+00  4.777151654439949e+00  0
-8.830572650159406e-09  4.397701187511377e+00  4.397701187511377e+00  4.397701187511377e+00  4.397701187511377e+00  0
-8.057398938721554e-09  4.338933046892788e+00  4.338933046892788e+00  4.338933046892788e+00  4.338933046892788e+00  0
-7.351921583085473e-09  4.604011949831730e+00  4.604011949831730e+00  4.604011949831730e+00  4.604011949831730e+00  0
-6.708213329749079e-09  5.274072969455307e+00  5.274072969455307e+00  5.274072969455307e+00  5.274072969455307e+00  0
-6.120865894564868e-09  5.802431277764581e+00  5.802431277764581e+00  5.802431277764581e+00  5.802431277764581e+00  0
-5.584944523618594e-09  6.103646864305692e+00  6.103646864305692e+00  6.103646864305692e+00  6.103646864305692e+00  0
-5.095946532596716e-09  6.024467706942334e+00  6.024467706942334e+00  6.024467706942334e+00  6.024467706942334e+00  0
-4.649763476300187e-09  5.529426298808050e+00  5.529426298808050e+00  5.529426298808050e+00  5.529426298808050e+00  0
-4.242646630461849e-09  5.350249868101670e+00  5.350249868101670e+00  5.350249868101670e+00  5.350249868101670e+00  0
-3.871175495853804e-09  4.778923743124529e+00  4.778923743124529e+00  4.778923743124529e+00  4.778923743124529e+00  0
-3.532229060063762e-09  4.400222943709931e+00  4.400222943709931e+00  4.400222943709931e+00  4.400222943709931e+00  0
-3.222959575488621e-09  4.342465351481281e+00  4.342465351481281e+00  4.342465351481281e+00  4.342465351481281e+00  0
-2.940768633234189e-09  4.608735176838571e+00  4.608735176838571e+00  4.608735176838571e+00  4.608735176838571e+00  0
-2.683285331899631e-09  5.274600830885769e+00  5.274600830885769e+00  5.274600830885769e+00  5.274600830885769e+00  0
-2.448346357825947e-09  5.803029002661218e+00  5.803029002661218e+00  5.803029002661218e+00  5.803029002661218e+00  0
-2.233977809447438e-09  6.104290594995041e+00  6.104290594995041e+00  6.104290594995041e+00  6.104290594995041e+00  0
-2.038378613038686e-09  6.025115481757081e+00  6.025115481757081e+00  6.025115481757081e+00  6.025115481757081e+00  0
-1.859905390520075e-09  5.530030523559315e+00  5.530030523559315e+00  5.530030523559315e+00  5.530030523559315e+00  0
-1.697058652184740e-09  5.352652818069186e+00  5.352652818069186e+00  5.352652818069186e+00  5.352652818069186e+00  0
-1.548470198341522e-09  4.782765491762611e+00  4.782765491762611e+00  4.782765491762611e+00  4.782765491762611e+00  0
-1.412891624025505e-09  4.406163525906860e+00  4.406163525906860e+00  4.406163525906860e+00  4.406163525906860e+00  0
-1.289183830195449e-09  4.351144134318124e+00  4.351144134318124e+00  4.351144134318124e+00  4.351144134318124e+00  0
-1.176307453293676e-09  4.620567403362116e+00  4.620567403362116e+00  4.620567403362116e+00  4.620567403362116e+00  0
-1.073314132759852e-09  5.275017946556889e+00  5.275017946556889e+00  5.275017946556889e+00  5.275017946556889e+00  0
-9.793385431303785e-10  5.803518570823085e+00  5.803518570823085e+00  5.803518570823085e+00  5.803518570823085e+00  0
-8.935911237789750e-10  6.104827933644857e+00  6.104827933644857e+00  6.104827933644857e+00  6.104827933644857e+00  0
-8.153514452154745e-10  6.025660792456745e+00  6.025660792456745e+00  6.025660792456745e+00  6.025660792456745e+00  0
-7.439621562080298e-10  5.530540052931736e+00  5.530540052931736e+00  5.530540052931736e+00  5.530540052931736e+00  0
-6.788234608738959e-10  5.358388408295109e+00  5.358388408295109e+00  5.358388408295109e+00  5.358388408295109e+00  0
-6.193880793366086e-10  4.792718190698245e+00  4.792718190698245e+00  4.792718190698245e+00  4.792718190698245e+00  0
-5.651566496102019e-10  4.422183657220610e+00  4.422183657220610e+00  4.422183657220610e+00  4.422183657220610e+00  0
-5.156735320781795e-10  4.374997856455689e+00  4.374997856455689e+00  4.374997856455689e+00  4.374997856455689e+00  0
-4.705229813174702e-10  4.653380244704236e+00  4.653380244704236e+00  4.653380244704236e+00  4.653380244704236e+00  0
-4.293256531039410e-10  5.274948872979297e+00  5.274948872979297e+00  5.274948872979297e+00  5.274948872979297e+00  0
-3.917354172521515e-10  5.803499181851449e+00  5.803499181851449e+00  5.803499181851449e+00  5.803499181851449e+00  0
-3.574364495115900e-10  6.104850620912507e+00  6.104850620912507e+00  6.104850620912507e+00  6.104850620912507e+00  0
-3.261405780861898e-10  6.025711924061740e+00  6.025711924061740e+00  6.025711924061740e+00  6.025711924061740e+00  0
-2.975848624832120e-10  5.530603118359857e+00  5.530603118359857e+00  5.530603118359857e+00  5.530603118359857e+00  0
-2.715293843495584e-10  5.382952637611847e+00  5.382952637611847e+00  5.382952637611847e+00  5.382952637611847e+00  0
-2.477552317346435e-10  4.836500767323401e+00  4.836500767323401e+00  4.836500767323401e+00  4.836500767323401e+00  0
-2.260626598440808e-10  4.493580559614601e+00  4.493580559614601e+00  4.493580559614601e+00  4.493580559614601e+00  0
-2.062694128312718e-10  4.482020719054873e+00  4.482020719054873e+00  4.482020719054873e+00  4.482020719054873e+00  0
-1.882091925269881e-10  4.801151419036847e+00  4.801151419036847e+00  4.801151419036847e+00  4.801151419036847e+00  0
1.882091925269881e-10  4.801149908437921e+00  4.801149908437921e+00  4.801149908437921e+00  4.801149908437921e+00  0
2.062694128312718e-10  4.482019477551938e+00  4.482019477551938e+00  4.482019477551938e+00  4.482019477551938e+00  0
2.260626598440808e-10  4.493579511159591e+00  4.493579511159591e+00  4.493579511159591e+00  4.493579511159591e+00  0
2.477552317346435e-10  4.836499820029694e+00  4.836499820029694e+00  4.836499820029694e+00  4.836499820029694e+00  0
2.715293843495584e-10  5.382951716096501e+00  5.382951716096501e+00  5.382951716096501e+00  5.382951716096501e+00  0
2.975848624832120e-10  5.530601100458480e+00  5.530601100458480e+00  5.530601100458480e+00  5.530601100458480e+00  0
3.261405780861898e-10  6.025709733375634e+00  6.025709733375634e+00  6.025709733375634e+00  6.025709733375634e+00  0
3.574364495115900e-10  6.104848419184991e+00  6.104848419184991e+00  6.104848419184991e+00  6.104848419184991e+00  0
3.917354172521515e-10  5.803497125865292e+00  5.803497125865292e+00  5.803497125865292e+00  5.803497125865292e+00  0
4.293256531039410e-10  5.274947074804662e+00  5.274947074804662e+00  5.274947074804662e+00  5.274947074804662e+00  0
4.705229813174702e-10  4.653376585138592e+00  4.653376585138592e+00  4.653376585138592e+00  4.653376585138592e+00  0
5.156735320781795e-10  4.374994835559187e+00  4.374994835559187e+00  4.374994835559187e+00  4.374994835559187e+00  0
5.651566496102019e-10  4.422181088634171e+00  4.422181088634171e+00  4.422181088634171e+00  4.422181088634171e+00  0
6.193880793366086e-10  4.792715850922331e+00  4.792715850922331e+00  4.792715850922331e+00  4.792715850922331e+00  0
6.788234608738959e-10  5.358386115646456e+00  5.358386115646456e+00  5.358386115646456e+00  5.358386115646456e+00  0
7.439621562080298e-10  5.530534982972302e+00  5.530534982972302e+00  5.530534982972302e+00  5.530534982972302e+00  0
8.153514452154745e-10  6.025655288376877e+00  6.025655288376877e+00  6.025655288376877e+00  6.025655288376877e+00  0
8.935911237789750e-10  6.104822401806004e+00  6.104822401806004e+00  6.104822401806004e+00  6.104822401806004e+00  0
9.793385431303785e-10  5.803513405124137e+00  5.803513405124137e+00  5.803513405124137e+00  5.803513405124137e+00  0
1.073314132759852e-09  5.275013428561647e+00  5.275013428561647e+00  5.275013428561647e+00  5.275013428561647e+00  0
1.176307453293676e-09  4.620558284703207e+00  4.620558284703207e+00  4.620558284703207e+00  4.620558284703207e+00  0
1.289183830195449e-09  4.351136599511712e+00  4.351136599511712e+00  4.351136599511712e+00  4.351136599511712e+00  0
1.412891624025505e-09  4.406157109325133e+00  4.406157109325133e+00  4.406157109325133e+00  4.406157109325133e+00  0
1.548470198341522e-09  4.782759635951250e+00  4.782759635951250e+00  4.782759635951250e+00  4.782759635951250e+00  0
1.697058652184740e-09  5.352647070839491e+00  5.352647070839491e+00  5.352647070839491e+00  5.352647070839491e+00  0
1.859905390520075e-09  5.530017786885611e+00  5.530017786885611e+00  5.530017786885611e+00  5.530017786885611e+00  0
2.038378613038686e-09  6.025101654480476e+00  6.025101654480476e+00  6.025101654480476e+00  6.025101654480476e+00  0
2.233977809447438e-09  6.104276697954310e+00  6.104276697954310e+00  6.104276697954310e+00  6.104276697954310e+00  0
2.448346357825947e-09  5.803016025388202e+00  5.803016025388202e+00  5.803016025388202e+00  5.803016025388202e+00  0
2.683285331899631e-09  5.274589480710195e+00  5.274589480710195e+00  5.274589480710195e+00  5.274589480710195e+00  0
2.940768633234189e-09  4.608712335621974e+00  4.608712335621974e+00  4.608712335621974e+00  4.608712335621974e+00  0
3.222959575488621e-09  4.342446470964649e+00  4.342446470964649e+00  4.342446470964649e+00  4.342446470964649e+00  0
3.532229060063762e-09  4.400206856405467e+00  4.400206856405467e+00  4.400206856405467e+00  4.400206856405467e+00  0
3.871175495853804e-09  4.778909052167319e+00  4.778909052167319e+00  4.778909052167319e+00  4.778909052167319e+00  0
4.242646630461849e-09  5.350235441260043e+00  5.350235441260043e+00  5.350235441260043e+00  5.350235441260043e+00  0
4.649763476300187e-09  5.529394303006178e+00  5.529394303006178e+00  5.529394303006178e+00  5.529394303006178e+00  0
5.095946532596716e-09  6.024432971384996e+00  6.024432971384996e+00  6.024432971384996e+00  6.024432971384996e+00  0
5.584944523618594e-09  6.103611953425851e+00  6.103611953425851e+00  6.103611953425851e+00  6.103611953425851e+00  0
6.120865894564868e-09  5.802398677358912e+00  5.802398677358912e+00  5.802398677358912e+00  5.802398677358912e+00  0
6.708213329749079e-09  5.274044456410855e+00  5.274044456410855e+00  5.274044456410855e+00  5.274044456410855e+00  0
7.351921583085473e-09  4.603954632398956e+00  4.603954632398956e+00  4.603954632398956e+00  4.603954632398956e+00  0
8.057398938721554e-09  4.338885662071503e+00  4.338885662071503e+00  4.338885662071503e+00  4.338885662071503e+00  0
8.830572650159406e-09  4.397660804605080e+00  4.397660804605080e+00  4.397660804605080e+00  4.397660804605080e+00  0
9.677938739634512e-09  4.777114767727892e+00  4.777114767727892e+00  4.777114767727892e+00  4.777114767727892e+00  0
1.060661657615463e-08  5.348934053993403e+00  5.348934053993403e+00  5.348934053993403e+00  5.348934053993403e+00  0
1.162440869075047e-08  5.528701623141688e+00  5.528701623141688e+00  5.528701623141688e+00  5.528701623141688e+00  0
1.273986633149179e-08  6.023699034580099e+00  6.023699034580099e+00  6.023699034580099e+00  6.023699034580099e+00  0
1.396236130904649e-08  6.102889694287384e+00  6.102889694287384e+00  6.102889694287384e+00  6.102889694287384e+00  0
1.530216473641217e-08  5.801732170784578e+00  5.801732170784578e+00  5.801732170784578e+00  5.801732170784578e+00  0
1.677053332437270e-08  5.273455654819086e+00  5.273455654819086e+00  5.273455654819086e+00  5.273455654819086e+00  0
1.837980395771368e-08  4.601785938226787e+00  4.601785938226787e+00  4.601785938226787e+00  4.601785938226787e+00  0
2.014349734680389e-08  4.337197597062319e+00  4.337197597062319e+00  4.337197597062319e+00  4.337197597062319e+00  0
2.207643162539852e-08  4.396349407950519e+00  4.396349407950519e+00  4.396349407950519e+00  4.396349407950519e+00  0
2.419484684908628e-08  4.776052286450124e+00  4.776052286450124e+00  4.776052286450124e+00  4.776052286450124e+00  0
2.651654144038656e-08  5.348010549793371e+00  5.348010549793371e+00  5.348010549793371e+00  5.348010549793371e+00  0
2.906102172687617e-08  5.527891244628334e+00  5.527891244628334e+00  5.527891244628334e+00  5.527891244628334e+00  0
3.184966582872947e-08  6.022865640613841e+00  6.022865640613841e+00  6.022865640613841e+00  6.022865640613841e+00  0
3.490590327261621e-08  6.102094386158856e+00  6.102094386158856e+00  6.102094386158856e+00  6.102094386158856e+00  0
3.825541184103042e-08  5.801019697231888e+00  5.801019697231888e+00  5.801019697231888e+00  5.801019697231888e+00  0
4.192633331093174e-08  5.272841039260761e+00  5.272841039260761e+00  5.272841039260761e+00  5.272841039260761e+00  0
4.594950989428420e-08  4.600603151914163e+00  4.600603151914163e+00  4.600603151914163e+00  4.600603151914163e+00  0
5.035874336700971e-08  4.336219448993218e+00  4.336219448993218e+00  4.336219448993218e+00  4.336219448993218e+00  0
5.519107906349629e-08  4.395485394399244e+00  4.395485394399244e+00  4.395485394399244e+00  4.395485394399244e+00  0
6.048711712271569e-08  4.775221015756820e+00  4.775221015756820e+00  4.775221015756820e+00  4.775221015756820e+00  0
6.629135360096640e-08  5.347164678892621e+00  5.347164678892621e+00  5.347164678892621e+00  5.347164678892621e+00  0
7.265255431719042e-08  5.526803723779940e+00  5.526803723779940e+00  5.526803723779940e+00  5.526803723779940e+00  0
7.962416457182368e-08  6.021803632018432e+00  6.021803632018432e+00  6.021803632018432e+00  6.021803632018432e+00  0
8.726475818154052e-08  6.101139293894095e+00  6.101139293894095e+00  6.101139293894095e+00  6.101139293894095e+00  0
9.563852960257603e-08  5.800218024651750e+00  5.800218024651750e+00  5.800218024651750e+00  5.800218024651750e+00  0
1.048158332773293e-07  5.272191008754745e+00  5.272191008754745e+00  5.272191008754745e+00  5.272191008754745e+00  0
1.148737747357105e-07  4.599791106715882e+00  4.599791106715882e+00  4.599791106715882e+00  4.599791106715882e+00  0
1.258968584175243e-07  4.335499754513163e+00  4.335499754513163e+00  4.335499754513163e+00  4.335499754513163e+00  0
1.379776976587407e-07  4.394732007106412e+00  4.394732007106412e+00  4.394732007106412e+00  4.394732007106412e+00  0
1.512177928067893e-07  4.774357301736870e+00  4.774357301736870e+00  4.774357301736870e+00  4.774357301736870e+00  0
1.657283840024160e-07  5.346181665940948e+00  5.346181665940948e+00  5.346181665940948e+00  5.346181665940948e+00  0
1.816313857929761e-07  5.525024518234344e+00  5.525024518234344e+00  5.525024518234344e+00  5.525024518234344e+00  0
1.990604114295592e-07  6.020171863030781e+00  6.020171863030781e+00  6.020171863030781e+00  6.020171863030781e+00  0
2.181618954538513e-07  6.099787560950976e+00  6.099787560950976e+00  6.099787560950976e+00  6.099787560950976e+00  0
2.390963240064401e-07  5.799197739714582e+00  5.799197739714582e+00  5.799197739714582e+00  5.799197739714582e+00  0
2.620395831933234e-07  5.271458981597330e+00  5.271458981597330e+00  5.271458981597330e+00  5.271458981597330e+00  0
2.871844368392763e-07  4.599067136836755e+00  4.599067136836755e+00  4.599067136836755e+00  4.599067136836755e+00  0
3.147421460438107e-07  4.334817920996813e+00  4.334817920996813e+00  4.334817920996813e+00  4.334817920996813e+00  0
3.449442441468518e-07  4.393849576149316e+00  4.393849576149316e+00  4.393849576149316e+00  4.393849576149316e+00  0
3.780444820169731e-07  4.773164918450697e+00  4.773164918450697e+00  4.773164918450697e+00  4.773164918450697e+00  0
4.143209600060400e-07  5.344718983666890e+00  5.344718983666890e+00  5.344718983666890e+00  5.344718983666890e+00  0
4.540784644824401e-07  5.521489416904351e+00  5.521489416904351e+00  5.521489416904351e+00  5.521489416904351e+00  0
4.976510285738981e-07  6.017086452591454e+00  6.017086452591454e+00  6.017086452591454e+00  6.017086452591454e+00  0
5.454047386346284e-07  6.097414962501978e+00  6.097414962501978e+00  6.097414962501978e+00  6.097414962501978e+00  0
5.977408100161003e-07  5.797604270093130e+00  5.797604270093130e+00  5.797604270093130e+00  5.797604270093130e+00  0
6.550989579833085e-07  5.270500042201214e+00  5.270500042201214e+00  5.270500042201214e+00  5.270500042201214e+00  0
7.179610920981906e-07  4.598131480836571e+00  4.598131480836571e+00  4.598131480836571e+00  4.598131480836571e+00  0
7.868553651095268e-07  4.333912850932204e+00  4.333912850932204e+00  4.333912850932204e+00  4.333912850932204e+00  0
8.623606103671294e-07  4.392425424364239e+00  4.392425424364239e+00  4.392425424364239e+00  4.392425424364239e+00  0
9.451112050424327e-07  4.771006888646574e+00  4.771006888646574e+00  4.771006888646574e+00  4.771006888646574e+00  0
1.035802400015100e-06  5.341963917734483e+00  5.341963917734483e+00  5.341963917734483e+00  5.341963917734483e+00  0
1.135196161206100e-06  5.513412220322218e+00  5.513412220322218e+00  5.513412220322218e+00  5.513412220322218e+00  0
1.244127571434745e-06  6.010198337453562e+00  6.010198337453562e+00  6.010198337453562e+00  6.010198337453562e+00  0
1.363511846586571e-06  6.092318960230918e+00  6.092318960230918e+00  6.092318960230918e+00  6.092318960230918e+00  0
1.494352025040251e-06  5.794418092748990e+00  5.794418092748990e+00  5.794418092748990e+00  5.794418092748990e+00  0
1.637747394958271e-06  5.268836676158090e+00  5.268836676158090e+00  5.268836676158090e+00  5.268836676158090e+00  0
1.794902730245474e-06  4.596579850330285e+00  4.596579850330285e+00  4.596579850330285e+00  4.596579850330285e+00  0
1.967138412773814e-06  4.332400111433183e+00  4.332400111433183e+00  4.332400111433183e+00  4.332400111433183e+00  0
2.155901525917820e-06  4.389568383227852e+00  4.389568383227852e+00  4.389568383227852e+00  4.389568383227852e+00  0
2.362778012606078e-06  4.766286509006001e+00  4.766286509006001e+00  4.766286509006001e+00  4.766286509006001e+00  0
2.589506000037746e-06  5.335746771271038e+00  5.335746771271038e+00  5.335746771271038e+00  5.335746771271038e+00  0
2.837990403015247e-06  5.493426254558676e+00  5.493426254558676e+00  5.493426254558676e+00  5.493426254558676e+00  0
3.110318928586858e-06  5.993184989615521e+00  5.993184989615521e+00  5.993184989615521e+00  5.993184989615521e+00  0
3.408779616466422e-06  6.079788969957042e+00  6.079788969957042e+00  6.079788969957042e+00  6.079788969957042e+00  0
3.735880062600621e-06  5.786678782031561e+00  5.786678782031561e+00  5.786678782031561e+00  5.786678782031561e+00  0
4.094368487395672e-06  5.264942499109868e+00  5.264942499109868e+00  5.264942499109868e+00  5.264942499109868e+00  0
4.487256825613684e-06  4.595063959920176e+00  4.595063959920176e+00  4.595063959920176e+00  4.595063959920176e+00  0
4.917846031934535e-06  4.330271560137673e+00  4.330271560137673e+00  4.330271560137673e+00  4.330271560137673e+00  0
5.389753814794551e-06  4.383598927962453e+00  4.383598927962453e+00  4.383598927962453e+00  4.383598927962453e+00  0
5.906945031515196e-06  4.755371416280519e+00  4.755371416280519e+00  4.755371416280519e+00  4.755371416280519e+00  0
6.473765000094365e-06  5.320934460169330e+00  5.320934460169330e+00  5.320934460169330e+00  5.320934460169330e+00  0
7.094976007538116e-06  5.449396607493530e+00  5.449396607493530e+00  5.449396607493530e+00  5.449396607493530e+00  0
7.775797321467145e-06  5.956903425763784e+00  5.956903425763784e+00  5.956903425763784e+00  5.956903425763784e+00  0
8.521949041166055e-06  6.054545177485449e+00  6.054545177485449e+00  6.054545177485449e+00  6.054545177485449e+00  0
9.339700156501553e-06  5.772782167449176e+00  5.772782167449176e+00  5.772782167449176e+00  5.772782167449176e+00  0
1.023592121848918e-05  5.259692509526750e+00  5.259692509526750e+00  5.259692509526750e+00  5.259692509526750e+00  0
1.121814206403421e-05  4.692440367445049e+00  4.692440367445049e+00  4.692440367445049e+00  4.692440367445049e+00  0
1.229461507983634e-05  4.400289144469251e+00  4.400289144469251e+00  4.400289144469251e+00  4.400289144469251e+00  0
1.347438453698638e-05  4.421459063516841e+00  4.421459063516841e+00  4.421459063516841e+00  4.421459063516841e+00  0
1.476736257878799e-05  4.763480537135681e+00  4.763480537135681e+00  4.763480537135681e+00  4.763480537135681e+00  0
1.618441250023591e-05  5.307298477353814e+00  5.307298477353814e+00  5.307298477353814e+00  5.307298477353814e+00  0
1.773744001884529e-05  5.335313974425110e+00  5.335313974425110e+00  5.335313974425110e+00  5.335313974425110e+00  0
1.943949330366786e-05  5.860895821252121e+00  5.860895821252121e+00  5.860895821252121e+00  5.860895821252121e+00  0
2.130487260291513e-05  5.985449301301120e+00  5.985449301301120e+00  5.985449301301120e+00  5.985449301301120e+00  0
2.334925039125388e-05  5.732229984349906e+00  5.732229984349906e+00  5.732229984349906e+00  5.732229984349906e+00  0
2.558980304622295e-05  5.241832471533606e+00  5.241832471533606e+00  5.241832471533606e+00  5.241832471533606e+00  0
2.804535516008553e-05  4.658471638047883e+00  4.658471638047883e+00  4.658471638047883e+00  4.658471638047883e+00  0
3.073653769959084e-05  4.372981957296357e+00  4.372981957296357e+00  4.372981957296357e+00  4.372981957296357e+00  0
3.368596134246595e-05  4.379848140833858e+00  4.379848140833858e+00  4.379848140833858e+00  4.379848140833858e+00  0
3.691840644696997e-05  4.698518520136048e+00  4.698518520136048e+00  4.698518520136048e+00  4.698518520136048e+00  0
4.046103125058979e-05  5.222890357568631e+00  5.222890357568631e+00  5.222890357568631e+00  5.222890357568631e+00  0
4.434360004711322e-05  5.040271303642108e+00  5.040271303642108e+00  5.040271303642108e+00  5.040271303642108e+00  0
4.859873325916965e-05  5.603716603144203e+00  5.603716603144203e+00  5.603716603144203e+00  5.603716603144203e+00  0
5.326218150728784e-05  5.790210258631708e+00  5.790210258631708e+00  5.790210258631708e+00  5.790210258631708e+00  0
5.837312597813469e-05  5.606297246655298e+00  5.606297246655298e+00  5.606297246655298e+00  5.606297246655298e+00  0
6.397450761555736e-05  5.174073778613793e+00  5.174073778613793e+00  5.174073778613793e+00  5.174073778613793e+00  0
7.011338790021382e-05  4.482300545295633e+00  4.482300545295633e+00  4.482300545295633e+00  4.482300545295633e+00  0
7.684134424897711e-05  4.235345702725684e+00  4.235345702725684e+00  4.235345702725684e+00  4.235345702725684e+00  0
8.421490335616486e-05  4.229032986753639e+00  4.229032986753639e+00  4.229032986753639e+00  4.229032986753639e+00  0
9.229601611742493e-05  4.506459032009037e+00  4.506459032009037e+00  4.506459032009037e+00  4.506459032009037e+00  0
1.011525781264745e-04  4.991255846004345e+00  4.991255846004345e+00  4.991255846004345e+00  4.991255846004345e+00  0
1.108590001177830e-04  4.294843583674101e+00  4.294843583674101e+00  4.294843583674101e+00  4.294843583674101e+00  0
1.214968331479241e-04  4.911813726007510e+00  4.911813726007510e+00  4.911813726007510e+00  4.911813726007510e+00  0
1.331554537682196e-04  5.217784365824762e+00  5.217784365824762e+00  5.217784365824762e+00  5.217784365824762e+00  0
1.459328149453367e-04  5.186422133504998e+00  5.186422133504998e+00  5.186422133504998e+00  5.186422133504998e+00  0
1.599362690388934e-04  4.897440749864478e+00  4.897440749864478e+00  4.897440749864478e+00  4.897440749864478e+00  0
1.752834697505346e-04  3.732998977765597e+00  3.732998977765597e+00  3.732998977765597e+00  3.732998977765597e+00  0
1.921033606224428e-04  3.625630433309201e+00  3.625630433309201e+00  3.625630433309201e+00  3.625630433309201e+00  0
2.105372583904122e-04  3.658855875355107e+00  3.658855875355107e+00  3.658855875355107e+00  3.658855875355107e+00  0
2.307400402935623e-04  3.902187247501275e+00  3.902187247501275e+00  3.902187247501275e+00  3.902187247501275e+00  0
2.528814453161862e-04  4.331502265003497e+00  4.331502265003497e+00  4.331502265003497e+00  4.331502265003497e+00  0
2.771475002944577e-04  2.735611297642555e+00  2.735611297642555e+00  2.735611297642555e+00  2.735611297642555e+00  0
3.037420828698103e-04  3.317257899835275e+00  3.317257899835275e+00  3.317257899835275e+00  3.317257899835275e+00  0
3.328886344205490e-04  3.734114506434768e+00  3.734114506434768e+00  3.734114506434768e+00  3.734114506434768e+00  0
3.648320373633419e-04  3.925635681102339e+00  3.925635681102339e+00  3.925635681102339e+00  3.925635681102339e+00  0
3.998406725972335e-04  3.902481893331942e+00  3.902481893331942e+00  3.902481893331942e+00  3.902481893331942e+00  0
4.382086743763364e-04  1.974027466772010e+00  1.974027466772010e+00  1.974027466772010e+00  1.974027466772010e+00  0
4.802584015561070e-04  2.045280727205189e+00  2.045280727205189e+00  2.045280727205189e+00  2.045280727205189e+00  0
5.263431459760304e-04  2.166559774780727e+00  2.166559774780727e+00  2.166559774780727e+00  2.166559774780727e+00  0
5.768501007339059e-04  2.396226571532052e+00  2.396226571532052e+00  2.396226571532052e+00  2.396226571532052e+00  0
6.322036132904654e-04  2.752007860863514e+00  2.752007860863514e+00  2.752007860863514e+00  2.752007860863514e+00  0
6.928687507361442e-04  9.380553511328903e-01  9.380553511328903e-01  9.380553511328903e-01  9.380553511328903e-01  0
7.593552071745259e-04  1.234501234904743e+00  1.234501234904743e+00  1.234501234904743e+00  1.234501234904743e+00  0
8.322215860513725e-04  1.513102523207015e+00  1.513102523207015e+00  1.513102523207015e+00  1.513102523207015e+00  0
9.120800934083548e-04  1.732891040139023e+00  1.732891040139023e+00  1.732891040139023e+00  1.732891040139023e+00  0
9.996016814930839e-04  1.871516412634743e+00  1.871516412634743e+00  1.871516412634743e+00  1.871516412634743e+00  0
1.095521685940841e-03  4.767865168341567e-01  4.767865168341567e-01  4.767865168341567e-01  4.767865168341567e-01  0
1.200646003890267e-03  5.330545111849262e-01  5.330545111849262e-01  5.330545111849262e-01  5.330545111849262e-01  0
1.315857864940076e-03  6.056784861850190e-01  6.056784861850190e-01  6.056784861850190e-01  6.056784861850190e-01  0
1.442125251834764e-03  7.169175606212536e-01  7.169175606212536e-01  7.169175606212536e-01  7.169175606212536e-01  0
1.580509033226163e-03  8.842409850700512e-01  8.842409850700512e-01  8.842409850700512e-01  8.842409850700512e-01  0
1.732171876840360e-03  2.259583113802314e-01  2.259583113802314e-01  2.259583113802314e-01  2.259583113802314e-01  0
1.898388017936315e-03  2.704332019215918e-01  2.704332019215918e-01  2.704332019215918e-01  2.704332019215918e-01  0
2.080553965128431e-03  3.238734882996209e-01  3.238734882996209e-01  3.238734882996209e-01  3.238734882996209e-01  0
2.280200233520887e-03  3.796723241452857e-01  3.796723241452857e-01  3.796723241452857e-01  3.796723241452857e-01  0
2.499004203732710e-03  4.303338507717857e-01  4.303338507717857e-01  4.303338507717857e-01  4.303338507717857e-01  0
2.738804214852102e-03  1.737085302207650e-01  1.737085302207650e-01  1.737085302207650e-01  1.737085302207650e-01  0
3.001615009725668e-03  1.959772649933683e-01  1.959772649933683e-01  1.959772649933683e-01  1.959772649933683e-01  0
3.289644662350189e-03  2.115833568314728e-01  2.115833568314728e-01  2.115833568314728e-01  2.115833568314728e-01  0
3.605313129586911e-03  2.239502532235558e-01  2.239502532235558e-01  2.239502532235558e-01  2.239502532235558e-01  0
3.951272583065408e-03  2.394888105101073e-01  2.394888105101073e-01  2.394888105101073e-01  2.394888105101073e-01  0
4.330429692100900e-03  1.946324639762906e-01  1.946324639762906e-01  1.946324639762906e-01  1.946324639762906e-01  0
4.745970044840786e-03  1.764461457670382e-01  1.764461457670382e-01  1.764461457670382e-01  1.764461457670382e-01  0
5.201384912821078e-03  1.668776217792661e-01  1.668776217792661e-01  1.668776217792661e-01  1.668776217792661e-01  0
5.700500583802216e-03  1.680089396840918e-01  1.680089396840918e-01  1.680089396840918e-01  1.680089396840918e-01  0
6.247510509331773e-03  1.776595164809486e-01  1.776595164809486e-01  1.776595164809486e-01  1.776595164809486e-01  0
6.847010537130255e-03  2.565075507247961e-01  2.565075507247961e-01  2.565075507247961e-01  2.565075507247961e-01  0
7.504037524314169e-03  2.900108101549844e-01  2.900108101549844e-01  2.900108101549844e-01  2.900108101549844e-01  0
8.224111655875473e-03  3.040371879497381e-01  3.040371879497381e-01  3.040371879497381e-01  3.040371879497381e-01  0
9.013282823967277e-03  2.970037424830057e-01  2.970037424830057e-01  2.970037424830057e-01  2.970037424830057e-01  0
9.878181457663520e-03  2.730895466283895e-01  2.730895466283895e-01  2.730895466283895e-01  2.730895466283895e-01  0
1.082607423025225e-02  3.414779533465538e-01  3.414779533465538e-01  3.414779533465538e-01  3.414779533465538e-01  0
1.186492511210197e-02  3.002966282873993e-01  3.002966282873993e-01  3.002966282873993e-01  3.002966282873993e-01  0
1.300346228205270e-02  2.728933646116845e-01  2.728933646116845e-01  2.728933646116845e-01  2.728933646116845e-01  0
1.425125145950554e-02  2.652869886605234e-01  2.652869886605234e-01  2.652869886605234e-01  2.652869886605234e-01  0
1.561877627332943e-02  2.755442913801085e-01  2.755442913801085e-01  2.755442913801085e-01  2.755442913801085e-01  0
1.711752634282564e-02  4.079579192750881e-01  4.079579192750881e-01  4.079579192750881e-01  4.079579192750881e-01  0
1.876009381078543e-02  4.666372522560900e-01  4.666372522560900e-01  4.666372522560900e-01  4.666372522560900e-01  0
2.056027913968868e-02  4.941025419675729e-01  4.941025419675729e-01  4.941025419675729e-01  4.941025419675729e-01  0
2.253320705991819e-02  4.860214196995408e-01  4.860214196995408e-01  4.860214196995408e-01  4.860214196995408e-01  0
2.469545364415880e-02  4.475627273252680e-01  4.475627273252680e-01  4.475627273252680e-01  4.475627273252680e-01  0
2.706518557563063e-02  8.168316201451472e-01  8.168316201451472e-01  8.168316201451472e-01  8.168316201451472e-01  0
2.966231278025492e-02  7.007101452938148e-01  7.007101452938148e-01  7.007101452938148e-01  7.007101452938148e-01  0
3.250865570513174e-02  6.007295334696428e-01  6.007295334696428e-01  6.007295334696428e-01  6.007295334696428e-01  0
3.562812864876386e-02  5.365853837039072e-01  5.365853837039072e-01  5.365853837039072e-01  5.365853837039072e-01  0
3.904694068332359e-02  5.120362600106446e-01  5.120362600106446e-01  5.120362600106446e-01  5.120362600106446e-01  0
4.279381585706410e-02  8.401778070498006e-01  8.401778070498006e-01  8.401778070498006e-01  8.401778070498006e-01  0
4.690023452696356e-02  9.875905768041723e-01  9.875905768041723e-01  9.875905768041723e-01  9.875905768041723e-01  0
5.140069784922172e-02  1.073486523980076e+00  1.073486523980076e+00  1.073486523980076e+00  1.073486523980076e+00  0
5.633301764979549e-02  1.081377303764108e+00  1.081377303764108e+00  1.081377303764108e+00  1.081377303764108e+00  0
6.173863411039700e-02  1.014396654752191e+00  1.014396654752191e+00  1.014396654752191e+00  1.014396654752191e+00  0
6.766296393907657e-02  4.491478426019980e+00  4.491478426019980e+00  4.491478426019980e+00  4.491478426019980e+00  0
7.415578195063728e-02  4.385331913339559e+00  4.385331913339559e+00  4.385331913339559e+00  4.385331913339559e+00  0
8.127163926282933e-02  4.017988935704657e+00  4.017988935704657e+00  4.017988935704657e+00  4.017988935704657e+00  0
8.907032162190963e-02  3.494367507351689e+00  3.494367507351689e+00  3.494367507351689e+00  3.494367507351689e+00  0
9.761735170830896e-02  2.933135379364213e+00  2.933135379364213e+00  2.933135379364213e+00  2.933135379364213e+00  0
1.069845396426603e-01  3.107165479235739e+00  3.107165479235739e+00  3.107165479235739e+00  3.107165479235739e+00  0
1.172505863174090e-01  3.773112412993248e+00  3.773112412993248e+00  3.773112412993248e+00  3.773112412993248e+00  0
1.285017446230543e-01  4.383540408251249e+00  4.383540408251249e+00  4.383540408251249e+00  4.383540408251249e+00  0
1.408325441244888e-01  4.854048232755832e+00  4.854048232755832e+00  4.854048232755832e+00  4.854048232755832e+00  0
1.543465852759926e-01  5.101274803571300e+00  5.101274803571300e+00  5.101274803571300e+00  5.101274803571300e+00  0
1.691574098476915e-01  6.065173793341365e-01  6.065173793341365e-01  6.065173793341365e-01  6.065173793341365e-01  0
1.853894548765933e-01  9.353373705374041e-01  9.353373705374041e-01  9.353373705374041e-01  9.353373705374041e-01  0
2.031790981570734e-01  1.362805191871576e+00  1.362805191871576e+00  1.362805191871576e+00  1.362805191871576e+00  0
2.226758040547742e-01  1.886724711792309e+00  1.886724711792309e+00  1.886724711792309e+00  1.886724711792309e+00  0
2.440433792707725e-01  2.494543034887332e+00  2.494543034887332e+00  2.494543034887332e+00  2.494543034887332e+00  0
2.674613491066507e-01  2.528137475050454e-02  2.528137475050454e-02  2.528137475050454e-02  2.528137475050454e-02  0
2.931264657935224e-01  5.554111855338729e-02  5.554111855338729e-02  5.554111855338729e-02  5.554111855338729e-02  0
3.212543615576358e-01  1.129894502255822e-01  1.129894502255822e-01  1.129894502255822e-01  1.129894502255822e-01  0
3.520813603112219e-01  2.131902816465216e-01  2.131902816465216e-01  2.131902816465216e-01  2.131902816465216e-01  0
3.858664631899814e-01  3.739569354087988e-01  3.739569354087988e-01  3.739569354087988e-01  3.739569354087988e-01  0
4.228935246192288e-01  3.311168279573572e-02  3.311168279573572e-02  3.311168279573572e-02  3.311168279573572e-02  0
4.634736371914833e-01  4.151387129012423e-02  4.151387129012423e-02  4.151387129012423e-02  4.151387129012423e-02  0
5.079477453926836e-01  4.848441324430516e-02  4.848441324430516e-02  4.848441324430516e-02  4.848441324430516e-02  0
5.566895101369356e-01  5.355793597336049e-02  5.355793597336049e-02  5.355793597336049e-02  5.355793597336049e-02  0
6.101084481769313e-01  5.806810392801469e-02  5.806810392801469e-02  5.806810392801469e-02  5.806810392801469e-02  0
6.686533727666268e-01  3.324692919785374e-03  3.324692919785374e-03  3.324692919785374e-03  3.324692919785374e-03  0
7.328161644838059e-01  6.233534012392832e-03  6.233534012392832e-03  6.233534012392832e-03  6.233534012392832e-03  0
8.031359038940896e-01  1.078889491821432e-02  1.078889491821432e-02  1.078889491821432e-02  1.078889491821432e-02  0
8.802034007780548e-01  1.723799605952431e-02  1.723799605952431e-02  1.723799605952431e-02  1.723799605952431e-02  0
9.646661579749536e-01  2.542652681035485e-02  2.542652681035485e-02  2.542652681035485e-02  2.542652681035485e-02  0
1.057233811548072e+00  1.925495973771435e-05  1.925495973771435e-05  1.925495973771435e-05  1.925495973771435e-05  0
1.158684092978708e+00  5.995271626521535e-05  5.995271626521535e-05  5.995271626521535e-05  5.995271626521535e-05  0
1.269869363481709e+00  1.723183612486069e-04  1.723183612486069e-04  1.723183612486069e-04  1.723183612486069e-04  0
1.391723775342339e+00  4.572047039357739e-04  4.572047039357739e-04  4.572047039357739e-04  4.572047039357739e-04  0
1.525271120442328e+00  1.119814971044405e-03  1.119814971044405e-03  1.119814971044405e-03  1.119814971044405e-03  0
