-2.200508501945137e+00  5.160373992747110e-07  5.160373992747110e-07  5.160373992747110e-07  5.160373992747110e-07  0
-2.007839759735224e+00  2.511022850109763e-07  2.511022850109763e-07  2.511022850109763e-07  2.511022850109763e-07  0
-1.832040411209515e+00  1.219888462735153e-07  1.219888462735153e-07  1.219888462735153e-07  1.219888462735153e-07  0
-1.671633431916567e+00  5.782541833453082e-08  5.782541833453082e-08  5.782541833453082e-08  5.782541833453082e-08  0
-1.525271120442328e+00  2.640628739652787e-08  2.640628739652787e-08  2.640628739652787e-08  2.640628739652787e-08  0
-1.391723775342339e+00  3.328442483046822e-05  3.328442483046822e-05  3.328442483046822e-05  3.328442483046822e-05  0
-1.269869363481709e+00  1.589719030702626e-05  1.589719030702626e-05  1.589719030702626e-05  1.589719030702626e-05  0
-1.158684092978708e+00  7.506955111005870e-06  7.506955111005870e-06  7.506955111005870e-06  7.506955111005870e-06  0
-1.057233811548072e+00  3.483057679707536e-06  3.483057679707536e-06  3.483057679707536e-06  3.483057679707536e-06  0
-9.646661579749535e-01  1.579722512365910e-06  1.579722512365910e-06  1.579722512365910e-06  1.579722512365910e-06  0
-8.802034007780547e-01  1.161331047763602e-03  1.161331047763602e-03  1.161331047763602e-03  1.161331047763602e-03  0
-8.031359038940895e-01  5.665855847677476e-04  5.665855847677476e-04  5.665855847677476e-04  5.665855847677476e-04  0
-7.328161644838058e-01  2.781922640332584e-04  2.781922640332584e-04  2.781922640332584e-04  2.781922640332584e-04  0
-6.686533727666268e-01  1.388956736166740e-04  1.388956736166740e-04  1.388956736166740e-04  1.388956736166740e-04  0
-6.101084481769311e-01  7.042731624399961e-05  7.042731624399961e-05  7.042731624399961e-05  7.042731624399961e-05  0
-5.566895101369354e-01  3.065391809594816e-02  3.065391809594816e-02  3.065391809594816e-02  3.065391809594816e-02  0
-5.079477453926835e-01  1.692030692952008e-02  1.692030692952008e-02  1.692030692952008e-02  1.692030692952008e-02  0
-4.634736371914831e-01  9.117427402426843e-03  9.117427402426843e-03  9.117427402426843e-03  9.117427402426843e-03  0
-4.228935246192287e-01  4.780571325955697e-03  4.780571325955697e-03  4.780571325955697e-03  4.780571325955697e-03  0
-3.858664631899813e-01  2.438172032175347e-03  2.438172032175347e-03  2.438172032175347e-03  2.438172032175347e-03  0
-3.520813603112219e-01  4.588982665025523e-01  4.588982665025523e-01  4.588982665025523e-01  4.588982665025523e-01  0
-3.212543615576358e-01  2.777086534942642e-01  2.777086534942642e-01  2.777086534942642e-01  2.777086534942642e-01  0
-2.931264657935224e-01  1.631438248814072e-01  1.631438248814072e-01  1.631438248814072e-01  1.631438248814072e-01  0
-2.674613491066507e-01  9.387127211972784e-02  9.387127211972784e-02  9.387127211972784e-02  9.387127211972784e-02  0
-2.440433792707725e-01  5.322938624338933e-02  5.322938624338933e-02  5.322938624338933e-02  5.322938624338933e-02  0
-2.226758040547742e-01  2.706775191225033e+00  2.706775191225033e+00  2.706775191225033e+00  2.706775191225033e+00  0
-2.031790981570734e-01  2.145858906164410e+00  2.145858906164410e+00  2.145858906164410e+00  2.145858906164410e+00  0
-1.853894548765933e-01  1.590887192868234e+00  1.590887192868234e+00  1.590887192868234e+00  1.590887192868234e+00  0
-1.691574098476915e-01  1.107549335055959e+00  1.107549335055959e+00  1.107549335055959e+00  1.107549335055959e+00  0
-1.543465852759925e-01  7.282659539912366e-01  7.282659539912366e-01  7.282659539912366e-01  7.282659539912366e-01  0
-1.408325441244888e-01  2.953890227064261e+00  2.953890227064261e+00  2.953890227064261e+00  2.953890227064261e+00  0
-1.285017446230543e-01  3.349828454516788e+00  3.349828454516788e+00  3.349828454516788e+00  3.349828454516788e+00  0
-1.172505863174089e-01  3.534995287249337e+00  3.534995287249337e+00  3.534995287249337e+00  3.534995287249337e+00  0
-1.069845396426603e-01  3.467458769404530e+00  3.467458769404530e+00  3.467458769404530e+00  3.467458769404530e+00  0
-9.761735170830899e-02  3.160271857271335e+00  3.160271857271335e+00  3.160271857271335e+00  3.160271857271335e+00  0
-8.907032162190967e-02  6.025459545315445e-01  6.025459545315445e-01  6.025459545315445e-01  6.025459545315445e-01  0
-8.127163926282938e-02  9.025406414145236e-01  9.025406414145236e-01  9.025406414145236e-01  9.025406414145236e-01  0
-7.415578195063731e-02  1.302107858580882e+00  1.302107858580882e+00  1.302107858580882e+00  1.302107858580882e+00  0
-6.766296393907660e-02  1.783713464763826e+00  1.783713464763826e+00  1.783713464763826e+00  1.783713464763826e+00  0
-6.173863411039702e-02  2.300318292727606e+00  2.300318292727606e+00  2.300318292727606e+00  2.300318292727606e+00  0
-5.633301764979550e-02  1.783014022846349e-01  1.783014022846349e-01  1.783014022846349e-01  1.783014022846349e-01  0
-5.140069784922173e-02  1.601869653955992e-01  1.601869653955992e-01  1.601869653955992e-01  1.601869653955992e-01  0
-4.690023452696357e-02  1.545711213804933e-01  1.545711213804933e-01  1.545711213804933e-01  1.545711213804933e-01  0
-4.279381585706411e-02  1.604632003702398e-01  1.604632003702398e-01  1.604632003702398e-01  1.604632003702398e-01  0
-3.904694068332359e-02  1.753398519694868e-01  1.753398519694868e-01  1.753398519694868e-01  1.753398519694868e-01  0
-3.562812864876387e-02  4.001207628697390e-01  4.001207628697390e-01  4.001207628697390e-01  4.001207628697390e-01  0
-3.250865570513175e-02  3.440858405968210e-01  3.440858405968210e-01  3.440858405968210e-01  3.440858405968210e-01  0
-2.966231278025492e-02  2.908156221359781e-01  2.908156221359781e-01  2.908156221359781e-01  2.908156221359781e-01  0
-2.706518557563064e-02  2.414229113189475e-01  2.414229113189475e-01  2.414229113189475e-01  2.414229113189475e-01  0
-2.469545364415881e-02  1.968882752689652e-01  1.968882752689652e-01  1.968882752689652e-01  1.968882752689652e-01  0
-2.253320705991820e-02  7.001845665165776e-01  7.001845665165776e-01  7.001845665165776e-01  7.001845665165776e-01  0
-2.056027913968869e-02  6.381972510206023e-01  6.381972510206023e-01  6.381972510206023e-01  6.381972510206023e-01  0
-1.876009381078543e-02  5.793418294996722e-01  5.793418294996722e-01  5.793418294996722e-01  5.793418294996722e-01  0
-1.711752634282565e-02  5.217771260766536e-01  5.217771260766536e-01  5.217771260766536e-01  5.217771260766536e-01  0
-1.561877627332944e-02  4.632981025693335e-01  4.632981025693335e-01  4.632981025693335e-01  4.632981025693335e-01  0
-1.425125145950555e-02  8.222850948598414e-01  8.222850948598414e-01  8.222850948598414e-01  8.222850948598414e-01  0
-1.300346228205270e-02  8.431976904079883e-01  8.431976904079883e-01  8.431976904079883e-01  8.431976904079883e-01  0
-1.186492511210197e-02  8.387315606693990e-01  8.387315606693990e-01  8.387315606693990e-01  8.387315606693990e-01  0
-1.082607423025226e-02  8.083207626931029e-01  8.083207626931029e-01  8.083207626931029e-01  8.083207626931029e-01  0
-9.878181457663523e-03  7.581462268392700e-01  7.581462268392700e-01  7.581462268392700e-01  7.581462268392700e-01  0
-9.013282823967281e-03  7.407512528830364e-01  7.407512528830364e-01  7.407512528830364e-01  7.407512528830364e-01  0
-8.224111655875476e-03  7.171604752775502e-01  7.171604752775502e-01  7.171604752775502e-01  7.171604752775502e-01  0
-7.504037524314172e-03  7.195430409961502e-01  7.195430409961502e-01  7.195430409961502e-01  7.195430409961502e-01  0
-6.847010537130258e-03  7.475225157339106e-01  7.475225157339106e-01  7.475225157339106e-01  7.475225157339106e-01  0
-6.247510509331775e-03  7.885620745792203e-01  7.885620745792203e-01  7.885620745792203e-01  7.885620745792203e-01  0
-5.700500583802218e-03  6.983731944229195e-01  6.983731944229195e-01  6.983731944229195e-01  6.983731944229195e-01  0
-5.201384912821079e-03  7.532246504626635e-01  7.532246504626635e-01  7.532246504626635e-01  7.532246504626635e-01  0
-4.745970044840787e-03  7.871108461882051e-01  7.871108461882051e-01  7.871108461882051e-01  7.871108461882051e-01  0
-4.330429692100902e-03  7.906589185892727e-01  7.906589185892727e-01  7.906589185892727e-01  7.906589185892727e-01  0
-3.951272583065409e-03  7.686266428109223e-01  7.686266428109223e-01  7.686266428109223e-01  7.686266428109223e-01  0
-3.605313129586912e-03  7.084053058758060e-01  7.084053058758060e-01  7.084053058758060e-01  7.084053058758060e-01  0
-3.289644662350191e-03  6.465568556904566e-01  6.465568556904566e-01  6.465568556904566e-01  6.465568556904566e-01  0
-3.001615009725669e-03  6.087340794929463e-01  6.087340794929463e-01  6.087340794929463e-01  6.087340794929463e-01  0
-2.738804214852103e-03  6.082698425077797e-01  6.082698425077797e-01  6.082698425077797e-01  6.082698425077797e-01  0
-2.499004203732710e-03  6.424894418541309e-01  6.424894418541309e-01  6.424894418541309e-01  6.424894418541309e-01  0
-2.280200233520888e-03  6.784248355443293e-01  6.784248355443293e-01  6.784248355443293e-01  6.784248355443293e-01  0
-2.080553965128432e-03  7.427279856368265e-01  7.427279856368265e-01  7.427279856368265e-01  7.427279856368265e-01  0
-1.898388017936315e-03  7.869532671771516e-01  7.869532671771516e-01  7.869532671771516e-01  7.869532671771516e-01  0
-1.732171876840361e-03  7.934928162032500e-01  7.934928162032500e-01  7.934928162032500e-01  7.934928162032500e-01  0
-1.580509033226164e-03  7.604062076404794e-01  7.604062076404794e-01  7.604062076404794e-01  7.604062076404794e-01  0
-1.442125251834765e-03  7.355118581973040e-01  7.355118581973040e-01  7.355118581973040e-01  7.355118581973040e-01  0
-1.315857864940076e-03  6.628353070858010e-01  6.628353070858010e-01  6.628353070858010e-01  6.628353070858010e-01  0
-1.200646003890268e-03  6.099394497555890e-01  6.099394497555890e-01  6.099394497555890e-01  6.099394497555890e-01  0
-1.095521685940841e-03  5.959820915293638e-01  5.959820915293638e-01  5.959820915293638e-01  5.959820915293638e-01  0
-9.996016814930841e-04  6.242226138878441e-01  6.242226138878441e-01  6.242226138878441e-01  6.242226138878441e-01  0
-9.120800934083552e-04  6.841020396896201e-01  6.841020396896201e-01  6.841020396896201e-01  6.841020396896201e-01  0
-8.322215860513729e-04  7.555871668420511e-01  7.555871668420511e-01  7.555871668420511e-01  7.555871668420511e-01  0
-7.593552071745261e-04  8.089472025547227e-01  8.089472025547227e-01  8.089472025547227e-01  8.089472025547227e-01  0
-6.928687507361445e-04  8.229470834222534e-01  8.229470834222534e-01  8.229470834222534e-01  8.229470834222534e-01  0
-6.322036132904656e-04  7.921184942143684e-01  7.921184942143684e-01  7.921184942143684e-01  7.921184942143684e-01  0
-5.768501007339060e-04  7.536109617670215e-01  7.536109617670215e-01  7.536109617670215e-01  7.536109617670215e-01  0
-5.263431459760305e-04  6.779620825752242e-01  6.779620825752242e-01  6.779620825752242e-01  6.779620825752242e-01  0
-4.802584015561070e-04  6.199805429161144e-01  6.199805429161144e-01  6.199805429161144e-01  6.199805429161144e-01  0
-4.382086743763366e-04  6.013124156446090e-01  6.013124156446090e-01  6.013124156446090e-01  6.013124156446090e-01  0
-3.998406725972337e-04  6.278774712669452e-01  6.278774712669452e-01  6.278774712669452e-01  6.278774712669452e-01  0
-3.648320373633420e-04  6.880474663052997e-01  6.880474663052997e-01  6.880474663052997e-01  6.880474663052997e-01  0
-3.328886344205491e-04  7.629867912474427e-01  7.629867912474427e-01  7.629867912474427e-01  7.629867912474427e-01  0
-3.037420828698104e-04  8.210076203473445e-01  8.210076203473445e-01  8.210076203473445e-01  8.210076203473445e-01  0
-2.771475002944578e-04  8.393289670095442e-01  8.393289670095442e-01  8.393289670095442e-01  8.393289670095442e-01  0
-2.528814453161862e-04  8.108861694663325e-01  8.108861694663325e-01  8.108861694663325e-01  8.108861694663325e-01  0
-2.307400402935624e-04  7.617772064360069e-01  7.617772064360069e-01  7.617772064360069e-01  7.617772064360069e-01  0
-2.105372583904122e-04  6.851308576854844e-01  6.851308576854844e-01  6.851308576854844e-01  6.851308576854844e-01  0
-1.921033606224428e-04  6.252211311771375e-01  6.252211311771375e-01  6.252211311771375e-01  6.252211311771375e-01  0
-1.752834697505346e-04  6.047283137176570e-01  6.047283137176570e-01  6.047283137176570e-01  6.047283137176570e-01  0
-1.599362690388935e-04  6.307298718956017e-01  6.307298718956017e-01  6.307298718956017e-01  6.307298718956017e-01  0
-1.459328149453368e-04  6.895696476452338e-01  6.895696476452338e-01  6.895696476452338e-01  6.895696476452338e-01  0
-1.331554537682196e-04  7.659399967681795e-01  7.659399967681795e-01  7.659399967681795e-01  7.659399967681795e-01  0
-1.214968331479242e-04  8.259694848134314e-01  8.259694848134314e-01  8.259694848134314e-01  8.259694848134314e-01  0
-1.108590001177831e-04  8.462515748427722e-01  8.462515748427722e-01  8.462515748427722e-01  8.462515748427722e-01  0
-1.011525781264745e-04  8.190459824599535e-01  8.190459824599535e-01  8.190459824599535e-01  8.190459824599535e-01  0
-9.229601611742495e-05  7.651071788899627e-01  7.651071788899627e-01  7.651071788899627e-01  7.651071788899627e-01  0
-8.421490335616489e-05  6.880320653719255e-01  6.880320653719255e-01  6.880320653719255e-01  6.880320653719255e-01  0
-7.684134424897712e-05  6.273265889408469e-01  6.273265889408469e-01  6.273265889408469e-01  6.273265889408469e-01  0
-7.011338790021385e-05  6.060783629360509e-01  6.060783629360509e-01  6.060783629360509e-01  6.060783629360509e-01  0
-6.397450761555738e-05  6.318334663244318e-01  6.318334663244318e-01  6.318334663244318e-01  6.318334663244318e-01  0
-5.837312597813472e-05  6.901788622284795e-01  6.901788622284795e-01  6.901788622284795e-01  6.901788622284795e-01  0
-5.326218150728786e-05  7.671611582138413e-01  7.671611582138413e-01  7.671611582138413e-01  7.671611582138413e-01  0
-4.859873325916966e-05  8.280847000506790e-01  8.280847000506790e-01  8.280847000506790e-01  8.280847000506790e-01  0
-4.434360004711324e-05  8.493456934103162e-01  8.493456934103162e-01  8.493456934103162e-01  8.493456934103162e-01  0
-4.046103125058979e-05  8.230139159159898e-01  8.230139159159898e-01  8.230139159159898e-01  8.230139159159898e-01  0
-3.691840644696998e-05  7.664374584420521e-01  7.664374584420521e-01  7.664374584420521e-01  7.664374584420521e-01  0
-3.368596134246595e-05  6.891717773182026e-01  6.891717773182026e-01  6.891717773182026e-01  6.891717773182026e-01  0
-3.073653769959084e-05  6.281395939778771e-01  6.281395939778771e-01  6.281395939778771e-01  6.281395939778771e-01  0
-2.804535516008554e-05  6.065878385841634e-01  6.065878385841634e-01  6.065878385841634e-01  6.065878385841634e-01  0
-2.558980304622295e-05  6.322455381014171e-01  6.322455381014171e-01  6.322455381014171e-01  6.322455381014171e-01  0
-2.334925039125389e-05  6.904291964079103e-01  6.904291964079103e-01  6.904291964079103e-01  6.904291964079103e-01  0
-2.130487260291514e-05  7.676427145020794e-01  7.676427145020794e-01  7.676427145020794e-01  7.676427145020794e-01  0
-1.943949330366787e-05  8.288887056781845e-01  8.288887056781845e-01  8.288887056781845e-01  8.288887056781845e-01  0
-1.773744001884530e-05  8.504656506459319e-01  8.504656506459319e-01  8.504656506459319e-01  8.504656506459319e-01  0
-1.618441250023592e-05  8.243359420850188e-01  8.243359420850188e-01  8.243359420850188e-01  8.243359420850188e-01  0
-1.476736257878799e-05  7.669793803112503e-01  7.669793803112503e-01  7.669793803112503e-01  7.669793803112503e-01  0
-1.347438453698638e-05  6.896311299249008e-01  6.896311299249008e-01  6.896311299249008e-01  6.896311299249008e-01  0
-1.229461507983634e-05  6.284656327828899e-01  6.284656327828899e-01  6.284656327828899e-01  6.284656327828899e-01  0
-1.121814206403422e-05  6.067931393137126e-01  6.067931393137126e-01  6.067931393137126e-01  6.067931393137126e-01  0
-1.023592121848918e-05  6.324143938992698e-01  6.324143938992698e-01  6.324143938992698e-01  6.324143938992698e-01  0
-9.339700156501556e-06  6.905469570205852e-01  6.905469570205852e-01  6.905469570205852e-01  6.905469570205852e-01  0
-8.521949041166058e-06  7.678545474973847e-01  7.678545474973847e-01  7.678545474973847e-01  7.678545474973847e-01  0
-7.775797321467146e-06  8.292296768826806e-01  8.292296768826806e-01  8.292296768826806e-01  8.292296768826806e-01  0
-7.094976007538119e-06  8.509310015819904e-01  8.509310015819904e-01  8.509310015819904e-01  8.509310015819904e-01  0
-6.473765000094367e-06  8.248772044433877e-01  8.248772044433877e-01  8.248772044433877e-01  8.248772044433877e-01  0
-5.906945031515196e-06  7.672087963837869e-01  7.672087963837869e-01  7.672087963837869e-01  7.672087963837869e-01  0
-5.389753814794552e-06  6.898257984208079e-01  6.898257984208079e-01  6.898257984208079e-01  6.898257984208079e-01  0
-4.917846031934535e-06  6.286063772338442e-01  6.286063772338442e-01  6.286063772338442e-01  6.286063772338442e-01  0
-4.487256825613686e-06  6.068863810366747e-01  6.068863810366747e-01  6.068863810366747e-01  6.068863810366747e-01  0
-4.094368487395672e-06  6.324950360885364e-01  6.324950360885364e-01  6.324950360885364e-01  6.324950360885364e-01  0
-3.735880062600622e-06  6.906072265786203e-01  6.906072265786203e-01  6.906072265786203e-01  6.906072265786203e-01  0
-3.408779616466423e-06  7.679540469482606e-01  7.679540469482606e-01  7.679540469482606e-01  7.679540469482606e-01  0
-3.110318928586858e-06  8.293820324886946e-01  8.293820324886946e-01  8.293820324886946e-01  8.293820324886946e-01  0
-2.837990403015248e-06  8.511335120804081e-01  8.511335120804081e-01  8.511335120804081e-01  8.511335120804081e-01  0
-2.589506000037746e-06  8.251095875936181e-01  8.251095875936181e-01  8.251095875936181e-01  8.251095875936181e-01  0
-2.362778012606079e-06  7.673136095771332e-01  7.673136095771332e-01  7.673136095771332e-01  7.673136095771332e-01  0
-2.155901525917821e-06  6.899153664228346e-01  6.899153664228346e-01  6.899153664228346e-01  6.899153664228346e-01  0
-1.967138412773814e-06  6.286734612248368e-01  6.286734612248368e-01  6.286734612248368e-01  6.286734612248368e-01  0
-1.794902730245475e-06  6.069343604439458e-01  6.069343604439458e-01  6.069343604439458e-01  6.069343604439458e-01  0
-1.637747394958269e-06  6.325387601950344e-01  6.325387601950344e-01  6.325387601950344e-01  6.325387601950344e-01  0
-1.494352025040249e-06  6.906434415952168e-01  6.906434415952168e-01  6.906434415952168e-01  6.906434415952168e-01  0
-1.363511846586569e-06  7.680073222087683e-01  7.680073222087683e-01  7.680073222087683e-01  7.680073222087683e-01  0
-1.244127571434743e-06  8.294575270784433e-01  8.294575270784433e-01  8.294575270784433e-01  8.294575270784433e-01  0
-1.135196161206099e-06  8.512294481365751e-01  8.512294481365751e-01  8.512294481365751e-01  8.512294481365751e-01  0
-1.035802400015099e-06  8.252170238569347e-01  8.252170238569347e-01  8.252170238569347e-01  8.252170238569347e-01  0
-9.451112050424314e-07  7.673687252557884e-01  7.673687252557884e-01  7.673687252557884e-01  7.673687252557884e-01  0
-8.623606103671284e-07  6.899630495217834e-01  6.899630495217834e-01  6.899630495217834e-01  6.899630495217834e-01  0
-7.868553651095256e-07  6.287111191525072e-01  6.287111191525072e-01  6.287111191525072e-01  6.287111191525072e-01  0
-7.179610920981897e-07  6.069640464085349e-01  6.069640464085349e-01  6.069640464085349e-01  6.069640464085349e-01  0
-6.550989579833075e-07  6.325672413447797e-01  6.325672413447797e-01  6.325672413447797e-01  6.325672413447797e-01  0
-5.977408100160996e-07  6.906698549835359e-01  6.906698549835359e-01  6.906698549835359e-01  6.906698549835359e-01  0
-5.454047386346277e-07  7.680418998269012e-01  7.680418998269012e-01  7.680418998269012e-01  7.680418998269012e-01  0
-4.976510285738974e-07  8.295020568416538e-01  8.295020568416538e-01  8.295020568416538e-01  8.295020568416538e-01  0
-4.540784644824396e-07  8.512825336102661e-01  8.512825336102661e-01  8.512825336102661e-01  8.512825336102661e-01  0
-4.143209600060395e-07  8.252742640886971e-01  8.252742640886971e-01  8.252742640886971e-01  8.252742640886971e-01  0
-3.780444820169726e-07  7.674039900257975e-01  7.674039900257975e-01  7.674039900257975e-01  7.674039900257975e-01  0
-3.449442441468514e-07  6.899940054568986e-01  6.899940054568986e-01  6.899940054568986e-01  6.899940054568986e-01  0
-3.147421460438103e-07  6.287370111596948e-01  6.287370111596948e-01  6.287370111596948e-01  6.287370111596948e-01  0
-2.871844368392759e-07  6.069863799110381e-01  6.069863799110381e-01  6.069863799110381e-01  6.069863799110381e-01  0
-2.620395831933230e-07  6.325895416487268e-01  6.325895416487268e-01  6.325895416487268e-01  6.325895416487268e-01  0
-2.390963240064398e-07  6.906923346286943e-01  6.906923346286943e-01  6.906923346286943e-01  6.906923346286943e-01  0
-2.181618954538510e-07  7.680689791592938e-01  7.680689791592938e-01  7.680689791592938e-01  7.680689791592938e-01  0
-1.990604114295589e-07  8.295341757328922e-01  8.295341757328922e-01  8.295341757328922e-01  8.295341757328922e-01  0
-1.816313857929758e-07  8.513184486156645e-01  8.513184486156645e-01  8.513184486156645e-01  8.513184486156645e-01  0
-1.657283840024158e-07  8.253113904863791e-01  8.253113904863791e-01  8.253113904863791e-01  8.253113904863791e-01  0
-1.512177928067891e-07  7.674313242434033e-01  7.674313242434033e-01  7.674313242434033e-01  7.674313242434033e-01  0
-1.379776976587406e-07  6.900182823965627e-01  6.900182823965627e-01  6.900182823965627e-01  6.900182823965627e-01  0
-1.258968584175241e-07  6.287582079276789e-01  6.287582079276789e-01  6.287582079276789e-01  6.287582079276789e-01  0
-1.148737747357104e-07  6.070057801516661e-01  6.070057801516661e-01  6.070057801516661e-01  6.070057801516661e-01  0
-1.048158332773292e-07  6.326093718194651e-01  6.326093718194651e-01  6.326093718194651e-01  6.326093718194651e-01  0
-9.563852960257593e-08  6.907132333934145e-01  6.907132333934145e-01  6.907132333934145e-01  6.907132333934145e-01  0
-8.726475818154042e-08  7.680930518756498e-01  7.680930518756498e-01  7.680930518756498e-01  7.680930518756498e-01  0
-7.962416457182358e-08  8.295613240161427e-01  8.295613240161427e-01  8.295613240161427e-01  8.295613240161427e-01  0
-7.265255431719034e-08  8.513474910405641e-01  8.513474910405641e-01  8.513474910405641e-01  8.513474910405641e-01  0
-6.629135360096631e-08  8.253404693535928e-01  8.253404693535928e-01  8.253404693535928e-01  8.253404693535928e-01  0
-6.048711712271561e-08  7.674554850938051e-01  7.674554850938051e-01  7.674554850938051e-01  7.674554850938051e-01  0
-5.519107906349621e-08  6.900398861997131e-01  6.900398861997131e-01  6.900398861997131e-01  6.900398861997131e-01  0
-5.035874336700964e-08  6.287775240292607e-01  6.287775240292607e-01  6.287775240292607e-01  6.287775240292607e-01  0
-4.594950989428414e-08  6.070240030165514e-01  6.070240030165514e-01  6.070240030165514e-01  6.070240030165514e-01  0
-4.192633331093168e-08  6.326282082687059e-01  6.326282082687059e-01  6.326282082687059e-01  6.326282082687059e-01  0
-3.825541184103037e-08  6.907334988079488e-01  6.907334988079488e-01  6.907334988079488e-01  6.907334988079488e-01  0
-3.490590327261617e-08  7.681159207988988e-01  7.681159207988988e-01  7.681159207988988e-01  7.681159207988988e-01  0
-3.184966582872943e-08  8.295864829443385e-01  8.295864829443385e-01  8.295864829443385e-01  8.295864829443385e-01  0
-2.906102172687613e-08  8.513737836636059e-01  8.513737836636059e-01  8.513737836636059e-01  8.513737836636059e-01  0
-2.651654144038653e-08  8.253663292856890e-01  8.253663292856890e-01  8.253663292856890e-01  8.253663292856890e-01  0
-2.419484684908624e-08  7.674783754753997e-01  7.674783754753997e-01  7.674783754753997e-01  7.674783754753997e-01  0
-2.207643162539849e-08  6.900604198133070e-01  6.900604198133070e-01  6.900604198133070e-01  6.900604198133070e-01  0
-2.014349734680386e-08  6.287960869450580e-01  6.287960869450580e-01  6.287960869450580e-01  6.287960869450580e-01  0
-1.837980395771366e-08  6.070417537937246e-01  6.070417537937246e-01  6.070417537937246e-01  6.070417537937246e-01  0
-1.677053332437267e-08  6.326466456482617e-01  6.326466456482617e-01  6.326466456482617e-01  6.326466456482617e-01  0
-1.530216473641215e-08  6.907535115210873e-01  6.907535115210873e-01  6.907535115210873e-01  6.907535115210873e-01  0
-1.396236130904647e-08  7.681383097431991e-01  7.681383097431991e-01  7.681383097431991e-01  7.681383097431991e-01  0
-1.273986633149177e-08  8.296108498083548e-01  8.296108498083548e-01  8.296108498083548e-01  8.296108498083548e-01  0
-1.162440869075045e-08  8.513989847104673e-01  8.513989847104673e-01  8.513989847104673e-01  8.513989847104673e-01  0
-1.060661657615461e-08  8.253909193173560e-01  8.253909193173560e-01  8.253909193173560e-01  8.253909193173560e-01  0
-9.677938739634499e-09  7.675007543724324e-01  7.675007543724324e-01  7.675007543724324e-01  7.675007543724324e-01  0
-8.830572650159394e-09  6.900805226741646e-01  6.900805226741646e-01  6.900805226741646e-01  6.900805226741646e-01  0
-8.057398938721544e-09  6.288143463430778e-01  6.288143463430778e-01  6.288143463430778e-01  6.288143463430778e-01  0
-7.351921583085463e-09  6.070593135510206e-01  6.070593135510206e-01  6.070593135510206e-01  6.070593135510206e-01  0
-6.708213329749070e-09  6.326649208391999e-01  6.326649208391999e-01  6.326649208391999e-01  6.326649208391999e-01  0
-6.120865894564859e-09  6.907734268641470e-01  6.907734268641470e-01  6.907734268641470e-01  6.907734268641470e-01  0
-5.584944523618587e-09  7.681605167741867e-01  7.681605167741867e-01  7.681605167741867e-01  7.681605167741867e-01  0
-5.095946532596709e-09  8.296349250222119e-01  8.296349250222119e-01  8.296349250222119e-01  8.296349250222119e-01  0
-4.649763476300181e-09  8.514238071791494e-01  8.514238071791494e-01  8.514238071791494e-01  8.514238071791494e-01  0
-4.242646630461844e-09  8.254151249923947e-01  8.254151249923947e-01  8.254151249923947e-01  8.254151249923947e-01  0
-3.871175495853799e-09  7.675229193675088e-01  7.675229193675088e-01  7.675229193675088e-01  7.675229193675088e-01  0
-3.532229060063758e-09  6.901004454761461e-01  6.901004454761461e-01  6.901004454761461e-01  6.901004454761461e-01  0
-3.222959575488617e-09  6.288324776830995e-01  6.288324776830995e-01  6.288324776830995e-01  6.288324776830995e-01  0
-2.940768633234185e-09  6.070767904245395e-01  6.070767904245395e-01  6.070767904245395e-01  6.070767904245395e-01  0
-2.683285331899628e-09  6.326831237610026e-01  6.326831237610026e-01  6.326831237610026e-01  6.326831237610026e-01  0
-2.448346357825944e-09  6.907933272280715e-01  6.907933272280715e-01  6.907933272280715e-01  6.907933272280715e-01  0
-2.233977809447435e-09  7.681827185471150e-01  7.681827185471150e-01  7.681827185471150e-01  7.681827185471150e-01  0
-2.038378613038684e-09  8.296590544998695e-01  8.296590544998695e-01  8.296590544998695e-01  8.296590544998695e-01  0
-1.859905390520072e-09  8.514488743805116e-01  8.514488743805116e-01  8.514488743805116e-01  8.514488743805116e-01  0
-1.697058652184738e-09  8.254400218723905e-01  8.254400218723905e-01  8.254400218723905e-01  8.254400218723905e-01  0
-1.548470198341520e-09  7.675449712376515e-01  7.675449712376515e-01  7.675449712376515e-01  7.675449712376515e-01  0
-1.412891624025503e-09  6.901202723641393e-01  6.901202723641393e-01  6.901202723641393e-01  6.901202723641393e-01  0
-1.289183830195447e-09  6.288505364172978e-01  6.288505364172978e-01  6.288505364172978e-01  6.288505364172978e-01  0
-1.176307453293674e-09  6.070942128423158e-01  6.070942128423158e-01  6.070942128423158e-01  6.070942128423158e-01  0
-1.073314132759851e-09  6.327012737315668e-01  6.327012737315668e-01  6.327012737315668e-01  6.327012737315668e-01  0
-9.793385431303775e-10  6.908134150304666e-01  6.908134150304666e-01  6.908134150304666e-01  6.908134150304666e-01  0
-8.935911237789739e-10  7.682054630559193e-01  7.682054630559193e-01  7.682054630559193e-01  7.682054630559193e-01  0
-8.153514452154734e-10  8.296845853471194e-01  8.296845853471194e-01  8.296845853471194e-01  8.296845853471194e-01  0
-7.439621562080290e-10  8.514772368764886e-01  8.514772368764886e-01  8.514772368764886e-01  8.514772368764886e-01  0
-6.788234608738951e-10  8.254720130217962e-01  8.254720130217962e-01  8.254720130217962e-01  8.254720130217962e-01  0
-6.193880793366079e-10  7.675668830971822e-01  7.675668830971822e-01  7.675668830971822e-01  7.675668830971822e-01  0
-5.651566496102012e-10  6.901399690710330e-01  6.901399690710330e-01  6.901399690710330e-01  6.901399690710330e-01  0
-5.156735320781787e-10  6.288684721060993e-01  6.288684721060993e-01  6.288684721060993e-01  6.288684721060993e-01  0
-4.705229813174697e-10  6.071115088106822e-01  6.071115088106822e-01  6.071115088106822e-01  6.071115088106822e-01  0
-4.293256531039404e-10  6.327192782832106e-01  6.327192782832106e-01  6.327192782832106e-01  6.327192782832106e-01  0
-3.917354172521510e-10  6.908358263997857e-01  6.908358263997857e-01  6.908358263997857e-01  6.908358263997857e-01  0
-3.574364495115896e-10  7.682345287055832e-01  7.682345287055832e-01  7.682345287055832e-01  7.682345287055832e-01  0
-3.261405780861894e-10  8.297258908861239e-01  8.297258908861239e-01  8.297258908861239e-01  8.297258908861239e-01  0
-2.975848624832116e-10  8.515419289063970e-01  8.515419289063970e-01  8.515419289063970e-01  8.515419289063970e-01  0
-2.715293843495580e-10  8.255812587028156e-01  8.255812587028156e-01  8.255812587028156e-01  8.255812587028156e-01  0
2.715293843495580e-10  7.723091301438449e-01  7.723091301438449e-01  7.723091301438449e-01  7.723091301438449e-01  0
2.975848624832116e-10  8.315377203597862e-01  8.315377203597862e-01  8.315377203597862e-01  8.315377203597862e-01  0
3.261405780861894e-10  8.506297068468186e-01  8.506297068468186e-01  8.506297068468186e-01  8.506297068468186e-01  0
3.574364495115896e-10  8.215463339386549e-01  8.215463339386549e-01  8.215463339386549e-01  8.215463339386549e-01  0
3.917354172521510e-10  7.548449912234098e-01  7.548449912234098e-01  7.548449912234098e-01  7.548449912234098e-01  0
4.293256531039404e-10  6.852777910801994e-01  6.852777910801994e-01  6.852777910801994e-01  6.852777910801994e-01  0
4.705229813174697e-10  6.268351694721483e-01  6.268351694721483e-01  6.268351694721483e-01  6.268351694721483e-01  0
5.156735320781787e-10  6.080321704632723e-01  6.080321704632723e-01  6.080321704632723e-01  6.080321704632723e-01  0
5.651566496102012e-10  6.369686421813499e-01  6.369686421813499e-01  6.369686421813499e-01  6.369686421813499e-01  0
6.193880793366079e-10  7.033494825032696e-01  7.033494825032696e-01  7.033494825032696e-01  7.033494825032696e-01  0
6.788234608738951e-10  7.722669823403785e-01  7.722669823403785e-01  7.722669823403785e-01  7.722669823403785e-01  0
7.439621562080290e-10  8.315035505299245e-01  8.315035505299245e-01  8.315035505299245e-01  8.315035505299245e-01  0
8.153514452154734e-10  8.506002565548949e-01  8.506002565548949e-01  8.506002565548949e-01  8.506002565548949e-01  0
8.935911237789739e-10  8.215203636696172e-01  8.215203636696172e-01  8.215203636696172e-01  8.215203636696172e-01  0
9.793385431303775e-10  7.548221860117900e-01  7.548221860117900e-01  7.548221860117900e-01  7.548221860117900e-01  0
1.073314132759851e-09  6.852581203025843e-01  6.852581203025843e-01  6.852581203025843e-01  6.852581203025843e-01  0
1.176307453293674e-09  6.268171745963697e-01  6.268171745963697e-01  6.268171745963697e-01  6.268171745963697e-01  0
1.289183830195447e-09  6.080147230203861e-01  6.080147230203861e-01  6.080147230203861e-01  6.080147230203861e-01  0
1.412891624025503e-09  6.369503838537773e-01  6.369503838537773e-01  6.369503838537773e-01  6.369503838537773e-01  0
1.548470198341520e-09  7.033293488724901e-01  7.033293488724901e-01  7.033293488724901e-01  7.033293488724901e-01  0
1.697058652184738e-09  7.722440992966414e-01  7.722440992966414e-01  7.722440992966414e-01  7.722440992966414e-01  0
1.859905390520072e-09  8.314793190821063e-01  8.314793190821063e-01  8.314793190821063e-01  8.314793190821063e-01  0
2.038378613038684e-09  8.505756750308410e-01  8.505756750308410e-01  8.505756750308410e-01  8.505756750308410e-01  0
2.233977809447435e-09  8.214967212110117e-01  8.214967212110117e-01  8.214967212110117e-01  8.214967212110117e-01  0
2.448346357825944e-09  7.548005088662130e-01  7.548005088662130e-01  7.548005088662130e-01  7.548005088662130e-01  0
2.683285331899628e-09  6.852385014472788e-01  6.852385014472788e-01  6.852385014472788e-01  6.852385014472788e-01  0
2.940768633234185e-09  6.267992287194901e-01  6.267992287194901e-01  6.267992287194901e-01  6.267992287194901e-01  0
3.222959575488617e-09  6.079973074128058e-01  6.079973074128058e-01  6.079973074128058e-01  6.079973074128058e-01  0
3.532229060063758e-09  6.369321300826806e-01  6.369321300826806e-01  6.369321300826806e-01  6.369321300826806e-01  0
3.871175495853799e-09  7.033091890009386e-01  7.033091890009386e-01  7.033091890009386e-01  7.033091890009386e-01  0
4.242646630461844e-09  7.722219104656604e-01  7.722219104656604e-01  7.722219104656604e-01  7.722219104656604e-01  0
4.649763476300181e-09  8.314554485300523e-01  8.314554485300523e-01  8.314554485300523e-01  8.314554485300523e-01  0
5.095946532596709e-09  8.505512831679107e-01  8.505512831679107e-01  8.505512831679107e-01  8.505512831679107e-01  0
5.584944523618587e-09  8.214731907017246e-01  8.214731907017246e-01  8.214731907017246e-01  8.214731907017246e-01  0
6.120865894564859e-09  7.547789104981202e-01  7.547789104981202e-01  7.547789104981202e-01  7.547789104981202e-01  0
6.708213329749070e-09  6.852190194491699e-01  6.852190194491699e-01  6.852190194491699e-01  6.852190194491699e-01  0
7.351921583085463e-09  6.267814011758445e-01  6.267814011758445e-01  6.267814011758445e-01  6.267814011758445e-01  0
8.057398938721544e-09  6.079799754504187e-01  6.079799754504187e-01  6.079799754504187e-01  6.079799754504187e-01  0
8.830572650159394e-09  6.369139205124967e-01  6.369139205124967e-01  6.369139205124967e-01  6.369139205124967e-01  0
9.677938739634499e-09  7.032890401734280e-01  7.032890401734280e-01  7.032890401734280e-01  7.032890401734280e-01  0
1.060661657615461e-08  7.721997888621115e-01  7.721997888621115e-01  7.721997888621115e-01  7.721997888621115e-01  0
1.162440869075045e-08  8.314316369141218e-01  8.314316369141218e-01  8.314316369141218e-01  8.314316369141218e-01  0
1.273986633149177e-08  8.505269701692163e-01  8.505269701692163e-01  8.505269701692163e-01  8.505269701692163e-01  0
1.396236130904647e-08  8.214497676441143e-01  8.214497676441143e-01  8.214497676441143e-01  8.214497676441143e-01  0
1.530216473641215e-08  7.547574391946491e-01  7.547574391946491e-01  7.547574391946491e-01  7.547574391946491e-01  0
1.677053332437267e-08  6.851998588242373e-01  6.851998588242373e-01  6.851998588242373e-01  6.851998588242373e-01  0
1.837980395771366e-08  6.267638534940698e-01  6.267638534940698e-01  6.267638534940698e-01  6.267638534940698e-01  0
2.014349734680386e-08  6.079628476021159e-01  6.079628476021159e-01  6.079628476021159e-01  6.079628476021159e-01  0
2.207643162539849e-08  6.368958330982499e-01  6.368958330982499e-01  6.368958330982499e-01  6.368958330982499e-01  0
2.419484684908624e-08  7.032689506391763e-01  7.032689506391763e-01  7.032689506391763e-01  7.032689506391763e-01  0
2.651654144038653e-08  7.721777653207340e-01  7.721777653207340e-01  7.721777653207340e-01  7.721777653207340e-01  0
2.906102172687613e-08  8.314079375786400e-01  8.314079375786400e-01  8.314079375786400e-01  8.314079375786400e-01  0
3.184966582872943e-08  8.505028383669041e-01  8.505028383669041e-01  8.505028383669041e-01  8.505028383669041e-01  0
3.490590327261617e-08  8.214266067784624e-01  8.214266067784624e-01  8.214266067784624e-01  8.214266067784624e-01  0
3.825541184103037e-08  7.547362834848436e-01  7.547362834848436e-01  7.547362834848436e-01  7.547362834848436e-01  0
4.192633331093168e-08  6.851814905294086e-01  6.851814905294086e-01  6.851814905294086e-01  6.851814905294086e-01  0
4.594950989428414e-08  6.267469973566291e-01  6.267469973566291e-01  6.267469973566291e-01  6.267469973566291e-01  0
5.035874336700964e-08  6.079462272500772e-01  6.079462272500772e-01  6.079462272500772e-01  6.079462272500772e-01  0
5.519107906349621e-08  6.368780556276367e-01  6.368780556276367e-01  6.368780556276367e-01  6.368780556276367e-01  0
6.048711712271561e-08  7.032490223067986e-01  7.032490223067986e-01  7.032490223067986e-01  7.032490223067986e-01  0
6.629135360096631e-08  7.721559808630885e-01  7.721559808630885e-01  7.721559808630885e-01  7.721559808630885e-01  0
7.265255431719034e-08  8.313845155088901e-01  8.313845155088901e-01  8.313845155088901e-01  8.313845155088901e-01  0
7.962416457182358e-08  8.504791576245870e-01  8.504791576245870e-01  8.504791576245870e-01  8.504791576245870e-01  0
8.726475818154042e-08  8.214041002580867e-01  8.214041002580867e-01  8.214041002580867e-01  8.214041002580867e-01  0
9.563852960257593e-08  7.547159160324044e-01  7.547159160324044e-01  7.547159160324044e-01  7.547159160324044e-01  0
1.048158332773292e-07  6.851650979150278e-01  6.851650979150278e-01  6.851650979150278e-01  6.851650979150278e-01  0
1.148737747357104e-07  6.267318663003368e-01  6.267318663003368e-01  6.267318663003368e-01  6.267318663003368e-01  0
1.258968584175241e-07  6.079308741010416e-01  6.079308741010416e-01  6.079308741010416e-01  6.079308741010416e-01  0
1.379776976587406e-07  6.368610544432524e-01  6.368610544432524e-01  6.368610544432524e-01  6.368610544432524e-01  0
1.512177928067891e-07  7.032295017101236e-01  7.032295017101236e-01  7.032295017101236e-01  7.032295017101236e-01  0
1.657283840024158e-07  7.721347928958601e-01  7.721347928958601e-01  7.721347928958601e-01  7.721347928958601e-01  0
1.816313857929758e-07  8.313617856079022e-01  8.313617856079022e-01  8.313617856079022e-01  8.313617856079022e-01  0
1.990604114295589e-07  8.504566036772666e-01  8.504566036772666e-01  8.504566036772666e-01  8.504566036772666e-01  0
2.181618954538510e-07  8.213832288390137e-01  8.213832288390137e-01  8.213832288390137e-01  8.213832288390137e-01  0
2.390963240064398e-07  7.546975185368858e-01  7.546975185368858e-01  7.546975185368858e-01  7.546975185368858e-01  0
2.620395831933230e-07  6.851536419570106e-01  6.851536419570106e-01  6.851536419570106e-01  6.851536419570106e-01  0
2.871844368392759e-07  6.267210462697852e-01  6.267210462697852e-01  6.267210462697852e-01  6.267210462697852e-01  0
3.147421460438103e-07  6.079186885192978e-01  6.079186885192978e-01  6.079186885192978e-01  6.079186885192978e-01  0
3.449442441468514e-07  6.368459949800700e-01  6.368459949800700e-01  6.368459949800700e-01  6.368459949800700e-01  0
3.780444820169726e-07  7.032110028859969e-01  7.032110028859969e-01  7.032110028859969e-01  7.032110028859969e-01  0
4.143209600060395e-07  7.721150961595435e-01  7.721150961595435e-01  7.721150961595435e-01  7.721150961595435e-01  0
4.540784644824396e-07  8.313407857019026e-01  8.313407857019026e-01  8.313407857019026e-01  8.313407857019026e-01  0
4.976510285738974e-07  8.504368658883867e-01  8.504368658883867e-01  8.504368658883867e-01  8.504368658883867e-01  0
5.454047386346277e-07  8.213664440454052e-01  8.213664440454052e-01  8.213664440454052e-01  8.213664440454052e-01  0
5.977408100160996e-07  7.546840446708872e-01  7.546840446708872e-01  7.546840446708872e-01  7.546840446708872e-01  0
6.550989579833075e-07  6.851545280635943e-01  6.851545280635943e-01  6.851545280635943e-01  6.851545280635943e-01  0
7.179610920981897e-07  6.267210058986610e-01  6.267210058986610e-01  6.267210058986610e-01  6.267210058986610e-01  0
7.868553651095256e-07  6.079144259214109e-01  6.079144259214109e-01  6.079144259214109e-01  6.079144259214109e-01  0
8.623606103671284e-07  6.368357955907472e-01  6.368357955907472e-01  6.368357955907472e-01  6.368357955907472e-01  0
9.451112050424314e-07  7.031950651852568e-01  7.031950651852568e-01  7.031950651852568e-01  7.031950651852568e-01  0
1.035802400015099e-06  7.720991327462069e-01  7.720991327462069e-01  7.720991327462069e-01  7.720991327462069e-01  0
1.135196161206099e-06  8.313241131093491e-01  8.313241131093491e-01  8.313241131093491e-01  8.313241131093491e-01  0
1.244127571434743e-06  8.504241682762801e-01  8.504241682762801e-01  8.504241682762801e-01  8.504241682762801e-01  0
1.363511846586569e-06  8.213598737500227e-01  8.213598737500227e-01  8.213598737500227e-01  8.213598737500227e-01  0
1.494352025040249e-06  7.546828769541996e-01  7.546828769541996e-01  7.546828769541996e-01  7.546828769541996e-01  0
1.637747394958269e-06  6.851862910773585e-01  6.851862910773585e-01  6.851862910773585e-01  6.851862910773585e-01  0
1.794902730245475e-06  6.267479428500643e-01  6.267479428500643e-01  6.267479428500643e-01  6.267479428500643e-01  0
1.967138412773814e-06  6.079300065949880e-01  6.079300065949880e-01  6.079300065949880e-01  6.079300065949880e-01  0
2.155901525917821e-06  6.368377881123080e-01  6.368377881123080e-01  6.368377881123080e-01  6.368377881123080e-01  0
2.362778012606079e-06  7.031855734991499e-01  7.031855734991499e-01  7.031855734991499e-01  7.031855734991499e-01  0
2.589506000037746e-06  7.720925623606508e-01  7.720925623606508e-01  7.720925623606508e-01  7.720925623606508e-01  0
2.837990403015248e-06  8.313183039228990e-01  8.313183039228990e-01  8.313183039228990e-01  8.313183039228990e-01  0
3.110318928586858e-06  8.504291012707440e-01  8.504291012707440e-01  8.504291012707440e-01  8.504291012707440e-01  0
3.408779616466423e-06  8.213788561628644e-01  8.213788561628644e-01  8.213788561628644e-01  8.213788561628644e-01  0
3.735880062600622e-06  7.547124806861635e-01  7.547124806861635e-01  7.547124806861635e-01  7.547124806861635e-01  0
4.094368487395672e-06  6.852953707179597e-01  6.852953707179597e-01  6.852953707179597e-01  6.852953707179597e-01  0
4.487256825613686e-06  6.268424935771318e-01  6.268424935771318e-01  6.268424935771318e-01  6.268424935771318e-01  0
4.917846031934535e-06  6.079954185415685e-01  6.079954185415685e-01  6.079954185415685e-01  6.079954185415685e-01  0
5.389753814794552e-06  6.368705237184676e-01  6.368705237184676e-01  6.368705237184676e-01  6.368705237184676e-01  0
5.906945031515196e-06  7.031924709656953e-01  7.031924709656953e-01  7.031924709656953e-01  7.031924709656953e-01  0
6.473765000094367e-06  7.721097346993756e-01  7.721097346993756e-01  7.721097346993756e-01  7.721097346993756e-01  0
7.094976007538119e-06  8.313398404943643e-01  8.313398404943643e-01  8.313398404943643e-01  8.313398404943643e-01  0
7.775797321467146e-06  8.504782203803709e-01  8.504782203803709e-01  8.504782203803709e-01  8.504782203803709e-01  0
8.521949041166058e-06  8.214617621764692e-01  8.214617621764692e-01  8.214617621764692e-01  8.214617621764692e-01  0
9.339700156501556e-06  7.548190109427761e-01  7.548190109427761e-01  7.548190109427761e-01  7.548190109427761e-01  0
1.023592121848918e-05  6.855981002241706e-01  6.855981002241706e-01  6.855981002241706e-01  6.855981002241706e-01  0
1.121814206403422e-05  6.271068310841030e-01  6.271068310841030e-01  6.271068310841030e-01  6.271068310841030e-01  0
1.229461507983634e-05  6.081865648779803e-01  6.081865648779803e-01  6.081865648779803e-01  6.081865648779803e-01  0
1.347438453698638e-05  6.369815637691372e-01  6.369815637691372e-01  6.369815637691372e-01  6.369815637691372e-01  0
1.476736257878799e-05  7.032418647171288e-01  7.032418647171288e-01  7.032418647171288e-01  7.032418647171288e-01  0
1.618441250023592e-05  7.721863909734633e-01  7.721863909734633e-01  7.721863909734633e-01  7.721863909734633e-01  0
1.773744001884530e-05  8.314297610963169e-01  8.314297610963169e-01  8.314297610963169e-01  8.314297610963169e-01  0
1.943949330366787e-05  8.506375697959082e-01  8.506375697959082e-01  8.506375697959082e-01  8.506375697959082e-01  0
2.130487260291514e-05  8.217040045620064e-01  8.217040045620064e-01  8.217040045620064e-01  8.217040045620064e-01  0
2.334925039125389e-05  7.551172848081161e-01  7.551172848081161e-01  7.551172848081161e-01  7.551172848081161e-01  0
2.558980304622295e-05  6.863808369917852e-01  6.863808369917852e-01  6.863808369917852e-01  6.863808369917852e-01  0
2.804535516008554e-05  6.277954772042881e-01  6.277954772042881e-01  6.277954772042881e-01  6.277954772042881e-01  0
3.073653769959084e-05  6.086954938529450e-01  6.086954938529450e-01  6.086954938529450e-01  6.086954938529450e-01  0
3.368596134246595e-05  6.372941874049727e-01  6.372941874049727e-01  6.372941874049727e-01  6.372941874049727e-01  0
3.691840644696998e-05  7.034039066366079e-01  7.034039066366079e-01  7.034039066366079e-01  7.034039066366079e-01  0
4.046103125058979e-05  7.724092340147884e-01  7.724092340147884e-01  7.724092340147884e-01  7.724092340147884e-01  0
4.434360004711324e-05  8.316840182467690e-01  8.316840182467690e-01  8.316840182467690e-01  8.316840182467690e-01  0
4.859873325916966e-05  8.510628770114042e-01  8.510628770114042e-01  8.510628770114042e-01  8.510628770114042e-01  0
5.326218150728786e-05  8.223336291873992e-01  8.223336291873992e-01  8.223336291873992e-01  8.223336291873992e-01  0
5.837312597813472e-05  7.558844417370721e-01  7.558844417370721e-01  7.558844417370721e-01  7.558844417370721e-01  0
6.397450761555738e-05  6.884009066883635e-01  6.884009066883635e-01  6.884009066883635e-01  6.884009066883635e-01  0
7.011338790021385e-05  6.295877832023244e-01  6.295877832023244e-01  6.295877832023244e-01  6.295877832023244e-01  0
7.684134424897712e-05  6.100439467834953e-01  6.100439467834953e-01  6.100439467834953e-01  6.100439467834953e-01  0
8.421490335616489e-05  6.381517379518218e-01  6.381517379518218e-01  6.381517379518218e-01  6.381517379518218e-01  0
9.229601611742495e-05  7.038767315327112e-01  7.038767315327112e-01  7.038767315327112e-01  7.038767315327112e-01  0
1.011525781264745e-04  7.730007540423300e-01  7.730007540423300e-01  7.730007540423300e-01  7.730007540423300e-01  0
1.108590001177831e-04  8.323628124110787e-01  8.323628124110787e-01  8.323628124110787e-01  8.323628124110787e-01  0
1.214968331479242e-04  8.521695116012398e-01  8.521695116012398e-01  8.521695116012398e-01  8.521695116012398e-01  0
1.331554537682196e-04  8.239493005274379e-01  8.239493005274379e-01  8.239493005274379e-01  8.239493005274379e-01  0
1.459328149453368e-04  7.578445905629809e-01  7.578445905629809e-01  7.578445905629809e-01  7.578445905629809e-01  0
1.599362690388935e-04  6.935408414218074e-01  6.935408414218074e-01  6.935408414218074e-01  6.935408414218074e-01  0
1.752834697505346e-04  6.342078111195323e-01  6.342078111195323e-01  6.342078111195323e-01  6.342078111195323e-01  0
1.921033606224428e-04  6.135864649248143e-01  6.135864649248143e-01  6.135864649248143e-01  6.135864649248143e-01  0
2.105372583904122e-04  6.404667756125949e-01  6.404667756125949e-01  6.404667756125949e-01  6.404667756125949e-01  0
2.307400402935624e-04  7.051913661723636e-01  7.051913661723636e-01  7.051913661723636e-01  7.051913661723636e-01  0
2.528814453161862e-04  7.746408768057307e-01  7.746408768057307e-01  7.746408768057307e-01  7.746408768057307e-01  0
2.771475002944578e-04  8.341449820292918e-01  8.341449820292918e-01  8.341449820292918e-01  8.341449820292918e-01  0
3.037420828698104e-04  8.549675289236232e-01  8.549675289236232e-01  8.549675289236232e-01  8.549675289236232e-01  0
3.328886344205491e-04  8.280052840545820e-01  8.280052840545820e-01  8.280052840545820e-01  8.280052840545820e-01  0
3.648320373633420e-04  7.627899248419414e-01  7.627899248419414e-01  7.627899248419414e-01  7.627899248419414e-01  0
3.998406725972337e-04  7.067471558184979e-01  7.067471558184979e-01  7.067471558184979e-01  7.067471558184979e-01  0
4.382086743763366e-04  6.461224504043990e-01  6.461224504043990e-01  6.461224504043990e-01  6.461224504043990e-01  0
4.802584015561070e-04  6.227982212860870e-01  6.227982212860870e-01  6.227982212860870e-01  6.227982212860870e-01  0
5.263431459760305e-04  6.465450747899798e-01  6.465450747899798e-01  6.465450747899798e-01  6.465450747899798e-01  0
5.768501007339060e-04  7.086293015128007e-01  7.086293015128007e-01  7.086293015128007e-01  7.086293015128007e-01  0
6.322036132904656e-04  7.807928532080466e-01  7.807928532080466e-01  7.807928532080466e-01  7.807928532080466e-01  0
6.928687507361445e-04  8.400425190116748e-01  8.400425190116748e-01  8.400425190116748e-01  8.400425190116748e-01  0
7.593552071745261e-04  8.629501216180417e-01  8.629501216180417e-01  8.629501216180417e-01  8.629501216180417e-01  0
8.322215860513729e-04  8.388541678594128e-01  8.388541678594128e-01  8.388541678594128e-01  8.388541678594128e-01  0
9.120800934083552e-04  7.757417024285638e-01  7.757417024285638e-01  7.757417024285638e-01  7.757417024285638e-01  0
9.996016814930841e-04  7.440871824062438e-01  7.440871824062438e-01  7.440871824062438e-01  7.440871824062438e-01  0
1.095521685940841e-03  6.796354639417005e-01  6.796354639417005e-01  6.796354639417005e-01  6.796354639417005e-01  0
1.200646003890268e-03  6.489836059451184e-01  6.489836059451184e-01  6.489836059451184e-01  6.489836059451184e-01  0
1.315857864940076e-03  6.643462651612475e-01  6.643462651612475e-01  6.643462651612475e-01  6.643462651612475e-01  0
1.442125251834765e-03  7.192985509147315e-01  7.192985509147315e-01  7.192985509147315e-01  7.192985509147315e-01  0
1.580509033226164e-03  8.126573442159309e-01  8.126573442159309e-01  8.126573442159309e-01  8.126573442159309e-01  0
1.732171876840361e-03  8.674091685797516e-01  8.674091685797516e-01  8.674091685797516e-01  8.674091685797516e-01  0
1.898388017936315e-03  8.925604886081850e-01  8.925604886081850e-01  8.925604886081850e-01  8.925604886081850e-01  0
2.080553965128432e-03  8.735055103860750e-01  8.735055103860750e-01  8.735055103860750e-01  8.735055103860750e-01  0
2.280200233520888e-03  8.141820806225799e-01  8.141820806225799e-01  8.141820806225799e-01  8.141820806225799e-01  0
2.499004203732710e-03  8.706139207719462e-01  8.706139207719462e-01  8.706139207719462e-01  8.706139207719462e-01  0
2.738804214852103e-03  7.949686902971469e-01  7.949686902971469e-01  7.949686902971469e-01  7.949686902971469e-01  0
3.001615009725669e-03  7.428798400660825e-01  7.428798400660825e-01  7.428798400660825e-01  7.428798400660825e-01  0
3.289644662350191e-03  7.333061879429537e-01  7.333061879429537e-01  7.333061879429537e-01  7.333061879429537e-01  0
3.605313129586912e-03  7.663835790863553e-01  7.663835790863553e-01  7.663835790863553e-01  7.663835790863553e-01  0
3.951272583065409e-03  1.013735796612547e+00  1.013735796612547e+00  1.013735796612547e+00  1.013735796612547e+00  0
4.330429692100902e-03  1.029945244599912e+00  1.029945244599912e+00  1.029945244599912e+00  1.029945244599912e+00  0
4.745970044840787e-03  1.038105865873882e+00  1.038105865873882e+00  1.038105865873882e+00  1.038105865873882e+00  0
5.201384912821079e-03  1.015836880290045e+00  1.015836880290045e+00  1.015836880290045e+00  1.015836880290045e+00  0
5.700500583802218e-03  9.560938306322906e-01  9.560938306322906e-01  9.560938306322906e-01  9.560938306322906e-01  0
6.247510509331775e-03  1.346994840930428e+00  1.346994840930428e+00  1.346994840930428e+00  1.346994840930428e+00  0
6.847010537130258e-03  1.254793680939163e+00  1.254793680939163e+00  1.254793680939163e+00  1.254793680939163e+00  0
7.504037524314172e-03  1.155337851471622e+00  1.155337851471622e+00  1.155337851471622e+00  1.155337851471622e+00  0
8.224111655875476e-03  1.076852258331517e+00  1.076852258331517e+00  1.076852258331517e+00  1.076852258331517e+00  0
9.013282823967281e-03  1.036425833842548e+00  1.036425833842548e+00  1.036425833842548e+00  1.036425833842548e+00  0
9.878181457663523e-03  1.257525928384383e+00  1.257525928384383e+00  1.257525928384383e+00  1.257525928384383e+00  0
1.082607423025226e-02  1.335516191368234e+00  1.335516191368234e+00  1.335516191368234e+00  1.335516191368234e+00  0
1.186492511210197e-02  1.395059725051941e+00  1.395059725051941e+00  1.395059725051941e+00  1.395059725051941e+00  0
1.300346228205270e-02  1.422147568543376e+00  1.422147568543376e+00  1.422147568543376e+00  1.422147568543376e+00  0
1.425125145950555e-02  1.404302995901866e+00  1.404302995901866e+00  1.404302995901866e+00  1.404302995901866e+00  0
1.561877627332944e-02  7.074309381680485e-01  7.074309381680485e-01  7.074309381680485e-01  7.074309381680485e-01  0
1.711752634282565e-02  8.428217860861535e-01  8.428217860861535e-01  8.428217860861535e-01  8.428217860861535e-01  0
1.876009381078543e-02  9.680752416860664e-01  9.680752416860664e-01  9.680752416860664e-01  9.680752416860664e-01  0
2.056027913968869e-02  1.080762806670419e+00  1.080762806670419e+00  1.080762806670419e+00  1.080762806670419e+00  0
2.253320705991820e-02  1.183235347230617e+00  1.183235347230617e+00  1.183235347230617e+00  1.183235347230617e+00  0
2.469545364415881e-02  1.788903113438458e-01  1.788903113438458e-01  1.788903113438458e-01  1.788903113438458e-01  0
2.706518557563064e-02  2.453764781190023e-01  2.453764781190023e-01  2.453764781190023e-01  2.453764781190023e-01  0
2.966231278025492e-02  3.335711060809501e-01  3.335711060809501e-01  3.335711060809501e-01  3.335711060809501e-01  0
3.250865570513175e-02  4.438607660076109e-01  4.438607660076109e-01  4.438607660076109e-01  4.438607660076109e-01  0
3.562812864876387e-02  5.717786840670939e-01  5.717786840670939e-01  5.717786840670939e-01  5.717786840670939e-01  0
3.904694068332359e-02  4.644619693738239e-02  4.644619693738239e-02  4.644619693738239e-02  4.644619693738239e-02  0
4.279381585706411e-02  5.807678634628597e-02  5.807678634628597e-02  5.807678634628597e-02  5.807678634628597e-02  0
4.690023452696357e-02  7.456577806517505e-02  7.456577806517505e-02  7.456577806517505e-02  7.456577806517505e-02  0
5.140069784922173e-02  9.825940175752039e-02  9.825940175752039e-02  9.825940175752039e-02  9.825940175752039e-02  0
5.633301764979550e-02  1.328266783427113e-01  1.328266783427113e-01  1.328266783427113e-01  1.328266783427113e-01  0
6.173863411039702e-02  3.820581946712762e-02  3.820581946712762e-02  3.820581946712762e-02  3.820581946712762e-02  0
6.766296393907660e-02  3.859473959701314e-02  3.859473959701314e-02  3.859473959701314e-02  3.859473959701314e-02  0
7.415578195063731e-02  3.859502022534444e-02  3.859502022534444e-02  3.859502022534444e-02  3.859502022534444e-02  0
8.127163926282938e-02  3.922534284378735e-02  3.922534284378735e-02  3.922534284378735e-02  3.922534284378735e-02  0
8.907032162190967e-02  4.168960296743973e-02  4.168960296743973e-02  4.168960296743973e-02  4.168960296743973e-02  0
9.761735170830899e-02  2.029875926475741e-01  2.029875926475741e-01  2.029875926475741e-01  2.029875926475741e-01  0
1.069845396426603e-01  1.721303294943145e-01  1.721303294943145e-01  1.721303294943145e-01  1.721303294943145e-01  0
1.172505863174089e-01  1.393525612989934e-01  1.393525612989934e-01  1.393525612989934e-01  1.393525612989934e-01  0
1.285017446230543e-01  1.094630502199494e-01  1.094630502199494e-01  1.094630502199494e-01  1.094630502199494e-01  0
1.408325441244888e-01  8.522910057990572e-02  8.522910057990572e-02  8.522910057990572e-02  8.522910057990572e-02  0
1.543465852759925e-01  9.318092126097549e-01  9.318092126097549e-01  9.318092126097549e-01  9.318092126097549e-01  0
1.691574098476915e-01  8.916395218842790e-01  8.916395218842790e-01  8.916395218842790e-01  8.916395218842790e-01  0
1.853894548765933e-01  8.024310398985129e-01  8.024310398985129e-01  8.024310398985129e-01  8.024310398985129e-01  0
2.031790981570734e-01  6.809996527012313e-01  6.809996527012313e-01  6.809996527012313e-01  6.809996527012313e-01  0
2.226758040547742e-01  5.468522427760826e-01  5.468522427760826e-01  5.468522427760826e-01  5.468522427760826e-01  0
2.440433792707725e-01  5.433444728935297e-01  5.433444728935297e-01  5.433444728935297e-01  5.433444728935297e-01  0
2.674613491066507e-01  7.078285347381673e-01  7.078285347381673e-01  7.078285347381673e-01  7.078285347381673e-01  0
2.931264657935224e-01  8.617107733172854e-01  8.617107733172854e-01  8.617107733172854e-01  8.617107733172854e-01  0
3.212543615576358e-01  9.814856310757953e-01  9.814856310757953e-01  9.814856310757953e-01  9.814856310757953e-01  0
3.520813603112219e-01  1.047373491512954e+00  1.047373491512954e+00  1.047373491512954e+00  1.047373491512954e+00  0
3.858664631899813e-01  5.111258558595162e-02  5.111258558595162e-02  5.111258558595162e-02  5.111258558595162e-02  0
4.228935246192287e-01  9.443181521458799e-02  9.443181521458799e-02  9.443181521458799e-02  9.443181521458799e-02  0
4.634736371914831e-01  1.625374470414929e-01  1.625374470414929e-01  1.625374470414929e-01  1.625374470414929e-01  0
5.079477453926835e-01  2.607029783209108e-01  2.607029783209108e-01  2.607029783209108e-01  2.607029783209108e-01  0
5.566895101369354e-01  3.898288921019526e-01  3.898288921019526e-01  3.898288921019526e-01  3.898288921019526e-01  0
6.101084481769311e-01  8.310108857666518e-04  8.310108857666518e-04  8.310108857666518e-04  8.310108857666518e-04  0
6.686533727666268e-01  2.169603057155737e-03  2.169603057155737e-03  2.169603057155737e-03  2.169603057155737e-03  0
7.328161644838058e-01  5.300413758881872e-03  5.300413758881872e-03  5.300413758881872e-03  5.300413758881872e-03  0
8.031359038940895e-01  1.209064561460601e-02  1.209064561460601e-02  1.209064561460601e-02  1.209064561460601e-02  0
8.802034007780547e-01  2.571765444984545e-02  2.571765444984545e-02  2.571765444984545e-02  2.571765444984545e-02  0
9.646661579749535e-01  2.922611965034571e-06  2.922611965034571e-06  2.922611965034571e-06  2.922611965034571e-06  0
1.057233811548072e+00  1.034400545387982e-05  1.034400545387982e-05  1.034400545387982e-05  1.034400545387982e-05  0
1.158684092978708e+00  3.424851500794741e-05  3.424851500794741e-05  3.424851500794741e-05  3.424851500794741e-05  0
1.269869363481709e+00  1.065310480746895e-04  1.065310480746895e-04  1.065310480746895e-04  1.065310480746895e-04  0
1.391723775342339e+00  3.118048955984504e-04  3.118048955984504e-04  3.118048955984504e-04  3.118048955984504e-04  0
1.525271120442328e+00  1.696773582949956e-08  1.696773582949956e-08  1.696773582949956e-08  1.696773582949956e-08  0
1.671633431916567e+00  4.251023718661674e-08  4.251023718661674e-08  4.251023718661674e-08  4.251023718661674e-08  0
1.832040411209515e+00  1.212493303433562e-07  1.212493303433562e-07  1.212493303433562e-07  1.212493303433562e-07  0
2.007839759735224e+00  3.815268402079784e-07  3.815268402079784e-07  3.815268402079784e-07  3.815268402079784e-07  0
2.200508501945137e+00  1.245512536723807e-06  1.245512536723807e-06  1.245512536723807e-06  1.245512536723807e-06  0
