-2.200508501945137e+00  1.221323850881573e-04  1.221323850881573e-04  1.221323850881573e-04  1.221323850881573e-04  0
-1.391723775342339e+00  1.824872708947386e-02  1.824872708947386e-02  1.824872708947386e-02  1.824872708947386e-02  0
-8.802034007780547e-01  1.228240985738173e-01  1.228240985738173e-01  1.228240985738173e-01  1.228240985738173e-01  0
-5.566895101369354e-01  6.202854920129286e-01  6.202854920129286e-01  6.202854920129286e-01  6.202854920129286e-01  0
-3.520813603112219e-01  1.507944233809475e+00  1.507944233809475e+00  1.507944233809475e+00  1.507944233809475e+00  0
-2.226758040547742e-01  1.829883763695942e+00  1.829883763695942e+00  1.829883763695942e+00  1.829883763695942e+00  0
-1.408325441244888e-01  1.323783299853819e+00  1.323783299853819e+00  1.323783299853819e+00  1.323783299853819e+00  0
-8.907032162190967e-02  8.494633740312570e-01  8.494633740312570e-01  8.494633740312570e-01  8.494633740312570e-01  0
-5.633301764979550e-02  7.256277338772885e-01  7.256277338772885e-01  7.256277338772885e-01  7.256277338772885e-01  0
-3.562812864876387e-02  7.519018964961468e-01  7.519018964961468e-01  7.519018964961468e-01  7.519018964961468e-01  0
-2.253320705991820e-02  8.397031113210252e-01  8.397031113210252e-01  8.397031113210252e-01  8.397031113210252e-01  0
-1.425125145950555e-02  1.000322730658320e+00  1.000322730658320e+00  1.000322730658320e+00  1.000322730658320e+00  0
-9.013282823967281e-03  1.155592601051794e+00  1.155592601051794e+00  1.155592601051794e+00  1.155592601051794e+00  0
-5.700500583802218e-03  1.079191912027562e+00  1.079191912027562e+00  1.079191912027562e+00  1.079191912027562e+00  0
-3.605313129586912e-03  8.547755689812917e-01  8.547755689812917e-01  8.547755689812917e-01  8.547755689812917e-01  0
-2.280200233520888e-03  7.715602813306626e-01  7.715602813306626e-01  7.715602813306626e-01  7.715602813306626e-01  0
-1.442125251834765e-03  8.412536307299563e-01  8.412536307299563e-01  8.412536307299563e-01  8.412536307299563e-01  0
-9.120800934083552e-04  9.503955959196881e-01  9.503955959196881e-01  9.503955959196881e-01  9.503955959196881e-01  0
-5.768501007339060e-04  1.074692115708973e+00  1.074692115708973e+00  1.074692115708973e+00  1.074692115708973e+00  0
-3.648320373633420e-04  1.211105934245154e+00  1.211105934245154e+00  1.211105934245154e+00  1.211105934245154e+00  0
-2.307400402935624e-04  1.358315455333222e+00  1.358315455333222e+00  1.358315455333222e+00  1.358315455333222e+00  0
-1.459328149453368e-04  1.508199448024012e+00  1.508199448024012e+00  1.508199448024012e+00  1.508199448024012e+00  0
-9.229601611742495e-05  1.661982385315153e+00  1.661982385315153e+00  1.661982385315153e+00  1.661982385315153e+00  0
-5.837312597813472e-05  1.806643854863861e+00  1.806643854863861e+00  1.806643854863861e+00  1.806643854863861e+00  0
-3.691840644696998e-05  1.938663681341680e+00  1.938663681341680e+00  1.938663681341680e+00  1.938663681341680e+00  0
-2.334925039125389e-05  2.051396779744052e+00  2.051396779744052e+00  2.051396779744052e+00  2.051396779744052e+00  0
-1.476736257878799e-05  2.148794726781706e+00  2.148794726781706e+00  2.148794726781706e+00  2.148794726781706e+00  0
-9.339700156501556e-06  2.227650981582129e+00  2.227650981582129e+00  2.227650981582129e+00  2.227650981582129e+00  0
-5.906945031515196e-06  2.292285692662868e+00  2.292285692662868e+00  2.292285692662868e+00  2.292285692662868e+00  0
-3.735880062600622e-06  2.344496467496527e+00  2.344496467496527e+00  2.344496467496527e+00  2.344496467496527e+00  0
-2.362778012606079e-06  2.387009998333697e+00  2.387009998333697e+00  2.387009998333697e+00  2.387009998333697e+00  0
-1.494352025040249e-06  2.422374408116197e+00  2.422374408116197e+00  2.422374408116197e+00  2.422374408116197e+00  0
-9.451112050424314e-07  2.451025346362685e+00  2.451025346362685e+00  2.451025346362685e+00  2.451025346362685e+00  0
-5.977408100160996e-07  2.475712845784666e+00  2.475712845784666e+00  2.475712845784666e+00  2.475712845784666e+00  0
-3.780444820169726e-07  2.496103111971300e+00  2.496103111971300e+00  2.496103111971300e+00  2.496103111971300e+00  0
-2.390963240064398e-07  2.514155612397259e+00  2.514155612397259e+00  2.514155612397259e+00  2.514155612397259e+00  0
-1.512177928067891e-07  2.528372391640199e+00  2.528372391640199e+00  2.528372391640199e+00  2.528372391640199e+00  0
-9.563852960257593e-08  2.541416074532708e+00  2.541416074532708e+00  2.541416074532708e+00  2.541416074532708e+00  0
-6.048711712271561e-08  2.551824376818811e+00  2.551824376818811e+00  2.551824376818811e+00  2.551824376818811e+00  0
-3.825541184103037e-08  2.561694344426165e+00  2.561694344426165e+00  2.561694344426165e+00  2.561694344426165e+00  0
-2.419484684908624e-08  2.569393367187240e+00  2.569393367187240e+00  2.569393367187240e+00  2.569393367187240e+00  0
-1.530216473641215e-08  2.576857663212309e+00  2.576857663212309e+00  2.576857663212309e+00  2.576857663212309e+00  0
-9.677938739634499e-09  2.582738824590363e+00  2.582738824590363e+00  2.582738824590363e+00  2.582738824590363e+00  0
-6.120865894564859e-09  2.588707410556681e+00  2.588707410556681e+00  2.588707410556681e+00  2.588707410556681e+00  0
-3.871175495853799e-09  2.593364853479212e+00  2.593364853479212e+00  2.593364853479212e+00  2.593364853479212e+00  0
-2.448346357825944e-09  2.598128685482453e+00  2.598128685482453e+00  2.598128685482453e+00  2.598128685482453e+00  0
-1.548470198341520e-09  2.601792065696307e+00  2.601792065696307e+00  2.601792065696307e+00  2.601792065696307e+00  0
-9.793385431303775e-10  2.605618129020607e+00  2.605618129020607e+00  2.605618129020607e+00  2.605618129020607e+00  0
-6.193880793366079e-10  2.608815037391491e+00  2.608815037391491e+00  2.608815037391491e+00  2.608815037391491e+00  0
-3.917354172521510e-10  2.621884693615522e+00  2.621884693615522e+00  2.621884693615522e+00  2.621884693615522e+00  0
3.917354172521510e-10  2.631950081066229e+00  2.631950081066229e+00  2.631950081066229e+00  2.631950081066229e+00  0
6.193880793366079e-10  2.642934631345959e+00  2.642934631345959e+00  2.642934631345959e+00  2.642934631345959e+00  0
9.793385431303775e-10  2.641401073155047e+00  2.641401073155047e+00  2.641401073155047e+00  2.641401073155047e+00  0
1.548470198341520e-09  2.640856094158901e+00  2.640856094158901e+00  2.640856094158901e+00  2.640856094158901e+00  0
2.448346357825944e-09  2.639378668259896e+00  2.639378668259896e+00  2.639378668259896e+00  2.639378668259896e+00  0
3.871175495853799e-09  2.638595506523932e+00  2.638595506523932e+00  2.638595506523932e+00  2.638595506523932e+00  0
6.120865894564859e-09  2.636691897575363e+00  2.636691897575363e+00  2.636691897575363e+00  2.636691897575363e+00  0
9.677938739634499e-09  2.635594647623242e+00  2.635594647623242e+00  2.635594647623242e+00  2.635594647623242e+00  0
1.530216473641215e-08  2.633329951462635e+00  2.633329951462635e+00  2.633329951462635e+00  2.633329951462635e+00  0
2.419484684908624e-08  2.631999987888839e+00  2.631999987888839e+00  2.631999987888839e+00  2.631999987888839e+00  0
3.825541184103037e-08  2.628926893263219e+00  2.628926893263219e+00  2.628926893263219e+00  2.628926893263219e+00  0
6.048711712271561e-08  2.626462531733178e+00  2.626462531733178e+00  2.626462531733178e+00  2.626462531733178e+00  0
9.563852960257593e-08  2.621806648476184e+00  2.621806648476184e+00  2.621806648476184e+00  2.621806648476184e+00  0
1.512177928067891e-07  2.617897309610445e+00  2.617897309610445e+00  2.617897309610445e+00  2.617897309610445e+00  0
2.390963240064398e-07  2.610909654488486e+00  2.610909654488486e+00  2.610909654488486e+00  2.610909654488486e+00  0
3.780444820169726e-07  2.604284686130458e+00  2.604284686130458e+00  2.604284686130458e+00  2.604284686130458e+00  0
5.977408100160996e-07  2.593076127035321e+00  2.593076127035321e+00  2.593076127035321e+00  2.593076127035321e+00  0
9.451112050424314e-07  2.581338851032243e+00  2.581338851032243e+00  2.581338851032243e+00  2.581338851032243e+00  0
1.494352025040249e-06  2.562199476291188e+00  2.562199476291188e+00  2.562199476291188e+00  2.562199476291188e+00  0
2.362778012606079e-06  2.540285657443941e+00  2.540285657443941e+00  2.540285657443941e+00  2.540285657443941e+00  0
3.735880062600622e-06  2.505674588227781e+00  2.505674588227781e+00  2.505674588227781e+00  2.505674588227781e+00  0
5.906945031515196e-06  2.463514634245795e+00  2.463514634245795e+00  2.463514634245795e+00  2.463514634245795e+00  0
9.339700156501556e-06  2.399691778007369e+00  2.399691778007369e+00  2.399691778007369e+00  2.399691778007369e+00  0
1.476736257878799e-05  2.320323990518339e+00  2.320323990518339e+00  2.320323990518339e+00  2.320323990518339e+00  0
2.334925039125389e-05  2.209281634382844e+00  2.209281634382844e+00  2.209281634382844e+00  2.209281634382844e+00  0
3.691840644696998e-05  2.075320388009695e+00  2.075320388009695e+00  2.075320388009695e+00  2.075320388009695e+00  0
5.837312597813472e-05  1.909405166604231e+00  1.909405166604231e+00  1.909405166604231e+00  1.909405166604231e+00  0
9.229601611742495e-05  1.723954628109728e+00  1.723954628109728e+00  1.723954628109728e+00  1.723954628109728e+00  0
1.459328149453368e-04  1.529274429869024e+00  1.529274429869024e+00  1.529274429869024e+00  1.529274429869024e+00  0
2.307400402935624e-04  1.332615191715905e+00  1.332615191715905e+00  1.332615191715905e+00  1.332615191715905e+00  0
3.648320373633420e-04  1.148834813134170e+00  1.148834813134170e+00  1.148834813134170e+00  1.148834813134170e+00  0
5.768501007339060e-04  9.746515755722786e-01  9.746515755722786e-01  9.746515755722786e-01  9.746515755722786e-01  0
9.120800934083552e-04  8.307568176743512e-01  8.307568176743512e-01  8.307568176743512e-01  8.307568176743512e-01  0
1.442125251834765e-03  7.002271630861997e-01  7.002271630861997e-01  7.002271630861997e-01  7.002271630861997e-01  0
2.280200233520888e-03  6.002259465953258e-01  6.002259465953258e-01  6.002259465953258e-01  6.002259465953258e-01  0
3.605313129586912e-03  5.299437210364313e-01  5.299437210364313e-01  5.299437210364313e-01  5.299437210364313e-01  0
5.700500583802218e-03  5.059183591518479e-01  5.059183591518479e-01  5.059183591518479e-01  5.059183591518479e-01  0
9.013282823967281e-03  4.764767359049635e-01  4.764767359049635e-01  4.764767359049635e-01  4.764767359049635e-01  0
1.425125145950555e-02  4.233093765971868e-01  4.233093765971868e-01  4.233093765971868e-01  4.233093765971868e-01  0
2.253320705991820e-02  3.621867181689516e-01  3.621867181689516e-01  3.621867181689516e-01  3.621867181689516e-01  0
3.562812864876387e-02  3.174527352529826e-01  3.174527352529826e-01  3.174527352529826e-01  3.174527352529826e-01  0
5.633301764979550e-02  2.864593557433225e-01  2.864593557433225e-01  2.864593557433225e-01  2.864593557433225e-01  0
8.907032162190967e-02  2.976499052458759e-01  2.976499052458759e-01  2.976499052458759e-01  2.976499052458759e-01  0
1.408325441244888e-01  4.043746937368949e-01  4.043746937368949e-01  4.043746937368949e-01  4.043746937368949e-01  0
2.226758040547742e-01  5.296845409049086e-01  5.296845409049086e-01  5.296845409049086e-01  5.296845409049086e-01  0
3.520813603112219e-01  4.368557749893489e-01  4.368557749893489e-01  4.368557749893489e-01  4.368557749893489e-01  0
5.566895101369354e-01  1.885197195486218e-01  1.885197195486218e-01  1.885197195486218e-01  1.885197195486218e-01  0
8.802034007780547e-01  4.280041615644062e-02  4.280041615644062e-02  4.280041615644062e-02  4.280041615644062e-02  0
1.391723775342339e+00  8.094518945708944e-03  8.094518945708944e-03  8.094518945708944e-03  8.094518945708944e-03  0
2.200508501945137e+00  5.404871906972836e-05  5.404871906972836e-05  5.404871906972836e-05  5.404871906972836e-05  0
