-2.200508501945137e+00  -4.342777301733361e-19  -4.342777301733361e-19  -4.342777301733361e-19  -4.342777301733361e-19  0
-2.007839759735224e+00  -2.787405510323616e-19  -2.787405510323616e-19  -2.787405510323616e-19  -2.787405510323616e-19  0
-1.832040411209515e+00  -1.751086473895374e-19  -1.751086473895374e-19  -1.751086473895374e-19  -1.751086473895374e-19  0
-1.671633431916567e+00  -1.067740381097957e-19  -1.067740381097957e-19  -1.067740381097957e-19  -1.067740381097957e-19  0
-1.525271120442328e+00  -6.267599568015308e-20  -6.267599568015308e-20  -6.267599568015308e-20  -6.267599568015308e-20  0
-1.391723775342339e+00  4.905618698230217e-17  4.905618698230217e-17  4.905618698230217e-17  4.905618698230217e-17  0
-1.269869363481709e+00  2.739839921352712e-17  2.739839921352712e-17  2.739839921352712e-17  2.739839921352712e-17  0
-1.158684092978708e+00  1.475003252485860e-17  1.475003252485860e-17  1.475003252485860e-17  1.475003252485860e-17  0
-1.057233811548072e+00  7.785363527570304e-18  7.785363527570304e-18  7.785363527570304e-18  7.785363527570304e-18  0
-9.646661579749535e-01  4.092907929416160e-18  4.092907929416160e-18  4.092907929416160e-18  4.092907929416160e-18  0
-8.802034007780547e-01  -1.668151203878251e-17  -1.668151203878251e-17  -1.668151203878251e-17  -1.668151203878251e-17  0
-8.031359038940895e-01  -1.625290620162122e-17  -1.625290620162122e-17  -1.625290620162122e-17  -1.625290620162122e-17  0
-7.328161644838058e-01  -1.539478279674694e-17  -1.539478279674694e-17  -1.539478279674694e-17  -1.539478279674694e-17  0
-6.686533727666268e-01  -1.344236205982618e-17  -1.344236205982618e-17  -1.344236205982618e-17  -1.344236205982618e-17  0
-6.101084481769311e-01  -1.069389660832453e-17  -1.069389660832453e-17  -1.069389660832453e-17  -1.069389660832453e-17  0
-5.566895101369354e-01  -4.990822978530905e-16  -4.990822978530905e-16  -4.990822978530905e-16  -4.990822978530905e-16  0
-5.079477453926835e-01  -2.790781088028281e-16  -2.790781088028281e-16  -2.790781088028281e-16  -2.790781088028281e-16  0
-4.634736371914831e-01  -1.584317774387941e-16  -1.584317774387941e-16  -1.584317774387941e-16  -1.584317774387941e-16  0
-4.228935246192287e-01  -9.384260040459689e-17  -9.384260040459689e-17  -9.384260040459689e-17  -9.384260040459689e-17  0
-3.858664631899813e-01  -5.834219666326734e-17  -5.834219666326734e-17  -5.834219666326734e-17  -5.834219666326734e-17  0
-3.520813603112219e-01  -3.502981422486140e-16  -3.502981422486140e-16  -3.502981422486140e-16  -3.502981422486140e-16  0
-3.212543615576358e-01  -1.005302774838199e-16  -1.005302774838199e-16  -1.005302774838199e-16  -1.005302774838199e-16  0
-2.931264657935224e-01  1.956627104114424e-17  1.956627104114424e-17  1.956627104114424e-17  1.956627104114424e-17  0
-2.674613491066507e-01  6.354265503568450e-17  6.354265503568450e-17  6.354265503568450e-17  6.354265503568450e-17  0
-2.440433792707725e-01  6.766690738344299e-17  6.766690738344299e-17  6.766690738344299e-17  6.766690738344299e-17  0
-2.226758040547742e-01  -1.136334774304556e-15  -1.136334774304556e-15  -1.136334774304556e-15  -1.136334774304556e-15  0
-2.031790981570734e-01  -3.232172464901288e-16  -3.232172464901288e-16  -3.232172464901288e-16  -3.232172464901288e-16  0
-1.853894548765933e-01  8.631034944491610e-17  8.631034944491610e-17  8.631034944491610e-17  8.631034944491610e-17  0
-1.691574098476915e-01  2.463662893612867e-16  2.463662893612867e-16  2.463662893612867e-16  2.463662893612867e-16  0
-1.543465852759925e-01  2.700557811609705e-16  2.700557811609705e-16  2.700557811609705e-16  2.700557811609705e-16  0
-1.408325441244888e-01  -1.457564776431894e-16  -1.457564776431894e-16  -1.457564776431894e-16  -1.457564776431894e-16  0
-1.285017446230543e-01  4.549950054529781e-16  4.549950054529781e-16  4.549950054529781e-16  4.549950054529781e-16  0
-1.172505863174089e-01  7.028690336035077e-16  7.028690336035077e-16  7.028690336035077e-16  7.028690336035077e-16  0
-1.069845396426603e-01  7.191935168846755e-16  7.191935168846755e-16  7.191935168846755e-16  7.191935168846755e-16  0
-9.761735170830899e-02  6.109876799334340e-16  6.109876799334340e-16  6.109876799334340e-16  6.109876799334340e-16  0
-8.907032162190967e-02  -6.115179594475248e-15  -6.115179594475248e-15  -6.115179594475248e-15  -6.115179594475248e-15  0
-8.127163926282938e-02  -3.108673507503243e-15  -3.108673507503243e-15  -3.108673507503243e-15  -3.108673507503243e-15  0
-7.415578195063731e-02  -1.380946494753758e-15  -1.380946494753758e-15  -1.380946494753758e-15  -1.380946494753758e-15  0
-6.766296393907660e-02  -4.607237730637844e-16  -4.607237730637844e-16  -4.607237730637844e-16  -4.607237730637844e-16  0
-6.173863411039702e-02  -1.663336177589482e-17  -1.663336177589482e-17  -1.663336177589482e-17  -1.663336177589482e-17  0
-5.633301764979550e-02  3.701064526942420e-15  3.701064526942420e-15  3.701064526942420e-15  3.701064526942420e-15  0
-5.140069784922173e-02  3.381377337596049e-15  3.381377337596049e-15  3.381377337596049e-15  3.381377337596049e-15  0
-4.690023452696357e-02  3.031423120377429e-15  3.031423120377429e-15  3.031423120377429e-15  3.031423120377429e-15  0
-4.279381585706411e-02  2.550612706299749e-15  2.550612706299749e-15  2.550612706299749e-15  2.550612706299749e-15  0
-3.904694068332359e-02  1.984184445685218e-15  1.984184445685218e-15  1.984184445685218e-15  1.984184445685218e-15  0
-3.562812864876387e-02  -7.219743010861474e-15  -7.219743010861474e-15  -7.219743010861474e-15  -7.219743010861474e-15  0
-3.250865570513175e-02  -3.382162066840563e-15  -3.382162066840563e-15  -3.382162066840563e-15  -3.382162066840563e-15  0
-2.966231278025492e-02  -9.691328287478852e-16  -9.691328287478852e-16  -9.691328287478852e-16  -9.691328287478852e-16  0
-2.706518557563064e-02  3.738782495200842e-16  3.738782495200842e-16  3.738782495200842e-16  3.738782495200842e-16  0
-2.469545364415881e-02  9.812730295842862e-16  9.812730295842862e-16  9.812730295842862e-16  9.812730295842862e-16  0
-2.253320705991820e-02  -7.121296374291746e-15  -7.121296374291746e-15  -7.121296374291746e-15  -7.121296374291746e-15  0
-2.056027913968869e-02  -8.448103539653954e-15  -8.448103539653954e-15  -8.448103539653954e-15  -8.448103539653954e-15  0
-1.876009381078543e-02  -7.440247425578369e-15  -7.440247425578369e-15  -7.440247425578369e-15  -7.440247425578369e-15  0
-1.711752634282565e-02  -5.642189334542523e-15  -5.642189334542523e-15  -5.642189334542523e-15  -5.642189334542523e-15  0
-1.561877627332944e-02  -3.845568374322253e-15  -3.845568374322253e-15  -3.845568374322253e-15  -3.845568374322253e-15  0
-1.425125145950555e-02  -1.520427859902750e-14  -1.520427859902750e-14  -1.520427859902750e-14  -1.520427859902750e-14  0
-1.300346228205270e-02  -8.314903307422451e-15  -8.314903307422451e-15  -8.314903307422451e-15  -8.314903307422451e-15  0
-1.186492511210197e-02  -3.295487209652398e-15  -3.295487209652398e-15  -3.295487209652398e-15  -3.295487209652398e-15  0
-1.082607423025226e-02  -2.856116529377715e-16  -2.856116529377715e-16  -2.856116529377715e-16  -2.856116529377715e-16  0
-9.878181457663523e-03  1.153043483464122e-15  1.153043483464122e-15  1.153043483464122e-15  1.153043483464122e-15  0
-9.013282823967281e-03  -4.892044190418682e-15  -4.892044190418682e-15  -4.892044190418682e-15  -4.892044190418682e-15  0
-8.224111655875476e-03  -3.350289446431679e-14  -3.350289446431679e-14  -3.350289446431679e-14  -3.350289446431679e-14  0
-7.504037524314172e-03  -3.837192069517785e-14  -3.837192069517785e-14  -3.837192069517785e-14  -3.837192069517785e-14  0
-6.847010537130258e-03  -3.247492039101301e-14  -3.247492039101301e-14  -3.247492039101301e-14  -3.247492039101301e-14  0
-6.247510509331775e-03  -2.329228881503349e-14  -2.329228881503349e-14  -2.329228881503349e-14  -2.329228881503349e-14  0
-5.700500583802218e-03  -1.302971673466041e-13  -1.302971673466041e-13  -1.302971673466041e-13  -1.302971673466041e-13  0
-5.201384912821079e-03  -8.579561877277577e-14  -8.579561877277577e-14  -8.579561877277577e-14  -8.579561877277577e-14  0
-4.745970044840787e-03  -5.113265121554776e-14  -5.113265121554776e-14  -5.113265121554776e-14  -5.113265121554776e-14  0
-4.330429692100902e-03  -2.801545492384162e-14  -2.801545492384162e-14  -2.801545492384162e-14  -2.801545492384162e-14  0
-3.951272583065409e-03  -1.420223130139767e-14  -1.420223130139767e-14  -1.420223130139767e-14  -1.420223130139767e-14  0
-3.605313129586912e-03  -4.761946639704251e-13  -4.761946639704251e-13  -4.761946639704251e-13  -4.761946639704251e-13  0
-3.289644662350191e-03  -5.024947728860835e-13  -5.024947728860835e-13  -5.024947728860835e-13  -5.024947728860835e-13  0
-3.001615009725669e-03  -4.368477203809108e-13  -4.368477203809108e-13  -4.368477203809108e-13  -4.368477203809108e-13  0
-2.738804214852103e-03  -3.360364256098152e-13  -3.360364256098152e-13  -3.360364256098152e-13  -3.360364256098152e-13  0
-2.499004203732710e-03  -2.340161156642304e-13  -2.340161156642304e-13  -2.340161156642304e-13  -2.340161156642304e-13  0
-2.280200233520888e-03  -6.481050787277159e-13  -6.481050787277159e-13  -6.481050787277159e-13  -6.481050787277159e-13  0
-2.080553965128432e-03  -4.447505974156542e-13  -4.447505974156542e-13  -4.447505974156542e-13  -4.447505974156542e-13  0
-1.898388017936315e-03  -2.761927118922624e-13  -2.761927118922624e-13  -2.761927118922624e-13  -2.761927118922624e-13  0
-1.732171876840361e-03  -1.564921894472189e-13  -1.564921894472189e-13  -1.564921894472189e-13  -1.564921894472189e-13  0
-1.580509033226164e-03  -8.022023410096230e-14  -8.022023410096230e-14  -8.022023410096230e-14  -8.022023410096230e-14  0
-1.442125251834765e-03  -2.372243666398731e-12  -2.372243666398731e-12  -2.372243666398731e-12  -2.372243666398731e-12  0
-1.315857864940076e-03  -2.321589769266962e-12  -2.321589769266962e-12  -2.321589769266962e-12  -2.321589769266962e-12  0
-1.200646003890268e-03  -1.950200016632883e-12  -1.950200016632883e-12  -1.950200016632883e-12  -1.950200016632883e-12  0
-1.095521685940841e-03  -1.466547276839291e-12  -1.466547276839291e-12  -1.466547276839291e-12  -1.466547276839291e-12  0
-9.996016814930841e-04  -1.000135872153035e-12  -1.000135872153035e-12  -1.000135872153035e-12  -1.000135872153035e-12  0
-9.120800934083552e-04  -2.219903075552810e-12  -2.219903075552810e-12  -2.219903075552810e-12  -2.219903075552810e-12  0
-8.322215860513729e-04  -1.660319666467892e-12  -1.660319666467892e-12  -1.660319666467892e-12  -1.660319666467892e-12  0
-7.593552071745261e-04  -1.109828991562553e-12  -1.109828991562553e-12  -1.109828991562553e-12  -1.109828991562553e-12  0
-6.928687507361445e-04  -6.725096573430664e-13  -6.725096573430664e-13  -6.725096573430664e-13  -6.725096573430664e-13  0
-6.322036132904656e-04  -3.675849124519579e-13  -3.675849124519579e-13  -3.675849124519579e-13  -3.675849124519579e-13  0
-5.768501007339060e-04  -7.240904940394636e-12  -7.240904940394636e-12  -7.240904940394636e-12  -7.240904940394636e-12  0
-5.263431459760305e-04  -7.322731501900677e-12  -7.322731501900677e-12  -7.322731501900677e-12  -7.322731501900677e-12  0
-4.802584015561070e-04  -6.245542257053207e-12  -6.245542257053207e-12  -6.245542257053207e-12  -6.245542257053207e-12  0
-4.382086743763366e-04  -4.730229350116465e-12  -4.730229350116465e-12  -4.730229350116465e-12  -4.730229350116465e-12  0
-3.998406725972337e-04  -3.234136217365376e-12  -3.234136217365376e-12  -3.234136217365376e-12  -3.234136217365376e-12  0
-3.648320373633420e-04  -7.234278545111990e-12  -7.234278545111990e-12  -7.234278545111990e-12  -7.234278545111990e-12  0
-3.328886344205491e-04  -5.984063422337910e-12  -5.984063422337910e-12  -5.984063422337910e-12  -5.984063422337910e-12  0
-3.037420828698104e-04  -4.362867925885021e-12  -4.362867925885021e-12  -4.362867925885021e-12  -4.362867925885021e-12  0
-2.771475002944578e-04  -2.874486699635438e-12  -2.874486699635438e-12  -2.874486699635438e-12  -2.874486699635438e-12  0
-2.528814453161862e-04  -1.721118416817379e-12  -1.721118416817379e-12  -1.721118416817379e-12  -1.721118416817379e-12  0
-2.307400402935624e-04  -1.897090587930637e-11  -1.897090587930637e-11  -1.897090587930637e-11  -1.897090587930637e-11  0
-2.105372583904122e-04  -2.042436137567539e-11  -2.042436137567539e-11  -2.042436137567539e-11  -2.042436137567539e-11  0
-1.921033606224428e-04  -1.805163355783517e-11  -1.805163355783517e-11  -1.805163355783517e-11  -1.805163355783517e-11  0
-1.752834697505346e-04  -1.404416471768148e-11  -1.404416471768148e-11  -1.404416471768148e-11  -1.404416471768148e-11  0
-1.599362690388935e-04  -9.838860563498185e-12  -9.838860563498185e-12  -9.838860563498185e-12  -9.838860563498185e-12  0
-1.459328149453368e-04  -1.461404372163514e-11  -1.461404372163514e-11  -1.461404372163514e-11  -1.461404372163514e-11  0
-1.331554537682196e-04  -1.444955073660197e-11  -1.444955073660197e-11  -1.444955073660197e-11  -1.444955073660197e-11  0
-1.214968331479242e-04  -1.186159187894053e-11  -1.186159187894053e-11  -1.186159187894053e-11  -1.186159187894053e-11  0
-1.108590001177831e-04  -8.577299784908762e-12  -8.577299784908762e-12  -8.577299784908762e-12  -8.577299784908762e-12  0
-1.011525781264745e-04  -5.572428299100109e-12  -5.572428299100109e-12  -5.572428299100109e-12  -5.572428299100109e-12  0
-9.229601611742495e-05  -2.029436046578957e-11  -2.029436046578957e-11  -2.029436046578957e-11  -2.029436046578957e-11  0
-8.421490335616489e-05  -3.314241639113195e-11  -3.314241639113195e-11  -3.314241639113195e-11  -3.314241639113195e-11  0
-7.684134424897712e-05  -3.426684057958324e-11  -3.426684057958324e-11  -3.426684057958324e-11  -3.426684057958324e-11  0
-7.011338790021385e-05  -2.928637504732277e-11  -2.928637504732277e-11  -2.928637504732277e-11  -2.928637504732277e-11  0
-6.397450761555738e-05  -2.204587882491856e-11  -2.204587882491856e-11  -2.204587882491856e-11  -2.204587882491856e-11  0
-5.837312597813472e-05  -7.449894915682606e-12  -7.449894915682606e-12  -7.449894915682606e-12  -7.449894915682606e-12  0
-5.326218150728786e-05  -1.725334199590872e-11  -1.725334199590872e-11  -1.725334199590872e-11  -1.725334199590872e-11  0
-4.859873325916966e-05  -1.898446181791462e-11  -1.898446181791462e-11  -1.898446181791462e-11  -1.898446181791462e-11  0
-4.434360004711324e-05  -1.639964336717770e-11  -1.639964336717770e-11  -1.639964336717770e-11  -1.639964336717770e-11  0
-4.046103125058979e-05  -1.222376335704216e-11  -1.222376335704216e-11  -1.222376335704216e-11  -1.222376335704216e-11  0
-3.691840644696998e-05  1.188099078439921e-11  1.188099078439921e-11  1.188099078439921e-11  1.188099078439921e-11  0
-3.368596134246595e-05  -2.736336418343311e-11  -2.736336418343311e-11  -2.736336418343311e-11  -2.736336418343311e-11  0
-3.073653769959084e-05  -4.313479478824631e-11  -4.313479478824631e-11  -4.313479478824631e-11  -4.313479478824631e-11  0
-2.804535516008554e-05  -4.446452875448797e-11  -4.446452875448797e-11  -4.446452875448797e-11  -4.446452875448797e-11  0
-2.558980304622295e-05  -3.812704481068889e-11  -3.812704481068889e-11  -3.812704481068889e-11  -3.812704481068889e-11  0
-2.334925039125389e-05  1.813615500480043e-11  1.813615500480043e-11  1.813615500480043e-11  1.813615500480043e-11  0
-2.130487260291514e-05  -4.679354062731375e-12  -4.679354062731375e-12  -4.679354062731375e-12  -4.679354062731375e-12  0
-1.943949330366787e-05  -1.488982600103898e-11  -1.488982600103898e-11  -1.488982600103898e-11  -1.488982600103898e-11  0
-1.773744001884530e-05  -1.703392600193186e-11  -1.703392600193186e-11  -1.703392600193186e-11  -1.703392600193186e-11  0
-1.618441250023592e-05  -1.494012883545101e-11  -1.494012883545101e-11  -1.494012883545101e-11  -1.494012883545101e-11  0
-1.476736257878799e-05  8.636898391975482e-11  8.636898391975482e-11  8.636898391975482e-11  8.636898391975482e-11  0
-1.347438453698638e-05  1.694095715862410e-11  1.694095715862410e-11  1.694095715862410e-11  1.694095715862410e-11  0
-1.229461507983634e-05  -1.966432475038366e-11  -1.966432475038366e-11  -1.966432475038366e-11  -1.966432475038366e-11  0
-1.121814206403422e-05  -3.470623491971609e-11  -3.470623491971609e-11  -3.470623491971609e-11  -3.470623491971609e-11  0
-1.023592121848918e-05  -3.670012007544547e-11  -3.670012007544547e-11  -3.670012007544547e-11  -3.670012007544547e-11  0
-9.339700156501556e-06  4.313074929892750e-11  4.313074929892750e-11  4.313074929892750e-11  4.313074929892750e-11  0
-8.521949041166058e-06  6.179609215219943e-12  6.179609215219943e-12  6.179609215219943e-12  6.179609215219943e-12  0
-7.775797321467146e-06  -1.301116934879360e-11  -1.301116934879360e-11  -1.301116934879360e-11  -1.301116934879360e-11  0
-7.094976007538119e-06  -1.982219610226866e-11  -1.982219610226866e-11  -1.982219610226866e-11  -1.982219610226866e-11  0
-6.473765000094367e-06  -1.940617378051074e-11  -1.940617378051074e-11  -1.940617378051074e-11  -1.940617378051074e-11  0
-5.906945031515196e-06  -1.057752267764649e-10  -1.057752267764649e-10  -1.057752267764649e-10  -1.057752267764649e-10  0
-5.389753814794552e-06  -1.020512476548091e-10  -1.020512476548091e-10  -1.020512476548091e-10  -1.020512476548091e-10  0
-4.917846031934535e-06  -9.750430274509370e-11  -9.750430274509370e-11  -9.750430274509370e-11  -9.750430274509370e-11  0
-4.487256825613686e-06  -8.917199435189275e-11  -8.917199435189275e-11  -8.917199435189275e-11  -8.917199435189275e-11  0
-4.094368487395672e-06  -7.660512672987377e-11  -7.660512672987377e-11  -7.660512672987377e-11  -7.660512672987377e-11  0
-3.735880062600622e-06  -2.783346430559847e-11  -2.783346430559847e-11  -2.783346430559847e-11  -2.783346430559847e-11  0
-3.408779616466423e-06  -1.185301588231052e-11  -1.185301588231052e-11  -1.185301588231052e-11  -1.185301588231052e-11  0
-3.110318928586858e-06  -2.841524974290672e-12  -2.841524974290672e-12  -2.841524974290672e-12  -2.841524974290672e-12  0
-2.837990403015248e-06  1.085890677332814e-12  1.085890677332814e-12  1.085890677332814e-12  1.085890677332814e-12  0
-2.589506000037746e-06  1.926105674176186e-12  1.926105674176186e-12  1.926105674176186e-12  1.926105674176186e-12  0
-2.362778012606079e-06  -1.680035018084654e-10  -1.680035018084654e-10  -1.680035018084654e-10  -1.680035018084654e-10  0
-2.155901525917821e-06  -7.632564725643361e-11  -7.632564725643361e-11  -7.632564725643361e-11  -7.632564725643361e-11  0
-1.967138412773814e-06  -2.514877886100501e-11  -2.514877886100501e-11  -2.514877886100501e-11  -2.514877886100501e-11  0
-1.794902730245475e-06  3.389038043799925e-13  3.389038043799925e-13  3.389038043799925e-13  3.389038043799925e-13  0
-1.637747394958269e-06  1.088136039722827e-11  1.088136039722827e-11  1.088136039722827e-11  1.088136039722827e-11  0
-1.494352025040249e-06  -6.554766187857547e-11  -6.554766187857547e-11  -6.554766187857547e-11  -6.554766187857547e-11  0
-1.363511846586569e-06  -2.370946903529817e-11  -2.370946903529817e-11  -2.370946903529817e-11  -2.370946903529817e-11  0
-1.244127571434743e-06  1.639040359030163e-13  1.639040359030163e-13  1.639040359030163e-13  1.639040359030163e-13  0
-1.135196161206099e-06  1.090082191005810e-11  1.090082191005810e-11  1.090082191005810e-11  1.090082191005810e-11  0
-1.035802400015099e-06  1.349306266856688e-11  1.349306266856688e-11  1.349306266856688e-11  1.349306266856688e-11  0
-9.451112050424314e-07  -8.785329673294461e-11  -8.785329673294461e-11  -8.785329673294461e-11  -8.785329673294461e-11  0
-8.623606103671284e-07  4.258447907685943e-12  4.258447907685943e-12  4.258447907685943e-12  4.258447907685943e-12  0
-7.868553651095256e-07  5.235986984266686e-11  5.235986984266686e-11  5.235986984266686e-11  5.235986984266686e-11  0
-7.179610920981897e-07  7.048937335361423e-11  7.048937335361423e-11  7.048937335361423e-11  7.048937335361423e-11  0
-6.550989579833075e-07  7.013922715164692e-11  7.013922715164692e-11  7.013922715164692e-11  7.013922715164692e-11  0
-5.977408100160996e-07  -2.656563382758794e-11  -2.656563382758794e-11  -2.656563382758794e-11  -2.656563382758794e-11  0
-5.454047386346277e-07  2.170300219894746e-12  2.170300219894746e-12  2.170300219894746e-12  2.170300219894746e-12  0
-4.976510285738974e-07  1.725859538285970e-11  1.725859538285970e-11  1.725859538285970e-11  1.725859538285970e-11  0
-4.540784644824396e-07  2.231189101635707e-11  2.231189101635707e-11  2.231189101635707e-11  2.231189101635707e-11  0
-4.143209600060395e-07  2.123294580937222e-11  2.123294580937222e-11  2.123294580937222e-11  2.123294580937222e-11  0
-3.780444820169726e-07  5.958450504814142e-09  5.958450504814142e-09  5.958450504814142e-09  5.958450504814142e-09  0
-3.449442441468514e-07  3.441869903741695e-09  3.441869903741695e-09  3.441869903741695e-09  3.441869903741695e-09  0
-3.147421460438103e-07  1.981075237257692e-09  1.981075237257692e-09  1.981075237257692e-09  1.981075237257692e-09  0
-2.871844368392759e-07  1.160455529538153e-09  1.160455529538153e-09  1.160455529538153e-09  1.160455529538153e-09  0
-2.620395831933230e-07  6.968526133992531e-10  6.968526133992531e-10  6.968526133992531e-10  6.968526133992531e-10  0
-2.390963240064398e-07  1.992525395927822e-09  1.992525395927822e-09  1.992525395927822e-09  1.992525395927822e-09  0
-2.181618954538510e-07  5.502354740156969e-10  5.502354740156969e-10  5.502354740156969e-10  5.502354740156969e-10  0
-1.990604114295589e-07  -2.495731560406840e-10  -2.495731560406840e-10  -2.495731560406840e-10  -2.495731560406840e-10  0
-1.816313857929758e-07  -5.772143133850679e-10  -5.772143133850679e-10  -5.772143133850679e-10  -5.772143133850679e-10  0
-1.657283840024158e-07  -6.139506626956370e-10  -6.139506626956370e-10  -6.139506626956370e-10  -6.139506626956370e-10  0
-1.512177928067891e-07  1.357130115661918e-09  1.357130115661918e-09  1.357130115661918e-09  1.357130115661918e-09  0
-1.379776976587406e-07  -4.070228915866134e-10  -4.070228915866134e-10  -4.070228915866134e-10  -4.070228915866134e-10  0
-1.258968584175241e-07  -1.432246185559610e-09  -1.432246185559610e-09  -1.432246185559610e-09  -1.432246185559610e-09  0
-1.148737747357104e-07  -1.890290077722473e-09  -1.890290077722473e-09  -1.890290077722473e-09  -1.890290077722473e-09  0
-1.048158332773292e-07  -1.940383080097560e-09  -1.940383080097560e-09  -1.940383080097560e-09  -1.940383080097560e-09  0
-9.563852960257593e-08  9.855192178132272e-10  9.855192178132272e-10  9.855192178132272e-10  9.855192178132272e-10  0
-8.726475818154042e-08  3.515923712739841e-10  3.515923712739841e-10  3.515923712739841e-10  3.515923712739841e-10  0
-7.962416457182358e-08  -1.942145805365806e-11  -1.942145805365806e-11  -1.942145805365806e-11  -1.942145805365806e-11  0
-7.265255431719034e-08  -1.966704030541962e-10  -1.966704030541962e-10  -1.966704030541962e-10  -1.966704030541962e-10  0
-6.629135360096631e-08  -2.511911169018839e-10  -2.511911169018839e-10  -2.511911169018839e-10  -2.511911169018839e-10  0
-6.048711712271561e-08  -2.299246059447965e-08  -2.299246059447965e-08  -2.299246059447965e-08  -2.299246059447965e-08  0
-5.519107906349621e-08  -1.369236707209822e-08  -1.369236707209822e-08  -1.369236707209822e-08  -1.369236707209822e-08  0
-5.035874336700964e-08  -8.282822252094593e-09  -8.282822252094593e-09  -8.282822252094593e-09  -8.282822252094593e-09  0
-4.594950989428414e-08  -5.195254559123678e-09  -5.195254559123678e-09  -5.195254559123678e-09  -5.195254559123678e-09  0
-4.192633331093168e-08  -3.375846284557437e-09  -3.375846284557437e-09  -3.375846284557437e-09  -3.375846284557437e-09  0
-3.825541184103037e-08  -7.927591777624090e-09  -7.927591777624090e-09  -7.927591777624090e-09  -7.927591777624090e-09  0
-3.490590327261617e-08  -2.308414196833831e-09  -2.308414196833831e-09  -2.308414196833831e-09  -2.308414196833831e-09  0
-3.184966582872943e-08  8.206024668436219e-10  8.206024668436219e-10  8.206024668436219e-10  8.206024668436219e-10  0
-2.906102172687613e-08  2.117719287201179e-09  2.117719287201179e-09  2.117719287201179e-09  2.117719287201179e-09  0
-2.651654144038653e-08  2.284337377667530e-09  2.284337377667530e-09  2.284337377667530e-09  2.284337377667530e-09  0
-2.419484684908624e-08  1.410396844007162e-08  1.410396844007162e-08  1.410396844007162e-08  1.410396844007162e-08  0
-2.207643162539849e-08  1.325323269987642e-08  1.325323269987642e-08  1.325323269987642e-08  1.325323269987642e-08  0
-2.014349734680386e-08  1.261904291500815e-08  1.261904291500815e-08  1.261904291500815e-08  1.261904291500815e-08  0
-1.837980395771366e-08  1.167006245781502e-08  1.167006245781502e-08  1.167006245781502e-08  1.167006245781502e-08  0
-1.677053332437267e-08  1.022065587433636e-08  1.022065587433636e-08  1.022065587433636e-08  1.022065587433636e-08  0
-1.530216473641215e-08  4.121478820461635e-09  4.121478820461635e-09  4.121478820461635e-09  4.121478820461635e-09  0
-1.396236130904647e-08  1.410447277793983e-09  1.410447277793983e-09  1.410447277793983e-09  1.410447277793983e-09  0
-1.273986633149177e-08  -8.622916990863424e-11  -8.622916990863424e-11  -8.622916990863424e-11  -8.622916990863424e-11  0
-1.162440869075045e-08  -6.912463990933806e-10  -6.912463990933806e-10  -6.912463990933806e-10  -6.912463990933806e-10  0
-1.060661657615461e-08  -7.523375803359309e-10  -7.523375803359309e-10  -7.523375803359309e-10  -7.523375803359309e-10  0
-9.677938739634499e-09  8.831055066908192e-08  8.831055066908192e-08  8.831055066908192e-08  8.831055066908192e-08  0
-8.830572650159394e-09  4.582081852179939e-08  4.582081852179939e-08  4.582081852179939e-08  4.582081852179939e-08  0
-8.057398938721544e-09  2.178754671896557e-08  2.178754671896557e-08  2.178754671896557e-08  2.178754671896557e-08  0
-7.351921583085463e-09  9.188590620619145e-09  9.188590620619145e-09  9.188590620619145e-09  9.188590620619145e-09  0
-6.708213329749070e-09  3.067937658344671e-09  3.067937658344671e-09  3.067937658344671e-09  3.067937658344671e-09  0
-6.120865894564859e-09  2.639848630408562e-08  2.639848630408562e-08  2.639848630408562e-08  2.639848630408562e-08  0
-5.584944523618587e-09  5.552321423397334e-09  5.552321423397334e-09  5.552321423397334e-09  5.552321423397334e-09  0
-5.095946532596709e-09  -5.841873667385028e-09  -5.841873667385028e-09  -5.841873667385028e-09  -5.841873667385028e-09  0
-4.649763476300181e-09  -1.028008325177111e-08  -1.028008325177111e-08  -1.028008325177111e-08  -1.028008325177111e-08  0
-4.242646630461844e-09  -1.044174120294286e-08  -1.044174120294286e-08  -1.044174120294286e-08  -1.044174120294286e-08  0
-3.871175495853799e-09  -1.784101885379989e-07  -1.784101885379989e-07  -1.784101885379989e-07  -1.784101885379989e-07  0
-3.532229060063758e-09  -1.187918966823095e-07  -1.187918966823095e-07  -1.187918966823095e-07  -1.187918966823095e-07  0
-3.222959575488617e-09  -8.467854305010423e-08  -8.467854305010423e-08  -8.467854305010423e-08  -8.467854305010423e-08  0
-2.940768633234185e-09  -6.427436440914192e-08  -6.427436440914192e-08  -6.427436440914192e-08  -6.427436440914192e-08  0
-2.683285331899628e-09  -5.008297558097337e-08  -5.008297558097337e-08  -5.008297558097337e-08  -5.008297558097337e-08  0
-2.448346357825944e-09  -5.669519994816408e-08  -5.669519994816408e-08  -5.669519994816408e-08  -5.669519994816408e-08  0
-2.233977809447435e-09  -1.573568571273233e-08  -1.573568571273233e-08  -1.573568571273233e-08  -1.573568571273233e-08  0
-2.038378613038684e-09  6.857759477014913e-09  6.857759477014913e-09  6.857759477014913e-09  6.857759477014913e-09  0
-1.859905390520072e-09  1.594553544617646e-08  1.594553544617646e-08  1.594553544617646e-08  1.594553544617646e-08  0
-1.697058652184738e-09  1.673775417597646e-08  1.673775417597646e-08  1.673775417597646e-08  1.673775417597646e-08  0
-1.548470198341520e-09  1.509775049178690e-07  1.509775049178690e-07  1.509775049178690e-07  1.509775049178690e-07  0
-1.412891624025503e-09  1.167925397257167e-07  1.167925397257167e-07  1.167925397257167e-07  1.167925397257167e-07  0
-1.289183830195447e-09  9.783195576706886e-08  9.783195576706886e-08  9.783195576706886e-08  9.783195576706886e-08  0
-1.176307453293674e-09  8.483130017873775e-08  8.483130017873775e-08  8.483130017873775e-08  8.483130017873775e-08  0
-1.073314132759851e-09  7.249949446827445e-08  7.249949446827445e-08  7.249949446827445e-08  7.249949446827445e-08  0
-9.793385431303775e-10  3.875556887673448e-08  3.875556887673448e-08  3.875556887673448e-08  3.875556887673448e-08  0
-8.935911237789739e-10  9.833233793283498e-09  9.833233793283498e-09  9.833233793283498e-09  9.833233793283498e-09  0
-8.153514452154734e-10  -5.833777587545788e-09  -5.833777587545788e-09  -5.833777587545788e-09  -5.833777587545788e-09  0
-7.439621562080290e-10  -1.175908859621734e-08  -1.175908859621734e-08  -1.175908859621734e-08  -1.175908859621734e-08  0
-6.788234608738951e-10  -1.175172209150285e-08  -1.175172209150285e-08  -1.175172209150285e-08  -1.175172209150285e-08  0
-6.193880793366079e-10  1.084405311448757e-06  1.084405311448757e-06  1.084405311448757e-06  1.084405311448757e-06  0
-5.651566496102012e-10  5.922222198938486e-07  5.922222198938486e-07  5.922222198938486e-07  5.922222198938486e-07  0
-5.156735320781787e-10  3.076313930413630e-07  3.076313930413630e-07  3.076313930413630e-07  3.076313930413630e-07  0
-4.705229813174697e-10  1.519113477021747e-07  1.519113477021747e-07  1.519113477021747e-07  1.519113477021747e-07  0
-4.293256531039404e-10  7.017331743438956e-08  7.017331743438956e-08  7.017331743438956e-08  7.017331743438956e-08  0
-3.917354172521510e-10  3.156143649773302e-07  3.156143649773302e-07  3.156143649773302e-07  3.156143649773302e-07  0
-3.574364495115896e-10  6.111790100188016e-08  6.111790100188016e-08  6.111790100188016e-08  6.111790100188016e-08  0
-3.261405780861894e-10  -7.744123733436220e-08  -7.744123733436220e-08  -7.744123733436220e-08  -7.744123733436220e-08  0
-2.975848624832116e-10  -1.306732808302793e-07  -1.306732808302793e-07  -1.306732808302793e-07  -1.306732808302793e-07  0
-2.715293843495580e-10  -1.315035871463259e-07  -1.315035871463259e-07  -1.315035871463259e-07  -1.315035871463259e-07  0
-2.477552317346432e-10  -3.020643491622982e-06  -3.020643491622982e-06  -3.020643491622982e-06  -3.020643491622982e-06  0
-2.260626598440805e-10  -1.984079403052614e-06  -1.984079403052614e-06  -1.984079403052614e-06  -1.984079403052614e-06  0
-2.062694128312715e-10  -1.379104260066333e-06  -1.379104260066333e-06  -1.379104260066333e-06  -1.379104260066333e-06  0
-1.882091925269879e-10  -1.014191864887670e-06  -1.014191864887670e-06  -1.014191864887670e-06  -1.014191864887670e-06  0
-1.717302612415762e-10  -7.665041011359781e-07  -7.665041011359781e-07  -7.665041011359781e-07  -7.665041011359781e-07  0
-1.566941669008604e-10  -9.629857463025897e-07  -9.629857463025897e-07  -9.629857463025897e-07  -9.629857463025897e-07  0
-1.429745798046358e-10  -2.730457978288541e-07  -2.730457978288541e-07  -2.730457978288541e-07  -2.730457978288541e-07  0
-1.304562312344757e-10  1.087906721876869e-07  1.087906721876869e-07  1.087906721876869e-07  1.087906721876869e-07  0
-1.190339449932846e-10  2.640617202346580e-07  2.640617202346580e-07  2.640617202346580e-07  2.640617202346580e-07  0
-1.086117537398232e-10  2.799897139917148e-07  2.799897139917148e-07  2.799897139917148e-07  2.799897139917148e-07  0
-9.910209269385727e-11  -8.905371737814818e-06  -8.905371737814818e-06  -8.905371737814818e-06  -8.905371737814818e-06  0
-9.042506393763221e-11  -4.411288175018391e-06  -4.411288175018391e-06  -4.411288175018391e-06  -4.411288175018391e-06  0
-8.250776513250861e-11  -1.838919800894687e-06  -1.838919800894687e-06  -1.838919800894687e-06  -1.838919800894687e-06  0
-7.528367701079515e-11  -4.897207559642314e-07  -4.897207559642314e-07  -4.897207559642314e-07  -4.897207559642314e-07  0
-6.869210449663047e-11  1.381202849226282e-07  1.381202849226282e-07  1.381202849226282e-07  1.381202849226282e-07  0
-6.267766676034417e-11  -3.646641868875155e-06  -3.646641868875155e-06  -3.646641868875155e-06  -3.646641868875155e-06  0
-5.718983192185434e-11  -1.229007185914626e-06  -1.229007185914626e-06  -1.229007185914626e-06  -1.229007185914626e-06  0
-5.218249249379031e-11  1.426539365230685e-07  1.426539365230685e-07  1.426539365230685e-07  1.426539365230685e-07  0
-4.761357799731386e-11  7.447350185605333e-07  7.447350185605333e-07  7.447350185605333e-07  7.447350185605333e-07  0
-4.344470149592929e-11  8.686135968609226e-07  8.686135968609226e-07  8.686135968609226e-07  8.686135968609226e-07  0
-3.964083707754291e-11  -3.037695318273877e-05  -3.037695318273877e-05  -3.037695318273877e-05  -3.037695318273877e-05  0
-3.617002557505288e-11  -1.543192395308780e-05  -1.543192395308780e-05  -1.543192395308780e-05  -1.543192395308780e-05  0
-3.300310605300344e-11  -6.781612848874504e-06  -6.781612848874504e-06  -6.781612848874504e-06  -6.781612848874504e-06  0
-3.011347080431806e-11  -2.153084371598492e-06  -2.153084371598492e-06  -2.153084371598492e-06  -2.153084371598492e-06  0
-2.747684179865219e-11  8.127535925268660e-08  8.127535925268660e-08  8.127535925268660e-08  8.127535925268660e-08  0
-2.507106670413766e-11  -1.185152807171741e-05  -1.185152807171741e-05  -1.185152807171741e-05  -1.185152807171741e-05  0
-2.287593276874173e-11  -3.721905165115379e-06  -3.721905165115379e-06  -3.721905165115379e-06  -3.721905165115379e-06  0
-2.087299699751612e-11  8.562729944664999e-07  8.562729944664999e-07  8.562729944664999e-07  8.562729944664999e-07  0
-1.904543119892554e-11  2.822293600181970e-06  2.822293600181970e-06  2.822293600181970e-06  2.822293600181970e-06  0
-1.737788059837171e-11  3.169098037796912e-06  3.169098037796912e-06  3.169098037796912e-06  3.169098037796912e-06  0
-1.585633483101716e-11  -2.497096045452096e-05  -2.497096045452096e-05  -2.497096045452096e-05  -2.497096045452096e-05  0
-1.446801023002115e-11  -6.284142163807770e-06  -6.284142163807770e-06  -6.284142163807770e-06  -6.284142163807770e-06  0
-1.320124242120137e-11  4.164091065727701e-06  4.164091065727701e-06  4.164091065727701e-06  4.164091065727701e-06  0
-1.204538832172722e-11  8.968439699064471e-06  8.968439699064471e-06  8.968439699064471e-06  8.968439699064471e-06  0
-1.099073671946087e-11  1.018522525506586e-05  1.018522525506586e-05  1.018522525506586e-05  1.018522525506586e-05  0
-1.002842668165507e-11  -1.126437259503429e-05  -1.126437259503429e-05  -1.126437259503429e-05  -1.126437259503429e-05  0
-9.150373107496694e-12  -3.723894163514292e-06  -3.723894163514292e-06  -3.723894163514292e-06  -3.723894163514292e-06  0
-8.349198799006448e-12  5.798783689555439e-07  5.798783689555439e-07  5.798783689555439e-07  5.798783689555439e-07  0
-7.618172479570218e-12  2.503716244143651e-06  2.503716244143651e-06  2.503716244143651e-06  2.503716244143651e-06  0
-6.951152239348686e-12  2.942483506211101e-06  2.942483506211101e-06  2.942483506211101e-06  2.942483506211101e-06  0
-6.342533932406865e-12  8.595341493934144e-05  8.595341493934144e-05  8.595341493934144e-05  8.595341493934144e-05  0
-5.787204092008461e-12  5.559890662561018e-05  5.559890662561018e-05  5.559890662561018e-05  5.559890662561018e-05  0
-5.280496968480550e-12  3.796690697212375e-05  3.796690697212375e-05  3.796690697212375e-05  3.796690697212375e-05  0
-4.818155328690889e-12  2.743990215116677e-05  2.743990215116677e-05  2.743990215116677e-05  2.743990215116677e-05  0
-4.396294687784350e-12  2.042106907385360e-05  2.042106907385360e-05  2.042106907385360e-05  2.042106907385360e-05  0
-4.011370672662026e-12  2.498691496231590e-05  2.498691496231590e-05  2.498691496231590e-05  2.498691496231590e-05  0
-3.660149242998677e-12  5.279082079068430e-06  5.279082079068430e-06  5.279082079068430e-06  5.279082079068430e-06  0
-3.339679519602579e-12  -5.404601424531829e-06  -5.404601424531829e-06  -5.404601424531829e-06  -5.404601424531829e-06  0
-3.047268991828087e-12  -9.466881805604414e-06  -9.466881805604414e-06  -9.466881805604414e-06  -9.466881805604414e-06  0
-2.780460895739474e-12  -9.484075444504472e-06  -9.484075444504472e-06  -9.484075444504472e-06  -9.484075444504472e-06  0
-2.537013572962746e-12  3.958091269269959e-05  3.958091269269959e-05  3.958091269269959e-05  3.958091269269959e-05  0
-2.314881636803384e-12  -8.120088771408134e-06  -8.120088771408134e-06  -8.120088771408134e-06  -8.120088771408134e-06  0
-2.112198787392220e-12  -3.230228103614003e-05  -3.230228103614003e-05  -3.230228103614003e-05  -3.230228103614003e-05  0
-1.927262131476356e-12  -4.067042216155702e-05  -4.067042216155702e-05  -4.067042216155702e-05  -4.067042216155702e-05  0
-1.758517875113740e-12  -3.946826286065825e-05  -3.946826286065825e-05  -3.946826286065825e-05  -3.946826286065825e-05  0
-1.604548269064811e-12  1.274166928412427e-05  1.274166928412427e-05  1.274166928412427e-05  1.274166928412427e-05  0
-1.464059697199471e-12  4.877116649144162e-06  4.877116649144162e-06  4.877116649144162e-06  4.877116649144162e-06  0
-1.335871807841032e-12  2.523427639300635e-07  2.523427639300635e-07  2.523427639300635e-07  2.523427639300635e-07  0
-1.218907596731235e-12  -1.994117862180800e-06  -1.994117862180800e-06  -1.994117862180800e-06  -1.994117862180800e-06  0
-1.112184358295790e-12  -2.732426995167819e-06  -2.732426995167819e-06  -2.732426995167819e-06  -2.732426995167819e-06  0
-1.014805429185098e-12  5.677929096773625e-04  5.677929096773625e-04  5.677929096773625e-04  5.677929096773625e-04  0
-9.259526547213539e-13  3.299425995283124e-04  3.299425995283124e-04  3.299425995283124e-04  3.299425995283124e-04  0
-8.448795149568881e-13  1.902461669313525e-04  1.902461669313525e-04  1.902461669313525e-04  1.902461669313525e-04  0
-7.709048525905423e-13  1.105615559893782e-04  1.105615559893782e-04  1.105615559893782e-04  1.105615559893782e-04  0
-7.034071500454960e-13  6.509808725175018e-05  6.509808725175018e-05  6.509808725175018e-05  6.509808725175018e-05  0
-6.418193076259243e-13  2.099081182482974e-06  2.099081182482974e-06  2.099081182482974e-06  2.099081182482974e-06  0
-5.856238788797884e-13  1.688203337769544e-06  1.688203337769544e-06  1.688203337769544e-06  1.688203337769544e-06  0
-5.343487231364127e-13  1.291366336268376e-06  1.291366336268376e-06  1.291366336268376e-06  1.291366336268376e-06  0
-4.875630386924940e-13  9.661120543395211e-07  9.661120543395211e-07  9.661120543395211e-07  9.661120543395211e-07  0
-4.448737433183159e-13  7.377039542677790e-07  7.377039542677790e-07  7.377039542677790e-07  7.377039542677790e-07  0
4.448737433183159e-13  1.090934039441739e-06  1.090934039441739e-06  1.090934039441739e-06  1.090934039441739e-06  0
4.875630386924940e-13  1.433446828188946e-06  1.433446828188946e-06  1.433446828188946e-06  1.433446828188946e-06  0
5.343487231364127e-13  1.915520791970933e-06  1.915520791970933e-06  1.915520791970933e-06  1.915520791970933e-06  0
5.856238788797884e-13  2.497742288904704e-06  2.497742288904704e-06  2.497742288904704e-06  2.497742288904704e-06  0
6.418193076259243e-13  3.094743284111499e-06  3.094743284111499e-06  3.094743284111499e-06  3.094743284111499e-06  0
7.034071500454960e-13  -6.276305406152038e-05  -6.276305406152038e-05  -6.276305406152038e-05  -6.276305406152038e-05  0
7.709048525905423e-13  -1.129003673871440e-04  -1.129003673871440e-04  -1.129003673871440e-04  -1.129003673871440e-04  0
8.448795149568881e-13  -2.039446086831316e-04  -2.039446086831316e-04  -2.039446086831316e-04  -2.039446086831316e-04  0
9.259526547213539e-13  -3.661215876548235e-04  -3.661215876548235e-04  -3.661215876548235e-04  -3.661215876548235e-04  0
1.014805429185098e-12  -6.424628307945332e-04  -6.424628307945332e-04  -6.424628307945332e-04  -6.424628307945332e-04  0
1.112184358295790e-12  6.702004735375555e-06  6.702004735375555e-06  6.702004735375555e-06  6.702004735375555e-06  0
1.218907596731235e-12  6.979693164085043e-06  6.979693164085043e-06  6.979693164085043e-06  6.979693164085043e-06  0
1.335871807841032e-12  5.477091888275694e-06  5.477091888275694e-06  5.477091888275694e-06  5.477091888275694e-06  0
1.464059697199471e-12  1.081174104440637e-06  1.081174104440637e-06  1.081174104440637e-06  1.081174104440637e-06  0
1.604548269064811e-12  -7.236072229672123e-06  -7.236072229672123e-06  -7.236072229672123e-06  -7.236072229672123e-06  0
1.758517875113740e-12  3.648614246490628e-05  3.648614246490628e-05  3.648614246490628e-05  3.648614246490628e-05  0
1.927262131476356e-12  3.657712956329513e-05  3.657712956329513e-05  3.657712956329513e-05  3.657712956329513e-05  0
2.112198787392220e-12  2.691650101497683e-05  2.691650101497683e-05  2.691650101497683e-05  2.691650101497683e-05  0
2.314881636803384e-12  1.243705626813770e-06  1.243705626813770e-06  1.243705626813770e-06  1.243705626813770e-06  0
2.537013572962746e-12  -4.817421143366202e-05  -4.817421143366202e-05  -4.817421143366202e-05  -4.817421143366202e-05  0
2.780460895739474e-12  8.963965670167408e-06  8.963965670167408e-06  8.963965670167408e-06  8.963965670167408e-06  0
3.047268991828087e-12  8.847323265107867e-06  8.847323265107867e-06  8.847323265107867e-06  8.847323265107867e-06  0
3.339679519602579e-12  4.832577590876797e-06  4.832577590876797e-06  4.832577590876797e-06  4.832577590876797e-06  0
3.660149242998677e-12  -5.525712077668644e-06  -5.525712077668644e-06  -5.525712077668644e-06  -5.525712077668644e-06  0
4.011370672662026e-12  -2.448432507291761e-05  -2.448432507291761e-05  -2.448432507291761e-05  -2.448432507291761e-05  0
4.396294687784350e-12  -1.879839102986217e-05  -1.879839102986217e-05  -1.879839102986217e-05  -1.879839102986217e-05  0
4.818155328690889e-12  -2.520624976903703e-05  -2.520624976903703e-05  -2.520624976903703e-05  -2.520624976903703e-05  0
5.280496968480550e-12  -3.480842855412960e-05  -3.480842855412960e-05  -3.480842855412960e-05  -3.480842855412960e-05  0
5.787204092008461e-12  -5.089535527669031e-05  -5.089535527669031e-05  -5.089535527669031e-05  -5.089535527669031e-05  0
6.342533932406865e-12  -7.858716935512182e-05  -7.858716935512182e-05  -7.858716935512182e-05  -7.858716935512182e-05  0
6.951152239348686e-12  -2.847822729829817e-06  -2.847822729829817e-06  -2.847822729829817e-06  -2.847822729829817e-06  0
7.618172479570218e-12  -2.429708271744942e-06  -2.429708271744942e-06  -2.429708271744942e-06  -2.429708271744942e-06  0
8.349198799006448e-12  -5.710269060099726e-07  -5.710269060099726e-07  -5.710269060099726e-07  -5.710269060099726e-07  0
9.150373107496694e-12  3.592791391692789e-06  3.592791391692789e-06  3.592791391692789e-06  3.592791391692789e-06  0
1.002842668165507e-11  1.088414798568282e-05  1.088414798568282e-05  1.088414798568282e-05  1.088414798568282e-05  0
1.099073671946087e-11  -9.319361794808417e-06  -9.319361794808417e-06  -9.319361794808417e-06  -9.319361794808417e-06  0
1.204538832172722e-11  -8.161449612208577e-06  -8.161449612208577e-06  -8.161449612208577e-06  -8.161449612208577e-06  0
1.320124242120137e-11  -3.622469876003095e-06  -3.622469876003095e-06  -3.622469876003095e-06  -3.622469876003095e-06  0
1.446801023002115e-11  6.270928957991308e-06  6.270928957991308e-06  6.270928957991308e-06  6.270928957991308e-06  0
1.585633483101716e-11  2.401240190642957e-05  2.401240190642957e-05  2.401240190642957e-05  2.401240190642957e-05  0
1.737788059837171e-11  -2.562910432624581e-06  -2.562910432624581e-06  -2.562910432624581e-06  -2.562910432624581e-06  0
1.904543119892554e-11  -2.116496688413832e-06  -2.116496688413832e-06  -2.116496688413832e-06  -2.116496688413832e-06  0
2.087299699751612e-11  -1.696127293225453e-07  -1.696127293225453e-07  -1.696127293225453e-07  -1.696127293225453e-07  0
2.287593276874173e-11  4.186436123068695e-06  4.186436123068695e-06  4.186436123068695e-06  4.186436123068695e-06  0
2.507106670413766e-11  1.181495796170738e-05  1.181495796170738e-05  1.181495796170738e-05  1.181495796170738e-05  0
2.747684179865219e-11  -3.014789952603579e-07  -3.014789952603579e-07  -3.014789952603579e-07  -3.014789952603579e-07  0
3.011347080431806e-11  1.695361886107918e-06  1.695361886107918e-06  1.695361886107918e-06  1.695361886107918e-06  0
3.300310605300344e-11  5.886690291242678e-06  5.886690291242678e-06  5.886690291242678e-06  5.886690291242678e-06  0
3.617002557505288e-11  1.375647174274037e-05  1.375647174274037e-05  1.375647174274037e-05  1.375647174274037e-05  0
3.964083707754291e-11  2.736848315218807e-05  2.736848315218807e-05  2.736848315218807e-05  2.736848315218807e-05  0
4.344470149592929e-11  -7.627161931766767e-07  -7.627161931766767e-07  -7.627161931766767e-07  -7.627161931766767e-07  0
4.761357799731386e-11  -6.188958422979120e-07  -6.188958422979120e-07  -6.188958422979120e-07  -6.188958422979120e-07  0
5.218249249379031e-11  -1.456335673304938e-08  -1.456335673304938e-08  -1.456335673304938e-08  -1.456335673304938e-08  0
5.718983192185434e-11  1.328737539599642e-06  1.328737539599642e-06  1.328737539599642e-06  1.328737539599642e-06  0
6.267766676034417e-11  3.676009502331318e-06  3.676009502331318e-06  3.676009502331318e-06  3.676009502331318e-06  0
6.869210449663047e-11  -2.505353816970507e-07  -2.505353816970507e-07  -2.505353816970507e-07  -2.505353816970507e-07  0
7.528367701079515e-11  3.188128575608309e-07  3.188128575608309e-07  3.188128575608309e-07  3.188128575608309e-07  0
8.250776513250861e-11  1.577015966147158e-06  1.577015966147158e-06  1.577015966147158e-06  1.577015966147158e-06  0
9.042506393763221e-11  4.002268087428171e-06  4.002268087428171e-06  4.002268087428171e-06  4.002268087428171e-06  0
9.910209269385727e-11  8.256971104937990e-06  8.256971104937990e-06  8.256971104937990e-06  8.256971104937990e-06  0
1.086117537398232e-10  -2.915055606554325e-07  -2.915055606554325e-07  -2.915055606554325e-07  -2.915055606554325e-07  0
1.190339449932846e-10  -2.805442346517558e-07  -2.805442346517558e-07  -2.805442346517558e-07  -2.805442346517558e-07  0
1.304562312344757e-10  -1.310837817888240e-07  -1.310837817888240e-07  -1.310837817888240e-07  -1.310837817888240e-07  0
1.429745798046358e-10  2.439541107016288e-07  2.439541107016288e-07  2.439541107016288e-07  2.439541107016288e-07  0
1.566941669008604e-10  9.257153049234174e-07  9.257153049234174e-07  9.257153049234174e-07  9.257153049234174e-07  0
1.717302612415762e-10  8.048981271455805e-07  8.048981271455805e-07  8.048981271455805e-07  8.048981271455805e-07  0
1.882091925269879e-10  1.053473413666704e-06  1.053473413666704e-06  1.053473413666704e-06  1.053473413666704e-06  0
2.062694128312715e-10  1.412123531959118e-06  1.412123531959118e-06  1.412123531959118e-06  1.412123531959118e-06  0
2.260626598440805e-10  2.000597799735531e-06  2.000597799735531e-06  2.000597799735531e-06  2.000597799735531e-06  0
2.477552317346432e-10  3.007076705869079e-06  3.007076705869079e-06  3.007076705869079e-06  3.007076705869079e-06  0
2.715293843495580e-10  1.531370387498783e-07  1.531370387498783e-07  1.531370387498783e-07  1.531370387498783e-07  0
2.975848624832116e-10  1.548389481971931e-07  1.548389481971931e-07  1.548389481971931e-07  1.548389481971931e-07  0
3.261405780861894e-10  9.914071283881845e-08  9.914071283881845e-08  9.914071283881845e-08  9.914071283881845e-08  0
3.574364495115896e-10  -5.017666355286751e-08  -5.017666355286751e-08  -5.017666355286751e-08  -5.017666355286751e-08  0
3.917354172521510e-10  -3.266757827909898e-07  -3.266757827909898e-07  -3.266757827909898e-07  -3.266757827909898e-07  0
4.293256531039404e-10  -6.191959808765477e-08  -6.191959808765477e-08  -6.191959808765477e-08  -6.191959808765477e-08  0
4.705229813174697e-10  -1.534760775203621e-07  -1.534760775203621e-07  -1.534760775203621e-07  -1.534760775203621e-07  0
5.156735320781787e-10  -3.292015015224855e-07  -3.292015015224855e-07  -3.292015015224855e-07  -3.292015015224855e-07  0
5.651566496102012e-10  -6.494358710857446e-07  -6.494358710857446e-07  -6.494358710857446e-07  -6.494358710857446e-07  0
6.193880793366079e-10  -1.200405806193573e-06  -1.200405806193573e-06  -1.200405806193573e-06  -1.200405806193573e-06  0
6.788234608738951e-10  2.803046318217494e-08  2.803046318217494e-08  2.803046318217494e-08  2.803046318217494e-08  0
7.439621562080290e-10  3.037653069952799e-08  3.037653069952799e-08  3.037653069952799e-08  3.037653069952799e-08  0
8.153514452154734e-10  2.349917624855851e-08  2.349917624855851e-08  2.349917624855851e-08  2.349917624855851e-08  0
8.935911237789739e-10  1.362633821442672e-09  1.362633821442672e-09  1.362633821442672e-09  1.362633821442672e-09  0
9.793385431303775e-10  -4.151764937488228e-08  -4.151764937488228e-08  -4.151764937488228e-08  -4.151764937488228e-08  0
1.073314132759851e-09  -6.390822390332405e-08  -6.390822390332405e-08  -6.390822390332405e-08  -6.390822390332405e-08  0
1.176307453293674e-09  -8.180564360384880e-08  -8.180564360384880e-08  -8.180564360384880e-08  -8.180564360384880e-08  0
1.289183830195447e-09  -1.077194488708342e-07  -1.077194488708342e-07  -1.077194488708342e-07  -1.077194488708342e-07  0
1.412891624025503e-09  -1.513805371661170e-07  -1.513805371661170e-07  -1.513805371661170e-07  -1.513805371661170e-07  0
1.548470198341520e-09  -2.280759176162573e-07  -2.280759176162573e-07  -2.280759176162573e-07  -2.280759176162573e-07  0
1.697058652184738e-09  -8.675254614867582e-09  -8.675254614867582e-09  -8.675254614867582e-09  -8.675254614867582e-09  0
1.859905390520072e-09  -7.031349184617120e-09  -7.031349184617120e-09  -7.031349184617120e-09  -7.031349184617120e-09  0
2.038378613038684e-09  7.826855995279494e-10  7.826855995279494e-10  7.826855995279494e-10  7.826855995279494e-10  0
2.233977809447435e-09  1.857410378376879e-08  1.857410378376879e-08  1.857410378376879e-08  1.857410378376879e-08  0
2.448346357825944e-09  4.993621978913689e-08  4.993621978913689e-08  4.993621978913689e-08  4.993621978913689e-08  0
2.683285331899628e-09  4.045602974067896e-08  4.045602974067896e-08  4.045602974067896e-08  4.045602974067896e-08  0
2.940768633234185e-09  4.916375615673809e-08  4.916375615673809e-08  4.916375615673809e-08  4.916375615673809e-08  0
3.222959575488617e-09  6.093322073440485e-08  6.093322073440485e-08  6.093322073440485e-08  6.093322073440485e-08  0
3.532229060063758e-09  8.106709188776407e-08  8.106709188776407e-08  8.106709188776407e-08  8.106709188776407e-08  0
3.871175495853799e-09  1.180293825306524e-07  1.180293825306524e-07  1.180293825306524e-07  1.180293825306524e-07  0
4.242646630461844e-09  1.105717145254319e-08  1.105717145254319e-08  1.105717145254319e-08  1.105717145254319e-08  0
4.649763476300181e-09  1.099933341255189e-08  1.099933341255189e-08  1.099933341255189e-08  1.099933341255189e-08  0
5.095946532596709e-09  6.522580766566501e-09  6.522580766566501e-09  6.522580766566501e-09  6.522580766566501e-09  0
5.584944523618587e-09  -5.151716037637879e-09  -5.151716037637879e-09  -5.151716037637879e-09  -5.151716037637879e-09  0
6.120865894564859e-09  -2.660701121199535e-08  -2.660701121199535e-08  -2.660701121199535e-08  -2.660701121199535e-08  0
6.708213329749070e-09  -4.874098196688702e-09  -4.874098196688702e-09  -4.874098196688702e-09  -4.874098196688702e-09  0
7.351921583085463e-09  -1.145436393477436e-08  -1.145436393477436e-08  -1.145436393477436e-08  -1.145436393477436e-08  0
8.057398938721544e-09  -2.466295828817181e-08  -2.466295828817181e-08  -2.466295828817181e-08  -2.466295828817181e-08  0
8.830572650159394e-09  -4.966248077697437e-08  -4.966248077697437e-08  -4.966248077697437e-08  -4.966248077697437e-08  0
9.677938739634499e-09  -9.380977745695395e-08  -9.380977745695395e-08  -9.380977745695395e-08  -9.380977745695395e-08  0
1.060661657615461e-08  4.310822995937891e-10  4.310822995937891e-10  4.310822995937891e-10  4.310822995937891e-10  0
1.162440869075045e-08  3.765309385509682e-10  3.765309385509682e-10  3.765309385509682e-10  3.765309385509682e-10  0
1.273986633149177e-08  -9.149219949706650e-11  -9.149219949706650e-11  -9.149219949706650e-11  -9.149219949706650e-11  0
1.396236130904647e-08  -1.239190436326309e-09  -1.239190436326309e-09  -1.239190436326309e-09  -1.239190436326309e-09  0
1.530216473641215e-08  -3.313056586876283e-09  -3.313056586876283e-09  -3.313056586876283e-09  -3.313056586876283e-09  0
1.677053332437267e-08  -1.008847249875757e-08  -1.008847249875757e-08  -1.008847249875757e-08  -1.008847249875757e-08  0
1.837980395771366e-08  -1.126649162474238e-08  -1.126649162474238e-08  -1.126649162474238e-08  -1.126649162474238e-08  0
2.014349734680386e-08  -1.169250934691288e-08  -1.169250934691288e-08  -1.169250934691288e-08  -1.169250934691288e-08  0
2.207643162539849e-08  -1.138156096790150e-08  -1.138156096790150e-08  -1.138156096790150e-08  -1.138156096790150e-08  0
2.419484684908624e-08  -1.062287247250994e-08  -1.062287247250994e-08  -1.062287247250994e-08  -1.062287247250994e-08  0
2.651654144038653e-08  -2.465736359264066e-09  -2.465736359264066e-09  -2.465736359264066e-09  -2.465736359264066e-09  0
2.906102172687613e-08  -2.324567757490333e-09  -2.324567757490333e-09  -2.324567757490333e-09  -2.324567757490333e-09  0
3.184966582872943e-08  -1.005041011995369e-09  -1.005041011995369e-09  -1.005041011995369e-09  -1.005041011995369e-09  0
3.490590327261617e-08  2.226852531548568e-09  2.226852531548568e-09  2.226852531548568e-09  2.226852531548568e-09  0
3.825541184103037e-08  8.058487857816120e-09  8.058487857816120e-09  8.058487857816120e-09  8.058487857816120e-09  0
4.192633331093168e-08  3.887396852101974e-09  3.887396852101974e-09  3.887396852101974e-09  3.887396852101974e-09  0
4.594950989428414e-08  5.821767253987348e-09  5.821767253987348e-09  5.821767253987348e-09  5.821767253987348e-09  0
5.035874336700964e-08  9.045528797948861e-09  9.045528797948861e-09  9.045528797948861e-09  9.045528797948861e-09  0
5.519107906349621e-08  1.465239942555657e-08  1.465239942555657e-08  1.465239942555657e-08  1.465239942555657e-08  0
6.048711712271561e-08  2.427921916833171e-08  2.427921916833171e-08  2.427921916833171e-08  2.427921916833171e-08  0
6.629135360096631e-08  3.967464712731519e-10  3.967464712731519e-10  3.967464712731519e-10  3.967464712731519e-10  0
7.265255431719034e-08  3.577539227162255e-10  3.577539227162255e-10  3.577539227162255e-10  3.577539227162255e-10  0
7.962416457182358e-08  1.591321575570611e-10  1.591321575570611e-10  1.591321575570611e-10  1.591321575570611e-10  0
8.726475818154042e-08  -2.945233604665558e-10  -2.945233604665558e-10  -2.945233604665558e-10  -2.945233604665558e-10  0
9.563852960257593e-08  -1.094385671531397e-09  -1.094385671531397e-09  -1.094385671531397e-09  -1.094385671531397e-09  0
1.048158332773292e-07  1.779562956274430e-09  1.779562956274430e-09  1.779562956274430e-09  1.779562956274430e-09  0
1.148737747357104e-07  1.623952431355844e-09  1.623952431355844e-09  1.623952431355844e-09  1.623952431355844e-09  0
1.258968584175241e-07  1.004728534751189e-09  1.004728534751189e-09  1.004728534751189e-09  1.004728534751189e-09  0
1.379776976587406e-07  -2.693924323980953e-10  -2.693924323980953e-10  -2.693924323980953e-10  -2.693924323980953e-10  0
1.512177928067891e-07  -2.419769875100510e-09  -2.419769875100510e-09  -2.419769875100510e-09  -2.419769875100510e-09  0
1.657283840024158e-07  6.408492039880351e-10  6.408492039880351e-10  6.408492039880351e-10  6.408492039880351e-10  0
1.816313857929758e-07  6.073150256068370e-10  6.073150256068370e-10  6.073150256068370e-10  6.073150256068370e-10  0
1.990604114295589e-07  2.758148517473524e-10  2.758148517473524e-10  2.758148517473524e-10  2.758148517473524e-10  0
2.181618954538510e-07  -5.396406514266070e-10  -5.396406514266070e-10  -5.396406514266070e-10  -5.396406514266070e-10  0
2.390963240064398e-07  -2.013619774454404e-09  -2.013619774454404e-09  -2.013619774454404e-09  -2.013619774454404e-09  0
2.620395831933230e-07  -7.374005385114768e-10  -7.374005385114768e-10  -7.374005385114768e-10  -7.374005385114768e-10  0
2.871844368392759e-07  -1.218450405306964e-09  -1.218450405306964e-09  -1.218450405306964e-09  -1.218450405306964e-09  0
3.147421460438103e-07  -2.067738478636313e-09  -2.067738478636313e-09  -2.067738478636313e-09  -2.067738478636313e-09  0
3.449442441468514e-07  -3.578603349789295e-09  -3.578603349789295e-09  -3.578603349789295e-09  -3.578603349789295e-09  0
3.780444820169726e-07  -6.181950078386113e-09  -6.181950078386113e-09  -6.181950078386113e-09  -6.181950078386113e-09  0
4.143209600060395e-07  -2.795120590173548e-11  -2.795120590173548e-11  -2.795120590173548e-11  -2.795120590173548e-11  0
4.540784644824396e-07  -2.945181411695876e-11  -2.945181411695876e-11  -2.945181411695876e-11  -2.945181411695876e-11  0
4.976510285738974e-07  -2.295780608313766e-11  -2.295780608313766e-11  -2.295780608313766e-11  -2.295780608313766e-11  0
5.454047386346277e-07  -3.371462222542731e-12  -3.371462222542731e-12  -3.371462222542731e-12  -3.371462222542731e-12  0
5.977408100160996e-07  3.402757206175403e-11  3.402757206175403e-11  3.402757206175403e-11  3.402757206175403e-11  0
6.550989579833075e-07  -8.350749793294769e-11  -8.350749793294769e-11  -8.350749793294769e-11  -8.350749793294769e-11  0
7.179610920981897e-07  -8.097764424170459e-11  -8.097764424170459e-11  -8.097764424170459e-11  -8.097764424170459e-11  0
7.868553651095256e-07  -5.475037508886295e-11  -5.475037508886295e-11  -5.475037508886295e-11  -5.475037508886295e-11  0
8.623606103671284e-07  9.290257161762276e-12  9.290257161762276e-12  9.290257161762276e-12  9.290257161762276e-12  0
9.451112050424314e-07  1.285676323037188e-10  1.285676323037188e-10  1.285676323037188e-10  1.285676323037188e-10  0
1.035802400015099e-06  -2.334986746029933e-11  -2.334986746029933e-11  -2.334986746029933e-11  -2.334986746029933e-11  0
1.135196161206099e-06  -2.227307195594608e-11  -2.227307195594608e-11  -2.227307195594608e-11  -2.227307195594608e-11  0
1.244127571434743e-06  -1.080381813265387e-11  -1.080381813265387e-11  -1.080381813265387e-11  -1.080381813265387e-11  0
1.363511846586569e-06  1.763038716293872e-11  1.763038716293872e-11  1.763038716293872e-11  1.763038716293872e-11  0
1.494352025040249e-06  6.929168962582729e-11  6.929168962582729e-11  6.929168962582729e-11  6.929168962582729e-11  0
1.637747394958269e-06  6.345630535746259e-12  6.345630535746259e-12  6.345630535746259e-12  6.345630535746259e-12  0
1.794902730245475e-06  2.298016184194300e-11  2.298016184194300e-11  2.298016184194300e-11  2.298016184194300e-11  0
1.967138412773814e-06  5.715449456198347e-11  5.715449456198347e-11  5.715449456198347e-11  5.715449456198347e-11  0
2.155901525917821e-06  1.220064140495699e-10  1.220064140495699e-10  1.220064140495699e-10  1.220064140495699e-10  0
2.362778012606079e-06  2.361702829201419e-10  2.361702829201419e-10  2.361702829201419e-10  2.361702829201419e-10  0
2.589506000037746e-06  4.135695324512948e-13  4.135695324512948e-13  4.135695324512948e-13  4.135695324512948e-13  0
2.837990403015248e-06  1.463799167311412e-12  1.463799167311412e-12  1.463799167311412e-12  1.463799167311412e-12  0
3.110318928586858e-06  4.914742700199162e-12  4.914742700199162e-12  4.914742700199162e-12  4.914742700199162e-12  0
3.408779616466423e-06  1.230991023407593e-11  1.230991023407593e-11  1.230991023407593e-11  1.230991023407593e-11  0
3.735880062600622e-06  2.511444537320284e-11  2.511444537320284e-11  2.511444537320284e-11  2.511444537320284e-11  0
4.094368487395672e-06  7.419883787335489e-11  7.419883787335489e-11  7.419883787335489e-11  7.419883787335489e-11  0
4.487256825613686e-06  8.537392454719007e-11  8.537392454719007e-11  8.537392454719007e-11  8.537392454719007e-11  0
4.917846031934535e-06  9.153956247071053e-11  9.153956247071053e-11  9.153956247071053e-11  9.153956247071053e-11  0
5.389753814794552e-06  9.262066449673782e-11  9.262066449673782e-11  9.262066449673782e-11  9.262066449673782e-11  0
5.906945031515196e-06  9.075946263721938e-11  9.075946263721938e-11  9.075946263721938e-11  9.075946263721938e-11  0
6.473765000094367e-06  2.037334908911037e-11  2.037334908911037e-11  2.037334908911037e-11  2.037334908911037e-11  0
7.094976007538119e-06  2.110574811136749e-11  2.110574811136749e-11  2.110574811136749e-11  2.110574811136749e-11  0
7.775797321467146e-06  1.460664401710613e-11  1.460664401710613e-11  1.460664401710613e-11  1.460664401710613e-11  0
8.521949041166058e-06  -4.308757348737000e-12  -4.308757348737000e-12  -4.308757348737000e-12  -4.308757348737000e-12  0
9.339700156501556e-06  -4.104055674308559e-11  -4.104055674308559e-11  -4.104055674308559e-11  -4.104055674308559e-11  0
1.023592121848918e-05  3.716567589160704e-11  3.716567589160704e-11  3.716567589160704e-11  3.716567589160704e-11  0
1.121814206403422e-05  3.508648830224074e-11  3.508648830224074e-11  3.508648830224074e-11  3.508648830224074e-11  0
1.229461507983634e-05  1.977494144611219e-11  1.977494144611219e-11  1.977494144611219e-11  1.977494144611219e-11  0
1.347438453698638e-05  -1.737590605194367e-11  -1.737590605194367e-11  -1.737590605194367e-11  -1.737590605194367e-11  0
1.476736257878799e-05  -8.774544330575008e-11  -8.774544330575008e-11  -8.774544330575008e-11  -8.774544330575008e-11  0
1.618441250023592e-05  1.570698891204893e-11  1.570698891204893e-11  1.570698891204893e-11  1.570698891204893e-11  0
1.773744001884530e-05  1.805189330216708e-11  1.805189330216708e-11  1.805189330216708e-11  1.805189330216708e-11  0
1.943949330366787e-05  1.613213769368311e-11  1.613213769368311e-11  1.613213769368311e-11  1.613213769368311e-11  0
2.130487260291514e-05  6.061346395073789e-12  6.061346395073789e-12  6.061346395073789e-12  6.061346395073789e-12  0
2.334925039125389e-05  -1.675649074455020e-11  -1.675649074455020e-11  -1.675649074455020e-11  -1.675649074455020e-11  0
2.558980304622295e-05  3.774840073415494e-11  3.774840073415494e-11  3.774840073415494e-11  3.774840073415494e-11  0
2.804535516008554e-05  4.387708865021220e-11  4.387708865021220e-11  4.387708865021220e-11  4.387708865021220e-11  0
3.073653769959084e-05  4.224953941962311e-11  4.224953941962311e-11  4.224953941962311e-11  4.224953941962311e-11  0
3.368596134246595e-05  2.604572602882259e-11  2.604572602882259e-11  2.604572602882259e-11  2.604572602882259e-11  0
3.691840644696998e-05  -1.384680472016728e-11  -1.384680472016728e-11  -1.384680472016728e-11  -1.384680472016728e-11  0
4.046103125058979e-05  1.223177628774795e-11  1.223177628774795e-11  1.223177628774795e-11  1.223177628774795e-11  0
4.434360004711324e-05  1.640120829359573e-11  1.640120829359573e-11  1.640120829359573e-11  1.640120829359573e-11  0
4.859873325916966e-05  1.897324362064134e-11  1.897324362064134e-11  1.897324362064134e-11  1.897324362064134e-11  0
5.326218150728786e-05  1.722036827209885e-11  1.722036827209885e-11  1.722036827209885e-11  1.722036827209885e-11  0
5.837312597813472e-05  7.381589696436381e-12  7.381589696436381e-12  7.381589696436381e-12  7.381589696436381e-12  0
6.397450761555738e-05  2.225783082344904e-11  2.225783082344904e-11  2.225783082344904e-11  2.225783082344904e-11  0
7.011338790021385e-05  2.957124532494057e-11  2.957124532494057e-11  2.957124532494057e-11  2.957124532494057e-11  0
7.684134424897712e-05  3.461761521127474e-11  3.461761521127474e-11  3.461761521127474e-11  3.461761521127474e-11  0
8.421490335616489e-05  3.352883601750622e-11  3.352883601750622e-11  3.352883601750622e-11  3.352883601750622e-11  0
9.229601611742495e-05  2.065659295751161e-11  2.065659295751161e-11  2.065659295751161e-11  2.065659295751161e-11  0
1.011525781264745e-04  5.551557236677364e-12  5.551557236677364e-12  5.551557236677364e-12  5.551557236677364e-12  0
1.108590001177831e-04  8.544712694219153e-12  8.544712694219153e-12  8.544712694219153e-12  8.544712694219153e-12  0
1.214968331479242e-04  1.181556205125236e-11  1.181556205125236e-11  1.181556205125236e-11  1.181556205125236e-11  0
1.331554537682196e-04  1.438761505658083e-11  1.438761505658083e-11  1.438761505658083e-11  1.438761505658083e-11  0
1.459328149453368e-04  1.453016856107991e-11  1.453016856107991e-11  1.453016856107991e-11  1.453016856107991e-11  0
1.599362690388935e-04  9.836936025625539e-12  9.836936025625539e-12  9.836936025625539e-12  9.836936025625539e-12  0
1.752834697505346e-04  1.403751533991447e-11  1.403751533991447e-11  1.403751533991447e-11  1.403751533991447e-11  0
1.921033606224428e-04  1.803852448427856e-11  1.803852448427856e-11  1.803852448427856e-11  1.803852448427856e-11  0
2.105372583904122e-04  2.040216850602624e-11  2.040216850602624e-11  2.040216850602624e-11  2.040216850602624e-11  0
2.307400402935624e-04  1.893490200431054e-11  1.893490200431054e-11  1.893490200431054e-11  1.893490200431054e-11  0
2.528814453161862e-04  1.707755033508002e-12  1.707755033508002e-12  1.707755033508002e-12  1.707755033508002e-12  0
2.771475002944578e-04  2.851628540615998e-12  2.851628540615998e-12  2.851628540615998e-12  2.851628540615998e-12  0
3.037420828698104e-04  4.325824934888072e-12  4.325824934888072e-12  4.325824934888072e-12  4.325824934888072e-12  0
3.328886344205491e-04  5.926989218813117e-12  5.926989218813117e-12  5.926989218813117e-12  5.926989218813117e-12  0
3.648320373633420e-04  7.150463040133851e-12  7.150463040133851e-12  7.150463040133851e-12  7.150463040133851e-12  0
3.998406725972337e-04  3.230313695564758e-12  3.230313695564758e-12  3.230313695564758e-12  3.230313695564758e-12  0
4.382086743763366e-04  4.723698714039604e-12  4.723698714039604e-12  4.723698714039604e-12  4.723698714039604e-12  0
4.802584015561070e-04  6.237106421858321e-12  6.237106421858321e-12  6.237106421858321e-12  6.237106421858321e-12  0
5.263431459760305e-04  7.315100240744527e-12  7.315100240744527e-12  7.315100240744527e-12  7.315100240744527e-12  0
5.768501007339060e-04  7.239480581492564e-12  7.239480581492564e-12  7.239480581492564e-12  7.239480581492564e-12  0
6.322036132904656e-04  3.718068763513669e-13  3.718068763513669e-13  3.718068763513669e-13  3.718068763513669e-13  0
6.928687507361445e-04  6.761810354168419e-13  6.761810354168419e-13  6.761810354168419e-13  6.761810354168419e-13  0
7.593552071745261e-04  1.111917126910759e-12  1.111917126910759e-12  1.111917126910759e-12  1.111917126910759e-12  0
8.322215860513729e-04  1.659638008996558e-12  1.659638008996558e-12  1.659638008996558e-12  1.659638008996558e-12  0
9.120800934083552e-04  2.215409622358746e-12  2.215409622358746e-12  2.215409622358746e-12  2.215409622358746e-12  0
9.996016814930841e-04  9.902932934503410e-13  9.902932934503410e-13  9.902932934503410e-13  9.902932934503410e-13  0
1.095521685940841e-03  1.450965062751721e-12  1.450965062751721e-12  1.450965062751721e-12  1.450965062751721e-12  0
1.200646003890268e-03  1.926670696698830e-12  1.926670696698830e-12  1.926670696698830e-12  1.926670696698830e-12  0
1.315857864940076e-03  2.287102616649313e-12  2.287102616649313e-12  2.287102616649313e-12  2.287102616649313e-12  0
1.442125251834765e-03  2.322670248580577e-12  2.322670248580577e-12  2.322670248580577e-12  2.322670248580577e-12  0
1.580509033226164e-03  8.230914322784494e-14  8.230914322784494e-14  8.230914322784494e-14  8.230914322784494e-14  0
1.732171876840361e-03  1.580624571117582e-13  1.580624571117582e-13  1.580624571117582e-13  1.580624571117582e-13  0
1.898388017936315e-03  2.764259376840466e-13  2.764259376840466e-13  2.764259376840466e-13  2.764259376840466e-13  0
2.080553965128432e-03  4.425903777545816e-13  4.425903777545816e-13  4.425903777545816e-13  4.425903777545816e-13  0
2.280200233520888e-03  6.424820837110943e-13  6.424820837110943e-13  6.424820837110943e-13  6.424820837110943e-13  0
2.499004203732710e-03  2.278257940731074e-13  2.278257940731074e-13  2.278257940731074e-13  2.278257940731074e-13  0
2.738804214852103e-03  3.267926832000304e-13  3.267926832000304e-13  3.267926832000304e-13  3.267926832000304e-13  0
3.001615009725669e-03  4.240377982417926e-13  4.240377982417926e-13  4.240377982417926e-13  4.240377982417926e-13  0
3.289644662350191e-03  4.859658430300078e-13  4.859658430300078e-13  4.859658430300078e-13  4.859658430300078e-13  0
3.605313129586912e-03  4.563074960376328e-13  4.563074960376328e-13  4.563074960376328e-13  4.563074960376328e-13  0
3.951272583065409e-03  1.174422881850477e-14  1.174422881850477e-14  1.174422881850477e-14  1.174422881850477e-14  0
4.330429692100902e-03  2.445597040844432e-14  2.445597040844432e-14  2.445597040844432e-14  2.445597040844432e-14  0
4.745970044840787e-03  4.598164286850864e-14  4.598164286850864e-14  4.598164286850864e-14  4.598164286850864e-14  0
5.201384912821079e-03  7.831005777269028e-14  7.831005777269028e-14  7.831005777269028e-14  7.831005777269028e-14  0
5.700500583802218e-03  1.194490826386949e-13  1.194490826386949e-13  1.194490826386949e-13  1.194490826386949e-13  0
6.247510509331775e-03  2.536317586804451e-14  2.536317586804451e-14  2.536317586804451e-14  2.536317586804451e-14  0
6.847010537130258e-03  3.562862970632451e-14  3.562862970632451e-14  3.562862970632451e-14  3.562862970632451e-14  0
7.504037524314172e-03  4.308520413870453e-14  4.308520413870453e-14  4.308520413870453e-14  4.308520413870453e-14  0
8.224111655875476e-03  4.056622426041694e-14  4.056622426041694e-14  4.056622426041694e-14  4.056622426041694e-14  0
9.013282823967281e-03  1.564493616915307e-14  1.564493616915307e-14  1.564493616915307e-14  1.564493616915307e-14  0
9.878181457663523e-03  -1.317470886591789e-15  -1.317470886591789e-15  -1.317470886591789e-15  -1.317470886591789e-15  0
1.082607423025226e-02  2.652487484305589e-16  2.652487484305589e-16  2.652487484305589e-16  2.652487484305589e-16  0
1.186492511210197e-02  3.513356047512177e-15  3.513356047512177e-15  3.513356047512177e-15  3.513356047512177e-15  0
1.300346228205270e-02  8.869698211431448e-15  8.869698211431448e-15  8.869698211431448e-15  8.869698211431448e-15  0
1.425125145950555e-02  1.619700837217072e-14  1.619700837217072e-14  1.619700837217072e-14  1.619700837217072e-14  0
1.561877627332944e-02  4.255904141333689e-15  4.255904141333689e-15  4.255904141333689e-15  4.255904141333689e-15  0
1.711752634282565e-02  6.346926002653526e-15  6.346926002653526e-15  6.346926002653526e-15  6.346926002653526e-15  0
1.876009381078543e-02  8.553188712009540e-15  8.553188712009540e-15  8.553188712009540e-15  8.553188712009540e-15  0
2.056027913968869e-02  1.010183926533226e-14  1.010183926533226e-14  1.010183926533226e-14  1.010183926533226e-14  0
2.253320705991820e-02  9.461627660055598e-15  9.461627660055598e-15  9.461627660055598e-15  9.461627660055598e-15  0
2.469545364415881e-02  -8.227359040863597e-16  -8.227359040863597e-16  -8.227359040863597e-16  -8.227359040863597e-16  0
2.706518557563064e-02  -9.364131898345063e-17  -9.364131898345063e-17  -9.364131898345063e-17  -9.364131898345063e-17  0
2.966231278025492e-02  1.479139042761853e-15  1.479139042761853e-15  1.479139042761853e-15  1.479139042761853e-15  0
3.250865570513175e-02  4.309804016020816e-15  4.309804016020816e-15  4.309804016020816e-15  4.309804016020816e-15  0
3.562812864876387e-02  8.858469691171642e-15  8.858469691171642e-15  8.858469691171642e-15  8.858469691171642e-15  0
3.904694068332359e-02  -1.665757618456089e-15  -1.665757618456089e-15  -1.665757618456089e-15  -1.665757618456089e-15  0
4.279381585706411e-02  -2.106356489766278e-15  -2.106356489766278e-15  -2.106356489766278e-15  -2.106356489766278e-15  0
4.690023452696357e-02  -2.463654718152684e-15  -2.463654718152684e-15  -2.463654718152684e-15  -2.463654718152684e-15  0
5.140069784922173e-02  -2.722502978362642e-15  -2.722502978362642e-15  -2.722502978362642e-15  -2.722502978362642e-15  0
5.633301764979550e-02  -3.025113522445485e-15  -3.025113522445485e-15  -3.025113522445485e-15  -3.025113522445485e-15  0
6.173863411039702e-02  3.663492983440855e-17  3.663492983440855e-17  3.663492983440855e-17  3.663492983440855e-17  0
6.766296393907660e-02  4.801506704812887e-16  4.801506704812887e-16  4.801506704812887e-16  4.801506704812887e-16  0
7.415578195063731e-02  1.403734822796888e-15  1.403734822796888e-15  1.403734822796888e-15  1.403734822796888e-15  0
8.127163926282938e-02  3.145589546629041e-15  3.145589546629041e-15  3.145589546629041e-15  3.145589546629041e-15  0
8.907032162190967e-02  6.184123647019513e-15  6.184123647019513e-15  6.184123647019513e-15  6.184123647019513e-15  0
9.761735170830899e-02  -5.350152682500200e-16  -5.350152682500200e-16  -5.350152682500200e-16  -5.350152682500200e-16  0
1.069845396426603e-01  -6.222135577846144e-16  -6.222135577846144e-16  -6.222135577846144e-16  -6.222135577846144e-16  0
1.172505863174089e-01  -5.935852889551917e-16  -5.935852889551917e-16  -5.935852889551917e-16  -5.935852889551917e-16  0
1.285017446230543e-01  -3.539457932583468e-16  -3.539457932583468e-16  -3.539457932583468e-16  -3.539457932583468e-16  0
1.408325441244888e-01  2.011424425700985e-16  2.011424425700985e-16  2.011424425700985e-16  2.011424425700985e-16  0
1.543465852759925e-01  -3.126895336318916e-16  -3.126895336318916e-16  -3.126895336318916e-16  -3.126895336318916e-16  0
1.691574098476915e-01  -2.983357893538679e-16  -2.983357893538679e-16  -2.983357893538679e-16  -2.983357893538679e-16  0
1.853894548765933e-01  -1.537108435204955e-16  -1.537108435204955e-16  -1.537108435204955e-16  -1.537108435204955e-16  0
2.031790981570734e-01  2.249781553255085e-16  2.249781553255085e-16  2.249781553255085e-16  2.249781553255085e-16  0
2.226758040547742e-01  9.771267698865787e-16  9.771267698865787e-16  9.771267698865787e-16  9.771267698865787e-16  0
2.440433792707725e-01  -9.868557649526335e-17  -9.868557649526335e-17  -9.868557649526335e-17  -9.868557649526335e-17  0
2.674613491066507e-01  -1.032793089031858e-16  -1.032793089031858e-16  -1.032793089031858e-16  -1.032793089031858e-16  0
2.931264657935224e-01  -6.487772514436477e-17  -6.487772514436477e-17  -6.487772514436477e-17  -6.487772514436477e-17  0
3.212543615576358e-01  5.603336925583256e-17  5.603336925583256e-17  5.603336925583256e-17  5.603336925583256e-17  0
3.520813603112219e-01  3.156749242284340e-16  3.156749242284340e-16  3.156749242284340e-16  3.156749242284340e-16  0
3.858664631899813e-01  8.113202873968122e-17  8.113202873968122e-17  8.113202873968122e-17  8.113202873968122e-17  0
4.228935246192287e-01  1.265438066812085e-16  1.265438066812085e-16  1.265438066812085e-16  1.265438066812085e-16  0
4.634736371914831e-01  2.058972745980248e-16  2.058972745980248e-16  2.058972745980248e-16  2.058972745980248e-16  0
5.079477453926835e-01  3.498734091350452e-16  3.498734091350452e-16  3.498734091350452e-16  3.498734091350452e-16  0
5.566895101369354e-01  6.075647973630951e-16  6.075647973630951e-16  6.075647973630951e-16  6.075647973630951e-16  0
6.101084481769311e-01  1.431959836079736e-17  1.431959836079736e-17  1.431959836079736e-17  1.431959836079736e-17  0
6.686533727666268e-01  1.855024615347249e-17  1.855024615347249e-17  1.855024615347249e-17  1.855024615347249e-17  0
7.328161644838058e-01  2.220941706867022e-17  2.220941706867022e-17  2.220941706867022e-17  2.220941706867022e-17  0
8.031359038940895e-01  2.513234433157648e-17  2.513234433157648e-17  2.513234433157648e-17  2.513234433157648e-17  0
8.802034007780547e-01  2.851855734707318e-17  2.851855734707318e-17  2.851855734707318e-17  2.851855734707318e-17  0
9.646661579749535e-01  -5.076775620682381e-18  -5.076775620682381e-18  -5.076775620682381e-18  -5.076775620682381e-18  0
1.057233811548072e+00  -9.335197248818574e-18  -9.335197248818574e-18  -9.335197248818574e-18  -9.335197248818574e-18  0
1.158684092978708e+00  -1.725458748715564e-17  -1.725458748715564e-17  -1.725458748715564e-17  -1.725458748715564e-17  0
1.269869363481709e+00  -3.152363072323417e-17  -3.152363072323417e-17  -3.152363072323417e-17  -3.152363072323417e-17  0
1.391723775342339e+00  -5.584208606292657e-17  -5.584208606292657e-17  -5.584208606292657e-17  -5.584208606292657e-17  0
1.525271120442328e+00  -4.316638168581821e-20  -4.316638168581821e-20  -4.316638168581821e-20  -4.316638168581821e-20  0
1.671633431916567e+00  -7.961505640122108e-20  -7.961505640122108e-20  -7.961505640122108e-20  -7.961505640122108e-20  0
1.832040411209515e+00  -1.511725476116488e-19  -1.511725476116488e-19  -1.511725476116488e-19  -1.511725476116488e-19  0
2.007839759735224e+00  -2.964773761142992e-19  -2.964773761142992e-19  -2.964773761142992e-19  -2.964773761142992e-19  0
2.200508501945137e+00  -5.922373880982880e-19  -5.922373880982880e-19  -5.922373880982880e-19  -5.922373880982880e-19  0
