-2.643084528870179e+00  2.921764544835500e-05  2.921764544835500e-05  2.921764544835500e-05  2.921764544835500e-05  0
-2.411665394937383e+00  1.402207906991501e-05  1.402207906991501e-05  1.402207906991501e-05  1.402207906991501e-05  0
-2.200508501945136e+00  6.644731295348706e-06  6.644731295348706e-06  6.644731295348706e-06  6.644731295348706e-06  0
-2.007839759735224e+00  3.048140892264271e-06  3.048140892264271e-06  3.048140892264271e-06  3.048140892264271e-06  0
-1.832040411209514e+00  1.334790665006121e-06  1.334790665006121e-06  1.334790665006121e-06  1.334790665006121e-06  0
-1.671633431916567e+00  1.907066312622914e-03  1.907066312622914e-03  1.907066312622914e-03  1.907066312622914e-03  0
-1.525271120442328e+00  9.202505329457130e-04  9.202505329457130e-04  9.202505329457130e-04  9.202505329457130e-04  0
-1.391723775342339e+00  4.123304008158722e-04  4.123304008158722e-04  4.123304008158722e-04  4.123304008158722e-04  0
-1.269869363481709e+00  1.717233891391637e-04  1.717233891391637e-04  1.717233891391637e-04  1.717233891391637e-04  0
-1.158684092978708e+00  6.659995474342489e-05  6.659995474342489e-05  6.659995474342489e-05  6.659995474342489e-05  0
-1.057233811548072e+00  2.387530718548070e-02  2.387530718548070e-02  2.387530718548070e-02  2.387530718548070e-02  0
-9.646661579749534e-01  1.621641682485083e-02  1.621641682485083e-02  1.621641682485083e-02  1.621641682485083e-02  0
-8.802034007780546e-01  1.046278544773264e-02  1.046278544773264e-02  1.046278544773264e-02  1.046278544773264e-02  0
-8.031359038940895e-01  6.337551968228378e-03  6.337551968228378e-03  6.337551968228378e-03  6.337551968228378e-03  0
-7.328161644838057e-01  3.579783116230512e-03  3.579783116230512e-03  3.579783116230512e-03  3.579783116230512e-03  0
-6.686533727666270e-01  1.540808039493858e-01  1.540808039493858e-01  1.540808039493858e-01  1.540808039493858e-01  0
-6.101084481769313e-01  1.036552944159332e-01  1.036552944159332e-01  1.036552944159332e-01  1.036552944159332e-01  0
-5.566895101369356e-01  7.043111806979610e-02  7.043111806979610e-02  7.043111806979610e-02  7.043111806979610e-02  0
-5.079477453926837e-01  4.869397618601610e-02  4.869397618601610e-02  4.869397618601610e-02  4.869397618601610e-02  0
-4.634736371914833e-01  3.405593254438373e-02  3.405593254438373e-02  3.405593254438373e-02  3.405593254438373e-02  0
-4.228935246192289e-01  8.876783346928065e-01  8.876783346928065e-01  8.876783346928065e-01  8.876783346928065e-01  0
-3.858664631899815e-01  6.534913338611471e-01  6.534913338611471e-01  6.534913338611471e-01  6.534913338611471e-01  0
-3.520813603112219e-01  4.639932440691238e-01  4.639932440691238e-01  4.639932440691238e-01  4.639932440691238e-01  0
-3.212543615576359e-01  3.163725304786553e-01  3.163725304786553e-01  3.163725304786553e-01  3.163725304786553e-01  0
-2.931264657935224e-01  2.058911828184615e-01  2.058911828184615e-01  2.058911828184615e-01  2.058911828184615e-01  0
-2.674613491066508e-01  2.219452826548122e+00  2.219452826548122e+00  2.219452826548122e+00  2.219452826548122e+00  0
-2.440433792707725e-01  2.029489012626128e+00  2.029489012626128e+00  2.029489012626128e+00  2.029489012626128e+00  0
-2.226758040547742e-01  1.761698905329834e+00  1.761698905329834e+00  1.761698905329834e+00  1.761698905329834e+00  0
-2.031790981570735e-01  1.457210444107349e+00  1.457210444107349e+00  1.457210444107349e+00  1.457210444107349e+00  0
-1.853894548765933e-01  1.154142660155294e+00  1.154142660155294e+00  1.154142660155294e+00  1.154142660155294e+00  0
-1.691574098476915e-01  1.675385336517885e+00  1.675385336517885e+00  1.675385336517885e+00  1.675385336517885e+00  0
-1.543465852759926e-01  1.873829962589836e+00  1.873829962589836e+00  1.873829962589836e+00  1.873829962589836e+00  0
-1.408325441244888e-01  2.046161693161062e+00  2.046161693161062e+00  2.046161693161062e+00  2.046161693161062e+00  0
-1.285017446230543e-01  2.145952052138936e+00  2.145952052138936e+00  2.145952052138936e+00  2.145952052138936e+00  0
-1.172505863174089e-01  2.133092258988536e+00  2.133092258988536e+00  2.133092258988536e+00  2.133092258988536e+00  0
-1.069845396426603e-01  8.640941772787154e-01  8.640941772787154e-01  8.640941772787154e-01  8.640941772787154e-01  0
-9.761735170830900e-02  8.944190102699353e-01  8.944190102699353e-01  8.944190102699353e-01  8.944190102699353e-01  0
-8.907032162190968e-02  8.892738566929246e-01  8.892738566929246e-01  8.892738566929246e-01  8.892738566929246e-01  0
-8.127163926282939e-02  8.393272739718846e-01  8.393272739718846e-01  8.393272739718846e-01  8.393272739718846e-01  0
-7.415578195063731e-02  7.468617129893460e-01  7.468617129893460e-01  7.468617129893460e-01  7.468617129893460e-01  0
-6.766296393907660e-02  6.956641536599409e-01  6.956641536599409e-01  6.956641536599409e-01  6.956641536599409e-01  0
-6.173863411039702e-02  6.707401846245219e-01  6.707401846245219e-01  6.707401846245219e-01  6.707401846245219e-01  0
-5.633301764979550e-02  6.582568802709305e-01  6.582568802709305e-01  6.582568802709305e-01  6.582568802709305e-01  0
-5.140069784922174e-02  6.612200418169374e-01  6.612200418169374e-01  6.612200418169374e-01  6.612200418169374e-01  0
-4.690023452696358e-02  6.741623014147865e-01  6.741623014147865e-01  6.741623014147865e-01  6.741623014147865e-01  0
-4.279381585706412e-02  7.563311955533190e-01  7.563311955533190e-01  7.563311955533190e-01  7.563311955533190e-01  0
-3.904694068332360e-02  7.517491519969869e-01  7.517491519969869e-01  7.517491519969869e-01  7.517491519969869e-01  0
-3.562812864876387e-02  7.361526698946718e-01  7.361526698946718e-01  7.361526698946718e-01  7.361526698946718e-01  0
-3.250865570513176e-02  7.019842852186740e-01  7.019842852186740e-01  7.019842852186740e-01  7.019842852186740e-01  0
-2.966231278025492e-02  6.449473288735635e-01  6.449473288735635e-01  6.449473288735635e-01  6.449473288735635e-01  0
-2.706518557563065e-02  8.396723285506584e-01  8.396723285506584e-01  8.396723285506584e-01  8.396723285506584e-01  0
-2.469545364415881e-02  7.768084589191236e-01  7.768084589191236e-01  7.768084589191236e-01  7.768084589191236e-01  0
-2.253320705991821e-02  7.209466012296846e-01  7.209466012296846e-01  7.209466012296846e-01  7.209466012296846e-01  0
-2.056027913968870e-02  6.702030506280466e-01  6.702030506280466e-01  6.702030506280466e-01  6.702030506280466e-01  0
-1.876009381078543e-02  6.214409471511075e-01  6.214409471511075e-01  6.214409471511075e-01  6.214409471511075e-01  0
-1.711752634282565e-02  1.129973070860529e+00  1.129973070860529e+00  1.129973070860529e+00  1.129973070860529e+00  0
-1.561877627332944e-02  1.051005556175977e+00  1.051005556175977e+00  1.051005556175977e+00  1.051005556175977e+00  0
-1.425125145950555e-02  9.782372776885078e-01  9.782372776885078e-01  9.782372776885078e-01  9.782372776885078e-01  0
-1.300346228205270e-02  9.031161201903305e-01  9.031161201903305e-01  9.031161201903305e-01  9.031161201903305e-01  0
-1.186492511210197e-02  8.203118005197660e-01  8.203118005197660e-01  8.203118005197660e-01  8.203118005197660e-01  0
-1.082607423025226e-02  1.577088553455874e+00  1.577088553455874e+00  1.577088553455874e+00  1.577088553455874e+00  0
-9.878181457663525e-03  1.515553579042872e+00  1.515553579042872e+00  1.515553579042872e+00  1.515553579042872e+00  0
-9.013282823967282e-03  1.420977980535684e+00  1.420977980535684e+00  1.420977980535684e+00  1.420977980535684e+00  0
-8.224111655875478e-03  1.308288062090112e+00  1.308288062090112e+00  1.308288062090112e+00  1.308288062090112e+00  0
-7.504037524314174e-03  1.187941623930629e+00  1.187941623930629e+00  1.187941623930629e+00  1.187941623930629e+00  0
-6.847010537130258e-03  1.078533415814864e+00  1.078533415814864e+00  1.078533415814864e+00  1.078533415814864e+00  0
-6.247510509331775e-03  1.267881516481366e+00  1.267881516481366e+00  1.267881516481366e+00  1.267881516481366e+00  0
-5.700500583802218e-03  1.433511796041426e+00  1.433511796041426e+00  1.433511796041426e+00  1.433511796041426e+00  0
-5.201384912821080e-03  1.540094263326580e+00  1.540094263326580e+00  1.540094263326580e+00  1.540094263326580e+00  0
-4.745970044840788e-03  1.562124643198703e+00  1.562124643198703e+00  1.562124643198703e+00  1.562124643198703e+00  0
-4.330429692100904e-03  5.458567287300899e-01  5.458567287300899e-01  5.458567287300899e-01  5.458567287300899e-01  0
-3.951272583065411e-03  5.784070964638820e-01  5.784070964638820e-01  5.784070964638820e-01  5.784070964638820e-01  0
-3.605313129586913e-03  6.351376359961063e-01  6.351376359961063e-01  6.351376359961063e-01  6.351376359961063e-01  0
-3.289644662350192e-03  7.255597776409390e-01  7.255597776409390e-01  7.255597776409390e-01  7.255597776409390e-01  0
-3.001615009725670e-03  8.515074695842679e-01  8.515074695842679e-01  8.515074695842679e-01  8.515074695842679e-01  0
-2.738804214852102e-03  5.995340240852116e-01  5.995340240852116e-01  5.995340240852116e-01  5.995340240852116e-01  0
-2.499004203732709e-03  5.571175266010052e-01  5.571175266010052e-01  5.571175266010052e-01  5.571175266010052e-01  0
-2.280200233520886e-03  5.295043102697820e-01  5.295043102697820e-01  5.295043102697820e-01  5.295043102697820e-01  0
-2.080553965128431e-03  5.107670087230554e-01  5.107670087230554e-01  5.107670087230554e-01  5.107670087230554e-01  0
-1.898388017936314e-03  4.908739788769890e-01  4.908739788769890e-01  4.908739788769890e-01  4.908739788769890e-01  0
-1.732171876840360e-03  7.845672863788200e-01  7.845672863788200e-01  7.845672863788200e-01  7.845672863788200e-01  0
-1.580509033226163e-03  7.802478605431655e-01  7.802478605431655e-01  7.802478605431655e-01  7.802478605431655e-01  0
-1.442125251834764e-03  7.516418125038727e-01  7.516418125038727e-01  7.516418125038727e-01  7.516418125038727e-01  0
-1.315857864940076e-03  7.021208031786548e-01  7.021208031786548e-01  7.021208031786548e-01  7.021208031786548e-01  0
-1.200646003890267e-03  6.425657047588167e-01  6.425657047588167e-01  6.425657047588167e-01  6.425657047588167e-01  0
-1.095521685940841e-03  8.685365228526067e-01  8.685365228526067e-01  8.685365228526067e-01  8.685365228526067e-01  0
-9.996016814930835e-04  8.106723009299190e-01  8.106723009299190e-01  8.106723009299190e-01  8.106723009299190e-01  0
-9.120800934083544e-04  7.789293196619320e-01  7.789293196619320e-01  7.789293196619320e-01  7.789293196619320e-01  0
-8.322215860513723e-04  7.722955169864459e-01  7.722955169864459e-01  7.722955169864459e-01  7.722955169864459e-01  0
-7.593552071745256e-04  7.783784889337635e-01  7.783784889337635e-01  7.783784889337635e-01  7.783784889337635e-01  0
-6.928687507361440e-04  1.002751739766068e+00  1.002751739766068e+00  1.002751739766068e+00  1.002751739766068e+00  0
-6.322036132904651e-04  1.034631144157184e+00  1.034631144157184e+00  1.034631144157184e+00  1.034631144157184e+00  0
-5.768501007339055e-04  1.031754972557374e+00  1.031754972557374e+00  1.031754972557374e+00  1.031754972557374e+00  0
-5.263431459760303e-04  9.905287666199099e-01  9.905287666199099e-01  9.905287666199099e-01  9.905287666199099e-01  0
-4.802584015561067e-04  9.215012406883979e-01  9.215012406883979e-01  9.215012406883979e-01  9.215012406883979e-01  0
-4.382086743763362e-04  1.034477434002261e+00  1.034477434002261e+00  1.034477434002261e+00  1.034477434002261e+00  0
-3.998406725972333e-04  9.633692463391905e-01  9.633692463391905e-01  9.633692463391905e-01  9.633692463391905e-01  0
-3.648320373633417e-04  9.271267721470067e-01  9.271267721470067e-01  9.271267721470067e-01  9.271267721470067e-01  0
-3.328886344205489e-04  9.315448117272235e-01  9.315448117272235e-01  9.315448117272235e-01  9.315448117272235e-01  0
-3.037420828698102e-04  9.650353234102825e-01  9.650353234102825e-01  9.650353234102825e-01  9.650353234102825e-01  0
-2.771475002944575e-04  1.118240493795606e+00  1.118240493795606e+00  1.118240493795606e+00  1.118240493795606e+00  0
-2.528814453161860e-04  1.178267424132549e+00  1.178267424132549e+00  1.178267424132549e+00  1.178267424132549e+00  0
-2.307400402935622e-04  1.197694171411028e+00  1.197694171411028e+00  1.197694171411028e+00  1.197694171411028e+00  0
-2.105372583904121e-04  1.165736092951977e+00  1.165736092951977e+00  1.165736092951977e+00  1.165736092951977e+00  0
-1.921033606224427e-04  1.090606806692519e+00  1.090606806692519e+00  1.090606806692519e+00  1.090606806692519e+00  0
-1.752834697505345e-04  1.129830161675794e+00  1.129830161675794e+00  1.129830161675794e+00  1.129830161675794e+00  0
-1.599362690388933e-04  1.045133441159558e+00  1.045133441159558e+00  1.045133441159558e+00  1.045133441159558e+00  0
-1.459328149453367e-04  1.000170182886674e+00  1.000170182886674e+00  1.000170182886674e+00  1.000170182886674e+00  0
-1.331554537682195e-04  1.007132711963955e+00  1.007132711963955e+00  1.007132711963955e+00  1.007132711963955e+00  0
-1.214968331479241e-04  1.056760951370996e+00  1.056760951370996e+00  1.056760951370996e+00  1.056760951370996e+00  0
-1.108590001177830e-04  1.179577660739600e+00  1.179577660739600e+00  1.179577660739600e+00  1.179577660739600e+00  0
-1.011525781264744e-04  1.259669757348923e+00  1.259669757348923e+00  1.259669757348923e+00  1.259669757348923e+00  0
-9.229601611742488e-05  1.296429854828296e+00  1.296429854828296e+00  1.296429854828296e+00  1.296429854828296e+00  0
-8.421490335616483e-05  1.273332790487526e+00  1.273332790487526e+00  1.273332790487526e+00  1.273332790487526e+00  0
-7.684134424897707e-05  1.196060446300416e+00  1.196060446300416e+00  1.196060446300416e+00  1.196060446300416e+00  0
-7.011338790021381e-05  1.187615068596820e+00  1.187615068596820e+00  1.187615068596820e+00  1.187615068596820e+00  0
-6.397450761555734e-05  1.091609089286552e+00  1.091609089286552e+00  1.091609089286552e+00  1.091609089286552e+00  0
-5.837312597813469e-05  1.037920455740425e+00  1.037920455740425e+00  1.037920455740425e+00  1.037920455740425e+00  0
-5.326218150728783e-05  1.043729358910372e+00  1.043729358910372e+00  1.043729358910372e+00  1.043729358910372e+00  0
-4.859873325916964e-05  1.102169523071784e+00  1.102169523071784e+00  1.102169523071784e+00  1.102169523071784e+00  0
-4.434360004711321e-05  1.214888904362236e+00  1.214888904362236e+00  1.214888904362236e+00  1.214888904362236e+00  0
-4.046103125058977e-05  1.308621495115751e+00  1.308621495115751e+00  1.308621495115751e+00  1.308621495115751e+00  0
-3.691840644696995e-05  1.357461736351320e+00  1.357461736351320e+00  1.357461736351320e+00  1.357461736351320e+00  0
-3.368596134246593e-05  1.340601425944201e+00  1.340601425944201e+00  1.340601425944201e+00  1.340601425944201e+00  0
-3.073653769959083e-05  1.261526021370296e+00  1.261526021370296e+00  1.261526021370296e+00  1.261526021370296e+00  0
-2.804535516008552e-05  1.225000938804536e+00  1.225000938804536e+00  1.225000938804536e+00  1.225000938804536e+00  0
-2.558980304622294e-05  1.120425211632104e+00  1.120425211632104e+00  1.120425211632104e+00  1.120425211632104e+00  0
-2.334925039125387e-05  1.059700464485934e+00  1.059700464485934e+00  1.059700464485934e+00  1.059700464485934e+00  0
-2.130487260291513e-05  1.063589857739871e+00  1.063589857739871e+00  1.063589857739871e+00  1.063589857739871e+00  0
-1.943949330366785e-05  1.127099543556341e+00  1.127099543556341e+00  1.127099543556341e+00  1.127099543556341e+00  0
-1.773744001884528e-05  1.237485170180010e+00  1.237485170180010e+00  1.237485170180010e+00  1.237485170180010e+00  0
-1.618441250023591e-05  1.340591621740996e+00  1.340591621740996e+00  1.340591621740996e+00  1.340591621740996e+00  0
-1.476736257878798e-05  1.397720420604353e+00  1.397720420604353e+00  1.397720420604353e+00  1.397720420604353e+00  0
-1.347438453698637e-05  1.384985975906911e+00  1.384985975906911e+00  1.384985975906911e+00  1.384985975906911e+00  0
-1.229461507983633e-05  1.304215262212486e+00  1.304215262212486e+00  1.304215262212486e+00  1.304215262212486e+00  0
-1.121814206403421e-05  1.250555561103232e+00  1.250555561103232e+00  1.250555561103232e+00  1.250555561103232e+00  0
-1.023592121848917e-05  1.139654842859369e+00  1.139654842859369e+00  1.139654842859369e+00  1.139654842859369e+00  0
-9.339700156501548e-06  1.073665859591399e+00  1.073665859591399e+00  1.073665859591399e+00  1.073665859591399e+00  0
-8.521949041166052e-06  1.075874993333494e+00  1.075874993333494e+00  1.075874993333494e+00  1.075874993333494e+00  0
-7.775797321467140e-06  1.142613492958358e+00  1.142613492958358e+00  1.142613492958358e+00  1.142613492958358e+00  0
-7.094976007538114e-06  1.252131639767857e+00  1.252131639767857e+00  1.252131639767857e+00  1.252131639767857e+00  0
-6.473765000094363e-06  1.360316123284845e+00  1.360316123284845e+00  1.360316123284845e+00  1.360316123284845e+00  0
-5.906945031515193e-06  1.419901219002160e+00  1.419901219002160e+00  1.419901219002160e+00  1.419901219002160e+00  0
-5.389753814794549e-06  1.403361623582223e+00  1.403361623582223e+00  1.403361623582223e+00  1.403361623582223e+00  0
-4.917846031934533e-06  1.309343523395971e+00  1.309343523395971e+00  1.309343523395971e+00  1.309343523395971e+00  0
-4.487256825613684e-06  1.268754483905309e+00  1.268754483905309e+00  1.268754483905309e+00  1.268754483905309e+00  0
-4.094368487395670e-06  1.153171877888896e+00  1.153171877888896e+00  1.153171877888896e+00  1.153171877888896e+00  0
-3.735880062600620e-06  1.083317988038018e+00  1.083317988038018e+00  1.083317988038018e+00  1.083317988038018e+00  0
-3.408779616466421e-06  1.084272444278669e+00  1.084272444278669e+00  1.084272444278669e+00  1.084272444278669e+00  0
-3.110318928586857e-06  1.153277404501508e+00  1.153277404501508e+00  1.153277404501508e+00  1.153277404501508e+00  0
-2.837990403015245e-06  1.263729623664802e+00  1.263729623664802e+00  1.263729623664802e+00  1.263729623664802e+00  0
-2.589506000037745e-06  1.376759073013586e+00  1.376759073013586e+00  1.376759073013586e+00  1.376759073013586e+00  0
-2.362778012606077e-06  1.440538877319183e+00  1.440538877319183e+00  1.440538877319183e+00  1.440538877319183e+00  0
-2.155901525917819e-06  1.425953923678431e+00  1.425953923678431e+00  1.425953923678431e+00  1.425953923678431e+00  0
-1.967138412773813e-06  1.330801474416761e+00  1.330801474416761e+00  1.330801474416761e+00  1.330801474416761e+00  0
-1.794902730245473e-06  1.282429391345127e+00  1.282429391345127e+00  1.282429391345127e+00  1.282429391345127e+00  0
-1.637747394958268e-06  1.163272190289048e+00  1.163272190289048e+00  1.163272190289048e+00  1.163272190289048e+00  0
-1.494352025040248e-06  1.090502815379128e+00  1.090502815379128e+00  1.090502815379128e+00  1.090502815379128e+00  0
-1.363511846586568e-06  1.090510720379136e+00  1.090510720379136e+00  1.090510720379136e+00  1.090510720379136e+00  0
-1.244127571434742e-06  1.161171679209852e+00  1.161171679209852e+00  1.161171679209852e+00  1.161171679209852e+00  0
-1.135196161206098e-06  1.270853658504870e+00  1.270853658504870e+00  1.270853658504870e+00  1.270853658504870e+00  0
-1.035802400015098e-06  1.384626465530917e+00  1.384626465530917e+00  1.384626465530917e+00  1.384626465530917e+00  0
-9.451112050424309e-07  1.445143240892645e+00  1.445143240892645e+00  1.445143240892645e+00  1.445143240892645e+00  0
-8.623606103671279e-07  1.419216240889237e+00  1.419216240889237e+00  1.419216240889237e+00  1.419216240889237e+00  0
-7.868553651095252e-07  1.299928267588537e+00  1.299928267588537e+00  1.299928267588537e+00  1.299928267588537e+00  0
-7.179610920981894e-07  1.292942744928763e+00  1.292942744928763e+00  1.292942744928763e+00  1.292942744928763e+00  0
-6.550989579833072e-07  1.171032913507148e+00  1.171032913507148e+00  1.171032913507148e+00  1.171032913507148e+00  0
-5.977408100160992e-07  1.096070737856958e+00  1.096070737856958e+00  1.096070737856958e+00  1.096070737856958e+00  0
-5.454047386346274e-07  1.095422611143084e+00  1.095422611143084e+00  1.095422611143084e+00  1.095422611143084e+00  0
-4.976510285738970e-07  1.167407099613383e+00  1.167407099613383e+00  1.167407099613383e+00  1.167407099613383e+00  0
-4.540784644824392e-07  1.278148599080380e+00  1.278148599080380e+00  1.278148599080380e+00  1.278148599080380e+00  0
-4.143209600060391e-07  1.394849741655878e+00  1.394849741655878e+00  1.394849741655878e+00  1.394849741655878e+00  0
-3.780444820169723e-07  1.457895273027357e+00  1.457895273027357e+00  1.457895273027357e+00  1.457895273027357e+00  0
-3.449442441468511e-07  1.433248868634246e+00  1.433248868634246e+00  1.433248868634246e+00  1.433248868634246e+00  0
-3.147421460438101e-07  1.313593163382533e+00  1.313593163382533e+00  1.313593163382533e+00  1.313593163382533e+00  0
-2.871844368392758e-07  1.300956318413558e+00  1.300956318413558e+00  1.300956318413558e+00  1.300956318413558e+00  0
-2.620395831933229e-07  1.176948931502097e+00  1.176948931502097e+00  1.176948931502097e+00  1.176948931502097e+00  0
-2.390963240064397e-07  1.100361855058592e+00  1.100361855058592e+00  1.100361855058592e+00  1.100361855058592e+00  0
-2.181618954538510e-07  1.099299751541718e+00  1.099299751541718e+00  1.099299751541718e+00  1.099299751541718e+00  0
-1.990604114295588e-07  1.172393863305140e+00  1.172393863305140e+00  1.172393863305140e+00  1.172393863305140e+00  0
-1.816313857929757e-07  1.283728246479394e+00  1.283728246479394e+00  1.283728246479394e+00  1.283728246479394e+00  0
-1.657283840024157e-07  1.402703660086469e+00  1.402703660086469e+00  1.402703660086469e+00  1.402703660086469e+00  0
-1.512177928067889e-07  1.467689690277935e+00  1.467689690277935e+00  1.467689690277935e+00  1.467689690277935e+00  0
-1.379776976587405e-07  1.443998382719813e+00  1.443998382719813e+00  1.443998382719813e+00  1.443998382719813e+00  0
-1.258968584175240e-07  1.324019883314687e+00  1.324019883314687e+00  1.324019883314687e+00  1.324019883314687e+00  0
-1.148737747357103e-07  1.307179658943787e+00  1.307179658943787e+00  1.307179658943787e+00  1.307179658943787e+00  0
-1.048158332773291e-07  1.181479699840658e+00  1.181479699840658e+00  1.181479699840658e+00  1.181479699840658e+00  0
-9.563852960257586e-08  1.103597548308367e+00  1.103597548308367e+00  1.103597548308367e+00  1.103597548308367e+00  0
-8.726475818154038e-08  1.102209947234663e+00  1.102209947234663e+00  1.102209947234663e+00  1.102209947234663e+00  0
-7.962416457182352e-08  1.176177852904001e+00  1.176177852904001e+00  1.176177852904001e+00  1.176177852904001e+00  0
-7.265255431719029e-08  1.288209312105705e+00  1.288209312105705e+00  1.288209312105705e+00  1.288209312105705e+00  0
-6.629135360096627e-08  1.408987508457791e+00  1.408987508457791e+00  1.408987508457791e+00  1.408987508457791e+00  0
-6.048711712271557e-08  1.475476150212996e+00  1.475476150212996e+00  1.475476150212996e+00  1.475476150212996e+00  0
-5.519107906349619e-08  1.452476657966913e+00  1.452476657966913e+00  1.452476657966913e+00  1.452476657966913e+00  0
-5.035874336700961e-08  1.332162842314319e+00  1.332162842314319e+00  1.332162842314319e+00  1.332162842314319e+00  0
-4.594950989428412e-08  1.312147465800664e+00  1.312147465800664e+00  1.312147465800664e+00  1.312147465800664e+00  0
-4.192633331093166e-08  1.185065915532362e+00  1.185065915532362e+00  1.185065915532362e+00  1.185065915532362e+00  0
-3.825541184103035e-08  1.106150818251373e+00  1.106150818251373e+00  1.106150818251373e+00  1.106150818251373e+00  0
-3.490590327261615e-08  1.104527110781706e+00  1.104527110781706e+00  1.104527110781706e+00  1.104527110781706e+00  0
-3.184966582872941e-08  1.179221052861558e+00  1.179221052861558e+00  1.179221052861558e+00  1.179221052861558e+00  0
-2.906102172687611e-08  1.291910814989956e+00  1.291910814989956e+00  1.291910814989956e+00  1.291910814989956e+00  0
-2.651654144038651e-08  1.414159923458235e+00  1.414159923458235e+00  1.414159923458235e+00  1.414159923458235e+00  0
-2.419484684908623e-08  1.481839116916178e+00  1.481839116916178e+00  1.481839116916178e+00  1.481839116916178e+00  0
-2.207643162539847e-08  1.459346402155949e+00  1.459346402155949e+00  1.459346402155949e+00  1.459346402155949e+00  0
-2.014349734680384e-08  1.338699738541631e+00  1.338699738541631e+00  1.338699738541631e+00  1.338699738541631e+00  0
-1.837980395771364e-08  1.316161424746664e+00  1.316161424746664e+00  1.316161424746664e+00  1.316161424746664e+00  0
-1.677053332437266e-08  1.187924402171394e+00  1.187924402171394e+00  1.187924402171394e+00  1.187924402171394e+00  0
-1.530216473641213e-08  1.108179226746236e+00  1.108179226746236e+00  1.108179226746236e+00  1.108179226746236e+00  0
-1.396236130904646e-08  1.106403268660302e+00  1.106403268660302e+00  1.106403268660302e+00  1.106403268660302e+00  0
-1.273986633149176e-08  1.181734841226316e+00  1.181734841226316e+00  1.181734841226316e+00  1.181734841226316e+00  0
-1.162440869075045e-08  1.295049347475038e+00  1.295049347475038e+00  1.295049347475038e+00  1.295049347475038e+00  0
-1.060661657615460e-08  1.418541902513662e+00  1.418541902513662e+00  1.418541902513662e+00  1.418541902513662e+00  0
-9.677938739634492e-09  1.487178071025122e+00  1.487178071025122e+00  1.487178071025122e+00  1.487178071025122e+00  0
-8.830572650159389e-09  1.465038838921978e+00  1.465038838921978e+00  1.465038838921978e+00  1.465038838921978e+00  0
-8.057398938721539e-09  1.344041208932522e+00  1.344041208932522e+00  1.344041208932522e+00  1.344041208932522e+00  0
-7.351921583085459e-09  1.319405493574903e+00  1.319405493574903e+00  1.319405493574903e+00  1.319405493574903e+00  0
-6.708213329749065e-09  1.190157452875663e+00  1.190157452875663e+00  1.190157452875663e+00  1.190157452875663e+00  0
-6.120865894564855e-09  1.109742163135755e+00  1.109742163135755e+00  1.109742163135755e+00  1.109742163135755e+00  0
-5.584944523618584e-09  1.107908578192754e+00  1.107908578192754e+00  1.107908578192754e+00  1.107908578192754e+00  0
-5.095946532596706e-09  1.183851901567393e+00  1.183851901567393e+00  1.183851901567393e+00  1.183851901567393e+00  0
-4.649763476300179e-09  1.297802350041315e+00  1.297802350041315e+00  1.297802350041315e+00  1.297802350041315e+00  0
-4.242646630461842e-09  1.422420581625844e+00  1.422420581625844e+00  1.422420581625844e+00  1.422420581625844e+00  0
-3.871175495853797e-09  1.491839950638452e+00  1.491839950638452e+00  1.491839950638452e+00  1.491839950638452e+00  0
-3.532229060063756e-09  1.469900626238851e+00  1.469900626238851e+00  1.469900626238851e+00  1.469900626238851e+00  0
-3.222959575488616e-09  1.348483001763469e+00  1.348483001763469e+00  1.348483001763469e+00  1.348483001763469e+00  0
-2.940768633234184e-09  1.322008920939167e+00  1.322008920939167e+00  1.322008920939167e+00  1.322008920939167e+00  0
-2.683285331899626e-09  1.191778342705066e+00  1.191778342705066e+00  1.191778342705066e+00  1.191778342705066e+00  0
-2.448346357825942e-09  1.110807429706360e+00  1.110807429706360e+00  1.110807429706360e+00  1.110807429706360e+00  0
-2.233977809447434e-09  1.109043607439181e+00  1.109043607439181e+00  1.109043607439181e+00  1.109043607439181e+00  0
-2.038378613038682e-09  1.185665396494368e+00  1.185665396494368e+00  1.185665396494368e+00  1.185665396494368e+00  0
-1.859905390520071e-09  1.300264817694542e+00  1.300264817694542e+00  1.300264817694542e+00  1.300264817694542e+00  0
-1.697058652184737e-09  1.426073895456089e+00  1.426073895456089e+00  1.426073895456089e+00  1.426073895456089e+00  0
-1.548470198341519e-09  1.496197031936203e+00  1.496197031936203e+00  1.496197031936203e+00  1.496197031936203e+00  0
-1.412891624025502e-09  1.474293064114487e+00  1.474293064114487e+00  1.474293064114487e+00  1.474293064114487e+00  0
-1.289183830195446e-09  1.352293637831957e+00  1.352293637831957e+00  1.352293637831957e+00  1.352293637831957e+00  0
-1.176307453293673e-09  1.324250171536946e+00  1.324250171536946e+00  1.324250171536946e+00  1.324250171536946e+00  0
-1.073314132759850e-09  1.192820159991889e+00  1.192820159991889e+00  1.192820159991889e+00  1.192820159991889e+00  0
-9.793385431303769e-10  1.111261770667649e+00  1.111261770667649e+00  1.111261770667649e+00  1.111261770667649e+00  0
-8.935911237789734e-10  1.109689328953197e+00  1.109689328953197e+00  1.109689328953197e+00  1.109689328953197e+00  0
-8.153514452154729e-10  1.187171130876721e+00  1.187171130876721e+00  1.187171130876721e+00  1.187171130876721e+00  0
-7.439621562080285e-10  1.302113034164379e+00  1.302113034164379e+00  1.302113034164379e+00  1.302113034164379e+00  0
-6.788234608738945e-10  1.429498722797384e+00  1.429498722797384e+00  1.429498722797384e+00  1.429498722797384e+00  0
-6.193880793366075e-10  1.500545520157996e+00  1.500545520157996e+00  1.500545520157996e+00  1.500545520157996e+00  0
-5.651566496102009e-10  1.478659132009553e+00  1.478659132009553e+00  1.478659132009553e+00  1.478659132009553e+00  0
-5.156735320781784e-10  1.355875859745135e+00  1.355875859745135e+00  1.355875859745135e+00  1.355875859745135e+00  0
-4.705229813174694e-10  1.326827773655390e+00  1.326827773655390e+00  1.326827773655390e+00  1.326827773655390e+00  0
-4.293256531039402e-10  1.193887757043597e+00  1.193887757043597e+00  1.193887757043597e+00  1.193887757043597e+00  0
-3.917354172521507e-10  1.111375885912509e+00  1.111375885912509e+00  1.111375885912509e+00  1.111375885912509e+00  0
-3.574364495115894e-10  1.109808924169457e+00  1.109808924169457e+00  1.109808924169457e+00  1.109808924169457e+00  0
-3.261405780861892e-10  1.188224527841636e+00  1.188224527841636e+00  1.188224527841636e+00  1.188224527841636e+00  0
3.261405780861892e-10  1.188224533244270e+00  1.188224533244270e+00  1.188224533244270e+00  1.188224533244270e+00  0
3.574364495115894e-10  1.109808928606700e+00  1.109808928606700e+00  1.109808928606700e+00  1.109808928606700e+00  0
3.917354172521507e-10  1.111375889684155e+00  1.111375889684155e+00  1.111375889684155e+00  1.111375889684155e+00  0
4.293256531039402e-10  1.193887760468692e+00  1.193887760468692e+00  1.193887760468692e+00  1.193887760468692e+00  0
4.705229813174694e-10  1.326827776973870e+00  1.326827776973870e+00  1.326827776973870e+00  1.326827776973870e+00  0
5.156735320781784e-10  1.355875868002673e+00  1.355875868002673e+00  1.355875868002673e+00  1.355875868002673e+00  0
5.651566496102009e-10  1.478659140624112e+00  1.478659140624112e+00  1.478659140624112e+00  1.478659140624112e+00  0
6.193880793366075e-10  1.500545528526227e+00  1.500545528526227e+00  1.500545528526227e+00  1.500545528526227e+00  0
6.788234608738945e-10  1.429498730400877e+00  1.429498730400877e+00  1.429498730400877e+00  1.429498730400877e+00  0
7.439621562080285e-10  1.302113040687785e+00  1.302113040687785e+00  1.302113040687785e+00  1.302113040687785e+00  0
8.153514452154729e-10  1.187171145653106e+00  1.187171145653106e+00  1.187171145653106e+00  1.187171145653106e+00  0
8.935911237789734e-10  1.109689341089857e+00  1.109689341089857e+00  1.109689341089857e+00  1.109689341089857e+00  0
9.793385431303769e-10  1.111261781050666e+00  1.111261781050666e+00  1.111261781050666e+00  1.111261781050666e+00  0
1.073314132759850e-09  1.192820169511468e+00  1.192820169511468e+00  1.192820169511468e+00  1.192820169511468e+00  0
1.176307453293673e-09  1.324250180815957e+00  1.324250180815957e+00  1.324250180815957e+00  1.324250180815957e+00  0
1.289183830195446e-09  1.352293661120068e+00  1.352293661120068e+00  1.352293661120068e+00  1.352293661120068e+00  0
1.412891624025502e-09  1.474293088306509e+00  1.474293088306509e+00  1.474293088306509e+00  1.474293088306509e+00  0
1.548470198341519e-09  1.496197055291626e+00  1.496197055291626e+00  1.496197055291626e+00  1.496197055291626e+00  0
1.697058652184737e-09  1.426073916519811e+00  1.426073916519811e+00  1.426073916519811e+00  1.426073916519811e+00  0
1.859905390520071e-09  1.300264835634833e+00  1.300264835634833e+00  1.300264835634833e+00  1.300264835634833e+00  0
2.038378613038682e-09  1.185665437296669e+00  1.185665437296669e+00  1.185665437296669e+00  1.185665437296669e+00  0
2.233977809447434e-09  1.109043640887262e+00  1.109043640887262e+00  1.109043640887262e+00  1.109043640887262e+00  0
2.448346357825942e-09  1.110807458386500e+00  1.110807458386500e+00  1.110807458386500e+00  1.110807458386500e+00  0
2.683285331899626e-09  1.191778369154017e+00  1.191778369154017e+00  1.191778369154017e+00  1.191778369154017e+00  0
2.940768633234184e-09  1.322008946873092e+00  1.322008946873092e+00  1.322008946873092e+00  1.322008946873092e+00  0
3.222959575488616e-09  1.348483067363871e+00  1.348483067363871e+00  1.348483067363871e+00  1.348483067363871e+00  0
3.532229060063756e-09  1.469900694214564e+00  1.469900694214564e+00  1.469900694214564e+00  1.469900694214564e+00  0
3.871175495853797e-09  1.491840016030650e+00  1.491840016030650e+00  1.491840016030650e+00  1.491840016030650e+00  0
4.242646630461842e-09  1.422420640337497e+00  1.422420640337497e+00  1.422420640337497e+00  1.422420640337497e+00  0
4.649763476300179e-09  1.297802399797272e+00  1.297802399797272e+00  1.297802399797272e+00  1.297802399797272e+00  0
5.095946532596706e-09  1.183852015135187e+00  1.183852015135187e+00  1.183852015135187e+00  1.183852015135187e+00  0
5.584944523618584e-09  1.107908671170519e+00  1.107908671170519e+00  1.107908671170519e+00  1.107908671170519e+00  0
6.120865894564855e-09  1.109742242957951e+00  1.109742242957951e+00  1.109742242957951e+00  1.109742242957951e+00  0
6.708213329749065e-09  1.190157526727686e+00  1.190157526727686e+00  1.190157526727686e+00  1.190157526727686e+00  0
7.351921583085459e-09  1.319405566225762e+00  1.319405566225762e+00  1.319405566225762e+00  1.319405566225762e+00  0
8.057398938721539e-09  1.344041394313252e+00  1.344041394313252e+00  1.344041394313252e+00  1.344041394313252e+00  0
8.830572650159389e-09  1.465039030529366e+00  1.465039030529366e+00  1.465039030529366e+00  1.465039030529366e+00  0
9.677938739634492e-09  1.487178254808530e+00  1.487178254808530e+00  1.487178254808530e+00  1.487178254808530e+00  0
1.060661657615460e-08  1.418542066980758e+00  1.418542066980758e+00  1.418542066980758e+00  1.418542066980758e+00  0
1.162440869075045e-08  1.295049486384332e+00  1.295049486384332e+00  1.295049486384332e+00  1.295049486384332e+00  0
1.273986633149176e-08  1.181735159512801e+00  1.181735159512801e+00  1.181735159512801e+00  1.181735159512801e+00  0
1.396236130904646e-08  1.106403529070680e+00  1.106403529070680e+00  1.106403529070680e+00  1.106403529070680e+00  0
1.530216473641213e-08  1.108179450581656e+00  1.108179450581656e+00  1.108179450581656e+00  1.108179450581656e+00  0
1.677053332437266e-08  1.187924609745034e+00  1.187924609745034e+00  1.187924609745034e+00  1.187924609745034e+00  0
1.837980395771364e-08  1.316161629321457e+00  1.316161629321457e+00  1.316161629321457e+00  1.316161629321457e+00  0
2.014349734680384e-08  1.338700265359179e+00  1.338700265359179e+00  1.338700265359179e+00  1.338700265359179e+00  0
2.207643162539847e-08  1.459346945111144e+00  1.459346945111144e+00  1.459346945111144e+00  1.459346945111144e+00  0
2.419484684908623e-08  1.481839636154471e+00  1.481839636154471e+00  1.481839636154471e+00  1.481839636154471e+00  0
2.651654144038651e-08  1.414160386737945e+00  1.414160386737945e+00  1.414160386737945e+00  1.414160386737945e+00  0
2.906102172687611e-08  1.291911205199516e+00  1.291911205199516e+00  1.291911205199516e+00  1.291911205199516e+00  0
3.184966582872941e-08  1.179221950925266e+00  1.179221950925266e+00  1.179221950925266e+00  1.179221950925266e+00  0
3.490590327261615e-08  1.104527845340597e+00  1.104527845340597e+00  1.104527845340597e+00  1.104527845340597e+00  0
3.825541184103035e-08  1.106151450523461e+00  1.106151450523461e+00  1.106151450523461e+00  1.106151450523461e+00  0
4.192633331093166e-08  1.185066503081157e+00  1.185066503081157e+00  1.185066503081157e+00  1.185066503081157e+00  0
4.594950989428412e-08  1.312148045577618e+00  1.312148045577618e+00  1.312148045577618e+00  1.312148045577618e+00  0
5.035874336700961e-08  1.332164350108637e+00  1.332164350108637e+00  1.332164350108637e+00  1.332164350108637e+00  0
5.519107906349619e-08  1.452478206882960e+00  1.452478206882960e+00  1.452478206882960e+00  1.452478206882960e+00  0
6.048711712271557e-08  1.475477626698936e+00  1.475477626698936e+00  1.475477626698936e+00  1.475477626698936e+00  0
6.629135360096627e-08  1.408988821791985e+00  1.408988821791985e+00  1.408988821791985e+00  1.408988821791985e+00  0
7.265255431719029e-08  1.288210415384679e+00  1.288210415384679e+00  1.288210415384679e+00  1.288210415384679e+00  0
7.962416457182352e-08  1.176180404854699e+00  1.176180404854699e+00  1.176180404854699e+00  1.176180404854699e+00  0
8.726475818154038e-08  1.102212034477309e+00  1.102212034477309e+00  1.102212034477309e+00  1.102212034477309e+00  0
9.563852960257586e-08  1.103599347870323e+00  1.103599347870323e+00  1.103599347870323e+00  1.103599347870323e+00  0
1.048158332773291e-07  1.181481375636468e+00  1.181481375636468e+00  1.181481375636468e+00  1.181481375636468e+00  0
1.148737747357103e-07  1.307181314226789e+00  1.307181314226789e+00  1.307181314226789e+00  1.307181314226789e+00  0
1.258968584175240e-07  1.324024234617889e+00  1.324024234617889e+00  1.324024234617889e+00  1.324024234617889e+00  0
1.379776976587405e-07  1.444002836099430e+00  1.444002836099430e+00  1.444002836099430e+00  1.444002836099430e+00  0
1.512177928067889e-07  1.467693920173733e+00  1.467693920173733e+00  1.467693920173733e+00  1.467693920173733e+00  0
1.657283840024157e-07  1.402707410092430e+00  1.402707410092430e+00  1.402707410092430e+00  1.402707410092430e+00  0
1.816313857929757e-07  1.283731388056545e+00  1.283731388056545e+00  1.283731388056545e+00  1.283731388056545e+00  0
1.990604114295588e-07  1.172401170764106e+00  1.172401170764106e+00  1.172401170764106e+00  1.172401170764106e+00  0
2.181618954538510e-07  1.099305729268395e+00  1.099305729268395e+00  1.099305729268395e+00  1.099305729268395e+00  0
2.390963240064397e-07  1.100367019035821e+00  1.100367019035821e+00  1.100367019035821e+00  1.100367019035821e+00  0
2.620395831933229e-07  1.176953751361776e+00  1.176953751361776e+00  1.176953751361776e+00  1.176953751361776e+00  0
2.871844368392758e-07  1.300961083665356e+00  1.300961083665356e+00  1.300961083665356e+00  1.300961083665356e+00  0
3.147421460438101e-07  1.313605835966917e+00  1.313605835966917e+00  1.313605835966917e+00  1.313605835966917e+00  0
3.449442441468511e-07  1.433261784964026e+00  1.433261784964026e+00  1.433261784964026e+00  1.433261784964026e+00  0
3.780444820169723e-07  1.457907492243156e+00  1.457907492243156e+00  1.457907492243156e+00  1.457907492243156e+00  0
4.143209600060391e-07  1.394860534983635e+00  1.394860534983635e+00  1.394860534983635e+00  1.394860534983635e+00  0
4.540784644824392e-07  1.278157614429587e+00  1.278157614429587e+00  1.278157614429587e+00  1.278157614429587e+00  0
4.976510285738970e-07  1.167428207222916e+00  1.167428207222916e+00  1.167428207222916e+00  1.167428207222916e+00  0
5.454047386346274e-07  1.095439883817900e+00  1.095439883817900e+00  1.095439883817900e+00  1.095439883817900e+00  0
5.977408100160992e-07  1.096085693499985e+00  1.096085693499985e+00  1.096085693499985e+00  1.096085693499985e+00  0
6.550989579833072e-07  1.171046907408822e+00  1.171046907408822e+00  1.171046907408822e+00  1.171046907408822e+00  0
7.179610920981894e-07  1.292956591987578e+00  1.292956591987578e+00  1.292956591987578e+00  1.292956591987578e+00  0
7.868553651095252e-07  1.299965578389434e+00  1.299965578389434e+00  1.299965578389434e+00  1.299965578389434e+00  0
8.623606103671279e-07  1.419254087008485e+00  1.419254087008485e+00  1.419254087008485e+00  1.419254087008485e+00  0
9.451112050424309e-07  1.445178881422090e+00  1.445178881422090e+00  1.445178881422090e+00  1.445178881422090e+00  0
1.035802400015098e-06  1.384657817665795e+00  1.384657817665795e+00  1.384657817665795e+00  1.384657817665795e+00  0
1.135196161206098e-06  1.270879760296263e+00  1.270879760296263e+00  1.270879760296263e+00  1.270879760296263e+00  0
1.244127571434742e-06  1.161233247281286e+00  1.161233247281286e+00  1.161233247281286e+00  1.161233247281286e+00  0
1.363511846586568e-06  1.090561134526717e+00  1.090561134526717e+00  1.090561134526717e+00  1.090561134526717e+00  0
1.494352025040248e-06  1.090546586159732e+00  1.090546586159732e+00  1.090546586159732e+00  1.090546586159732e+00  0
1.637747394958268e-06  1.163313259433252e+00  1.163313259433252e+00  1.163313259433252e+00  1.163313259433252e+00  0
1.794902730245473e-06  1.282470060902977e+00  1.282470060902977e+00  1.282470060902977e+00  1.282470060902977e+00  0
1.967138412773813e-06  1.330912643301367e+00  1.330912643301367e+00  1.330912643301367e+00  1.330912643301367e+00  0
2.155901525917819e-06  1.426066072473309e+00  1.426066072473309e+00  1.426066072473309e+00  1.426066072473309e+00  0
2.362778012606077e-06  1.440643948892174e+00  1.440643948892174e+00  1.440643948892174e+00  1.440643948892174e+00  0
2.589506000037745e-06  1.376851078993190e+00  1.376851078993190e+00  1.376851078993190e+00  1.376851078993190e+00  0
2.837990403015245e-06  1.263805947986089e+00  1.263805947986089e+00  1.263805947986089e+00  1.263805947986089e+00  0
3.110318928586857e-06  1.153459053044543e+00  1.153459053044543e+00  1.153459053044543e+00  1.153459053044543e+00  0
3.408779616466421e-06  1.084421330646618e+00  1.084421330646618e+00  1.084421330646618e+00  1.084421330646618e+00  0
3.735880062600620e-06  1.083447661311530e+00  1.083447661311530e+00  1.083447661311530e+00  1.083447661311530e+00  0
4.094368487395670e-06  1.153293900282898e+00  1.153293900282898e+00  1.153293900282898e+00  1.153293900282898e+00  0
4.487256825613684e-06  1.268875384053451e+00  1.268875384053451e+00  1.268875384053451e+00  1.268875384053451e+00  0
4.917846031934533e-06  1.309679230546096e+00  1.309679230546096e+00  1.309679230546096e+00  1.309679230546096e+00  0
5.389753814794549e-06  1.403698221005788e+00  1.403698221005788e+00  1.403698221005788e+00  1.403698221005788e+00  0
5.906945031515193e-06  1.420214784007216e+00  1.420214784007216e+00  1.420214784007216e+00  1.420214784007216e+00  0
6.473765000094363e-06  1.360589322550507e+00  1.360589322550507e+00  1.360589322550507e+00  1.360589322550507e+00  0
7.094976007538114e-06  1.252357406456081e+00  1.252357406456081e+00  1.252357406456081e+00  1.252357406456081e+00  0
7.775797321467140e-06  1.143156715968378e+00  1.143156715968378e+00  1.143156715968378e+00  1.143156715968378e+00  0
8.521949041166052e-06  1.076320904735106e+00  1.076320904735106e+00  1.076320904735106e+00  1.076320904735106e+00  0
9.339700156501548e-06  1.074055603259841e+00  1.074055603259841e+00  1.074055603259841e+00  1.074055603259841e+00  0
1.023592121848917e-05  1.140022639662430e+00  1.140022639662430e+00  1.140022639662430e+00  1.140022639662430e+00  0
1.121814206403421e-05  1.250920005487329e+00  1.250920005487329e+00  1.250920005487329e+00  1.250920005487329e+00  0
1.229461507983633e-05  1.305244841506876e+00  1.305244841506876e+00  1.305244841506876e+00  1.305244841506876e+00  0
1.347438453698637e-05  1.386010928278290e+00  1.386010928278290e+00  1.386010928278290e+00  1.386010928278290e+00  0
1.476736257878798e-05  1.398669218800032e+00  1.398669218800032e+00  1.398669218800032e+00  1.398669218800032e+00  0
1.618441250023591e-05  1.341413859043490e+00  1.341413859043490e+00  1.341413859043490e+00  1.341413859043490e+00  0
1.773744001884528e-05  1.238161984994163e+00  1.238161984994163e+00  1.238161984994163e+00  1.238161984994163e+00  0
1.943949330366785e-05  1.128750775298152e+00  1.128750775298152e+00  1.128750775298152e+00  1.128750775298152e+00  0
2.130487260291513e-05  1.064948160293876e+00  1.064948160293876e+00  1.064948160293876e+00  1.064948160293876e+00  0
2.334925039125387e-05  1.060891998020282e+00  1.060891998020282e+00  1.060891998020282e+00  1.060891998020282e+00  0
2.558980304622294e-05  1.121552217542567e+00  1.121552217542567e+00  1.121552217542567e+00  1.121552217542567e+00  0
2.804535516008552e-05  1.226116727268882e+00  1.226116727268882e+00  1.226116727268882e+00  1.226116727268882e+00  0
3.073653769959083e-05  1.264733728086195e+00  1.264733728086195e+00  1.264733728086195e+00  1.264733728086195e+00  0
3.368596134246593e-05  1.343771150104242e+00  1.343771150104242e+00  1.343771150104242e+00  1.343771150104242e+00  0
3.691840644696995e-05  1.360377469344008e+00  1.360377469344008e+00  1.360377469344008e+00  1.360377469344008e+00  0
4.046103125058977e-05  1.311135376417927e+00  1.311135376417927e+00  1.311135376417927e+00  1.311135376417927e+00  0
4.434360004711321e-05  1.216950903700470e+00  1.216950903700470e+00  1.216950903700470e+00  1.216950903700470e+00  0
4.859873325916964e-05  1.107299684318240e+00  1.107299684318240e+00  1.107299684318240e+00  1.107299684318240e+00  0
5.326218150728783e-05  1.047960747620620e+00  1.047960747620620e+00  1.047960747620620e+00  1.047960747620620e+00  0
5.837312597813469e-05  1.041642914305271e+00  1.041642914305271e+00  1.041642914305271e+00  1.041642914305271e+00  0
6.397450761555734e-05  1.095131690741856e+00  1.095131690741856e+00  1.095131690741856e+00  1.095131690741856e+00  0
7.011338790021381e-05  1.191093161681285e+00  1.191093161681285e+00  1.191093161681285e+00  1.191093161681285e+00  0
7.684134424897707e-05  1.206214482726497e+00  1.206214482726497e+00  1.206214482726497e+00  1.206214482726497e+00  0
8.421490335616483e-05  1.283303693749790e+00  1.283303693749790e+00  1.283303693749790e+00  1.283303693749790e+00  0
9.229601611742488e-05  1.305556544820729e+00  1.305556544820729e+00  1.305556544820729e+00  1.305556544820729e+00  0
1.011525781264744e-04  1.267510473162458e+00  1.267510473162458e+00  1.267510473162458e+00  1.267510473162458e+00  0
1.108590001177830e-04  1.185996049102655e+00  1.185996049102655e+00  1.185996049102655e+00  1.185996049102655e+00  0
1.214968331479241e-04  1.073232838899199e+00  1.073232838899199e+00  1.073232838899199e+00  1.073232838899199e+00  0
1.331554537682195e-04  1.020751803272978e+00  1.020751803272978e+00  1.020751803272978e+00  1.020751803272978e+00  0
1.459328149453367e-04  1.012147633204841e+00  1.012147633204841e+00  1.012147633204841e+00  1.012147633204841e+00  0
1.599362690388933e-04  1.056422555582111e+00  1.056422555582111e+00  1.056422555582111e+00  1.056422555582111e+00  0
1.752834697505345e-04  1.140904781874343e+00  1.140904781874343e+00  1.140904781874343e+00  1.140904781874343e+00  0
1.921033606224427e-04  1.123276111239190e+00  1.123276111239190e+00  1.123276111239190e+00  1.123276111239190e+00  0
2.105372583904121e-04  1.197715926884761e+00  1.197715926884761e+00  1.197715926884761e+00  1.197715926884761e+00  0
2.307400402935622e-04  1.226932274889777e+00  1.226932274889777e+00  1.226932274889777e+00  1.226932274889777e+00  0
2.528814453161860e-04  1.203396426941864e+00  1.203396426941864e+00  1.203396426941864e+00  1.203396426941864e+00  0
2.771475002944575e-04  1.138843081839993e+00  1.138843081839993e+00  1.138843081839993e+00  1.138843081839993e+00  0
3.037420828698102e-04  1.020541249444296e+00  1.020541249444296e+00  1.020541249444296e+00  1.020541249444296e+00  0
3.328886344205489e-04  9.775201675025654e-01  9.775201675025654e-01  9.775201675025654e-01  9.775201675025654e-01  0
3.648320373633417e-04  9.672951291047384e-01  9.672951291047384e-01  9.672951291047384e-01  9.672951291047384e-01  0
3.998406725972333e-04  1.000756874278179e+00  1.000756874278179e+00  1.000756874278179e+00  1.000756874278179e+00  0
4.382086743763362e-04  1.070673181389402e+00  1.070673181389402e+00  1.070673181389402e+00  1.070673181389402e+00  0
4.802584015561067e-04  1.026631160290992e+00  1.026631160290992e+00  1.026631160290992e+00  1.026631160290992e+00  0
5.263431459760303e-04  1.094298196912445e+00  1.094298196912445e+00  1.094298196912445e+00  1.094298196912445e+00  0
5.768501007339055e-04  1.127595888352178e+00  1.127595888352178e+00  1.127595888352178e+00  1.127595888352178e+00  0
6.322036132904651e-04  1.117931129334506e+00  1.117931129334506e+00  1.117931129334506e+00  1.117931129334506e+00  0
6.928687507361440e-04  1.071782379557854e+00  1.071782379557854e+00  1.071782379557854e+00  1.071782379557854e+00  0
7.593552071745256e-04  9.741061984668722e-01  9.741061984668722e-01  9.741061984668722e-01  9.741061984668722e-01  0
8.322215860513723e-04  9.359298882677772e-01  9.359298882677772e-01  9.359298882677772e-01  9.359298882677772e-01  0
9.120800934083544e-04  9.204413527121847e-01  9.204413527121847e-01  9.204413527121847e-01  9.204413527121847e-01  0
9.996016814930835e-04  9.393787071282831e-01  9.393787071282831e-01  9.393787071282831e-01  9.393787071282831e-01  0
1.095521685940841e-03  9.902587285590524e-01  9.902587285590524e-01  9.902587285590524e-01  9.902587285590524e-01  0
1.200646003890267e-03  9.714404380792606e-01  9.714404380792606e-01  9.714404380792606e-01  9.714404380792606e-01  0
1.315857864940076e-03  1.029955746416423e+00  1.029955746416423e+00  1.029955746416423e+00  1.029955746416423e+00  0
1.442125251834764e-03  1.062020706598347e+00  1.062020706598347e+00  1.062020706598347e+00  1.062020706598347e+00  0
1.580509033226163e-03  1.058847514215875e+00  1.058847514215875e+00  1.058847514215875e+00  1.058847514215875e+00  0
1.732171876840360e-03  1.023170643569913e+00  1.023170643569913e+00  1.023170643569913e+00  1.023170643569913e+00  0
1.898388017936314e-03  1.001851884691529e+00  1.001851884691529e+00  1.001851884691529e+00  1.001851884691529e+00  0
2.080553965128431e-03  9.713185505788773e-01  9.713185505788773e-01  9.713185505788773e-01  9.713185505788773e-01  0
2.280200233520886e-03  9.476759767383898e-01  9.476759767383898e-01  9.476759767383898e-01  9.476759767383898e-01  0
2.499004203732709e-03  9.464797678896657e-01  9.464797678896657e-01  9.464797678896657e-01  9.464797678896657e-01  0
2.738804214852102e-03  9.715473911053836e-01  9.715473911053836e-01  9.715473911053836e-01  9.715473911053836e-01  0
3.001615009725670e-03  9.712689818968532e-01  9.712689818968532e-01  9.712689818968532e-01  9.712689818968532e-01  0
3.289644662350192e-03  1.018607188180213e+00  1.018607188180213e+00  1.018607188180213e+00  1.018607188180213e+00  0
3.605313129586913e-03  1.056565401822939e+00  1.056565401822939e+00  1.056565401822939e+00  1.056565401822939e+00  0
3.951272583065411e-03  1.072038607445685e+00  1.072038607445685e+00  1.072038607445685e+00  1.072038607445685e+00  0
4.330429692100904e-03  1.058632294103258e+00  1.058632294103258e+00  1.058632294103258e+00  1.058632294103258e+00  0
4.745970044840788e-03  9.408902039254901e-01  9.408902039254901e-01  9.408902039254901e-01  9.408902039254901e-01  0
5.201384912821080e-03  9.686554033077849e-01  9.686554033077849e-01  9.686554033077849e-01  9.686554033077849e-01  0
5.700500583802218e-03  9.751162518524668e-01  9.751162518524668e-01  9.751162518524668e-01  9.751162518524668e-01  0
6.247510509331775e-03  9.767391496486379e-01  9.767391496486379e-01  9.767391496486379e-01  9.767391496486379e-01  0
6.847010537130258e-03  9.872014601313753e-01  9.872014601313753e-01  9.872014601313753e-01  9.872014601313753e-01  0
7.504037524314174e-03  5.262162105150306e-01  5.262162105150306e-01  5.262162105150306e-01  5.262162105150306e-01  0
8.224111655875478e-03  6.249346978441650e-01  6.249346978441650e-01  6.249346978441650e-01  6.249346978441650e-01  0
9.013282823967282e-03  7.319487909437309e-01  7.319487909437309e-01  7.319487909437309e-01  7.319487909437309e-01  0
9.878181457663525e-03  8.336543448056600e-01  8.336543448056600e-01  8.336543448056600e-01  8.336543448056600e-01  0
1.082607423025226e-02  9.156270155467732e-01  9.156270155467732e-01  9.156270155467732e-01  9.156270155467732e-01  0
1.186492511210197e-02  4.292215376286585e-01  4.292215376286585e-01  4.292215376286585e-01  4.292215376286585e-01  0
1.300346228205270e-02  4.508316122507977e-01  4.508316122507977e-01  4.508316122507977e-01  4.508316122507977e-01  0
1.425125145950555e-02  4.668284844727322e-01  4.668284844727322e-01  4.668284844727322e-01  4.668284844727322e-01  0
1.561877627332944e-02  4.879489000278434e-01  4.879489000278434e-01  4.879489000278434e-01  4.879489000278434e-01  0
1.711752634282565e-02  5.249962370351011e-01  5.249962370351011e-01  5.249962370351011e-01  5.249962370351011e-01  0
1.876009381078543e-02  2.532733045202981e-01  2.532733045202981e-01  2.532733045202981e-01  2.532733045202981e-01  0
2.056027913968870e-02  2.914913398998728e-01  2.914913398998728e-01  2.914913398998728e-01  2.914913398998728e-01  0
2.253320705991821e-02  3.348546091692434e-01  3.348546091692434e-01  3.348546091692434e-01  3.348546091692434e-01  0
2.469545364415881e-02  3.782371168548776e-01  3.782371168548776e-01  3.782371168548776e-01  3.782371168548776e-01  0
2.706518557563065e-02  4.157745924077335e-01  4.157745924077335e-01  4.157745924077335e-01  4.157745924077335e-01  0
2.966231278025492e-02  2.809620748498927e-01  2.809620748498927e-01  2.809620748498927e-01  2.809620748498927e-01  0
3.250865570513176e-02  2.952436636826854e-01  2.952436636826854e-01  2.952436636826854e-01  2.952436636826854e-01  0
3.562812864876387e-02  2.991301024451903e-01  2.991301024451903e-01  2.991301024451903e-01  2.991301024451903e-01  0
3.904694068332360e-02  2.985843414923807e-01  2.985843414923807e-01  2.985843414923807e-01  2.985843414923807e-01  0
4.279381585706412e-02  3.011713954705617e-01  3.011713954705617e-01  3.011713954705617e-01  3.011713954705617e-01  0
4.690023452696358e-02  1.908869013555715e-01  1.908869013555715e-01  1.908869013555715e-01  1.908869013555715e-01  0
5.140069784922174e-02  2.081476149548318e-01  2.081476149548318e-01  2.081476149548318e-01  2.081476149548318e-01  0
5.633301764979550e-02  2.301556325812418e-01  2.301556325812418e-01  2.301556325812418e-01  2.301556325812418e-01  0
6.173863411039702e-02  2.546960262635220e-01  2.546960262635220e-01  2.546960262635220e-01  2.546960262635220e-01  0
6.766296393907660e-02  2.770847250690477e-01  2.770847250690477e-01  2.770847250690477e-01  2.770847250690477e-01  0
7.415578195063731e-02  2.475410205505971e-01  2.475410205505971e-01  2.475410205505971e-01  2.475410205505971e-01  0
8.127163926282939e-02  2.705966843265452e-01  2.705966843265452e-01  2.705966843265452e-01  2.705966843265452e-01  0
8.907032162190968e-02  2.799534698431441e-01  2.799534698431441e-01  2.799534698431441e-01  2.799534698431441e-01  0
9.761735170830900e-02  2.775589296391133e-01  2.775589296391133e-01  2.775589296391133e-01  2.775589296391133e-01  0
1.069845396426603e-01  2.689219702872738e-01  2.689219702872738e-01  2.689219702872738e-01  2.689219702872738e-01  0
1.172505863174089e-01  5.445507246709220e-01  5.445507246709220e-01  5.445507246709220e-01  5.445507246709220e-01  0
1.285017446230543e-01  5.504591001051254e-01  5.504591001051254e-01  5.504591001051254e-01  5.504591001051254e-01  0
1.408325441244888e-01  5.310138811617704e-01  5.310138811617704e-01  5.310138811617704e-01  5.310138811617704e-01  0
1.543465852759926e-01  4.955536935601600e-01  4.955536935601600e-01  4.955536935601600e-01  4.955536935601600e-01  0
1.691574098476915e-01  4.538457496413654e-01  4.538457496413654e-01  4.538457496413654e-01  4.538457496413654e-01  0
1.853894548765933e-01  3.376728662680430e-01  3.376728662680430e-01  3.376728662680430e-01  3.376728662680430e-01  0
2.031790981570735e-01  4.169769013666522e-01  4.169769013666522e-01  4.169769013666522e-01  4.169769013666522e-01  0
2.226758040547742e-01  4.927862540781960e-01  4.927862540781960e-01  4.927862540781960e-01  4.927862540781960e-01  0
2.440433792707725e-01  5.558585850651886e-01  5.558585850651886e-01  5.558585850651886e-01  5.558585850651886e-01  0
2.674613491066508e-01  5.973991668983535e-01  5.973991668983535e-01  5.973991668983535e-01  5.973991668983535e-01  0
2.931264657935224e-01  6.527895473799913e-02  6.527895473799913e-02  6.527895473799913e-02  6.527895473799913e-02  0
3.212543615576359e-01  9.909455516073569e-02  9.909455516073569e-02  9.909455516073569e-02  9.909455516073569e-02  0
3.520813603112219e-01  1.432719663800529e-01  1.432719663800529e-01  1.432719663800529e-01  1.432719663800529e-01  0
3.858664631899815e-01  1.982630877319580e-01  1.982630877319580e-01  1.982630877319580e-01  1.982630877319580e-01  0
4.228935246192289e-01  2.636311399931780e-01  2.636311399931780e-01  2.636311399931780e-01  2.636311399931780e-01  0
4.634736371914833e-01  1.484744061491573e-02  1.484744061491573e-02  1.484744061491573e-02  1.484744061491573e-02  0
5.079477453926837e-01  2.036118344086886e-02  2.036118344086886e-02  2.036118344086886e-02  2.036118344086886e-02  0
5.566895101369356e-01  2.789772330531557e-02  2.789772330531557e-02  2.789772330531557e-02  2.789772330531557e-02  0
6.101084481769313e-01  3.873336772560415e-02  3.873336772560415e-02  3.873336772560415e-02  3.873336772560415e-02  0
6.686533727666270e-01  5.461546791317676e-02  5.461546791317676e-02  5.461546791317676e-02  5.461546791317676e-02  0
7.328161644838057e-01  1.712451892978625e-03  1.712451892978625e-03  1.712451892978625e-03  1.712451892978625e-03  0
8.031359038940895e-01  3.023799109173824e-03  3.023799109173824e-03  3.023799109173824e-03  3.023799109173824e-03  0
8.802034007780546e-01  4.965656422612924e-03  4.965656422612924e-03  4.965656422612924e-03  4.965656422612924e-03  0
9.646661579749534e-01  7.610408250580195e-03  7.610408250580195e-03  7.610408250580195e-03  7.610408250580195e-03  0
1.057233811548072e+00  1.095952504190242e-02  1.095952504190242e-02  1.095952504190242e-02  1.095952504190242e-02  0
1.158684092978708e+00  3.864292148133379e-05  3.864292148133379e-05  3.864292148133379e-05  3.864292148133379e-05  0
1.269869363481709e+00  9.388360490957146e-05  9.388360490957146e-05  9.388360490957146e-05  9.388360490957146e-05  0
1.391723775342339e+00  2.170898476809883e-04  2.170898476809883e-04  2.170898476809883e-04  2.170898476809883e-04  0
1.525271120442328e+00  4.732716504664315e-04  4.732716504664315e-04  4.732716504664315e-04  4.732716504664315e-04  0
1.671633431916567e+00  9.666657561793173e-04  9.666657561793173e-04  9.666657561793173e-04  9.666657561793173e-04  0
1.832040411209514e+00  1.112311564151609e-06  1.112311564151609e-06  1.112311564151609e-06  1.112311564151609e-06  0
2.007839759735224e+00  2.460968180098623e-06  2.460968180098623e-06  2.460968180098623e-06  2.460968180098623e-06  0
2.200508501945136e+00  5.092211908204955e-06  5.092211908204955e-06  5.092211908204955e-06  5.092211908204955e-06  0
2.411665394937383e+00  9.916355425287266e-06  9.916355425287266e-06  9.916355425287266e-06  9.916355425287266e-06  0
2.643084528870179e+00  1.841703435099669e-05  1.841703435099669e-05  1.841703435099669e-05  1.841703435099669e-05  0
