-3.174673408704273e+00  4.578653917053651e-06  4.578653917053651e-06  4.578653917053651e-06  4.578653917053651e-06  0
-2.896710232446770e+00  2.248711815290272e-06  2.248711815290272e-06  2.248711815290272e-06  2.248711815290272e-06  0
-2.643084528870180e+00  1.029126022607348e-06  1.029126022607348e-06  1.029126022607348e-06  1.029126022607348e-06  0
-2.411665394937384e+00  4.381634809202953e-07  4.381634809202953e-07  4.381634809202953e-07  4.381634809202953e-07  0
-2.200508501945137e+00  1.735697111351916e-07  1.735697111351916e-07  1.735697111351916e-07  1.735697111351916e-07  0
-2.007839759735224e+00  2.255939875418621e-04  2.255939875418621e-04  2.255939875418621e-04  2.255939875418621e-04  0
-1.832040411209515e+00  9.899946448395483e-05  9.899946448395483e-05  9.899946448395483e-05  9.899946448395483e-05  0
-1.671633431916567e+00  4.116157506734093e-05  4.116157506734093e-05  4.116157506734093e-05  4.116157506734093e-05  0
-1.525271120442328e+00  1.640376240896697e-05  1.640376240896697e-05  1.640376240896697e-05  1.640376240896697e-05  0
-1.391723775342338e+00  6.360942663451552e-06  6.360942663451552e-06  6.360942663451552e-06  6.360942663451552e-06  0
-1.269869363481709e+00  4.315609738076800e-03  4.315609738076800e-03  4.315609738076800e-03  4.315609738076800e-03  0
-1.158684092978708e+00  2.736967979218430e-03  2.736967979218430e-03  2.736967979218430e-03  2.736967979218430e-03  0
-1.057233811548072e+00  1.617239259504532e-03  1.617239259504532e-03  1.617239259504532e-03  1.617239259504532e-03  0
-9.646661579749535e-01  8.876831058308466e-04  8.876831058308466e-04  8.876831058308466e-04  8.876831058308466e-04  0
-8.802034007780546e-01  4.520398119174470e-04  4.520398119174470e-04  4.520398119174470e-04  4.520398119174470e-04  0
-8.031359038940895e-01  2.551407058550852e-02  2.551407058550852e-02  2.551407058550852e-02  2.551407058550852e-02  0
-7.328161644838058e-01  1.829877320233213e-02  1.829877320233213e-02  1.829877320233213e-02  1.829877320233213e-02  0
-6.686533727666267e-01  1.311708513527488e-02  1.311708513527488e-02  1.311708513527488e-02  1.311708513527488e-02  0
-6.101084481769312e-01  9.305380001575483e-03  9.305380001575483e-03  9.305380001575483e-03  9.305380001575483e-03  0
-5.566895101369354e-01  6.436625700019374e-03  6.436625700019374e-03  6.436625700019374e-03  6.436625700019374e-03  0
-5.079477453926835e-01  1.201877769675217e-01  1.201877769675217e-01  1.201877769675217e-01  1.201877769675217e-01  0
-4.634736371914831e-01  8.658038073745450e-02  8.658038073745450e-02  8.658038073745450e-02  8.658038073745450e-02  0
-4.228935246192287e-01  6.046198710897869e-02  6.046198710897869e-02  6.046198710897869e-02  6.046198710897869e-02  0
-3.858664631899814e-01  4.059879860680059e-02  4.059879860680059e-02  4.059879860680059e-02  4.059879860680059e-02  0
-3.520813603112218e-01  2.598947050139108e-02  2.598947050139108e-02  2.598947050139108e-02  2.598947050139108e-02  0
-3.212543615576358e-01  4.149213931776832e-01  4.149213931776832e-01  4.149213931776832e-01  4.149213931776832e-01  0
-2.931264657935223e-01  3.490667458089204e-01  3.490667458089204e-01  3.490667458089204e-01  3.490667458089204e-01  0
-2.674613491066506e-01  2.810304715748615e-01  2.810304715748615e-01  2.810304715748615e-01  2.810304715748615e-01  0
-2.440433792707724e-01  2.178228167846840e-01  2.178228167846840e-01  2.178228167846840e-01  2.178228167846840e-01  0
-2.226758040547741e-01  1.635424482091013e-01  1.635424482091013e-01  1.635424482091013e-01  1.635424482091013e-01  0
-2.031790981570734e-01  4.871107831241563e-01  4.871107831241563e-01  4.871107831241563e-01  4.871107831241563e-01  0
-1.853894548765933e-01  5.071565495031909e-01  5.071565495031909e-01  5.071565495031909e-01  5.071565495031909e-01  0
-1.691574098476915e-01  5.077143854521586e-01  5.077143854521586e-01  5.077143854521586e-01  5.077143854521586e-01  0
-1.543465852759926e-01  4.841520494528557e-01  4.841520494528557e-01  4.841520494528557e-01  4.841520494528557e-01  0
-1.408325441244888e-01  4.361787118331750e-01  4.361787118331750e-01  4.361787118331750e-01  4.361787118331750e-01  0
-1.285017446230544e-01  2.627182130351569e-01  2.627182130351569e-01  2.627182130351569e-01  2.627182130351569e-01  0
-1.172505863174090e-01  2.722505566877835e-01  2.722505566877835e-01  2.722505566877835e-01  2.722505566877835e-01  0
-1.069845396426603e-01  2.714444287194674e-01  2.714444287194674e-01  2.714444287194674e-01  2.714444287194674e-01  0
-9.761735170830904e-02  2.567716926288770e-01  2.567716926288770e-01  2.567716926288770e-01  2.567716926288770e-01  0
-8.907032162190970e-02  2.286057806438836e-01  2.286057806438836e-01  2.286057806438836e-01  2.286057806438836e-01  0
-8.127163926282940e-02  2.366117549776873e-01  2.366117549776873e-01  2.366117549776873e-01  2.366117549776873e-01  0
-7.415578195063734e-02  2.201700094448402e-01  2.201700094448402e-01  2.201700094448402e-01  2.201700094448402e-01  0
-6.766296393907663e-02  2.050659551102136e-01  2.050659551102136e-01  2.050659551102136e-01  2.050659551102136e-01  0
-6.173863411039705e-02  1.943870992434749e-01  1.943870992434749e-01  1.943870992434749e-01  1.943870992434749e-01  0
-5.633301764979552e-02  1.880675579683386e-01  1.880675579683386e-01  1.880675579683386e-01  1.880675579683386e-01  0
-5.140069784922175e-02  2.439091207947639e-01  2.439091207947639e-01  2.439091207947639e-01  2.439091207947639e-01  0
-4.690023452696359e-02  2.503923594398944e-01  2.503923594398944e-01  2.503923594398944e-01  2.503923594398944e-01  0
-4.279381585706413e-02  2.545752517060091e-01  2.545752517060091e-01  2.545752517060091e-01  2.545752517060091e-01  0
-3.904694068332362e-02  2.499939224350908e-01  2.499939224350908e-01  2.499939224350908e-01  2.499939224350908e-01  0
-3.562812864876388e-02  2.331547235134256e-01  2.331547235134256e-01  2.331547235134256e-01  2.331547235134256e-01  0
-3.250865570513176e-02  2.931977156107105e-01  2.931977156107105e-01  2.931977156107105e-01  2.931977156107105e-01  0
-2.966231278025493e-02  2.608297961637023e-01  2.608297961637023e-01  2.608297961637023e-01  2.608297961637023e-01  0
-2.706518557563065e-02  2.225703060028827e-01  2.225703060028827e-01  2.225703060028827e-01  2.225703060028827e-01  0
-2.469545364415882e-02  1.844016420922605e-01  1.844016420922605e-01  1.844016420922605e-01  1.844016420922605e-01  0
-2.253320705991821e-02  1.504859873605403e-01  1.504859873605403e-01  1.504859873605403e-01  1.504859873605403e-01  0
-2.056027913968870e-02  3.176732747499374e-01  3.176732747499374e-01  3.176732747499374e-01  3.176732747499374e-01  0
-1.876009381078543e-02  3.225186388140306e-01  3.225186388140306e-01  3.225186388140306e-01  3.225186388140306e-01  0
-1.711752634282565e-02  3.277628779716058e-01  3.277628779716058e-01  3.277628779716058e-01  3.277628779716058e-01  0
-1.561877627332944e-02  3.255081575321141e-01  3.255081575321141e-01  3.255081575321141e-01  3.255081575321141e-01  0
-1.425125145950555e-02  3.100389944979048e-01  3.100389944979048e-01  3.100389944979048e-01  3.100389944979048e-01  0
-1.300346228205270e-02  4.038205206076182e-01  4.038205206076182e-01  4.038205206076182e-01  4.038205206076182e-01  0
-1.186492511210197e-02  3.611036088609144e-01  3.611036088609144e-01  3.611036088609144e-01  3.611036088609144e-01  0
-1.082607423025226e-02  3.101909492422836e-01  3.101909492422836e-01  3.101909492422836e-01  3.101909492422836e-01  0
-9.878181457663527e-03  2.578165040373684e-01  2.578165040373684e-01  2.578165040373684e-01  2.578165040373684e-01  0
-9.013282823967282e-03  2.090208538007063e-01  2.090208538007063e-01  2.090208538007063e-01  2.090208538007063e-01  0
-8.224111655875480e-03  4.097679698010410e-01  4.097679698010410e-01  4.097679698010410e-01  4.097679698010410e-01  0
-7.504037524314174e-03  4.188259533032241e-01  4.188259533032241e-01  4.188259533032241e-01  4.188259533032241e-01  0
-6.847010537130260e-03  4.307752433888666e-01  4.307752433888666e-01  4.307752433888666e-01  4.307752433888666e-01  0
-6.247510509331778e-03  4.344968177742603e-01  4.344968177742603e-01  4.344968177742603e-01  4.344968177742603e-01  0
-5.700500583802221e-03  4.216227429531106e-01  4.216227429531106e-01  4.216227429531106e-01  4.216227429531106e-01  0
-5.201384912821082e-03  4.960604163577420e-01  4.960604163577420e-01  4.960604163577420e-01  4.960604163577420e-01  0
-4.745970044840789e-03  4.631664912985148e-01  4.631664912985148e-01  4.631664912985148e-01  4.631664912985148e-01  0
-4.330429692100905e-03  4.189716587639916e-01  4.189716587639916e-01  4.189716587639916e-01  4.189716587639916e-01  0
-3.951272583065412e-03  3.732132614640242e-01  3.732132614640242e-01  3.732132614640242e-01  3.732132614640242e-01  0
-3.605313129586914e-03  3.334150013160196e-01  3.334150013160196e-01  3.334150013160196e-01  3.334150013160196e-01  0
-3.289644662350192e-03  4.576676533033355e-01  4.576676533033355e-01  4.576676533033355e-01  4.576676533033355e-01  0
-3.001615009725670e-03  4.634328719674581e-01  4.634328719674581e-01  4.634328719674581e-01  4.634328719674581e-01  0
-2.738804214852104e-03  4.805238578751792e-01  4.805238578751792e-01  4.805238578751792e-01  4.805238578751792e-01  0
-2.499004203732711e-03  4.933691145193472e-01  4.933691145193472e-01  4.933691145193472e-01  4.933691145193472e-01  0
-2.280200233520888e-03  4.881974586144385e-01  4.881974586144385e-01  4.881974586144385e-01  4.881974586144385e-01  0
-2.080553965128433e-03  6.440175449993690e-01  6.440175449993690e-01  6.440175449993690e-01  6.440175449993690e-01  0
-1.898388017936316e-03  5.944320220495083e-01  5.944320220495083e-01  5.944320220495083e-01  5.944320220495083e-01  0
-1.732171876840361e-03  5.249068161028949e-01  5.249068161028949e-01  5.249068161028949e-01  5.249068161028949e-01  0
-1.580509033226164e-03  4.506735735734518e-01  4.506735735734518e-01  4.506735735734518e-01  4.506735735734518e-01  0
-1.442125251834765e-03  3.857379260627485e-01  3.857379260627485e-01  3.857379260627485e-01  3.857379260627485e-01  0
-1.315857864940077e-03  6.290768966025251e-01  6.290768966025251e-01  6.290768966025251e-01  6.290768966025251e-01  0
-1.200646003890268e-03  6.243451472056749e-01  6.243451472056749e-01  6.243451472056749e-01  6.243451472056749e-01  0
-1.095521685940842e-03  6.420347334764331e-01  6.420347334764331e-01  6.420347334764331e-01  6.420347334764331e-01  0
-9.996016814930845e-04  6.615263665795028e-01  6.615263665795028e-01  6.615263665795028e-01  6.615263665795028e-01  0
-9.120800934083554e-04  6.620355324920718e-01  6.620355324920718e-01  6.620355324920718e-01  6.620355324920718e-01  0
-8.322215860513730e-04  9.090462582192110e-01  9.090462582192110e-01  9.090462582192110e-01  9.090462582192110e-01  0
-7.593552071745262e-04  8.542089139470509e-01  8.542089139470509e-01  8.542089139470509e-01  8.542089139470509e-01  0
-6.928687507361445e-04  7.638044825489853e-01  7.638044825489853e-01  7.638044825489853e-01  7.638044825489853e-01  0
-6.322036132904656e-04  6.579704666350763e-01  6.579704666350763e-01  6.579704666350763e-01  6.579704666350763e-01  0
-5.768501007339061e-04  5.585947428926037e-01  5.585947428926037e-01  5.585947428926037e-01  5.585947428926037e-01  0
-5.263431459760307e-04  8.739168707081406e-01  8.739168707081406e-01  8.739168707081406e-01  8.739168707081406e-01  0
-4.802584015561072e-04  8.526364260777520e-01  8.526364260777520e-01  8.526364260777520e-01  8.526364260777520e-01  0
-4.382086743763367e-04  8.719165771674050e-01  8.719165771674050e-01  8.719165771674050e-01  8.719165771674050e-01  0
-3.998406725972338e-04  9.054394176122936e-01  9.054394176122936e-01  9.054394176122936e-01  9.054394176122936e-01  0
-3.648320373633421e-04  9.221263694363320e-01  9.221263694363320e-01  9.221263694363320e-01  9.221263694363320e-01  0
-3.328886344205492e-04  1.265986638846282e+00  1.265986638846282e+00  1.265986638846282e+00  1.265986638846282e+00  0
-3.037420828698105e-04  1.215498361072004e+00  1.215498361072004e+00  1.215498361072004e+00  1.215498361072004e+00  0
-2.771475002944578e-04  1.106522556913257e+00  1.106522556913257e+00  1.106522556913257e+00  1.106522556913257e+00  0
-2.528814453161863e-04  9.637485717083343e-01  9.637485717083343e-01  9.637485717083343e-01  9.637485717083343e-01  0
-2.307400402935625e-04  8.195138974540250e-01  8.195138974540250e-01  8.195138974540250e-01  8.195138974540250e-01  0
-2.105372583904123e-04  1.191525285975224e+00  1.191525285975224e+00  1.191525285975224e+00  1.191525285975224e+00  0
-1.921033606224429e-04  1.144910836666285e+00  1.144910836666285e+00  1.144910836666285e+00  1.144910836666285e+00  0
-1.752834697505346e-04  1.163516714232360e+00  1.163516714232360e+00  1.163516714232360e+00  1.163516714232360e+00  0
-1.599362690388935e-04  1.216880063310934e+00  1.216880063310934e+00  1.216880063310934e+00  1.216880063310934e+00  0
-1.459328149453368e-04  1.261549923709576e+00  1.261549923709576e+00  1.261549923709576e+00  1.261549923709576e+00  0
-1.331554537682197e-04  1.678078684473489e+00  1.678078684473489e+00  1.678078684473489e+00  1.678078684473489e+00  0
-1.214968331479242e-04  1.646425338520682e+00  1.646425338520682e+00  1.646425338520682e+00  1.646425338520682e+00  0
-1.108590001177831e-04  1.523606411788242e+00  1.523606411788242e+00  1.523606411788242e+00  1.523606411788242e+00  0
-1.011525781264745e-04  1.334469742180400e+00  1.334469742180400e+00  1.334469742180400e+00  1.334469742180400e+00  0
-9.229601611742499e-05  1.121597564481855e+00  1.121597564481855e+00  1.121597564481855e+00  1.121597564481855e+00  0
-8.421490335616491e-05  1.539177187230622e+00  1.539177187230622e+00  1.539177187230622e+00  1.539177187230622e+00  0
-7.684134424897715e-05  1.461948621511607e+00  1.461948621511607e+00  1.461948621511607e+00  1.461948621511607e+00  0
-7.011338790021387e-05  1.477603543505486e+00  1.477603543505486e+00  1.477603543505486e+00  1.477603543505486e+00  0
-6.397450761555741e-05  1.556161001806804e+00  1.556161001806804e+00  1.556161001806804e+00  1.556161001806804e+00  0
-5.837312597813474e-05  1.642760201619612e+00  1.642760201619612e+00  1.642760201619612e+00  1.642760201619612e+00  0
-5.326218150728787e-05  2.061966877648750e+00  2.061966877648750e+00  2.061966877648750e+00  2.061966877648750e+00  0
-4.859873325916968e-05  2.071330163099025e+00  2.071330163099025e+00  2.071330163099025e+00  2.071330163099025e+00  0
-4.434360004711325e-05  1.956659151151480e+00  1.956659151151480e+00  1.956659151151480e+00  1.956659151151480e+00  0
-4.046103125058980e-05  1.736774554305008e+00  1.736774554305008e+00  1.736774554305008e+00  1.736774554305008e+00  0
-3.691840644696999e-05  1.460496200419061e+00  1.460496200419061e+00  1.460496200419061e+00  1.460496200419061e+00  0
-3.368596134246597e-05  1.835610405605128e+00  1.835610405605128e+00  1.835610405605128e+00  1.835610405605128e+00  0
-3.073653769959086e-05  1.728496474085045e+00  1.728496474085045e+00  1.728496474085045e+00  1.728496474085045e+00  0
-2.804535516008555e-05  1.738641157485163e+00  1.738641157485163e+00  1.738641157485163e+00  1.738641157485163e+00  0
-2.558980304622297e-05  1.842388804531735e+00  1.842388804531735e+00  1.842388804531735e+00  1.842388804531735e+00  0
-2.334925039125390e-05  1.978372464317893e+00  1.978372464317893e+00  1.978372464317893e+00  1.978372464317893e+00  0
-2.130487260291515e-05  2.343602039533935e+00  2.343602039533935e+00  2.343602039533935e+00  2.343602039533935e+00  0
-1.943949330366787e-05  2.413822987187327e+00  2.413822987187327e+00  2.413822987187327e+00  2.413822987187327e+00  0
-1.773744001884530e-05  2.345806067306698e+00  2.345806067306698e+00  2.345806067306698e+00  2.345806067306698e+00  0
-1.618441250023592e-05  2.153385052837086e+00  2.153385052837086e+00  2.153385052837086e+00  2.153385052837086e+00  0
-1.476736257878800e-05  1.891806719365425e+00  1.891806719365425e+00  1.891806719365425e+00  1.891806719365425e+00  0
-1.347438453698639e-05  2.029149971281477e+00  2.029149971281477e+00  2.029149971281477e+00  2.029149971281477e+00  0
-1.229461507983634e-05  1.897987801099138e+00  1.897987801099138e+00  1.897987801099138e+00  1.897987801099138e+00  0
-1.121814206403422e-05  1.900748548706634e+00  1.900748548706634e+00  1.900748548706634e+00  1.900748548706634e+00  0
-1.023592121848918e-05  2.022786330624900e+00  2.022786330624900e+00  2.022786330624900e+00  2.022786330624900e+00  0
-9.339700156501558e-06  2.201759870526271e+00  2.201759870526271e+00  2.201759870526271e+00  2.201759870526271e+00  0
-8.521949041166062e-06  2.499344509316836e+00  2.499344509316836e+00  2.499344509316836e+00  2.499344509316836e+00  0
-7.775797321467150e-06  2.618308422946460e+00  2.618308422946460e+00  2.618308422946460e+00  2.618308422946460e+00  0
-7.094976007538121e-06  2.594152439566674e+00  2.594152439566674e+00  2.594152439566674e+00  2.594152439566674e+00  0
-6.473765000094370e-06  2.436311894205600e+00  2.436311894205600e+00  2.436311894205600e+00  2.436311894205600e+00  0
-5.906945031515200e-06  2.204605693671948e+00  2.204605693671948e+00  2.204605693671948e+00  2.204605693671948e+00  0
-5.389753814794554e-06  2.129757550314068e+00  2.129757550314068e+00  2.129757550314068e+00  2.129757550314068e+00  0
-4.917846031934537e-06  1.982070833311150e+00  1.982070833311150e+00  1.982070833311150e+00  1.982070833311150e+00  0
-4.487256825613687e-06  1.977290439660897e+00  1.977290439660897e+00  1.977290439660897e+00  1.977290439660897e+00  0
-4.094368487395674e-06  2.108460648386048e+00  2.108460648386048e+00  2.108460648386048e+00  2.108460648386048e+00  0
-3.735880062600623e-06  2.315082028029841e+00  2.315082028029841e+00  2.315082028029841e+00  2.315082028029841e+00  0
-3.408779616466424e-06  2.570152040153062e+00  2.570152040153062e+00  2.570152040153062e+00  2.570152040153062e+00  0
-3.110318928586860e-06  2.714697889654154e+00  2.714697889654154e+00  2.714697889654154e+00  2.714697889654154e+00  0
-2.837990403015248e-06  2.711484871750857e+00  2.711484871750857e+00  2.711484871750857e+00  2.711484871750857e+00  0
-2.589506000037748e-06  2.564387191421492e+00  2.564387191421492e+00  2.564387191421492e+00  2.564387191421492e+00  0
-2.362778012606080e-06  2.332219548331736e+00  2.332219548331736e+00  2.332219548331736e+00  2.332219548331736e+00  0
-2.155901525917819e-06  2.175188936312975e+00  2.175188936312975e+00  2.175188936312975e+00  2.175188936312975e+00  0
-1.967138412773812e-06  2.018090718959882e+00  2.018090718959882e+00  2.018090718959882e+00  2.018090718959882e+00  0
-1.794902730245472e-06  2.008218931590214e+00  2.008218931590214e+00  2.008218931590214e+00  2.008218931590214e+00  0
-1.637747394958267e-06  2.143294898049758e+00  2.143294898049758e+00  2.143294898049758e+00  2.143294898049758e+00  0
-1.494352025040247e-06  2.364653800993350e+00  2.364653800993350e+00  2.364653800993350e+00  2.364653800993350e+00  0
-1.363511846586567e-06  2.600462434606801e+00  2.600462434606801e+00  2.600462434606801e+00  2.600462434606801e+00  0
-1.244127571434742e-06  2.757301031186158e+00  2.757301031186158e+00  2.757301031186158e+00  2.757301031186158e+00  0
-1.135196161206098e-06  2.763971222706518e+00  2.763971222706518e+00  2.763971222706518e+00  2.763971222706518e+00  0
-1.035802400015097e-06  2.621042259100439e+00  2.621042259100439e+00  2.621042259100439e+00  2.621042259100439e+00  0
-9.451112050424303e-07  2.386088774614927e+00  2.386088774614927e+00  2.386088774614927e+00  2.386088774614927e+00  0
-8.623606103671273e-07  2.194129238138400e+00  2.194129238138400e+00  2.194129238138400e+00  2.194129238138400e+00  0
-7.868553651095247e-07  2.032557357804321e+00  2.032557357804321e+00  2.032557357804321e+00  2.032557357804321e+00  0
-7.179610920981888e-07  2.020132405483157e+00  2.020132405483157e+00  2.020132405483157e+00  2.020132405483157e+00  0
-6.550989579833068e-07  2.156882488562871e+00  2.156882488562871e+00  2.156882488562871e+00  2.156882488562871e+00  0
-5.977408100160987e-07  2.385203489759788e+00  2.385203489759788e+00  2.385203489759788e+00  2.385203489759788e+00  0
-5.454047386346270e-07  2.612832444921123e+00  2.612832444921123e+00  2.612832444921123e+00  2.612832444921123e+00  0
-4.976510285738967e-07  2.775096886743174e+00  2.775096886743174e+00  2.775096886743174e+00  2.775096886743174e+00  0
-4.540784644824390e-07  2.786184440875134e+00  2.786184440875134e+00  2.786184440875134e+00  2.786184440875134e+00  0
-4.143209600060390e-07  2.645137877437704e+00  2.645137877437704e+00  2.645137877437704e+00  2.645137877437704e+00  0
-3.780444820169721e-07  2.408889365983940e+00  2.408889365983940e+00  2.408889365983940e+00  2.408889365983940e+00  0
-3.449442441468510e-07  2.201773368921124e+00  2.201773368921124e+00  2.201773368921124e+00  2.201773368921124e+00  0
-3.147421460438099e-07  2.038239124826115e+00  2.038239124826115e+00  2.038239124826115e+00  2.038239124826115e+00  0
-2.871844368392756e-07  2.024656068062840e+00  2.024656068062840e+00  2.024656068062840e+00  2.024656068062840e+00  0
-2.620395831933227e-07  2.162070997311873e+00  2.162070997311873e+00  2.162070997311873e+00  2.162070997311873e+00  0
-2.390963240064395e-07  2.393381648692544e+00  2.393381648692544e+00  2.393381648692544e+00  2.393381648692544e+00  0
-2.181618954538508e-07  2.617828190352792e+00  2.617828190352792e+00  2.617828190352792e+00  2.617828190352792e+00  0
-1.990604114295587e-07  2.782356283318003e+00  2.782356283318003e+00  2.782356283318003e+00  2.782356283318003e+00  0
-1.816313857929756e-07  2.795292930309207e+00  2.795292930309207e+00  2.795292930309207e+00  2.795292930309207e+00  0
-1.657283840024156e-07  2.655029672763259e+00  2.655029672763259e+00  2.655029672763259e+00  2.655029672763259e+00  0
-1.512177928067889e-07  2.418211818071047e+00  2.418211818071047e+00  2.418211818071047e+00  2.418211818071047e+00  0
-1.379776976587404e-07  2.204837205425175e+00  2.204837205425175e+00  2.204837205425175e+00  2.204837205425175e+00  0
-1.258968584175239e-07  2.040488949658728e+00  2.040488949658728e+00  2.040488949658728e+00  2.040488949658728e+00  0
-1.148737747357102e-07  2.026419909099651e+00  2.026419909099651e+00  2.026419909099651e+00  2.026419909099651e+00  0
-1.048158332773291e-07  2.164101973255625e+00  2.164101973255625e+00  2.164101973255625e+00  2.164101973255625e+00  0
-9.563852960257580e-08  2.396648185408178e+00  2.396648185408178e+00  2.396648185408178e+00  2.396648185408178e+00  0
-8.726475818154030e-08  2.619818084971996e+00  2.619818084971996e+00  2.619818084971996e+00  2.619818084971996e+00  0
-7.962416457182346e-08  2.785237032589930e+00  2.785237032589930e+00  2.785237032589930e+00  2.785237032589930e+00  0
-7.265255431719022e-08  2.798868860234709e+00  2.798868860234709e+00  2.798868860234709e+00  2.798868860234709e+00  0
-6.629135360096623e-08  2.658814378458016e+00  2.658814378458016e+00  2.658814378458016e+00  2.658814378458016e+00  0
-6.048711712271553e-08  2.421568791320856e+00  2.421568791320856e+00  2.421568791320856e+00  2.421568791320856e+00  0
-5.519107906349615e-08  2.206149419056589e+00  2.206149419056589e+00  2.206149419056589e+00  2.206149419056589e+00  0
-5.035874336700958e-08  2.041446369328793e+00  2.041446369328793e+00  2.041446369328793e+00  2.041446369328793e+00  0
-4.594950989428408e-08  2.027157567694887e+00  2.027157567694887e+00  2.027157567694887e+00  2.027157567694887e+00  0
-4.192633331093163e-08  2.164929738030121e+00  2.164929738030121e+00  2.164929738030121e+00  2.164929738030121e+00  0
-3.825541184103032e-08  2.397964918668970e+00  2.397964918668970e+00  2.397964918668970e+00  2.397964918668970e+00  0
-3.490590327261613e-08  2.620753596080583e+00  2.620753596080583e+00  2.620753596080583e+00  2.620753596080583e+00  0
-3.184966582872939e-08  2.786558468158725e+00  2.786558468158725e+00  2.786558468158725e+00  2.786558468158725e+00  0
-2.906102172687609e-08  2.800507520752727e+00  2.800507520752727e+00  2.800507520752727e+00  2.800507520752727e+00  0
-2.651654144038649e-08  2.660598403882465e+00  2.660598403882465e+00  2.660598403882465e+00  2.660598403882465e+00  0
-2.419484684908621e-08  2.423286874487551e+00  2.423286874487551e+00  2.423286874487551e+00  2.423286874487551e+00  0
-2.207643162539846e-08  2.206732577179905e+00  2.206732577179905e+00  2.206732577179905e+00  2.206732577179905e+00  0
-2.014349734680383e-08  2.041893226901007e+00  2.041893226901007e+00  2.041893226901007e+00  2.041893226901007e+00  0
-1.837980395771363e-08  2.027527678859353e+00  2.027527678859353e+00  2.027527678859353e+00  2.027527678859353e+00  0
-1.677053332437265e-08  2.165352275771410e+00  2.165352275771410e+00  2.165352275771410e+00  2.165352275771410e+00  0
-1.530216473641213e-08  2.398602268294353e+00  2.398602268294353e+00  2.398602268294353e+00  2.398602268294353e+00  0
-1.396236130904645e-08  2.621181779032383e+00  2.621181779032383e+00  2.621181779032383e+00  2.621181779032383e+00  0
-1.273986633149176e-08  2.787149053060703e+00  2.787149053060703e+00  2.787149053060703e+00  2.787149053060703e+00  0
-1.162440869075044e-08  2.801234560601328e+00  2.801234560601328e+00  2.801234560601328e+00  2.801234560601328e+00  0
-1.060661657615460e-08  2.661398055712885e+00  2.661398055712885e+00  2.661398055712885e+00  2.661398055712885e+00  0
-9.677938739634486e-09  2.424085169742606e+00  2.424085169742606e+00  2.424085169742606e+00  2.424085169742606e+00  0
-8.830572650159383e-09  2.207000617383779e+00  2.207000617383779e+00  2.207000617383779e+00  2.207000617383779e+00  0
-8.057398938721533e-09  2.042106356587396e+00  2.042106356587396e+00  2.042106356587396e+00  2.042106356587396e+00  0
-7.351921583085453e-09  2.027712110424471e+00  2.027712110424471e+00  2.027712110424471e+00  2.027712110424471e+00  0
-6.708213329749061e-09  2.165562019836011e+00  2.165562019836011e+00  2.165562019836011e+00  2.165562019836011e+00  0
-6.120865894564850e-09  2.398903651376889e+00  2.398903651376889e+00  2.398903651376889e+00  2.398903651376889e+00  0
-5.584944523618580e-09  2.621401991121699e+00  2.621401991121699e+00  2.621401991121699e+00  2.621401991121699e+00  0
-5.095946532596702e-09  2.787449790050683e+00  2.787449790050683e+00  2.787449790050683e+00  2.787449790050683e+00  0
-4.649763476300175e-09  2.801617923279196e+00  2.801617923279196e+00  2.801617923279196e+00  2.801617923279196e+00  0
-4.242646630461839e-09  2.661862084043585e+00  2.661862084043585e+00  2.661862084043585e+00  2.661862084043585e+00  0
-3.871175495853794e-09  2.424639377677035e+00  2.424639377677035e+00  2.424639377677035e+00  2.424639377677035e+00  0
-3.532229060063754e-09  2.207140544623424e+00  2.207140544623424e+00  2.207140544623424e+00  2.207140544623424e+00  0
-3.222959575488613e-09  2.042222514527360e+00  2.042222514527360e+00  2.042222514527360e+00  2.042222514527360e+00  0
-2.940768633234181e-09  2.027817070642935e+00  2.027817070642935e+00  2.027817070642935e+00  2.027817070642935e+00  0
-2.683285331899625e-09  2.165679442947985e+00  2.165679442947985e+00  2.165679442947985e+00  2.165679442947985e+00  0
-2.448346357825941e-09  2.399061308954868e+00  2.399061308954868e+00  2.399061308954868e+00  2.399061308954868e+00  0
-2.233977809447432e-09  2.621527802533423e+00  2.621527802533423e+00  2.621527802533423e+00  2.621527802533423e+00  0
-2.038378613038681e-09  2.787606206519669e+00  2.787606206519669e+00  2.787606206519669e+00  2.787606206519669e+00  0
-1.859905390520070e-09  2.801799505140452e+00  2.801799505140452e+00  2.801799505140452e+00  2.801799505140452e+00  0
-1.697058652184735e-09  2.662058646093722e+00  2.662058646093722e+00  2.662058646093722e+00  2.662058646093722e+00  0
-1.548470198341518e-09  2.424842073925769e+00  2.424842073925769e+00  2.424842073925769e+00  2.424842073925769e+00  0
-1.412891624025501e-09  2.207239646602657e+00  2.207239646602657e+00  2.207239646602657e+00  2.207239646602657e+00  0
-1.289183830195445e-09  2.042306984337834e+00  2.042306984337834e+00  2.042306984337834e+00  2.042306984337834e+00  0
-1.176307453293673e-09  2.027894669507559e+00  2.027894669507559e+00  2.027894669507559e+00  2.027894669507559e+00  0
-1.073314132759850e-09  2.165762484198810e+00  2.165762484198810e+00  2.165762484198810e+00  2.165762484198810e+00  0
-9.793385431303761e-10  2.399162851171119e+00  2.399162851171119e+00  2.399162851171119e+00  2.399162851171119e+00  0
-8.935911237789728e-10  2.621627544847616e+00  2.621627544847616e+00  2.621627544847616e+00  2.621627544847616e+00  0
-8.153514452154724e-10  2.787720585206697e+00  2.787720585206697e+00  2.787720585206697e+00  2.787720585206697e+00  0
-7.439621562080280e-10  2.801921077489180e+00  2.801921077489180e+00  2.801921077489180e+00  2.801921077489180e+00  0
-6.788234608738942e-10  2.662176913551757e+00  2.662176913551757e+00  2.662176913551757e+00  2.662176913551757e+00  0
-6.193880793366070e-10  2.424946529149031e+00  2.424946529149031e+00  2.424946529149031e+00  2.424946529149031e+00  0
-5.651566496102005e-10  2.207299254243733e+00  2.207299254243733e+00  2.207299254243733e+00  2.207299254243733e+00  0
-5.156735320781780e-10  2.042364846108843e+00  2.042364846108843e+00  2.042364846108843e+00  2.042364846108843e+00  0
-4.705229813174689e-10  2.027955907795433e+00  2.027955907795433e+00  2.027955907795433e+00  2.027955907795433e+00  0
-4.293256531039398e-10  2.165833582689588e+00  2.165833582689588e+00  2.165833582689588e+00  2.165833582689588e+00  0
-3.917354172521504e-10  2.399249394305442e+00  2.399249394305442e+00  2.399249394305442e+00  2.399249394305442e+00  0
3.917354172521504e-10  2.030763195269874e+00  2.030763195269874e+00  2.030763195269874e+00  2.030763195269874e+00  0
4.293256531039398e-10  2.027521280050883e+00  2.027521280050883e+00  2.027521280050883e+00  2.027521280050883e+00  0
4.705229813174689e-10  2.174337991869651e+00  2.174337991869651e+00  2.174337991869651e+00  2.174337991869651e+00  0
5.156735320781780e-10  2.415698114345930e+00  2.415698114345930e+00  2.415698114345930e+00  2.415698114345930e+00  0
5.651566496102005e-10  2.657959880992450e+00  2.657959880992450e+00  2.657959880992450e+00  2.657959880992450e+00  0
6.193880793366070e-10  2.796600254295054e+00  2.796600254295054e+00  2.796600254295054e+00  2.796600254295054e+00  0
6.788234608738942e-10  2.801512922430683e+00  2.801512922430683e+00  2.801512922430683e+00  2.801512922430683e+00  0
7.439621562080280e-10  2.654756358011770e+00  2.654756358011770e+00  2.654756358011770e+00  2.654756358011770e+00  0
8.153514452154724e-10  2.413316091974073e+00  2.413316091974073e+00  2.413316091974073e+00  2.413316091974073e+00  0
8.935911237789728e-10  2.172055285306823e+00  2.172055285306823e+00  2.172055285306823e+00  2.172055285306823e+00  0
9.793385431303761e-10  2.030692125449972e+00  2.030692125449972e+00  2.030692125449972e+00  2.030692125449972e+00  0
1.073314132759850e-09  2.027445387662170e+00  2.027445387662170e+00  2.027445387662170e+00  2.027445387662170e+00  0
1.176307453293673e-09  2.174250725559321e+00  2.174250725559321e+00  2.174250725559321e+00  2.174250725559321e+00  0
1.289183830195445e-09  2.415597300848643e+00  2.415597300848643e+00  2.415597300848643e+00  2.415597300848643e+00  0
1.412891624025501e-09  2.657848348076471e+00  2.657848348076471e+00  2.657848348076471e+00  2.657848348076471e+00  0
1.548470198341518e-09  2.794036021132744e+00  2.794036021132744e+00  2.794036021132744e+00  2.794036021132744e+00  0
1.697058652184735e-09  2.800301591788787e+00  2.800301591788787e+00  2.800301591788787e+00  2.800301591788787e+00  0
1.859905390520070e-09  2.654203325199337e+00  2.654203325199337e+00  2.654203325199337e+00  2.654203325199337e+00  0
2.038378613038681e-09  2.413060280896267e+00  2.413060280896267e+00  2.413060280896267e+00  2.413060280896267e+00  0
2.233977809447432e-09  2.171922861674787e+00  2.171922861674787e+00  2.171922861674787e+00  2.171922861674787e+00  0
2.448346357825941e-09  2.030648261547826e+00  2.030648261547826e+00  2.030648261547826e+00  2.030648261547826e+00  0
2.683285331899625e-09  2.027386572078264e+00  2.027386572078264e+00  2.027386572078264e+00  2.027386572078264e+00  0
2.940768633234181e-09  2.174170616624484e+00  2.174170616624484e+00  2.174170616624484e+00  2.174170616624484e+00  0
3.222959575488613e-09  2.415496911822014e+00  2.415496911822014e+00  2.415496911822014e+00  2.415496911822014e+00  0
3.532229060063754e-09  2.657735111967527e+00  2.657735111967527e+00  2.657735111967527e+00  2.657735111967527e+00  0
3.871175495853794e-09  2.789664644721798e+00  2.789664644721798e+00  2.789664644721798e+00  2.789664644721798e+00  0
4.242646630461839e-09  2.798289947889780e+00  2.798289947889780e+00  2.798289947889780e+00  2.798289947889780e+00  0
4.649763476300175e-09  2.653338373176982e+00  2.653338373176982e+00  2.653338373176982e+00  2.653338373176982e+00  0
5.095946532596702e-09  2.412708507527774e+00  2.412708507527774e+00  2.412708507527774e+00  2.412708507527774e+00  0
5.584944523618580e-09  2.171778365654109e+00  2.171778365654109e+00  2.171778365654109e+00  2.171778365654109e+00  0
6.120865894564850e-09  2.030697182376121e+00  2.030697182376121e+00  2.030697182376121e+00  2.030697182376121e+00  0
6.708213329749061e-09  2.027388737099087e+00  2.027388737099087e+00  2.027388737099087e+00  2.027388737099087e+00  0
7.351921583085453e-09  2.174121929573171e+00  2.174121929573171e+00  2.174121929573171e+00  2.174121929573171e+00  0
8.057398938721533e-09  2.415408098980522e+00  2.415408098980522e+00  2.415408098980522e+00  2.415408098980522e+00  0
8.830572650159383e-09  2.657626470749799e+00  2.657626470749799e+00  2.657626470749799e+00  2.657626470749799e+00  0
9.677938739634486e-09  2.787801590026759e+00  2.787801590026759e+00  2.787801590026759e+00  2.787801590026759e+00  0
1.060661657615460e-08  2.797473708543859e+00  2.797473708543859e+00  2.797473708543859e+00  2.797473708543859e+00  0
1.162440869075044e-08  2.653050405196301e+00  2.653050405196301e+00  2.653050405196301e+00  2.653050405196301e+00  0
1.273986633149176e-08  2.412661035101983e+00  2.412661035101983e+00  2.412661035101983e+00  2.412661035101983e+00  0
1.396236130904645e-08  2.171815230207495e+00  2.171815230207495e+00  2.171815230207495e+00  2.171815230207495e+00  0
1.530216473641213e-08  2.031002075069640e+00  2.031002075069640e+00  2.031002075069640e+00  2.031002075069640e+00  0
1.677053332437265e-08  2.027572372226423e+00  2.027572372226423e+00  2.027572372226423e+00  2.027572372226423e+00  0
1.837980395771363e-08  2.174188014667664e+00  2.174188014667664e+00  2.174188014667664e+00  2.174188014667664e+00  0
2.014349734680383e-08  2.415392598920615e+00  2.415392598920615e+00  2.415392598920615e+00  2.415392598920615e+00  0
2.207643162539846e-08  2.657580827467620e+00  2.657580827467620e+00  2.657580827467620e+00  2.657580827467620e+00  0
2.419484684908621e-08  2.784841830224684e+00  2.784841830224684e+00  2.784841830224684e+00  2.784841830224684e+00  0
2.651654144038649e-08  2.796335295685676e+00  2.796335295685676e+00  2.796335295685676e+00  2.796335295685676e+00  0
2.906102172687609e-08  2.652837935520714e+00  2.652837935520714e+00  2.652837935520714e+00  2.652837935520714e+00  0
3.184966582872939e-08  2.412859730202989e+00  2.412859730202989e+00  2.412859730202989e+00  2.412859730202989e+00  0
3.490590327261613e-08  2.172133376292368e+00  2.172133376292368e+00  2.172133376292368e+00  2.172133376292368e+00  0
3.825541184103032e-08  2.031965745586755e+00  2.031965745586755e+00  2.031965745586755e+00  2.031965745586755e+00  0
4.192633331093163e-08  2.028226070322896e+00  2.028226070322896e+00  2.028226070322896e+00  2.028226070322896e+00  0
4.594950989428408e-08  2.174555849055385e+00  2.174555849055385e+00  2.174555849055385e+00  2.174555849055385e+00  0
5.035874336700958e-08  2.415574720191305e+00  2.415574720191305e+00  2.415574720191305e+00  2.415574720191305e+00  0
5.519107906349615e-08  2.657707527322158e+00  2.657707527322158e+00  2.657707527322158e+00  2.657707527322158e+00  0
6.048711712271553e-08  2.781263435828284e+00  2.781263435828284e+00  2.781263435828284e+00  2.781263435828284e+00  0
6.629135360096623e-08  2.795357836299651e+00  2.795357836299651e+00  2.795357836299651e+00  2.795357836299651e+00  0
7.265255431719022e-08  2.653226561142942e+00  2.653226561142942e+00  2.653226561142942e+00  2.653226561142942e+00  0
7.962416457182346e-08  2.413843075068886e+00  2.413843075068886e+00  2.413843075068886e+00  2.413843075068886e+00  0
8.726475818154030e-08  2.173226294132999e+00  2.173226294132999e+00  2.173226294132999e+00  2.173226294132999e+00  0
9.563852960257580e-08  2.034444102027761e+00  2.034444102027761e+00  2.034444102027761e+00  2.034444102027761e+00  0
1.048158332773291e-07  2.029971567792762e+00  2.029971567792762e+00  2.029971567792762e+00  2.029971567792762e+00  0
1.148737747357102e-07  2.175631816305315e+00  2.175631816305315e+00  2.175631816305315e+00  2.175631816305315e+00  0
1.258968584175239e-07  2.416230563220999e+00  2.416230563220999e+00  2.416230563220999e+00  2.416230563220999e+00  0
1.379776976587404e-07  2.658261903512317e+00  2.658261903512317e+00  2.658261903512317e+00  2.658261903512317e+00  0
1.512177928067889e-07  2.778334885857887e+00  2.778334885857887e+00  2.778334885857887e+00  2.778334885857887e+00  0
1.657283840024156e-07  2.795597756609387e+00  2.795597756609387e+00  2.795597756609387e+00  2.795597756609387e+00  0
1.816313857929756e-07  2.655299721778318e+00  2.655299721778318e+00  2.655299721778318e+00  2.655299721778318e+00  0
1.990604114295587e-07  2.416727628720736e+00  2.416727628720736e+00  2.416727628720736e+00  2.416727628720736e+00  0
2.181618954538508e-07  2.176135386253098e+00  2.176135386253098e+00  2.176135386253098e+00  2.176135386253098e+00  0
2.390963240064395e-07  2.040717223118123e+00  2.040717223118123e+00  2.040717223118123e+00  2.040717223118123e+00  0
2.620395831933227e-07  2.034386656694013e+00  2.034386656694013e+00  2.034386656694013e+00  2.034386656694013e+00  0
2.871844368392756e-07  2.178335857436434e+00  2.178335857436434e+00  2.178335857436434e+00  2.178335857436434e+00  0
3.147421460438099e-07  2.417847804591920e+00  2.417847804591920e+00  2.417847804591920e+00  2.417847804591920e+00  0
3.449442441468510e-07  2.659599639706934e+00  2.659599639706934e+00  2.659599639706934e+00  2.659599639706934e+00  0
3.780444820169721e-07  2.792857346760703e+00  2.792857346760703e+00  2.792857346760703e+00  2.792857346760703e+00  0
4.143209600060390e-07  2.806080186989049e+00  2.806080186989049e+00  2.806080186989049e+00  2.806080186989049e+00  0
4.540784644824390e-07  2.664643537809808e+00  2.664643537809808e+00  2.664643537809808e+00  2.664643537809808e+00  0
4.976510285738967e-07  2.425601652052376e+00  2.425601652052376e+00  2.425601652052376e+00  2.425601652052376e+00  0
5.454047386346270e-07  2.184069033252878e+00  2.184069033252878e+00  2.184069033252878e+00  2.184069033252878e+00  0
5.977408100160987e-07  2.056756575041679e+00  2.056756575041679e+00  2.056756575041679e+00  2.056756575041679e+00  0
6.550989579833068e-07  2.045777610585054e+00  2.045777610585054e+00  2.045777610585054e+00  2.045777610585054e+00  0
7.179610920981888e-07  2.185357458752157e+00  2.185357458752157e+00  2.185357458752157e+00  2.185357458752157e+00  0
7.868553651095247e-07  2.422036292943143e+00  2.422036292943143e+00  2.422036292943143e+00  2.422036292943143e+00  0
8.623606103671273e-07  2.662999298452990e+00  2.662999298452990e+00  2.662999298452990e+00  2.662999298452990e+00  0
9.451112050424303e-07  2.800396234496484e+00  2.800396234496484e+00  2.800396234496484e+00  2.800396234496484e+00  0
1.035802400015097e-06  2.819021591273435e+00  2.819021591273435e+00  2.819021591273435e+00  2.819021591273435e+00  0
1.135196161206098e-06  2.682413136782638e+00  2.682413136782638e+00  2.682413136782638e+00  2.682413136782638e+00  0
1.244127571434742e-06  2.445773961037970e+00  2.445773961037970e+00  2.445773961037970e+00  2.445773961037970e+00  0
1.363511846586567e-06  2.203453254110530e+00  2.203453254110530e+00  2.203453254110530e+00  2.203453254110530e+00  0
1.494352025040247e-06  2.098909174807002e+00  2.098909174807002e+00  2.098909174807002e+00  2.098909174807002e+00  0
1.637747394958267e-06  2.076460261954415e+00  2.076460261954415e+00  2.076460261954415e+00  2.076460261954415e+00  0
1.794902730245472e-06  2.204518744935656e+00  2.204518744935656e+00  2.204518744935656e+00  2.204518744935656e+00  0
1.967138412773812e-06  2.433247942276501e+00  2.433247942276501e+00  2.433247942276501e+00  2.433247942276501e+00  0
2.155901525917819e-06  2.671503141419388e+00  2.671503141419388e+00  2.671503141419388e+00  2.671503141419388e+00  0
2.362778012606080e-06  2.818866213345907e+00  2.818866213345907e+00  2.818866213345907e+00  2.818866213345907e+00  0
2.589506000037748e-06  2.849355002832866e+00  2.849355002832866e+00  2.849355002832866e+00  2.849355002832866e+00  0
2.837990403015248e-06  2.725408692323521e+00  2.725408692323521e+00  2.725408692323521e+00  2.725408692323521e+00  0
3.110318928586860e-06  2.496479563191723e+00  2.496479563191723e+00  2.496479563191723e+00  2.496479563191723e+00  0
3.408779616466424e-06  2.253831476260994e+00  2.253831476260994e+00  2.253831476260994e+00  2.253831476260994e+00  0
3.735880062600623e-06  2.166841787551228e+00  2.166841787551228e+00  2.166841787551228e+00  2.166841787551228e+00  0
4.094368487395674e-06  2.137135162638461e+00  2.137135162638461e+00  2.137135162638461e+00  2.137135162638461e+00  0
4.487256825613687e-06  2.246971106386200e+00  2.246971106386200e+00  2.246971106386200e+00  2.246971106386200e+00  0
4.917846031934537e-06  2.458675189663941e+00  2.458675189663941e+00  2.458675189663941e+00  2.458675189663941e+00  0
5.389753814794554e-06  2.689416724517331e+00  2.689416724517331e+00  2.689416724517331e+00  2.689416724517331e+00  0
5.906945031515200e-06  2.583829987542028e+00  2.583829987542028e+00  2.583829987542028e+00  2.583829987542028e+00  0
6.473765000094370e-06  2.702843466562248e+00  2.702843466562248e+00  2.702843466562248e+00  2.702843466562248e+00  0
7.094976007538121e-06  2.661555732194049e+00  2.661555732194049e+00  2.661555732194049e+00  2.661555732194049e+00  0
7.775797321467150e-06  2.501187755718204e+00  2.501187755718204e+00  2.501187755718204e+00  2.501187755718204e+00  0
8.521949041166062e-06  2.303716014366723e+00  2.303716014366723e+00  2.303716014366723e+00  2.303716014366723e+00  0
9.339700156501558e-06  1.932369586239712e+00  1.932369586239712e+00  1.932369586239712e+00  1.932369586239712e+00  0
1.023592121848918e-05  1.922052513509958e+00  1.922052513509958e+00  1.922052513509958e+00  1.922052513509958e+00  0
1.121814206403422e-05  2.034432071885224e+00  2.034432071885224e+00  2.034432071885224e+00  2.034432071885224e+00  0
1.229461507983634e-05  2.245859949573154e+00  2.245859949573154e+00  2.245859949573154e+00  2.245859949573154e+00  0
1.347438453698639e-05  2.489832572828575e+00  2.489832572828575e+00  2.489832572828575e+00  2.489832572828575e+00  0
1.476736257878800e-05  2.138557216191972e+00  2.138557216191972e+00  2.138557216191972e+00  2.138557216191972e+00  0
1.618441250023592e-05  2.277190209604749e+00  2.277190209604749e+00  2.277190209604749e+00  2.277190209604749e+00  0
1.773744001884530e-05  2.281287587687188e+00  2.281287587687188e+00  2.281287587687188e+00  2.281287587687188e+00  0
1.943949330366787e-05  2.181266658111362e+00  2.181266658111362e+00  2.181266658111362e+00  2.181266658111362e+00  0
2.130487260291515e-05  2.042597135509348e+00  2.042597135509348e+00  2.042597135509348e+00  2.042597135509348e+00  0
2.334925039125390e-05  1.703239725583684e+00  1.703239725583684e+00  1.703239725583684e+00  1.703239725583684e+00  0
2.558980304622297e-05  1.700549864430330e+00  1.700549864430330e+00  1.700549864430330e+00  1.700549864430330e+00  0
2.804535516008555e-05  1.783721527629586e+00  1.783721527629586e+00  1.783721527629586e+00  1.783721527629586e+00  0
3.073653769959086e-05  1.943497749921469e+00  1.943497749921469e+00  1.943497749921469e+00  1.943497749921469e+00  0
3.368596134246597e-05  2.133908017326558e+00  2.133908017326558e+00  2.133908017326558e+00  2.133908017326558e+00  0
3.691840644696999e-05  1.742805706586579e+00  1.742805706586579e+00  1.742805706586579e+00  1.742805706586579e+00  0
4.046103125058980e-05  1.872791273095703e+00  1.872791273095703e+00  1.872791273095703e+00  1.872791273095703e+00  0
4.434360004711325e-05  1.907226729003944e+00  1.907226729003944e+00  1.907226729003944e+00  1.907226729003944e+00  0
4.859873325916968e-05  1.858854291718623e+00  1.858854291718623e+00  1.858854291718623e+00  1.858854291718623e+00  0
5.326218150728787e-05  1.768154517954568e+00  1.768154517954568e+00  1.768154517954568e+00  1.768154517954568e+00  0
5.837312597813474e-05  1.446680084933502e+00  1.446680084933502e+00  1.446680084933502e+00  1.446680084933502e+00  0
6.397450761555741e-05  1.477107099086189e+00  1.477107099086189e+00  1.477107099086189e+00  1.477107099086189e+00  0
7.011338790021387e-05  1.547196553471709e+00  1.547196553471709e+00  1.547196553471709e+00  1.547196553471709e+00  0
7.684134424897715e-05  1.658906118966615e+00  1.658906118966615e+00  1.658906118966615e+00  1.658906118966615e+00  0
8.421490335616491e-05  1.793482927540514e+00  1.793482927540514e+00  1.793482927540514e+00  1.793482927540514e+00  0
9.229601611742499e-05  1.385164746603200e+00  1.385164746603200e+00  1.385164746603200e+00  1.385164746603200e+00  0
1.011525781264745e-04  1.472980193876595e+00  1.472980193876595e+00  1.472980193876595e+00  1.472980193876595e+00  0
1.108590001177831e-04  1.511407007491036e+00  1.511407007491036e+00  1.511407007491036e+00  1.511407007491036e+00  0
1.214968331479242e-04  1.508473749622446e+00  1.508473749622446e+00  1.508473749622446e+00  1.508473749622446e+00  0
1.331554537682197e-04  1.483684055307204e+00  1.483684055307204e+00  1.483684055307204e+00  1.483684055307204e+00  0
1.459328149453368e-04  1.093904283663458e+00  1.093904283663458e+00  1.093904283663458e+00  1.093904283663458e+00  0
1.599362690388935e-04  1.189036093114102e+00  1.189036093114102e+00  1.189036093114102e+00  1.189036093114102e+00  0
1.752834697505346e-04  1.280209512683503e+00  1.280209512683503e+00  1.280209512683503e+00  1.280209512683503e+00  0
1.921033606224429e-04  1.369523005087687e+00  1.369523005087687e+00  1.369523005087687e+00  1.369523005087687e+00  0
2.105372583904123e-04  1.452984700489712e+00  1.452984700489712e+00  1.452984700489712e+00  1.452984700489712e+00  0
2.307400402935625e-04  1.116406872977509e+00  1.116406872977509e+00  1.116406872977509e+00  1.116406872977509e+00  0
2.528814453161863e-04  1.147527002081472e+00  1.147527002081472e+00  1.147527002081472e+00  1.147527002081472e+00  0
2.771475002944578e-04  1.162750484713797e+00  1.162750484713797e+00  1.162750484713797e+00  1.162750484713797e+00  0
3.037420828698105e-04  1.171215841675388e+00  1.171215841675388e+00  1.171215841675388e+00  1.171215841675388e+00  0
3.328886344205492e-04  1.182830502438213e+00  1.182830502438213e+00  1.182830502438213e+00  1.182830502438213e+00  0
3.648320373633421e-04  8.676318153016755e-01  8.676318153016755e-01  8.676318153016755e-01  8.676318153016755e-01  0
3.998406725972338e-04  9.681727020504831e-01  9.681727020504831e-01  9.681727020504831e-01  9.681727020504831e-01  0
4.382086743763367e-04  1.051355168721003e+00  1.051355168721003e+00  1.051355168721003e+00  1.051355168721003e+00  0
4.802584015561072e-04  1.115081505633479e+00  1.115081505633479e+00  1.115081505633479e+00  1.115081505633479e+00  0
5.263431459760307e-04  1.158807205787983e+00  1.158807205787983e+00  1.158807205787983e+00  1.158807205787983e+00  0
5.768501007339061e-04  8.526489719871203e-01  8.526489719871203e-01  8.526489719871203e-01  8.526489719871203e-01  0
6.322036132904656e-04  8.631919486899410e-01  8.631919486899410e-01  8.631919486899410e-01  8.631919486899410e-01  0
6.928687507361445e-04  8.715339033831941e-01  8.715339033831941e-01  8.715339033831941e-01  8.715339033831941e-01  0
7.593552071745262e-04  8.882053307193555e-01  8.882053307193555e-01  8.882053307193555e-01  8.882053307193555e-01  0
8.322215860513730e-04  9.193872991583011e-01  9.193872991583011e-01  9.193872991583011e-01  9.193872991583011e-01  0
9.120800934083554e-04  6.876375772850845e-01  6.876375772850845e-01  6.876375772850845e-01  6.876375772850845e-01  0
9.996016814930845e-04  7.806833686791437e-01  7.806833686791437e-01  7.806833686791437e-01  7.806833686791437e-01  0
1.095521685940842e-03  8.514793161386263e-01  8.514793161386263e-01  8.514793161386263e-01  8.514793161386263e-01  0
1.200646003890268e-03  8.957863990401023e-01  8.957863990401023e-01  8.957863990401023e-01  8.957863990401023e-01  0
1.315857864940077e-03  9.145028763668563e-01  9.145028763668563e-01  9.145028763668563e-01  9.145028763668563e-01  0
1.442125251834765e-03  6.637320313557723e-01  6.637320313557723e-01  6.637320313557723e-01  6.637320313557723e-01  0
1.580509033226164e-03  6.599123327604196e-01  6.599123327604196e-01  6.599123327604196e-01  6.599123327604196e-01  0
1.732171876840361e-03  6.617313536739529e-01  6.617313536739529e-01  6.617313536739529e-01  6.617313536739529e-01  0
1.898388017936316e-03  6.794516890900405e-01  6.794516890900405e-01  6.794516890900405e-01  6.794516890900405e-01  0
2.080553965128433e-03  7.166893809945457e-01  7.166893809945457e-01  7.166893809945457e-01  7.166893809945457e-01  0
2.280200233520888e-03  8.363949814691729e-01  8.363949814691729e-01  8.363949814691729e-01  8.363949814691729e-01  0
2.499004203732711e-03  8.571085936223372e-01  8.571085936223372e-01  8.571085936223372e-01  8.571085936223372e-01  0
2.738804214852104e-03  8.529762661991387e-01  8.529762661991387e-01  8.529762661991387e-01  8.529762661991387e-01  0
3.001615009725670e-03  8.281378228535680e-01  8.281378228535680e-01  8.281378228535680e-01  8.281378228535680e-01  0
3.289644662350192e-03  7.893479739176669e-01  7.893479739176669e-01  7.893479739176669e-01  7.893479739176669e-01  0
3.605313129586914e-03  1.257919684479478e+00  1.257919684479478e+00  1.257919684479478e+00  1.257919684479478e+00  0
3.951272583065412e-03  1.251143708119877e+00  1.251143708119877e+00  1.251143708119877e+00  1.251143708119877e+00  0
4.330429692100905e-03  1.219499991788984e+00  1.219499991788984e+00  1.219499991788984e+00  1.219499991788984e+00  0
4.745970044840789e-03  1.176446310800325e+00  1.176446310800325e+00  1.176446310800325e+00  1.176446310800325e+00  0
5.201384912821082e-03  1.131372313546375e+00  1.131372313546375e+00  1.131372313546375e+00  1.131372313546375e+00  0
5.700500583802221e-03  1.029988197580038e+00  1.029988197580038e+00  1.029988197580038e+00  1.029988197580038e+00  0
6.247510509331778e-03  1.144557440801762e+00  1.144557440801762e+00  1.144557440801762e+00  1.144557440801762e+00  0
6.847010537130260e-03  1.238945712316316e+00  1.238945712316316e+00  1.238945712316316e+00  1.238945712316316e+00  0
7.504037524314174e-03  1.305697132472499e+00  1.305697132472499e+00  1.305697132472499e+00  1.305697132472499e+00  0
8.224111655875480e-03  1.341042212940269e+00  1.341042212940269e+00  1.341042212940269e+00  1.341042212940269e+00  0
9.013282823967282e-03  7.655969057279512e-01  7.655969057279512e-01  7.655969057279512e-01  7.655969057279512e-01  0
9.878181457663527e-03  8.253076383628722e-01  8.253076383628722e-01  8.253076383628722e-01  8.253076383628722e-01  0
1.082607423025226e-02  8.879223916366985e-01  8.879223916366985e-01  8.879223916366985e-01  8.879223916366985e-01  0
1.186492511210197e-02  9.625588724586044e-01  9.625588724586044e-01  9.625588724586044e-01  9.625588724586044e-01  0
1.300346228205270e-02  1.052313594081810e+00  1.052313594081810e+00  1.052313594081810e+00  1.052313594081810e+00  0
1.425125145950555e-02  7.330736558322163e-01  7.330736558322163e-01  7.330736558322163e-01  7.330736558322163e-01  0
1.561877627332944e-02  8.101379323373685e-01  8.101379323373685e-01  8.101379323373685e-01  8.101379323373685e-01  0
1.711752634282565e-02  8.646840344290780e-01  8.646840344290780e-01  8.646840344290780e-01  8.646840344290780e-01  0
1.876009381078543e-02  8.971829040003600e-01  8.971829040003600e-01  8.971829040003600e-01  8.971829040003600e-01  0
2.056027913968870e-02  9.109651888207582e-01  9.109651888207582e-01  9.109651888207582e-01  9.109651888207582e-01  0
2.253320705991821e-02  5.385958086862749e-01  5.385958086862749e-01  5.385958086862749e-01  5.385958086862749e-01  0
2.469545364415882e-02  5.802889294440625e-01  5.802889294440625e-01  5.802889294440625e-01  5.802889294440625e-01  0
2.706518557563065e-02  6.281664352471490e-01  6.281664352471490e-01  6.281664352471490e-01  6.281664352471490e-01  0
2.966231278025493e-02  6.833959410396611e-01  6.833959410396611e-01  6.833959410396611e-01  6.833959410396611e-01  0
3.250865570513176e-02  7.425901721415523e-01  7.425901721415523e-01  7.425901721415523e-01  7.425901721415523e-01  0
3.562812864876388e-02  6.505965174585818e-01  6.505965174585818e-01  6.505965174585818e-01  6.505965174585818e-01  0
3.904694068332362e-02  7.255456441527620e-01  7.255456441527620e-01  7.255456441527620e-01  7.255456441527620e-01  0
4.279381585706413e-02  7.670967928232695e-01  7.670967928232695e-01  7.670967928232695e-01  7.670967928232695e-01  0
4.690023452696359e-02  7.766178626447093e-01  7.766178626447093e-01  7.766178626447093e-01  7.766178626447093e-01  0
5.140069784922175e-02  7.643406331731197e-01  7.643406331731197e-01  7.643406331731197e-01  7.643406331731197e-01  0
5.633301764979552e-02  8.310226846150047e-01  8.310226846150047e-01  8.310226846150047e-01  8.310226846150047e-01  0
6.173863411039705e-02  7.848483531039002e-01  7.848483531039002e-01  7.848483531039002e-01  7.848483531039002e-01  0
6.766296393907663e-02  7.485731807068658e-01  7.485731807068658e-01  7.485731807068658e-01  7.485731807068658e-01  0
7.415578195063734e-02  7.357030131590232e-01  7.357030131590232e-01  7.357030131590232e-01  7.357030131590232e-01  0
8.127163926282940e-02  7.472187750472429e-01  7.472187750472429e-01  7.472187750472429e-01  7.472187750472429e-01  0
8.907032162190970e-02  8.718618127457995e-01  8.718618127457995e-01  8.718618127457995e-01  8.718618127457995e-01  0
9.761735170830904e-02  1.006894005286142e+00  1.006894005286142e+00  1.006894005286142e+00  1.006894005286142e+00  0
1.069845396426603e-01  1.090046443119117e+00  1.090046443119117e+00  1.090046443119117e+00  1.090046443119117e+00  0
1.172505863174090e-01  1.110509959317293e+00  1.110509959317293e+00  1.110509959317293e+00  1.110509959317293e+00  0
1.285017446230544e-01  1.073137675505549e+00  1.073137675505549e+00  1.073137675505549e+00  1.073137675505549e+00  0
1.408325441244888e-01  2.061646672183268e+00  2.061646672183268e+00  2.061646672183268e+00  2.061646672183268e+00  0
1.543465852759926e-01  2.280172941502323e+00  2.280172941502323e+00  2.280172941502323e+00  2.280172941502323e+00  0
1.691574098476915e-01  2.373748303632254e+00  2.373748303632254e+00  2.373748303632254e+00  2.373748303632254e+00  0
1.853894548765933e-01  2.346272112373452e+00  2.346272112373452e+00  2.346272112373452e+00  2.346272112373452e+00  0
2.031790981570734e-01  2.225937585342368e+00  2.225937585342368e+00  2.225937585342368e+00  2.225937585342368e+00  0
2.226758040547741e-01  6.672199037334439e-01  6.672199037334439e-01  6.672199037334439e-01  6.672199037334439e-01  0
2.440433792707724e-01  9.176010464403116e-01  9.176010464403116e-01  9.176010464403116e-01  9.176010464403116e-01  0
2.674613491066506e-01  1.220240022065876e+00  1.220240022065876e+00  1.220240022065876e+00  1.220240022065876e+00  0
2.931264657935223e-01  1.555194961878643e+00  1.555194961878643e+00  1.555194961878643e+00  1.555194961878643e+00  0
3.212543615576358e-01  1.885472192436042e+00  1.885472192436042e+00  1.885472192436042e+00  1.885472192436042e+00  0
3.520813603112218e-01  9.399472496484564e-02  9.399472496484564e-02  9.399472496484564e-02  9.399472496484564e-02  0
3.858664631899814e-01  1.486650713681732e-01  1.486650713681732e-01  1.486650713681732e-01  1.486650713681732e-01  0
4.228935246192287e-01  2.255121517103037e-01  2.255121517103037e-01  2.255121517103037e-01  2.255121517103037e-01  0
4.634736371914831e-01  3.315468977134662e-01  3.315468977134662e-01  3.315468977134662e-01  3.315468977134662e-01  0
5.079477453926835e-01  4.763472050776454e-01  4.763472050776454e-01  4.763472050776454e-01  4.763472050776454e-01  0
5.566895101369354e-01  1.615674400959254e-02  1.615674400959254e-02  1.615674400959254e-02  1.615674400959254e-02  0
6.101084481769312e-01  2.414489651449371e-02  2.414489651449371e-02  2.414489651449371e-02  2.414489651449371e-02  0
6.686533727666267e-01  3.563388964077902e-02  3.563388964077902e-02  3.563388964077902e-02  3.563388964077902e-02  0
7.328161644838058e-01  5.250137912400534e-02  5.250137912400534e-02  5.250137912400534e-02  5.250137912400534e-02  0
8.031359038940895e-01  7.743468389235025e-02  7.743468389235025e-02  7.743468389235025e-02  7.743468389235025e-02  0
8.802034007780546e-01  1.001783396470061e-03  1.001783396470061e-03  1.001783396470061e-03  1.001783396470061e-03  0
9.646661579749535e-01  1.984254712960191e-03  1.984254712960191e-03  1.984254712960191e-03  1.984254712960191e-03  0
1.057233811548072e+00  3.652145158219158e-03  3.652145158219158e-03  3.652145158219158e-03  3.652145158219158e-03  0
1.158684092978708e+00  6.270882560678785e-03  6.270882560678785e-03  6.270882560678785e-03  6.270882560678785e-03  0
1.269869363481709e+00  1.011541834148356e-02  1.011541834148356e-02  1.011541834148356e-02  1.011541834148356e-02  0
1.391723775342338e+00  8.704173801604178e-06  8.704173801604178e-06  8.704173801604178e-06  8.704173801604178e-06  0
1.525271120442328e+00  2.654117917274001e-05  2.654117917274001e-05  2.654117917274001e-05  2.654117917274001e-05  0
1.671633431916567e+00  7.411526461399425e-05  7.411526461399425e-05  7.411526461399425e-05  7.411526461399425e-05  0
1.832040411209515e+00  1.905557951068408e-04  1.905557951068408e-04  1.905557951068408e-04  1.905557951068408e-04  0
2.007839759735224e+00  4.524715891433667e-04  4.524715891433667e-04  4.524715891433667e-04  4.524715891433667e-04  0
2.200508501945137e+00  2.110463366912429e-07  2.110463366912429e-07  2.110463366912429e-07  2.110463366912429e-07  0
2.411665394937384e+00  5.391105472081937e-07  5.391105472081937e-07  5.391105472081937e-07  5.391105472081937e-07  0
2.643084528870180e+00  1.297757977194013e-06  1.297757977194013e-06  1.297757977194013e-06  1.297757977194013e-06  0
2.896710232446770e+00  2.960135921862714e-06  2.960135921862714e-06  2.960135921862714e-06  2.960135921862714e-06  0
3.174673408704273e+00  6.458803729211705e-06  6.458803729211705e-06  6.458803729211705e-06  6.458803729211705e-06  0
