-2.200508501945137e+00  4.051972597067872e-05  4.051972597067872e-05  4.051972597067872e-05  4.051972597067872e-05  0
-2.007839759735224e+00  2.311165801937141e-05  2.311165801937141e-05  2.311165801937141e-05  2.311165801937141e-05  0
-1.832040411209515e+00  1.295556058979791e-05  1.295556058979791e-05  1.295556058979791e-05  1.295556058979791e-05  0
-1.671633431916567e+00  6.942528663858849e-06  6.942528663858849e-06  6.942528663858849e-06  6.942528663858849e-06  0
-1.525271120442328e+00  3.502337048659173e-06  3.502337048659173e-06  3.502337048659173e-06  3.502337048659173e-06  0
-1.391723775342339e+00  2.249618000071828e-03  2.249618000071828e-03  2.249618000071828e-03  2.249618000071828e-03  0
-1.269869363481709e+00  1.233124318541362e-03  1.233124318541362e-03  1.233124318541362e-03  1.233124318541362e-03  0
-1.158684092978708e+00  6.298885981850338e-04  6.298885981850338e-04  6.298885981850338e-04  6.298885981850338e-04  0
-1.057233811548072e+00  3.011015989512377e-04  3.011015989512377e-04  3.011015989512377e-04  3.011015989512377e-04  0
-9.646661579749535e-01  1.355845565607578e-04  1.355845565607578e-04  1.355845565607578e-04  1.355845565607578e-04  0
-8.802034007780547e-01  1.439987529271730e-02  1.439987529271730e-02  1.439987529271730e-02  1.439987529271730e-02  0
-8.031359038940895e-01  1.130794336810689e-02  1.130794336810689e-02  1.130794336810689e-02  1.130794336810689e-02  0
-7.328161644838058e-01  8.300498063499546e-03  8.300498063499546e-03  8.300498063499546e-03  8.300498063499546e-03  0
-6.686533727666268e-01  5.667563416654977e-03  5.667563416654977e-03  5.667563416654977e-03  5.667563416654977e-03  0
-6.101084481769311e-01  3.591683135820221e-03  3.591683135820221e-03  3.591683135820221e-03  3.591683135820221e-03  0
-5.566895101369354e-01  4.145698568976186e-02  4.145698568976186e-02  4.145698568976186e-02  4.145698568976186e-02  0
-5.079477453926835e-01  3.141324234740434e-02  3.141324234740434e-02  3.141324234740434e-02  3.141324234740434e-02  0
-4.634736371914831e-01  2.485262021657442e-02  2.485262021657442e-02  2.485262021657442e-02  2.485262021657442e-02  0
-4.228935246192287e-01  2.034487490437988e-02  2.034487490437988e-02  2.034487490437988e-02  2.034487490437988e-02  0
-3.858664631899813e-01  1.679506045661253e-02  1.679506045661253e-02  1.679506045661253e-02  1.679506045661253e-02  0
-3.520813603112219e-01  1.817971180363359e-01  1.817971180363359e-01  1.817971180363359e-01  1.817971180363359e-01  0
-3.212543615576358e-01  1.384382972387282e-01  1.384382972387282e-01  1.384382972387282e-01  1.384382972387282e-01  0
-2.931264657935224e-01  1.018248491567666e-01  1.018248491567666e-01  1.018248491567666e-01  1.018248491567666e-01  0
-2.674613491066507e-01  7.183137065836973e-02  7.183137065836973e-02  7.183137065836973e-02  7.183137065836973e-02  0
-2.440433792707725e-01  4.829287927039558e-02  4.829287927039558e-02  4.829287927039558e-02  4.829287927039558e-02  0
-2.226758040547742e-01  4.851854479885557e-01  4.851854479885557e-01  4.851854479885557e-01  4.851854479885557e-01  0
-2.031790981570734e-01  4.270089233766365e-01  4.270089233766365e-01  4.270089233766365e-01  4.270089233766365e-01  0
-1.853894548765933e-01  3.615417471063019e-01  3.615417471063019e-01  3.615417471063019e-01  3.615417471063019e-01  0
-1.691574098476915e-01  2.955012301875200e-01  2.955012301875200e-01  2.955012301875200e-01  2.955012301875200e-01  0
-1.543465852759925e-01  2.339031538816544e-01  2.339031538816544e-01  2.339031538816544e-01  2.339031538816544e-01  0
-1.408325441244888e-01  5.049359167271872e-01  5.049359167271872e-01  5.049359167271872e-01  5.049359167271872e-01  0
-1.285017446230543e-01  5.287392569729263e-01  5.287392569729263e-01  5.287392569729263e-01  5.287392569729263e-01  0
-1.172505863174089e-01  5.365931626963342e-01  5.365931626963342e-01  5.365931626963342e-01  5.365931626963342e-01  0
-1.069845396426603e-01  5.223329749640128e-01  5.223329749640128e-01  5.223329749640128e-01  5.223329749640128e-01  0
-9.761735170830899e-02  4.832069365784207e-01  4.832069365784207e-01  4.832069365784207e-01  4.832069365784207e-01  0
-8.907032162190967e-02  3.128928686674968e-01  3.128928686674968e-01  3.128928686674968e-01  3.128928686674968e-01  0
-8.127163926282938e-02  3.227191452254739e-01  3.227191452254739e-01  3.227191452254739e-01  3.227191452254739e-01  0
-7.415578195063731e-02  3.239016363122845e-01  3.239016363122845e-01  3.239016363122845e-01  3.239016363122845e-01  0
-6.766296393907660e-02  3.113851872866341e-01  3.113851872866341e-01  3.113851872866341e-01  3.113851872866341e-01  0
-6.173863411039702e-02  2.838673408202933e-01  2.838673408202933e-01  2.838673408202933e-01  2.838673408202933e-01  0
-5.633301764979550e-02  2.770030676062989e-01  2.770030676062989e-01  2.770030676062989e-01  2.770030676062989e-01  0
-5.140069784922173e-02  2.645525741515422e-01  2.645525741515422e-01  2.645525741515422e-01  2.645525741515422e-01  0
-4.690023452696357e-02  2.492666107004359e-01  2.492666107004359e-01  2.492666107004359e-01  2.492666107004359e-01  0
-4.279381585706411e-02  2.346835301886369e-01  2.346835301886369e-01  2.346835301886369e-01  2.346835301886369e-01  0
-3.904694068332359e-02  2.219827119104039e-01  2.219827119104039e-01  2.219827119104039e-01  2.219827119104039e-01  0
-3.562812864876387e-02  2.733067558501993e-01  2.733067558501993e-01  2.733067558501993e-01  2.733067558501993e-01  0
-3.250865570513175e-02  2.748204537309316e-01  2.748204537309316e-01  2.748204537309316e-01  2.748204537309316e-01  0
-2.966231278025492e-02  2.799365717548873e-01  2.799365717548873e-01  2.799365717548873e-01  2.799365717548873e-01  0
-2.706518557563064e-02  2.809419721870534e-01  2.809419721870534e-01  2.809419721870534e-01  2.809419721870534e-01  0
-2.469545364415881e-02  2.716026399417673e-01  2.716026399417673e-01  2.716026399417673e-01  2.716026399417673e-01  0
-2.253320705991820e-02  3.617412725971377e-01  3.617412725971377e-01  3.617412725971377e-01  3.617412725971377e-01  0
-2.056027913968869e-02  3.321709306526893e-01  3.321709306526893e-01  3.321709306526893e-01  3.321709306526893e-01  0
-1.876009381078543e-02  2.949065798276303e-01  2.949065798276303e-01  2.949065798276303e-01  2.949065798276303e-01  0
-1.711752634282565e-02  2.567737851278721e-01  2.567737851278721e-01  2.567737851278721e-01  2.567737851278721e-01  0
-1.561877627332944e-02  2.233255978380639e-01  2.233255978380639e-01  2.233255978380639e-01  2.233255978380639e-01  0
-1.425125145950555e-02  3.763667871316952e-01  3.763667871316952e-01  3.763667871316952e-01  3.763667871316952e-01  0
-1.300346228205270e-02  3.686496328836452e-01  3.686496328836452e-01  3.686496328836452e-01  3.686496328836452e-01  0
-1.186492511210197e-02  3.742494872883575e-01  3.742494872883575e-01  3.742494872883575e-01  3.742494872883575e-01  0
-1.082607423025226e-02  3.799124620353750e-01  3.799124620353750e-01  3.799124620353750e-01  3.799124620353750e-01  0
-9.878181457663523e-03  3.743578233738176e-01  3.743578233738176e-01  3.743578233738176e-01  3.743578233738176e-01  0
-9.013282823967281e-03  6.348284984465770e-01  6.348284984465770e-01  6.348284984465770e-01  6.348284984465770e-01  0
-8.224111655875476e-03  5.800199045777847e-01  5.800199045777847e-01  5.800199045777847e-01  5.800199045777847e-01  0
-7.504037524314172e-03  5.062931096404560e-01  5.062931096404560e-01  5.062931096404560e-01  5.062931096404560e-01  0
-6.847010537130258e-03  4.305635734249301e-01  4.305635734249301e-01  4.305635734249301e-01  4.305635734249301e-01  0
-6.247510509331775e-03  3.673286753966686e-01  3.673286753966686e-01  3.673286753966686e-01  3.673286753966686e-01  0
-5.700500583802218e-03  6.918586608659533e-01  6.918586608659533e-01  6.918586608659533e-01  6.918586608659533e-01  0
-5.201384912821079e-03  6.587749689686506e-01  6.587749689686506e-01  6.587749689686506e-01  6.587749689686506e-01  0
-4.745970044840787e-03  6.601922010318912e-01  6.601922010318912e-01  6.601922010318912e-01  6.601922010318912e-01  0
-4.330429692100902e-03  6.697075212034751e-01  6.697075212034751e-01  6.697075212034751e-01  6.697075212034751e-01  0
-3.951272583065409e-03  6.624543950580458e-01  6.624543950580458e-01  6.624543950580458e-01  6.624543950580458e-01  0
-3.605313129586912e-03  1.249574759918886e+00  1.249574759918886e+00  1.249574759918886e+00  1.249574759918886e+00  0
-3.289644662350191e-03  1.160984024670746e+00  1.160984024670746e+00  1.160984024670746e+00  1.160984024670746e+00  0
-3.001615009725669e-03  1.024920766949781e+00  1.024920766949781e+00  1.024920766949781e+00  1.024920766949781e+00  0
-2.738804214852103e-03  8.766097908805350e-01  8.766097908805350e-01  8.766097908805350e-01  8.766097908805350e-01  0
-2.499004203732710e-03  7.509632363935997e-01  7.509632363935997e-01  7.509632363935997e-01  7.509632363935997e-01  0
-2.280200233520888e-03  1.262168497247923e+00  1.262168497247923e+00  1.262168497247923e+00  1.262168497247923e+00  0
-2.080553965128432e-03  1.213634876382088e+00  1.213634876382088e+00  1.213634876382088e+00  1.213634876382088e+00  0
-1.898388017936315e-03  1.232062540603711e+00  1.232062540603711e+00  1.232062540603711e+00  1.232062540603711e+00  0
-1.732171876840361e-03  1.272822800358556e+00  1.272822800358556e+00  1.272822800358556e+00  1.272822800358556e+00  0
-1.580509033226164e-03  1.286778563536835e+00  1.286778563536835e+00  1.286778563536835e+00  1.286778563536835e+00  0
-1.442125251834765e-03  2.023096510819251e+00  2.023096510819251e+00  2.023096510819251e+00  2.023096510819251e+00  0
-1.315857864940076e-03  1.944477162128523e+00  1.944477162128523e+00  1.944477162128523e+00  1.944477162128523e+00  0
-1.200646003890268e-03  1.773368613718171e+00  1.773368613718171e+00  1.773368613718171e+00  1.773368613718171e+00  0
-1.095521685940841e-03  1.561956269760514e+00  1.561956269760514e+00  1.561956269760514e+00  1.561956269760514e+00  0
-9.996016814930841e-04  1.371587511964080e+00  1.371587511964080e+00  1.371587511964080e+00  1.371587511964080e+00  0
-9.120800934083552e-04  1.793613431249542e+00  1.793613431249542e+00  1.793613431249542e+00  1.793613431249542e+00  0
-8.322215860513729e-04  1.747551533693963e+00  1.747551533693963e+00  1.747551533693963e+00  1.747551533693963e+00  0
-7.593552071745261e-04  1.809814951094239e+00  1.809814951094239e+00  1.809814951094239e+00  1.809814951094239e+00  0
-6.928687507361445e-04  1.922036866349978e+00  1.922036866349978e+00  1.922036866349978e+00  1.922036866349978e+00  0
-6.322036132904656e-04  2.008238479605756e+00  2.008238479605756e+00  2.008238479605756e+00  2.008238479605756e+00  0
-5.768501007339060e-04  2.627841290622067e+00  2.627841290622067e+00  2.627841290622067e+00  2.627841290622067e+00  0
-5.263431459760305e-04  2.587926704705990e+00  2.587926704705990e+00  2.587926704705990e+00  2.587926704705990e+00  0
-4.802584015561070e-04  2.413951867704001e+00  2.413951867704001e+00  2.413951867704001e+00  2.413951867704001e+00  0
-4.382086743763366e-04  2.166954633478236e+00  2.166954633478236e+00  2.166954633478236e+00  2.166954633478236e+00  0
-3.998406725972337e-04  1.930569217798548e+00  1.930569217798548e+00  1.930569217798548e+00  1.930569217798548e+00  0
-3.648320373633420e-04  2.134729944296450e+00  2.134729944296450e+00  2.134729944296450e+00  2.134729944296450e+00  0
-3.328886344205491e-04  2.092511654735123e+00  2.092511654735123e+00  2.092511654735123e+00  2.092511654735123e+00  0
-3.037420828698104e-04  2.193882420184274e+00  2.193882420184274e+00  2.193882420184274e+00  2.193882420184274e+00  0
-2.771475002944578e-04  2.375414627383799e+00  2.375414627383799e+00  2.375414627383799e+00  2.375414627383799e+00  0
-2.528814453161862e-04  2.542746085541328e+00  2.542746085541328e+00  2.542746085541328e+00  2.542746085541328e+00  0
-2.307400402935624e-04  2.982629119011058e+00  2.982629119011058e+00  2.982629119011058e+00  2.982629119011058e+00  0
-2.105372583904122e-04  2.979998067965727e+00  2.979998067965727e+00  2.979998067965727e+00  2.979998067965727e+00  0
-1.921033606224428e-04  2.815644823468599e+00  2.815644823468599e+00  2.815644823468599e+00  2.815644823468599e+00  0
-1.752834697505346e-04  2.552905284298348e+00  2.552905284298348e+00  2.552905284298348e+00  2.552905284298348e+00  0
-1.599362690388935e-04  2.288780818660241e+00  2.288780818660241e+00  2.288780818660241e+00  2.288780818660241e+00  0
-1.459328149453368e-04  2.308991375890721e+00  2.308991375890721e+00  2.308991375890721e+00  2.308991375890721e+00  0
-1.331554537682196e-04  2.268481892218338e+00  2.268481892218338e+00  2.268481892218338e+00  2.268481892218338e+00  0
-1.214968331479242e-04  2.393860192112650e+00  2.393860192112650e+00  2.393860192112650e+00  2.393860192112650e+00  0
-1.108590001177831e-04  2.621140702210082e+00  2.621140702210082e+00  2.621140702210082e+00  2.621140702210082e+00  0
-1.011525781264745e-04  2.846505761690925e+00  2.846505761690925e+00  2.846505761690925e+00  2.846505761690925e+00  0
-9.229601611742495e-05  3.158341753625943e+00  3.158341753625943e+00  3.158341753625943e+00  3.158341753625943e+00  0
-8.421490335616489e-05  3.178365125925710e+00  3.178365125925710e+00  3.178365125925710e+00  3.178365125925710e+00  0
-7.684134424897712e-05  3.021840757764559e+00  3.021840757764559e+00  3.021840757764559e+00  3.021840757764559e+00  0
-7.011338790021385e-05  2.752188565712371e+00  2.752188565712371e+00  2.752188565712371e+00  2.752188565712371e+00  0
-6.397450761555738e-05  2.473014069105091e+00  2.473014069105091e+00  2.473014069105091e+00  2.473014069105091e+00  0
-5.837312597813472e-05  2.387147039130240e+00  2.387147039130240e+00  2.387147039130240e+00  2.387147039130240e+00  0
-5.326218150728786e-05  2.347369802230959e+00  2.347369802230959e+00  2.347369802230959e+00  2.347369802230959e+00  0
-4.859873325916966e-05  2.484974529027924e+00  2.484974529027924e+00  2.484974529027924e+00  2.484974529027924e+00  0
-4.434360004711324e-05  2.736393937297090e+00  2.736393937297090e+00  2.736393937297090e+00  2.736393937297090e+00  0
-4.046103125058979e-05  2.993588230003665e+00  2.993588230003665e+00  2.993588230003665e+00  2.993588230003665e+00  0
-3.691840644696998e-05  3.236756979114789e+00  3.236756979114789e+00  3.236756979114789e+00  3.236756979114789e+00  0
-3.368596134246595e-05  3.267776096336754e+00  3.267776096336754e+00  3.267776096336754e+00  3.267776096336754e+00  0
-3.073653769959084e-05  3.115334925256702e+00  3.115334925256702e+00  3.115334925256702e+00  3.115334925256702e+00  0
-2.804535516008554e-05  2.842635323790058e+00  2.842635323790058e+00  2.842635323790058e+00  2.842635323790058e+00  0
-2.558980304622295e-05  2.556234574133431e+00  2.556234574133431e+00  2.556234574133431e+00  2.556234574133431e+00  0
-2.334925039125389e-05  2.420053324778719e+00  2.420053324778719e+00  2.420053324778719e+00  2.420053324778719e+00  0
-2.130487260291514e-05  2.380644000722907e+00  2.380644000722907e+00  2.380644000722907e+00  2.380644000722907e+00  0
-1.943949330366787e-05  2.523834904809645e+00  2.523834904809645e+00  2.523834904809645e+00  2.523834904809645e+00  0
-1.773744001884530e-05  2.786390985386987e+00  2.786390985386987e+00  2.786390985386987e+00  2.786390985386987e+00  0
-1.618441250023592e-05  3.058496481371348e+00  3.058496481371348e+00  3.058496481371348e+00  3.058496481371348e+00  0
-1.476736257878799e-05  3.269718629348251e+00  3.269718629348251e+00  3.269718629348251e+00  3.269718629348251e+00  0
-1.347438453698638e-05  3.305523383910224e+00  3.305523383910224e+00  3.305523383910224e+00  3.305523383910224e+00  0
-1.229461507983634e-05  3.154902050601826e+00  3.154902050601826e+00  3.154902050601826e+00  3.154902050601826e+00  0
-1.121814206403422e-05  2.880916959393246e+00  2.880916959393246e+00  2.880916959393246e+00  2.880916959393246e+00  0
-1.023592121848918e-05  2.591374207830488e+00  2.591374207830488e+00  2.591374207830488e+00  2.591374207830488e+00  0
-9.339700156501556e-06  2.433534054200639e+00  2.433534054200639e+00  2.433534054200639e+00  2.433534054200639e+00  0
-8.521949041166058e-06  2.394281210554097e+00  2.394281210554097e+00  2.394281210554097e+00  2.394281210554097e+00  0
-7.775797321467146e-06  2.539841046233627e+00  2.539841046233627e+00  2.539841046233627e+00  2.539841046233627e+00  0
-7.094976007538119e-06  2.807144922661585e+00  2.807144922661585e+00  2.807144922661585e+00  2.807144922661585e+00  0
-6.473765000094367e-06  3.085650841955194e+00  3.085650841955194e+00  3.085650841955194e+00  3.085650841955194e+00  0
-5.906945031515196e-06  3.283258752140657e+00  3.283258752140657e+00  3.283258752140657e+00  3.283258752140657e+00  0
-5.389753814794552e-06  3.321045895294944e+00  3.321045895294944e+00  3.321045895294944e+00  3.321045895294944e+00  0
-4.917846031934535e-06  3.171178891477676e+00  3.171178891477676e+00  3.171178891477676e+00  3.171178891477676e+00  0
-4.487256825613686e-06  2.896655861103516e+00  2.896655861103516e+00  2.896655861103516e+00  2.896655861103516e+00  0
-4.094368487395672e-06  2.605797320789442e+00  2.605797320789442e+00  2.605797320789442e+00  2.605797320789442e+00  0
-3.735880062600622e-06  2.439031320653756e+00  2.439031320653756e+00  2.439031320653756e+00  2.439031320653756e+00  0
-3.408779616466423e-06  2.399843932922360e+00  2.399843932922360e+00  2.399843932922360e+00  2.399843932922360e+00  0
-3.110318928586858e-06  2.546380226460212e+00  2.546380226460212e+00  2.546380226460212e+00  2.546380226460212e+00  0
-2.837990403015248e-06  2.815642591262108e+00  2.815642591262108e+00  2.815642591262108e+00  2.815642591262108e+00  0
-2.589506000037746e-06  3.096793336284410e+00  3.096793336284410e+00  3.096793336284410e+00  3.096793336284410e+00  0
-2.362778012606079e-06  3.288801069425596e+00  3.288801069425596e+00  3.288801069425596e+00  3.288801069425596e+00  0
-2.155901525917821e-06  3.327393463356997e+00  3.327393463356997e+00  3.327393463356997e+00  3.327393463356997e+00  0
-1.967138412773814e-06  3.177829728237385e+00  3.177829728237385e+00  3.177829728237385e+00  3.177829728237385e+00  0
-1.794902730245475e-06  2.903082250053845e+00  2.903082250053845e+00  2.903082250053845e+00  2.903082250053845e+00  0
-1.637747394958269e-06  2.611682174772612e+00  2.611682174772612e+00  2.611682174772612e+00  2.611682174772612e+00  0
-1.494352025040249e-06  2.441296809277810e+00  2.441296809277810e+00  2.441296809277810e+00  2.441296809277810e+00  0
-1.363511846586569e-06  2.402135458505188e+00  2.402135458505188e+00  2.402135458505188e+00  2.402135458505188e+00  0
-1.244127571434743e-06  2.549070292134841e+00  2.549070292134841e+00  2.549070292134841e+00  2.549070292134841e+00  0
-1.135196161206099e-06  2.819131578574138e+00  2.819131578574138e+00  2.819131578574138e+00  2.819131578574138e+00  0
-1.035802400015099e-06  3.101360237283534e+00  3.101360237283534e+00  3.101360237283534e+00  3.101360237283534e+00  0
-9.451112050424314e-07  3.291104948908300e+00  3.291104948908300e+00  3.291104948908300e+00  3.291104948908300e+00  0
-8.623606103671284e-07  3.330022253997384e+00  3.330022253997384e+00  3.330022253997384e+00  3.330022253997384e+00  0
-7.868553651095256e-07  3.180577085695476e+00  3.180577085695476e+00  3.180577085695476e+00  3.180577085695476e+00  0
-7.179610920981897e-07  2.905732804050929e+00  2.905732804050929e+00  2.905732804050929e+00  2.905732804050929e+00  0
-6.550989579833075e-07  2.614107804494923e+00  2.614107804494923e+00  2.614107804494923e+00  2.614107804494923e+00  0
-5.977408100160996e-07  2.442259566590216e+00  2.442259566590216e+00  2.442259566590216e+00  2.442259566590216e+00  0
-5.454047386346277e-07  2.403109180216952e+00  2.403109180216952e+00  2.403109180216952e+00  2.403109180216952e+00  0
-4.976510285738974e-07  2.550208730970091e+00  2.550208730970091e+00  2.550208730970091e+00  2.550208730970091e+00  0
-4.540784644824396e-07  2.820598273125020e+00  2.820598273125020e+00  2.820598273125020e+00  2.820598273125020e+00  0
-4.143209600060395e-07  3.103267476833361e+00  3.103267476833361e+00  3.103267476833361e+00  3.103267476833361e+00  0
-3.780444820169726e-07  3.292101664786006e+00  3.292101664786006e+00  3.292101664786006e+00  3.292101664786006e+00  0
-3.449442441468514e-07  3.331149916982991e+00  3.331149916982991e+00  3.331149916982991e+00  3.331149916982991e+00  0
-3.147421460438103e-07  3.181749036328971e+00  3.181749036328971e+00  3.181749036328971e+00  3.181749036328971e+00  0
-2.871844368392759e-07  2.906860086282437e+00  2.906860086282437e+00  2.906860086282437e+00  2.906860086282437e+00  0
-2.620395831933230e-07  2.615138846130182e+00  2.615138846130182e+00  2.615138846130182e+00  2.615138846130182e+00  0
-2.390963240064398e-07  2.442713479166098e+00  2.442713479166098e+00  2.442713479166098e+00  2.442713479166098e+00  0
-2.181618954538510e-07  2.403561810990249e+00  2.403561810990249e+00  2.403561810990249e+00  2.403561810990249e+00  0
-1.990604114295589e-07  2.550726911976086e+00  2.550726911976086e+00  2.550726911976086e+00  2.550726911976086e+00  0
-1.816313857929758e-07  2.821251439017713e+00  2.821251439017713e+00  2.821251439017713e+00  2.821251439017713e+00  0
-1.657283840024158e-07  3.104101911863014e+00  3.104101911863014e+00  3.104101911863014e+00  3.104101911863014e+00  0
-1.512177928067891e-07  3.292602889579131e+00  3.292602889579131e+00  3.292602889579131e+00  3.292602889579131e+00  0
-1.379776976587406e-07  3.331704535098865e+00  3.331704535098865e+00  3.331704535098865e+00  3.331704535098865e+00  0
-1.258968584175241e-07  3.182316008714181e+00  3.182316008714181e+00  3.182316008714181e+00  3.182316008714181e+00  0
-1.148737747357104e-07  2.907399244239885e+00  2.907399244239885e+00  2.907399244239885e+00  2.907399244239885e+00  0
-1.048158332773292e-07  2.615628171109967e+00  2.615628171109967e+00  2.615628171109967e+00  2.615628171109967e+00  0
-9.563852960257593e-08  2.442965455538529e+00  2.442965455538529e+00  2.442965455538529e+00  2.442965455538529e+00  0
-8.726475818154042e-08  2.403813992022107e+00  2.403813992022107e+00  2.403813992022107e+00  2.403813992022107e+00  0
-7.962416457182358e-08  2.551011450693845e+00  2.551011450693845e+00  2.551011450693845e+00  2.551011450693845e+00  0
-7.265255431719034e-08  2.821599537760686e+00  2.821599537760686e+00  2.821599537760686e+00  2.821599537760686e+00  0
-6.629135360096631e-08  3.104532101443655e+00  3.104532101443655e+00  3.104532101443655e+00  3.104532101443655e+00  0
-6.048711712271561e-08  3.292893939718236e+00  3.292893939718236e+00  3.292893939718236e+00  3.292893939718236e+00  0
-5.519107906349621e-08  3.332018208928689e+00  3.332018208928689e+00  3.332018208928689e+00  3.332018208928689e+00  0
-5.035874336700964e-08  3.182630854754377e+00  3.182630854754377e+00  3.182630854754377e+00  3.182630854754377e+00  0
-4.594950989428414e-08  2.907695982293071e+00  2.907695982293071e+00  2.907695982293071e+00  2.907695982293071e+00  0
-4.192633331093168e-08  2.615897866977688e+00  2.615897866977688e+00  2.615897866977688e+00  2.615897866977688e+00  0
-3.825541184103037e-08  2.443132569213485e+00  2.443132569213485e+00  2.443132569213485e+00  2.443132569213485e+00  0
-3.490590327261617e-08  2.403980377446889e+00  2.403980377446889e+00  2.403980377446889e+00  2.403980377446889e+00  0
-3.184966582872943e-08  2.551195027624569e+00  2.551195027624569e+00  2.551195027624569e+00  2.551195027624569e+00  0
-2.906102172687613e-08  2.821816114773409e+00  2.821816114773409e+00  2.821816114773409e+00  2.821816114773409e+00  0
-2.651654144038653e-08  3.104789379118271e+00  3.104789379118271e+00  3.104789379118271e+00  3.104789379118271e+00  0
-2.419484684908624e-08  3.293099082855035e+00  3.293099082855035e+00  3.293099082855035e+00  3.293099082855035e+00  0
-2.207643162539849e-08  3.332233480177695e+00  3.332233480177695e+00  3.332233480177695e+00  3.332233480177695e+00  0
-2.014349734680386e-08  3.182842612387722e+00  3.182842612387722e+00  3.182842612387722e+00  3.182842612387722e+00  0
-1.837980395771366e-08  2.907893160604626e+00  2.907893160604626e+00  2.907893160604626e+00  2.907893160604626e+00  0
-1.677053332437267e-08  2.616076478888564e+00  2.616076478888564e+00  2.616076478888564e+00  2.616076478888564e+00  0
-1.530216473641215e-08  2.443265147865164e+00  2.443265147865164e+00  2.443265147865164e+00  2.443265147865164e+00  0
-1.396236130904647e-08  2.404111635992077e+00  2.404111635992077e+00  2.404111635992077e+00  2.404111635992077e+00  0
-1.273986633149177e-08  2.551337149218558e+00  2.551337149218558e+00  2.551337149218558e+00  2.551337149218558e+00  0
-1.162440869075045e-08  2.821978742051985e+00  2.821978742051985e+00  2.821978742051985e+00  2.821978742051985e+00  0
-1.060661657615461e-08  3.104975920840914e+00  3.104975920840914e+00  3.104975920840914e+00  3.104975920840914e+00  0
-9.677938739634499e-09  3.293269628363626e+00  3.293269628363626e+00  3.293269628363626e+00  3.293269628363626e+00  0
-8.830572650159394e-09  3.332409124252119e+00  3.332409124252119e+00  3.332409124252119e+00  3.332409124252119e+00  0
-8.057398938721544e-09  3.183012827761648e+00  3.183012827761648e+00  3.183012827761648e+00  3.183012827761648e+00  0
-7.351921583085463e-09  2.908050139424782e+00  2.908050139424782e+00  2.908050139424782e+00  2.908050139424782e+00  0
-6.708213329749070e-09  2.616218162297565e+00  2.616218162297565e+00  2.616218162297565e+00  2.616218162297565e+00  0
-6.120865894564859e-09  2.443383884929196e+00  2.443383884929196e+00  2.443383884929196e+00  2.443383884929196e+00  0
-5.584944523618587e-09  2.404228769977323e+00  2.404228769977323e+00  2.404228769977323e+00  2.404228769977323e+00  0
-5.095946532596709e-09  2.551462568008350e+00  2.551462568008350e+00  2.551462568008350e+00  2.551462568008350e+00  0
-4.649763476300181e-09  2.822119625736972e+00  2.822119625736972e+00  2.822119625736972e+00  2.822119625736972e+00  0
-4.242646630461844e-09  3.105133970491760e+00  3.105133970491760e+00  3.105133970491760e+00  3.105133970491760e+00  0
-3.871175495853799e-09  3.293426338014679e+00  3.293426338014679e+00  3.293426338014679e+00  3.293426338014679e+00  0
-3.532229060063758e-09  3.332568901768759e+00  3.332568901768759e+00  3.332568901768759e+00  3.332568901768759e+00  0
-3.222959575488617e-09  3.183166375783653e+00  3.183166375783653e+00  3.183166375783653e+00  3.183166375783653e+00  0
-2.940768633234185e-09  2.908190927561985e+00  2.908190927561985e+00  2.908190927561985e+00  2.908190927561985e+00  0
-2.683285331899628e-09  2.616344866850975e+00  2.616344866850975e+00  2.616344866850975e+00  2.616344866850975e+00  0
-2.448346357825944e-09  2.443497234830680e+00  2.443497234830680e+00  2.443497234830680e+00  2.443497234830680e+00  0
-2.233977809447435e-09  2.404340348453800e+00  2.404340348453800e+00  2.404340348453800e+00  2.404340348453800e+00  0
-2.038378613038684e-09  2.551581359867546e+00  2.551581359867546e+00  2.551581359867546e+00  2.551581359867546e+00  0
-1.859905390520072e-09  2.822251841066912e+00  2.822251841066912e+00  2.822251841066912e+00  2.822251841066912e+00  0
-1.697058652184738e-09  3.105280639151038e+00  3.105280639151038e+00  3.105280639151038e+00  3.105280639151038e+00  0
-1.548470198341520e-09  3.293577584779221e+00  3.293577584779221e+00  3.293577584779221e+00  3.293577584779221e+00  0
-1.412891624025503e-09  3.332722347640870e+00  3.332722347640870e+00  3.332722347640870e+00  3.332722347640870e+00  0
-1.289183830195447e-09  3.183313163929203e+00  3.183313163929203e+00  3.183313163929203e+00  3.183313163929203e+00  0
-1.176307453293674e-09  2.908324957746691e+00  2.908324957746691e+00  2.908324957746691e+00  2.908324957746691e+00  0
-1.073314132759851e-09  2.616464998409053e+00  2.616464998409053e+00  2.616464998409053e+00  2.616464998409053e+00  0
-9.793385431303775e-10  2.443608927284713e+00  2.443608927284713e+00  2.443608927284713e+00  2.443608927284713e+00  0
-8.935911237789739e-10  2.404450034690071e+00  2.404450034690071e+00  2.404450034690071e+00  2.404450034690071e+00  0
-8.153514452154734e-10  2.551697713430738e+00  2.551697713430738e+00  2.551697713430738e+00  2.551697713430738e+00  0
-7.439621562080290e-10  2.822380732056171e+00  2.822380732056171e+00  2.822380732056171e+00  2.822380732056171e+00  0
-6.788234608738951e-10  3.105422864767772e+00  3.105422864767772e+00  3.105422864767772e+00  3.105422864767772e+00  0
-6.193880793366079e-10  3.293726381123048e+00  3.293726381123048e+00  3.293726381123048e+00  3.293726381123048e+00  0
-5.651566496102012e-10  3.332872579751802e+00  3.332872579751802e+00  3.332872579751802e+00  3.332872579751802e+00  0
-5.156735320781787e-10  3.183455808773627e+00  3.183455808773627e+00  3.183455808773627e+00  3.183455808773627e+00  0
-4.705229813174697e-10  2.908453515643648e+00  2.908453515643648e+00  2.908453515643648e+00  2.908453515643648e+00  0
-4.293256531039404e-10  2.616577586210579e+00  2.616577586210579e+00  2.616577586210579e+00  2.616577586210579e+00  0
-3.917354172521510e-10  2.443721428935624e+00  2.443721428935624e+00  2.443721428935624e+00  2.443721428935624e+00  0
-3.574364495115896e-10  2.404559806531385e+00  2.404559806531385e+00  2.404559806531385e+00  2.404559806531385e+00  0
-3.261405780861894e-10  2.551813511446166e+00  2.551813511446166e+00  2.551813511446166e+00  2.551813511446166e+00  0
-2.975848624832116e-10  2.822508483738215e+00  2.822508483738215e+00  2.822508483738215e+00  2.822508483738215e+00  0
-2.715293843495580e-10  3.105563414577787e+00  3.105563414577787e+00  3.105563414577787e+00  3.105563414577787e+00  0
2.715293843495580e-10  2.398934256460536e+00  2.398934256460536e+00  2.398934256460536e+00  2.398934256460536e+00  0
2.975848624832116e-10  2.557602993973852e+00  2.557602993973852e+00  2.557602993973852e+00  2.557602993973852e+00  0
3.261405780861894e-10  2.836306709855465e+00  2.836306709855465e+00  2.836306709855465e+00  2.836306709855465e+00  0
3.574364495115896e-10  3.127145606582884e+00  3.127145606582884e+00  3.127145606582884e+00  3.127145606582884e+00  0
3.917354172521510e-10  3.314366413493755e+00  3.314366413493755e+00  3.314366413493755e+00  3.314366413493755e+00  0
4.293256531039404e-10  3.332832107952861e+00  3.332832107952861e+00  3.332832107952861e+00  3.332832107952861e+00  0
4.705229813174697e-10  3.177153377226675e+00  3.177153377226675e+00  3.177153377226675e+00  3.177153377226675e+00  0
5.156735320781787e-10  2.899587702802100e+00  2.899587702802100e+00  2.899587702802100e+00  2.899587702802100e+00  0
5.651566496102012e-10  2.610091331502221e+00  2.610091331502221e+00  2.610091331502221e+00  2.610091331502221e+00  0
6.193880793366079e-10  2.424637351687908e+00  2.424637351687908e+00  2.424637351687908e+00  2.424637351687908e+00  0
6.788234608738951e-10  2.398823889334289e+00  2.398823889334289e+00  2.398823889334289e+00  2.398823889334289e+00  0
7.439621562080290e-10  2.557486886668071e+00  2.557486886668071e+00  2.557486886668071e+00  2.557486886668071e+00  0
8.153514452154734e-10  2.836179155691668e+00  2.836179155691668e+00  2.836179155691668e+00  2.836179155691668e+00  0
8.935911237789739e-10  3.127005826286761e+00  3.127005826286761e+00  3.127005826286761e+00  3.127005826286761e+00  0
9.793385431303775e-10  3.314218895708269e+00  3.314218895708269e+00  3.314218895708269e+00  3.314218895708269e+00  0
1.073314132759851e-09  3.334378560051175e+00  3.334378560051175e+00  3.334378560051175e+00  3.334378560051175e+00  0
1.176307453293674e-09  3.177722576922823e+00  3.177722576922823e+00  3.177722576922823e+00  3.177722576922823e+00  0
1.289183830195447e-09  2.899734027530569e+00  2.899734027530569e+00  2.899734027530569e+00  2.899734027530569e+00  0
1.412891624025503e-09  2.610073988786999e+00  2.610073988786999e+00  2.610073988786999e+00  2.610073988786999e+00  0
1.548470198341520e-09  2.424562472248357e+00  2.424562472248357e+00  2.424562472248357e+00  2.424562472248357e+00  0
1.697058652184738e-09  2.398718697655853e+00  2.398718697655853e+00  2.398718697655853e+00  2.398718697655853e+00  0
1.859905390520072e-09  2.557374090859033e+00  2.557374090859033e+00  2.557374090859033e+00  2.557374090859033e+00  0
2.038378613038684e-09  2.836053604049491e+00  2.836053604049491e+00  2.836053604049491e+00  2.836053604049491e+00  0
2.233977809447435e-09  3.126867222417053e+00  3.126867222417053e+00  3.126867222417053e+00  3.126867222417053e+00  0
2.448346357825944e-09  3.314072060771055e+00  3.314072060771055e+00  3.314072060771055e+00  3.314072060771055e+00  0
2.683285331899628e-09  3.334456615681323e+00  3.334456615681323e+00  3.334456615681323e+00  3.334456615681323e+00  0
2.940768633234185e-09  3.177678385160237e+00  3.177678385160237e+00  3.177678385160237e+00  3.177678385160237e+00  0
3.222959575488617e-09  2.899644889953312e+00  2.899644889953312e+00  2.899644889953312e+00  2.899644889953312e+00  0
3.532229060063758e-09  2.609974102278495e+00  2.609974102278495e+00  2.609974102278495e+00  2.609974102278495e+00  0
3.871175495853799e-09  2.424461521869869e+00  2.424461521869869e+00  2.424461521869869e+00  2.424461521869869e+00  0
4.242646630461844e-09  2.398617787022033e+00  2.398617787022033e+00  2.398617787022033e+00  2.398617787022033e+00  0
4.649763476300181e-09  2.557264554515471e+00  2.557264554515471e+00  2.557264554515471e+00  2.557264554515471e+00  0
5.095946532596709e-09  2.835930717487552e+00  2.835930717487552e+00  2.835930717487552e+00  2.835930717487552e+00  0
5.584944523618587e-09  3.126731115486962e+00  3.126731115486962e+00  3.126731115486962e+00  3.126731115486962e+00  0
6.120865894564859e-09  3.313927841080072e+00  3.313927841080072e+00  3.313927841080072e+00  3.313927841080072e+00  0
6.708213329749070e-09  3.334347660784594e+00  3.334347660784594e+00  3.334347660784594e+00  3.334347660784594e+00  0
7.351921583085463e-09  3.177560190545134e+00  3.177560190545134e+00  3.177560190545134e+00  3.177560190545134e+00  0
8.057398938721544e-09  2.899531369571422e+00  2.899531369571422e+00  2.899531369571422e+00  2.899531369571422e+00  0
8.830572650159394e-09  2.609869264977696e+00  2.609869264977696e+00  2.609869264977696e+00  2.609869264977696e+00  0
9.677938739634499e-09  2.424361997771754e+00  2.424361997771754e+00  2.424361997771754e+00  2.424361997771754e+00  0
1.060661657615461e-08  2.398526867642226e+00  2.398526867642226e+00  2.398526867642226e+00  2.398526867642226e+00  0
1.162440869075045e-08  2.557162672865547e+00  2.557162672865547e+00  2.557162672865547e+00  2.557162672865547e+00  0
1.273986633149177e-08  2.835814148733729e+00  2.835814148733729e+00  2.835814148733729e+00  2.835814148733729e+00  0
1.396236130904647e-08  3.126601013037900e+00  3.126601013037900e+00  3.126601013037900e+00  3.126601013037900e+00  0
1.530216473641215e-08  3.313790015653864e+00  3.313790015653864e+00  3.313790015653864e+00  3.313790015653864e+00  0
1.677053332437267e-08  3.334229125916240e+00  3.334229125916240e+00  3.334229125916240e+00  3.334229125916240e+00  0
1.837980395771366e-08  3.177448758900275e+00  3.177448758900275e+00  3.177448758900275e+00  3.177448758900275e+00  0
2.014349734680386e-08  2.899430967491187e+00  2.899430967491187e+00  2.899430967491187e+00  2.899430967491187e+00  0
2.207643162539849e-08  2.609778423866845e+00  2.609778423866845e+00  2.609778423866845e+00  2.609778423866845e+00  0
2.419484684908624e-08  2.424274696382603e+00  2.424274696382603e+00  2.424274696382603e+00  2.424274696382603e+00  0
2.651654144038653e-08  2.398460742948047e+00  2.398460742948047e+00  2.398460742948047e+00  2.398460742948047e+00  0
2.906102172687613e-08  2.557079765795939e+00  2.557079765795939e+00  2.557079765795939e+00  2.557079765795939e+00  0
3.184966582872943e-08  2.835713218568095e+00  2.835713218568095e+00  2.835713218568095e+00  2.835713218568095e+00  0
3.490590327261617e-08  3.126485766399083e+00  3.126485766399083e+00  3.126485766399083e+00  3.126485766399083e+00  0
3.825541184103037e-08  3.313668025546241e+00  3.313668025546241e+00  3.313668025546241e+00  3.313668025546241e+00  0
4.192633331093168e-08  3.334150175569235e+00  3.334150175569235e+00  3.334150175569235e+00  3.334150175569235e+00  0
4.594950989428414e-08  3.177380864649141e+00  3.177380864649141e+00  3.177380864649141e+00  3.177380864649141e+00  0
5.035874336700964e-08  2.899373663354657e+00  2.899373663354657e+00  2.899373663354657e+00  2.899373663354657e+00  0
5.519107906349621e-08  2.609726246288592e+00  2.609726246288592e+00  2.609726246288592e+00  2.609726246288592e+00  0
6.048711712271561e-08  2.424219151398267e+00  2.424219151398267e+00  2.424219151398267e+00  2.424219151398267e+00  0
6.629135360096631e-08  2.398456761068449e+00  2.398456761068449e+00  2.398456761068449e+00  2.398456761068449e+00  0
7.265255431719034e-08  2.557044402873853e+00  2.557044402873853e+00  2.557044402873853e+00  2.557044402873853e+00  0
7.962416457182358e-08  2.835651458158337e+00  2.835651458158337e+00  2.835651458158337e+00  2.835651458158337e+00  0
8.726475818154042e-08  3.126407711211689e+00  3.126407711211689e+00  3.126407711211689e+00  3.126407711211689e+00  0
9.563852960257593e-08  3.313585664677396e+00  3.313585664677396e+00  3.313585664677396e+00  3.313585664677396e+00  0
1.048158332773292e-07  3.334178091084891e+00  3.334178091084891e+00  3.334178091084891e+00  3.334178091084891e+00  0
1.148737747357104e-07  3.177425415580636e+00  3.177425415580636e+00  3.177425415580636e+00  3.177425415580636e+00  0
1.258968584175241e-07  2.899425748536443e+00  2.899425748536443e+00  2.899425748536443e+00  2.899425748536443e+00  0
1.379776976587406e-07  2.609771518032568e+00  2.609771518032568e+00  2.609771518032568e+00  2.609771518032568e+00  0
1.512177928067891e-07  2.424243414092510e+00  2.424243414092510e+00  2.424243414092510e+00  2.424243414092510e+00  0
1.657283840024158e-07  2.398608610757081e+00  2.398608610757081e+00  2.398608610757081e+00  2.398608610757081e+00  0
1.816313857929758e-07  2.557128380020739e+00  2.557128380020739e+00  2.557128380020739e+00  2.557128380020739e+00  0
1.990604114295589e-07  2.835688133580530e+00  2.835688133580530e+00  2.835688133580530e+00  2.835688133580530e+00  0
2.181618954538510e-07  3.126423187101273e+00  3.126423187101273e+00  3.126423187101273e+00  3.126423187101273e+00  0
2.390963240064398e-07  3.313602958703703e+00  3.313602958703703e+00  3.313602958703703e+00  3.313602958703703e+00  0
2.620395831933230e-07  3.334473497558511e+00  3.334473497558511e+00  3.334473497558511e+00  3.334473497558511e+00  0
2.871844368392759e-07  3.177751623174554e+00  3.177751623174554e+00  3.177751623174554e+00  3.177751623174554e+00  0
3.147421460438103e-07  2.899751884474957e+00  2.899751884474957e+00  2.899751884474957e+00  2.899751884474957e+00  0
3.449442441468514e-07  2.610060942380532e+00  2.610060942380532e+00  2.610060942380532e+00  2.610060942380532e+00  0
3.780444820169726e-07  2.424467664594382e+00  2.424467664594382e+00  2.424467664594382e+00  2.424467664594382e+00  0
4.143209600060395e-07  2.399136551150103e+00  2.399136551150103e+00  2.399136551150103e+00  2.399136551150103e+00  0
4.540784644824396e-07  2.557502638121597e+00  2.557502638121597e+00  2.557502638121597e+00  2.557502638121597e+00  0
4.976510285738974e-07  2.835966698149518e+00  2.835966698149518e+00  2.835966698149518e+00  2.835966698149518e+00  0
5.454047386346277e-07  3.126670796886569e+00  3.126670796886569e+00  3.126670796886569e+00  3.126670796886569e+00  0
5.977408100160996e-07  3.313869158401336e+00  3.313869158401336e+00  3.313869158401336e+00  3.313869158401336e+00  0
6.550989579833075e-07  3.335392769744687e+00  3.335392769744687e+00  3.335392769744687e+00  3.335392769744687e+00  0
7.179610920981897e-07  3.178740388389413e+00  3.178740388389413e+00  3.178740388389413e+00  3.178740388389413e+00  0
7.868553651095256e-07  2.900727651955179e+00  2.900727651955179e+00  2.900727651955179e+00  2.900727651955179e+00  0
8.623606103671284e-07  2.610932898229740e+00  2.610932898229740e+00  2.610932898229740e+00  2.610932898229740e+00  0
9.451112050424314e-07  2.425171871539763e+00  2.425171871539763e+00  2.425171871539763e+00  2.425171871539763e+00  0
1.035802400015099e-06  2.400593909726268e+00  2.400593909726268e+00  2.400593909726268e+00  2.400593909726268e+00  0
1.135196161206099e-06  2.558581073875885e+00  2.558581073875885e+00  2.558581073875885e+00  2.558581073875885e+00  0
1.244127571434743e-06  2.836818332049988e+00  2.836818332049988e+00  2.836818332049988e+00  2.836818332049988e+00  0
1.363511846586569e-06  3.127458942056077e+00  3.127458942056077e+00  3.127458942056077e+00  3.127458942056077e+00  0
1.494352025040249e-06  3.314712916977223e+00  3.314712916977223e+00  3.314712916977223e+00  3.314712916977223e+00  0
1.637747394958269e-06  3.339949446920451e+00  3.339949446920451e+00  3.339949446920451e+00  3.339949446920451e+00  0
1.794902730245475e-06  3.182267020669480e+00  3.182267020669480e+00  3.182267020669480e+00  3.182267020669480e+00  0
1.967138412773814e-06  2.903676188834226e+00  2.903676188834226e+00  2.903676188834226e+00  2.903676188834226e+00  0
2.155901525917821e-06  2.613388746136366e+00  2.613388746136366e+00  2.613388746136366e+00  2.613388746136366e+00  0
2.362778012606079e-06  2.427114831545697e+00  2.427114831545697e+00  2.427114831545697e+00  2.427114831545697e+00  0
2.589506000037746e-06  2.404395245179097e+00  2.404395245179097e+00  2.404395245179097e+00  2.404395245179097e+00  0
2.837990403015248e-06  2.561440677233448e+00  2.561440677233448e+00  2.561440677233448e+00  2.561440677233448e+00  0
3.110318928586858e-06  2.839123894039639e+00  2.839123894039639e+00  2.839123894039639e+00  2.839123894039639e+00  0
3.408779616466423e-06  3.129620557690202e+00  3.129620557690202e+00  3.129620557690202e+00  3.129620557690202e+00  0
3.735880062600622e-06  3.317023474954664e+00  3.317023474954664e+00  3.317023474954664e+00  3.317023474954664e+00  0
4.094368487395672e-06  3.346438960031420e+00  3.346438960031420e+00  3.346438960031420e+00  3.346438960031420e+00  0
4.487256825613686e-06  3.189144105824534e+00  3.189144105824534e+00  3.189144105824534e+00  3.189144105824534e+00  0
4.917846031934535e-06  2.910408268438544e+00  2.910408268438544e+00  2.910408268438544e+00  2.910408268438544e+00  0
5.389753814794552e-06  2.619406102079464e+00  2.619406102079464e+00  2.619406102079464e+00  2.619406102079464e+00  0
5.906945031515196e-06  2.432035986851480e+00  2.432035986851480e+00  2.432035986851480e+00  2.432035986851480e+00  0
6.473765000094367e-06  2.414137127817408e+00  2.414137127817408e+00  2.414137127817408e+00  2.414137127817408e+00  0
7.094976007538119e-06  2.568809940567468e+00  2.568809940567468e+00  2.568809940567468e+00  2.568809940567468e+00  0
7.775797321467146e-06  2.845098557676432e+00  2.845098557676432e+00  2.845098557676432e+00  2.845098557676432e+00  0
8.521949041166058e-06  3.135234009355118e+00  3.135234009355118e+00  3.135234009355118e+00  3.135234009355118e+00  0
9.339700156501556e-06  3.323011025245293e+00  3.323011025245293e+00  3.323011025245293e+00  3.323011025245293e+00  0
1.023592121848918e-05  3.362944313149358e+00  3.362944313149358e+00  3.362944313149358e+00  3.362944313149358e+00  0
1.121814206403422e-05  3.206624398003826e+00  3.206624398003826e+00  3.206624398003826e+00  3.206624398003826e+00  0
1.229461507983634e-05  2.927529072774715e+00  2.927529072774715e+00  2.927529072774715e+00  2.927529072774715e+00  0
1.347438453698638e-05  2.634731009958562e+00  2.634731009958562e+00  2.634731009958562e+00  2.634731009958562e+00  0
1.476736257878799e-05  2.444600380284091e+00  2.444600380284091e+00  2.444600380284091e+00  2.444600380284091e+00  0
1.618441250023592e-05  2.439273534633686e+00  2.439273534633686e+00  2.439273534633686e+00  2.439273534633686e+00  0
1.773744001884530e-05  2.587843688945088e+00  2.587843688945088e+00  2.587843688945088e+00  2.587843688945088e+00  0
1.943949330366787e-05  2.860491796167435e+00  2.860491796167435e+00  2.860491796167435e+00  2.860491796167435e+00  0
2.130487260291514e-05  3.149618728156976e+00  3.149618728156976e+00  3.149618728156976e+00  3.149618728156976e+00  0
2.334925039125389e-05  3.338279166058370e+00  3.338279166058370e+00  3.338279166058370e+00  3.338279166058370e+00  0
2.558980304622295e-05  3.405006913013904e+00  3.405006913013904e+00  3.405006913013904e+00  3.405006913013904e+00  0
2.804535516008554e-05  3.251189399327114e+00  3.251189399327114e+00  3.251189399327114e+00  3.251189399327114e+00  0
3.073653769959084e-05  2.971294436932505e+00  2.971294436932505e+00  2.971294436932505e+00  2.971294436932505e+00  0
3.368596134246595e-05  2.674038055452107e+00  2.674038055452107e+00  2.674038055452107e+00  2.674038055452107e+00  0
3.691840644696998e-05  2.476935348495765e+00  2.476935348495765e+00  2.476935348495765e+00  2.476935348495765e+00  0
4.046103125058979e-05  2.506920813100852e+00  2.506920813100852e+00  2.506920813100852e+00  2.506920813100852e+00  0
4.434360004711324e-05  2.638965540451874e+00  2.638965540451874e+00  2.638965540451874e+00  2.638965540451874e+00  0
4.859873325916966e-05  2.901302122088888e+00  2.901302122088888e+00  2.901302122088888e+00  2.901302122088888e+00  0
5.326218150728786e-05  3.187022093610628e+00  3.187022093610628e+00  3.187022093610628e+00  3.187022093610628e+00  0
5.837312597813472e-05  3.377414957536494e+00  3.377414957536494e+00  3.377414957536494e+00  3.377414957536494e+00  0
6.397450761555738e-05  3.516777470207996e+00  3.516777470207996e+00  3.516777470207996e+00  3.516777470207996e+00  0
7.011338790021385e-05  3.368653694078069e+00  3.368653694078069e+00  3.368653694078069e+00  3.368653694078069e+00  0
7.684134424897712e-05  3.087023154633444e+00  3.087023154633444e+00  3.087023154633444e+00  3.087023154633444e+00  0
8.421490335616489e-05  2.778713556742853e+00  2.778713556742853e+00  2.778713556742853e+00  2.778713556742853e+00  0
9.229601611742495e-05  2.563656020729002e+00  2.563656020729002e+00  2.563656020729002e+00  2.563656020729002e+00  0
1.011525781264745e-04  2.712379406029902e+00  2.712379406029902e+00  2.712379406029902e+00  2.712379406029902e+00  0
1.108590001177831e-04  2.795288431219491e+00  2.795288431219491e+00  2.795288431219491e+00  2.795288431219491e+00  0
1.214968331479242e-04  3.022905931035109e+00  3.022905931035109e+00  3.022905931035109e+00  3.022905931035109e+00  0
1.331554537682196e-04  3.292755546581574e+00  3.292755546581574e+00  3.292755546581574e+00  3.292755546581574e+00  0
1.459328149453368e-04  3.482963617820332e+00  3.482963617820332e+00  3.482963617820332e+00  3.482963617820332e+00  0
1.599362690388935e-04  3.790775593685437e+00  3.790775593685437e+00  3.790775593685437e+00  3.790775593685437e+00  0
1.752834697505346e-04  3.678611400215568e+00  3.678611400215568e+00  3.678611400215568e+00  3.678611400215568e+00  0
1.921033606224428e-04  3.408404530273752e+00  3.408404530273752e+00  3.408404530273752e+00  3.408404530273752e+00  0
2.105372583904122e-04  3.081593171169335e+00  3.081593171169335e+00  3.081593171169335e+00  3.081593171169335e+00  0
2.307400402935624e-04  2.823116105053622e+00  2.823116105053622e+00  2.823116105053622e+00  2.823116105053622e+00  0
2.528814453161862e-04  2.988005313394368e+00  2.988005313394368e+00  2.988005313394368e+00  2.988005313394368e+00  0
2.771475002944578e-04  3.066146619959933e+00  3.066146619959933e+00  3.066146619959933e+00  3.066146619959933e+00  0
3.037420828698104e-04  3.276220040062977e+00  3.276220040062977e+00  3.276220040062977e+00  3.276220040062977e+00  0
3.328886344205491e-04  3.539590266925951e+00  3.539590266925951e+00  3.539590266925951e+00  3.539590266925951e+00  0
3.648320373633420e-04  3.744324657773864e+00  3.744324657773864e+00  3.744324657773864e+00  3.744324657773864e+00  0
3.998406725972337e-04  3.506159120978891e+00  3.506159120978891e+00  3.506159120978891e+00  3.506159120978891e+00  0
4.382086743763366e-04  3.532340816065151e+00  3.532340816065151e+00  3.532340816065151e+00  3.532340816065151e+00  0
4.802584015561070e-04  3.414378016641953e+00  3.414378016641953e+00  3.414378016641953e+00  3.414378016641953e+00  0
5.263431459760305e-04  3.215092767327520e+00  3.215092767327520e+00  3.215092767327520e+00  3.215092767327520e+00  0
5.768501007339060e-04  3.034690899513580e+00  3.034690899513580e+00  3.034690899513580e+00  3.034690899513580e+00  0
6.322036132904656e-04  2.799535157832227e+00  2.799535157832227e+00  2.799535157832227e+00  2.799535157832227e+00  0
6.928687507361445e-04  2.799795232957693e+00  2.799795232957693e+00  2.799795232957693e+00  2.799795232957693e+00  0
7.593552071745261e-04  2.929193029104981e+00  2.929193029104981e+00  2.929193029104981e+00  2.929193029104981e+00  0
8.322215860513729e-04  3.147065740861844e+00  3.147065740861844e+00  3.147065740861844e+00  3.147065740861844e+00  0
9.120800934083552e-04  3.371817548550161e+00  3.371817548550161e+00  3.371817548550161e+00  3.371817548550161e+00  0
9.996016814930841e-04  3.284892466227930e+00  3.284892466227930e+00  3.284892466227930e+00  3.284892466227930e+00  0
1.095521685940841e-03  3.340539596865036e+00  3.340539596865036e+00  3.340539596865036e+00  3.340539596865036e+00  0
1.200646003890268e-03  3.267470109638485e+00  3.267470109638485e+00  3.267470109638485e+00  3.267470109638485e+00  0
1.315857864940076e-03  3.103930756486079e+00  3.103930756486079e+00  3.103930756486079e+00  3.103930756486079e+00  0
1.442125251834765e-03  2.927348350445006e+00  2.927348350445006e+00  2.927348350445006e+00  2.927348350445006e+00  0
1.580509033226164e-03  2.874520377467709e+00  2.874520377467709e+00  2.874520377467709e+00  2.874520377467709e+00  0
1.732171876840361e-03  2.890200115141721e+00  2.890200115141721e+00  2.890200115141721e+00  2.890200115141721e+00  0
1.898388017936315e-03  2.971592494340500e+00  2.971592494340500e+00  2.971592494340500e+00  2.971592494340500e+00  0
2.080553965128432e-03  3.115892397414818e+00  3.115892397414818e+00  3.115892397414818e+00  3.115892397414818e+00  0
2.280200233520888e-03  3.280304032906857e+00  3.280304032906857e+00  3.280304032906857e+00  3.280304032906857e+00  0
2.499004203732710e-03  3.131448807276761e+00  3.131448807276761e+00  3.131448807276761e+00  3.131448807276761e+00  0
2.738804214852103e-03  3.140685302709667e+00  3.140685302709667e+00  3.140685302709667e+00  3.140685302709667e+00  0
3.001615009725669e-03  3.120898684892613e+00  3.120898684892613e+00  3.120898684892613e+00  3.120898684892613e+00  0
3.289644662350191e-03  3.059745866992198e+00  3.059745866992198e+00  3.059745866992198e+00  3.059745866992198e+00  0
3.605313129586912e-03  2.970591839784963e+00  2.970591839784963e+00  2.970591839784963e+00  2.970591839784963e+00  0
3.951272583065409e-03  3.618819852457031e+00  3.618819852457031e+00  3.618819852457031e+00  3.618819852457031e+00  0
4.330429692100902e-03  3.599380153844321e+00  3.599380153844321e+00  3.599380153844321e+00  3.599380153844321e+00  0
4.745970044840787e-03  3.504173561310502e+00  3.504173561310502e+00  3.504173561310502e+00  3.504173561310502e+00  0
5.201384912821079e-03  3.393172460838299e+00  3.393172460838299e+00  3.393172460838299e+00  3.393172460838299e+00  0
5.700500583802218e-03  3.307328734771133e+00  3.307328734771133e+00  3.307328734771133e+00  3.307328734771133e+00  0
6.247510509331775e-03  2.198577633856419e+00  2.198577633856419e+00  2.198577633856419e+00  2.198577633856419e+00  0
6.847010537130258e-03  2.625781947321262e+00  2.625781947321262e+00  2.625781947321262e+00  2.625781947321262e+00  0
7.504037524314172e-03  3.030958875960930e+00  3.030958875960930e+00  3.030958875960930e+00  3.030958875960930e+00  0
8.224111655875476e-03  3.365165026977825e+00  3.365165026977825e+00  3.365165026977825e+00  3.365165026977825e+00  0
9.013282823967281e-03  3.589155042500133e+00  3.589155042500133e+00  3.589155042500133e+00  3.589155042500133e+00  0
9.878181457663523e-03  1.035536762665646e+00  1.035536762665646e+00  1.035536762665646e+00  1.035536762665646e+00  0
1.082607423025226e-02  1.171603430139804e+00  1.171603430139804e+00  1.171603430139804e+00  1.171603430139804e+00  0
1.186492511210197e-02  1.351334942459609e+00  1.351334942459609e+00  1.351334942459609e+00  1.351334942459609e+00  0
1.300346228205270e-02  1.595757158669334e+00  1.595757158669334e+00  1.595757158669334e+00  1.595757158669334e+00  0
1.425125145950555e-02  1.915240193486152e+00  1.915240193486152e+00  1.915240193486152e+00  1.915240193486152e+00  0
1.561877627332944e-02  5.984730071037145e-01  5.984730071037145e-01  5.984730071037145e-01  5.984730071037145e-01  0
1.711752634282565e-02  7.030116721404224e-01  7.030116721404224e-01  7.030116721404224e-01  7.030116721404224e-01  0
1.876009381078543e-02  8.075224419826321e-01  8.075224419826321e-01  8.075224419826321e-01  8.075224419826321e-01  0
2.056027913968869e-02  9.125900541633434e-01  9.125900541633434e-01  9.125900541633434e-01  9.125900541633434e-01  0
2.253320705991820e-02  1.022149280933318e+00  1.022149280933318e+00  1.022149280933318e+00  1.022149280933318e+00  0
2.469545364415881e-02  6.085071144213074e-01  6.085071144213074e-01  6.085071144213074e-01  6.085071144213074e-01  0
2.706518557563064e-02  6.434815389377339e-01  6.434815389377339e-01  6.434815389377339e-01  6.434815389377339e-01  0
2.966231278025492e-02  6.668163958123413e-01  6.668163958123413e-01  6.668163958123413e-01  6.668163958123413e-01  0
3.250865570513175e-02  6.878092025553249e-01  6.878092025553249e-01  6.878092025553249e-01  6.878092025553249e-01  0
3.562812864876387e-02  7.145771387875618e-01  7.145771387875618e-01  7.145771387875618e-01  7.145771387875618e-01  0
3.904694068332359e-02  3.499973855494613e-01  3.499973855494613e-01  3.499973855494613e-01  3.499973855494613e-01  0
4.279381585706411e-02  4.100395051676914e-01  4.100395051676914e-01  4.100395051676914e-01  4.100395051676914e-01  0
4.690023452696357e-02  4.738225680120332e-01  4.738225680120332e-01  4.738225680120332e-01  4.738225680120332e-01  0
5.140069784922173e-02  5.356791911497623e-01  5.356791911497623e-01  5.356791911497623e-01  5.356791911497623e-01  0
5.633301764979550e-02  5.884747041936432e-01  5.884747041936432e-01  5.884747041936432e-01  5.884747041936432e-01  0
6.173863411039702e-02  4.905942419869421e-01  4.905942419869421e-01  4.905942419869421e-01  4.905942419869421e-01  0
6.766296393907660e-02  5.318582724412217e-01  5.318582724412217e-01  5.318582724412217e-01  5.318582724412217e-01  0
7.415578195063731e-02  5.493541543464844e-01  5.493541543464844e-01  5.493541543464844e-01  5.493541543464844e-01  0
8.127163926282938e-02  5.488127287301485e-01  5.488127287301485e-01  5.488127287301485e-01  5.488127287301485e-01  0
8.907032162190967e-02  5.415067949408635e-01  5.415067949408635e-01  5.415067949408635e-01  5.415067949408635e-01  0
9.761735170830899e-02  7.115638007524195e-01  7.115638007524195e-01  7.115638007524195e-01  7.115638007524195e-01  0
1.069845396426603e-01  6.624929736695485e-01  6.624929736695485e-01  6.624929736695485e-01  6.624929736695485e-01  0
1.172505863174089e-01  6.197475350408732e-01  6.197475350408732e-01  6.197475350408732e-01  6.197475350408732e-01  0
1.285017446230543e-01  5.942425589256712e-01  5.942425589256712e-01  5.942425589256712e-01  5.942425589256712e-01  0
1.408325441244888e-01  5.863923136652172e-01  5.863923136652172e-01  5.863923136652172e-01  5.863923136652172e-01  0
1.543465852759925e-01  1.584514637134418e+00  1.584514637134418e+00  1.584514637134418e+00  1.584514637134418e+00  0
1.691574098476915e-01  1.607881368033463e+00  1.607881368033463e+00  1.607881368033463e+00  1.607881368033463e+00  0
1.853894548765933e-01  1.559553498531945e+00  1.559553498531945e+00  1.559553498531945e+00  1.559553498531945e+00  0
2.031790981570734e-01  1.448089296705791e+00  1.448089296705791e+00  1.448089296705791e+00  1.448089296705791e+00  0
2.226758040547742e-01  1.292145551216959e+00  1.292145551216959e+00  1.292145551216959e+00  1.292145551216959e+00  0
2.440433792707725e-01  9.344372359545003e-01  9.344372359545003e-01  9.344372359545003e-01  9.344372359545003e-01  0
2.674613491066507e-01  1.204612728888999e+00  1.204612728888999e+00  1.204612728888999e+00  1.204612728888999e+00  0
2.931264657935224e-01  1.460071953602858e+00  1.460071953602858e+00  1.460071953602858e+00  1.460071953602858e+00  0
3.212543615576358e-01  1.670851570216828e+00  1.670851570216828e+00  1.670851570216828e+00  1.670851570216828e+00  0
3.520813603112219e-01  1.813077887035543e+00  1.813077887035543e+00  1.813077887035543e+00  1.813077887035543e+00  0
3.858664631899813e-01  1.530262212567034e-01  1.530262212567034e-01  1.530262212567034e-01  1.530262212567034e-01  0
4.228935246192287e-01  2.330326912014984e-01  2.330326912014984e-01  2.330326912014984e-01  2.330326912014984e-01  0
4.634736371914831e-01  3.504579584851926e-01  3.504579584851926e-01  3.504579584851926e-01  3.504579584851926e-01  0
5.079477453926835e-01  5.128766477882876e-01  5.128766477882876e-01  5.128766477882876e-01  5.128766477882876e-01  0
5.566895101369354e-01  7.209262634086870e-01  7.209262634086870e-01  7.209262634086870e-01  7.209262634086870e-01  0
6.101084481769311e-01  1.744803859253694e-02  1.744803859253694e-02  1.744803859253694e-02  1.744803859253694e-02  0
6.686533727666268e-01  2.846245862930394e-02  2.846245862930394e-02  2.846245862930394e-02  2.846245862930394e-02  0
7.328161644838058e-01  4.443463166158505e-02  4.443463166158505e-02  4.443463166158505e-02  4.443463166158505e-02  0
8.031359038940895e-01  6.747889917904634e-02  6.747889917904634e-02  6.747889917904634e-02  6.747889917904634e-02  0
8.802034007780547e-01  1.014289853398072e-01  1.014289853398072e-01  1.014289853398072e-01  1.014289853398072e-01  0
9.646661579749535e-01  5.904991182697065e-04  5.904991182697065e-04  5.904991182697065e-04  5.904991182697065e-04  0
1.057233811548072e+00  1.338753098798475e-03  1.338753098798475e-03  1.338753098798475e-03  1.338753098798475e-03  0
1.158684092978708e+00  2.825253475533964e-03  2.825253475533964e-03  2.825253475533964e-03  2.825253475533964e-03  0
1.269869363481709e+00  5.553775296549162e-03  5.553775296549162e-03  5.553775296549162e-03  5.553775296549162e-03  0
1.391723775342339e+00  1.018893350992691e-02  1.018893350992691e-02  1.018893350992691e-02  1.018893350992691e-02  0
1.525271120442328e+00  1.131927915652271e-05  1.131927915652271e-05  1.131927915652271e-05  1.131927915652271e-05  0
1.671633431916567e+00  2.458400492893636e-05  2.458400492893636e-05  2.458400492893636e-05  2.458400492893636e-05  0
1.832040411209515e+00  5.299060875274689e-05  5.299060875274689e-05  5.299060875274689e-05  5.299060875274689e-05  0
2.007839759735224e+00  1.149752051543858e-04  1.149752051543858e-04  1.149752051543858e-04  1.149752051543858e-04  0
2.200508501945137e+00  2.526676502298312e-04  2.526676502298312e-04  2.526676502298312e-04  2.526676502298312e-04  0
