-1.525271120442328e+00  9.054577316318513e-04  9.054577316318513e-04  9.054577316318513e-04  9.054577316318513e-04  0
-1.391723775342339e+00  4.285449319354618e-04  4.285449319354618e-04  4.285449319354618e-04  4.285449319354618e-04  0
-1.269869363481709e+00  2.053397859125485e-04  2.053397859125485e-04  2.053397859125485e-04  2.053397859125485e-04  0
-1.158684092978708e+00  1.031025636121143e-04  1.031025636121143e-04  1.031025636121143e-04  1.031025636121143e-04  0
-1.057233811548072e+00  5.483733622162167e-05  5.483733622162167e-05  5.483733622162167e-05  5.483733622162167e-05  0
-9.646661579749536e-01  1.737174368560054e-02  1.737174368560054e-02  1.737174368560054e-02  1.737174368560054e-02  0
-8.802034007780548e-01  1.204782826083057e-02  1.204782826083057e-02  1.204782826083057e-02  1.204782826083057e-02  0
-8.031359038940896e-01  7.802137436500232e-03  7.802137436500232e-03  7.802137436500232e-03  7.802137436500232e-03  0
-7.328161644838059e-01  4.706953164586932e-03  4.706953164586932e-03  4.706953164586932e-03  4.706953164586932e-03  0
-6.686533727666268e-01  2.645218370117990e-03  2.645218370117990e-03  2.645218370117990e-03  2.645218370117990e-03  0
-6.101084481769313e-01  6.118283504175519e-02  6.118283504175519e-02  6.118283504175519e-02  6.118283504175519e-02  0
-5.566895101369356e-01  4.739374001026487e-02  4.739374001026487e-02  4.739374001026487e-02  4.739374001026487e-02  0
-5.079477453926836e-01  3.779171633458522e-02  3.779171633458522e-02  3.779171633458522e-02  3.779171633458522e-02  0
-4.634736371914833e-01  3.007961947063915e-02  3.007961947063915e-02  3.007961947063915e-02  3.007961947063915e-02  0
-4.228935246192288e-01  2.321171073028718e-02  2.321171073028718e-02  2.321171073028718e-02  2.321171073028718e-02  0
-3.858664631899814e-01  3.059850877244626e-01  3.059850877244626e-01  3.059850877244626e-01  3.059850877244626e-01  0
-3.520813603112219e-01  2.297173282336752e-01  2.297173282336752e-01  2.297173282336752e-01  2.297173282336752e-01  0
-3.212543615576358e-01  1.625482777119794e-01  1.625482777119794e-01  1.625482777119794e-01  1.625482777119794e-01  0
-2.931264657935224e-01  1.090617118718162e-01  1.090617118718162e-01  1.090617118718162e-01  1.090617118718162e-01  0
-2.674613491066507e-01  7.021403145508522e-02  7.021403145508522e-02  7.021403145508522e-02  7.021403145508522e-02  0
-2.440433792707725e-01  5.399885841641778e-01  5.399885841641778e-01  5.399885841641778e-01  5.399885841641778e-01  0
-2.226758040547742e-01  5.346858205218147e-01  5.346858205218147e-01  5.346858205218147e-01  5.346858205218147e-01  0
-2.031790981570734e-01  5.047315050446614e-01  5.047315050446614e-01  5.047315050446614e-01  5.047315050446614e-01  0
-1.853894548765933e-01  4.513845048664382e-01  4.513845048664382e-01  4.513845048664382e-01  4.513845048664382e-01  0
-1.691574098476915e-01  3.803685056204793e-01  3.803685056204793e-01  3.803685056204793e-01  3.803685056204793e-01  0
-1.543465852759926e-01  3.252047951181498e-01  3.252047951181498e-01  3.252047951181498e-01  3.252047951181498e-01  0
-1.408325441244888e-01  3.548350650031182e-01  3.548350650031182e-01  3.548350650031182e-01  3.548350650031182e-01  0
-1.285017446230543e-01  3.776633308577567e-01  3.776633308577567e-01  3.776633308577567e-01  3.776633308577567e-01  0
-1.172505863174090e-01  3.885770285080704e-01  3.885770285080704e-01  3.885770285080704e-01  3.885770285080704e-01  0
-1.069845396426603e-01  3.848272952888623e-01  3.848272952888623e-01  3.848272952888623e-01  3.848272952888623e-01  0
-9.761735170830896e-02  2.363236623127092e-01  2.363236623127092e-01  2.363236623127092e-01  2.363236623127092e-01  0
-8.907032162190963e-02  2.255955618703495e-01  2.255955618703495e-01  2.255955618703495e-01  2.255955618703495e-01  0
-8.127163926282933e-02  2.165962612231671e-01  2.165962612231671e-01  2.165962612231671e-01  2.165962612231671e-01  0
-7.415578195063728e-02  2.115206654456009e-01  2.115206654456009e-01  2.115206654456009e-01  2.115206654456009e-01  0
-6.766296393907657e-02  2.095025674918171e-01  2.095025674918171e-01  2.095025674918171e-01  2.095025674918171e-01  0
-6.173863411039700e-02  2.336861729151712e-01  2.336861729151712e-01  2.336861729151712e-01  2.336861729151712e-01  0
-5.633301764979549e-02  2.379471742069997e-01  2.379471742069997e-01  2.379471742069997e-01  2.379471742069997e-01  0
-5.140069784922172e-02  2.417157851295015e-01  2.417157851295015e-01  2.417157851295015e-01  2.417157851295015e-01  0
-4.690023452696356e-02  2.386588799640242e-01  2.386588799640242e-01  2.386588799640242e-01  2.386588799640242e-01  0
-4.279381585706410e-02  2.248113042188980e-01  2.248113042188980e-01  2.248113042188980e-01  2.248113042188980e-01  0
-3.904694068332359e-02  2.914859972742967e-01  2.914859972742967e-01  2.914859972742967e-01  2.914859972742967e-01  0
-3.562812864876386e-02  2.649484001188575e-01  2.649484001188575e-01  2.649484001188575e-01  2.649484001188575e-01  0
-3.250865570513174e-02  2.334569653926294e-01  2.334569653926294e-01  2.334569653926294e-01  2.334569653926294e-01  0
-2.966231278025492e-02  2.028193589025516e-01  2.028193589025516e-01  2.028193589025516e-01  2.028193589025516e-01  0
-2.706518557563063e-02  1.771595553028381e-01  1.771595553028381e-01  1.771595553028381e-01  1.771595553028381e-01  0
-2.469545364415880e-02  3.066214898539175e-01  3.066214898539175e-01  3.066214898539175e-01  3.066214898539175e-01  0
-2.253320705991819e-02  3.071215430387384e-01  3.071215430387384e-01  3.071215430387384e-01  3.071215430387384e-01  0
-2.056027913968868e-02  3.124184418802108e-01  3.124184418802108e-01  3.124184418802108e-01  3.124184418802108e-01  0
-1.876009381078543e-02  3.138924308477054e-01  3.138924308477054e-01  3.138924308477054e-01  3.138924308477054e-01  0
-1.711752634282564e-02  3.044023189586024e-01  3.044023189586024e-01  3.044023189586024e-01  3.044023189586024e-01  0
-1.561877627332943e-02  4.275691295292389e-01  4.275691295292389e-01  4.275691295292389e-01  4.275691295292389e-01  0
-1.425125145950554e-02  3.925348097678448e-01  3.925348097678448e-01  3.925348097678448e-01  3.925348097678448e-01  0
-1.300346228205270e-02  3.489338672175220e-01  3.489338672175220e-01  3.489338672175220e-01  3.489338672175220e-01  0
-1.186492511210197e-02  3.048722537519195e-01  3.048722537519195e-01  3.048722537519195e-01  3.048722537519195e-01  0
-1.082607423025225e-02  2.671427562925213e-01  2.671427562925213e-01  2.671427562925213e-01  2.671427562925213e-01  0
-9.878181457663520e-03  4.996380717594829e-01  4.996380717594829e-01  4.996380717594829e-01  4.996380717594829e-01  0
-9.013282823967277e-03  4.666834046363558e-01  4.666834046363558e-01  4.666834046363558e-01  4.666834046363558e-01  0
-8.224111655875473e-03  4.559990490927681e-01  4.559990490927681e-01  4.559990490927681e-01  4.559990490927681e-01  0
-7.504037524314169e-03  4.521851883437071e-01  4.521851883437071e-01  4.521851883437071e-01  4.521851883437071e-01  0
-6.847010537130255e-03  4.408267779314716e-01  4.408267779314716e-01  4.408267779314716e-01  4.408267779314716e-01  0
-6.247510509331773e-03  9.664096283768724e-01  9.664096283768724e-01  9.664096283768724e-01  9.664096283768724e-01  0
-5.700500583802216e-03  8.673591761468542e-01  8.673591761468542e-01  8.673591761468542e-01  8.673591761468542e-01  0
-5.201384912821078e-03  7.499310977885568e-01  7.499310977885568e-01  7.499310977885568e-01  7.499310977885568e-01  0
-4.745970044840786e-03  6.318340403426267e-01  6.318340403426267e-01  6.318340403426267e-01  6.318340403426267e-01  0
-4.330429692100900e-03  5.305850549871434e-01  5.305850549871434e-01  5.305850549871434e-01  5.305850549871434e-01  0
-3.951272583065408e-03  1.372353774647582e+00  1.372353774647582e+00  1.372353774647582e+00  1.372353774647582e+00  0
-3.605313129586911e-03  1.237580831067598e+00  1.237580831067598e+00  1.237580831067598e+00  1.237580831067598e+00  0
-3.289644662350189e-03  1.153583829525794e+00  1.153583829525794e+00  1.153583829525794e+00  1.153583829525794e+00  0
-3.001615009725668e-03  1.096477603095599e+00  1.096477603095599e+00  1.096477603095599e+00  1.096477603095599e+00  0
-2.738804214852102e-03  1.036760787015253e+00  1.036760787015253e+00  1.036760787015253e+00  1.036760787015253e+00  0
-2.499004203732710e-03  2.309144102399127e+00  2.309144102399127e+00  2.309144102399127e+00  2.309144102399127e+00  0
-2.280200233520887e-03  2.173400576437282e+00  2.173400576437282e+00  2.173400576437282e+00  2.173400576437282e+00  0
-2.080553965128431e-03  1.980801200942218e+00  1.980801200942218e+00  1.980801200942218e+00  1.980801200942218e+00  0
-1.898388017936315e-03  1.753671635710107e+00  1.753671635710107e+00  1.753671635710107e+00  1.753671635710107e+00  0
-1.732171876840360e-03  1.528736465374702e+00  1.528736465374702e+00  1.528736465374702e+00  1.528736465374702e+00  0
-1.580509033226163e-03  2.930794695399791e+00  2.930794695399791e+00  2.930794695399791e+00  2.930794695399791e+00  0
-1.442125251834764e-03  2.715587988862320e+00  2.715587988862320e+00  2.715587988862320e+00  2.715587988862320e+00  0
-1.315857864940076e-03  2.563366826026210e+00  2.563366826026210e+00  2.563366826026210e+00  2.563366826026210e+00  0
-1.200646003890267e-03  2.466694928183708e+00  2.466694928183708e+00  2.466694928183708e+00  2.466694928183708e+00  0
-1.095521685940841e-03  2.387983879333285e+00  2.387983879333285e+00  2.387983879333285e+00  2.387983879333285e+00  0
-9.996016814930839e-04  3.561976073574559e+00  3.561976073574559e+00  3.561976073574559e+00  3.561976073574559e+00  0
-9.120800934083548e-04  3.594689147854235e+00  3.594689147854235e+00  3.594689147854235e+00  3.594689147854235e+00  0
-8.322215860513725e-04  3.536220263781206e+00  3.536220263781206e+00  3.536220263781206e+00  3.536220263781206e+00  0
-7.593552071745259e-04  3.376140918790681e+00  3.376140918790681e+00  3.376140918790681e+00  3.376140918790681e+00  0
-6.928687507361442e-04  3.142799650160573e+00  3.142799650160573e+00  3.142799650160573e+00  3.142799650160573e+00  0
-6.322036132904654e-04  3.601874751816732e+00  3.601874751816732e+00  3.601874751816732e+00  3.601874751816732e+00  0
-5.768501007339059e-04  3.486911057428665e+00  3.486911057428665e+00  3.486911057428665e+00  3.486911057428665e+00  0
-5.263431459760304e-04  3.417787981820279e+00  3.417787981820279e+00  3.417787981820279e+00  3.417787981820279e+00  0
-4.802584015561070e-04  3.416246637619579e+00  3.416246637619579e+00  3.416246637619579e+00  3.416246637619579e+00  0
-4.382086743763364e-04  3.464354571415969e+00  3.464354571415969e+00  3.464354571415969e+00  3.464354571415969e+00  0
-3.998406725972335e-04  3.529545903537811e+00  3.529545903537811e+00  3.529545903537811e+00  3.529545903537811e+00  0
-3.648320373633419e-04  3.661863768649174e+00  3.661863768649174e+00  3.661863768649174e+00  3.661863768649174e+00  0
-3.328886344205490e-04  3.751044665961453e+00  3.751044665961453e+00  3.751044665961453e+00  3.751044665961453e+00  0
-3.037420828698103e-04  3.763317328669626e+00  3.763317328669626e+00  3.763317328669626e+00  3.763317328669626e+00  0
-2.771475002944577e-04  3.694445346699491e+00  3.694445346699491e+00  3.694445346699491e+00  3.694445346699491e+00  0
-2.528814453161862e-04  3.451037402464838e+00  3.451037402464838e+00  3.451037402464838e+00  3.451037402464838e+00  0
-2.307400402935623e-04  3.369307082831877e+00  3.369307082831877e+00  3.369307082831877e+00  3.369307082831877e+00  0
-2.105372583904122e-04  3.316685378487023e+00  3.316685378487023e+00  3.316685378487023e+00  3.316685378487023e+00  0
-1.921033606224428e-04  3.321988431049831e+00  3.321988431049831e+00  3.321988431049831e+00  3.321988431049831e+00  0
-1.752834697505346e-04  3.388379347167158e+00  3.388379347167158e+00  3.388379347167158e+00  3.388379347167158e+00  0
-1.599362690388934e-04  3.328716887195528e+00  3.328716887195528e+00  3.328716887195528e+00  3.328716887195528e+00  0
-1.459328149453367e-04  3.428805178256610e+00  3.428805178256610e+00  3.428805178256610e+00  3.428805178256610e+00  0
-1.331554537682196e-04  3.500873528806675e+00  3.500873528806675e+00  3.500873528806675e+00  3.500873528806675e+00  0
-1.214968331479241e-04  3.513324441835659e+00  3.513324441835659e+00  3.513324441835659e+00  3.513324441835659e+00  0
-1.108590001177830e-04  3.449076685964538e+00  3.449076685964538e+00  3.449076685964538e+00  3.449076685964538e+00  0
-1.011525781264745e-04  3.315956583099701e+00  3.315956583099701e+00  3.315956583099701e+00  3.315956583099701e+00  0
-9.229601611742493e-05  3.242933403072052e+00  3.242933403072052e+00  3.242933403072052e+00  3.242933403072052e+00  0
-8.421490335616486e-05  3.192576325751392e+00  3.192576325751392e+00  3.192576325751392e+00  3.192576325751392e+00  0
-7.684134424897711e-05  3.187048708688560e+00  3.187048708688560e+00  3.187048708688560e+00  3.187048708688560e+00  0
-7.011338790021382e-05  3.229514231921869e+00  3.229514231921869e+00  3.229514231921869e+00  3.229514231921869e+00  0
-6.397450761555736e-05  3.247793268818023e+00  3.247793268818023e+00  3.247793268818023e+00  3.247793268818023e+00  0
-5.837312597813469e-05  3.327335361619074e+00  3.327335361619074e+00  3.327335361619074e+00  3.327335361619074e+00  0
-5.326218150728784e-05  3.382260915672835e+00  3.382260915672835e+00  3.382260915672835e+00  3.382260915672835e+00  0
-4.859873325916965e-05  3.389832599083814e+00  3.389832599083814e+00  3.389832599083814e+00  3.389832599083814e+00  0
-4.434360004711322e-05  3.340115546130324e+00  3.340115546130324e+00  3.340115546130324e+00  3.340115546130324e+00  0
-4.046103125058979e-05  3.253532673578301e+00  3.253532673578301e+00  3.253532673578301e+00  3.253532673578301e+00  0
-3.691840644696997e-05  3.184521482982706e+00  3.184521482982706e+00  3.184521482982706e+00  3.184521482982706e+00  0
-3.368596134246595e-05  3.138095728132473e+00  3.138095728132473e+00  3.138095728132473e+00  3.138095728132473e+00  0
-3.073653769959084e-05  3.132234798896806e+00  3.132234798896806e+00  3.132234798896806e+00  3.132234798896806e+00  0
-2.804535516008553e-05  3.167247301803948e+00  3.167247301803948e+00  3.167247301803948e+00  3.167247301803948e+00  0
-2.558980304622295e-05  3.218008505039522e+00  3.218008505039522e+00  3.218008505039522e+00  3.218008505039522e+00  0
-2.334925039125388e-05  3.288456867504010e+00  3.288456867504010e+00  3.288456867504010e+00  3.288456867504010e+00  0
-2.130487260291513e-05  3.333846217835903e+00  3.333846217835903e+00  3.333846217835903e+00  3.333846217835903e+00  0
-1.943949330366786e-05  3.335213388655278e+00  3.335213388655278e+00  3.335213388655278e+00  3.335213388655278e+00  0
-1.773744001884529e-05  3.286413424221130e+00  3.286413424221130e+00  3.286413424221130e+00  3.286413424221130e+00  0
-1.618441250023591e-05  3.227719998497940e+00  3.227719998497940e+00  3.227719998497940e+00  3.227719998497940e+00  0
-1.476736257878799e-05  3.160358023075021e+00  3.160358023075021e+00  3.160358023075021e+00  3.160358023075021e+00  0
-1.347438453698638e-05  3.116153274024062e+00  3.116153274024062e+00  3.116153274024062e+00  3.116153274024062e+00  0
-1.229461507983634e-05  3.111310254834255e+00  3.111310254834255e+00  3.111310254834255e+00  3.111310254834255e+00  0
-1.121814206403421e-05  3.144581445599472e+00  3.144581445599472e+00  3.144581445599472e+00  3.144581445599472e+00  0
-1.023592121848918e-05  3.206856983952964e+00  3.206856983952964e+00  3.206856983952964e+00  3.206856983952964e+00  0
-9.339700156501553e-06  3.273664878100893e+00  3.273664878100893e+00  3.273664878100893e+00  3.273664878100893e+00  0
-8.521949041166055e-06  3.314924023415529e+00  3.314924023415529e+00  3.314924023415529e+00  3.314924023415529e+00  0
-7.775797321467145e-06  3.313162883808234e+00  3.313162883808234e+00  3.313162883808234e+00  3.313162883808234e+00  0
-7.094976007538116e-06  3.263855936335231e+00  3.263855936335231e+00  3.263855936335231e+00  3.263855936335231e+00  0
-6.473765000094365e-06  3.217414788554736e+00  3.217414788554736e+00  3.217414788554736e+00  3.217414788554736e+00  0
-5.906945031515196e-06  3.150700888132528e+00  3.150700888132528e+00  3.150700888132528e+00  3.150700888132528e+00  0
-5.389753814794551e-06  3.107482132630722e+00  3.107482132630722e+00  3.107482132630722e+00  3.107482132630722e+00  0
-4.917846031934535e-06  3.103254247337671e+00  3.103254247337671e+00  3.103254247337671e+00  3.103254247337671e+00  0
-4.487256825613684e-06  3.136094034939748e+00  3.136094034939748e+00  3.136094034939748e+00  3.136094034939748e+00  0
-4.094368487395672e-06  3.202670847332882e+00  3.202670847332882e+00  3.202670847332882e+00  3.202670847332882e+00  0
-3.735880062600621e-06  3.268032660204961e+00  3.268032660204961e+00  3.268032660204961e+00  3.268032660204961e+00  0
-3.408779616466422e-06  3.307596608917634e+00  3.307596608917634e+00  3.307596608917634e+00  3.307596608917634e+00  0
-3.110318928586858e-06  3.304478678148849e+00  3.304478678148849e+00  3.304478678148849e+00  3.304478678148849e+00  0
-2.837990403015247e-06  3.254812129773586e+00  3.254812129773586e+00  3.254812129773586e+00  3.254812129773586e+00  0
-2.589506000037746e-06  3.213447601238905e+00  3.213447601238905e+00  3.213447601238905e+00  3.213447601238905e+00  0
-2.362778012606078e-06  3.146985845715057e+00  3.146985845715057e+00  3.146985845715057e+00  3.146985845715057e+00  0
-2.155901525917820e-06  3.104173529209218e+00  3.104173529209218e+00  3.104173529209218e+00  3.104173529209218e+00  0
-1.967138412773814e-06  3.100225570766293e+00  3.100225570766293e+00  3.100225570766293e+00  3.100225570766293e+00  0
-1.794902730245474e-06  3.132941615157669e+00  3.132941615157669e+00  3.132941615157669e+00  3.132941615157669e+00  0
-1.637747394958271e-06  3.201190647908335e+00  3.201190647908335e+00  3.201190647908335e+00  3.201190647908335e+00  0
-1.494352025040251e-06  3.265980700982899e+00  3.265980700982899e+00  3.265980700982899e+00  3.265980700982899e+00  0
-1.363511846586571e-06  3.304864399843847e+00  3.304864399843847e+00  3.304864399843847e+00  3.304864399843847e+00  0
-1.244127571434745e-06  3.301190311934856e+00  3.301190311934856e+00  3.301190311934856e+00  3.301190311934856e+00  0
-1.135196161206100e-06  3.251356569060971e+00  3.251356569060971e+00  3.251356569060971e+00  3.251356569060971e+00  0
-1.035802400015100e-06  3.212035576138927e+00  3.212035576138927e+00  3.212035576138927e+00  3.212035576138927e+00  0
-9.451112050424327e-07  3.145670104163623e+00  3.145670104163623e+00  3.145670104163623e+00  3.145670104163623e+00  0
-8.623606103671294e-07  3.103019776616561e+00  3.103019776616561e+00  3.103019776616561e+00  3.103019776616561e+00  0
-7.868553651095268e-07  3.099188561205630e+00  3.099188561205630e+00  3.099188561205630e+00  3.099188561205630e+00  0
-7.179610920981906e-07  3.131864293769471e+00  3.131864293769471e+00  3.131864293769471e+00  3.131864293769471e+00  0
-6.550989579833085e-07  3.200777955287855e+00  3.200777955287855e+00  3.200777955287855e+00  3.200777955287855e+00  0
-5.977408100161003e-07  3.265343567822554e+00  3.265343567822554e+00  3.265343567822554e+00  3.265343567822554e+00  0
-5.454047386346284e-07  3.303956839818649e+00  3.303956839818649e+00  3.303956839818649e+00  3.303956839818649e+00  0
-4.976510285738981e-07  3.300058021336616e+00  3.300058021336616e+00  3.300058021336616e+00  3.300058021336616e+00  0
-4.540784644824401e-07  3.250151035100257e+00  3.250151035100257e+00  3.250151035100257e+00  3.250151035100257e+00  0
-4.143209600060400e-07  3.211648248121572e+00  3.211648248121572e+00  3.211648248121572e+00  3.211648248121572e+00  0
-3.780444820169731e-07  3.145317324610769e+00  3.145317324610769e+00  3.145317324610769e+00  3.145317324610769e+00  0
-3.449442441468518e-07  3.102729516511832e+00  3.102729516511832e+00  3.102729516511832e+00  3.102729516511832e+00  0
-3.147421460438107e-07  3.098945425098842e+00  3.098945425098842e+00  3.098945425098842e+00  3.098945425098842e+00  0
-2.871844368392763e-07  3.131608007470070e+00  3.131608007470070e+00  3.131608007470070e+00  3.131608007470070e+00  0
-2.620395831933234e-07  3.200790179779937e+00  3.200790179779937e+00  3.200790179779937e+00  3.200790179779937e+00  0
-2.390963240064401e-07  3.265269797970906e+00  3.265269797970906e+00  3.265269797970906e+00  3.265269797970906e+00  0
-2.181618954538513e-07  3.303777097406710e+00  3.303777097406710e+00  3.303777097406710e+00  3.303777097406710e+00  0
-1.990604114295592e-07  3.299787963719402e+00  3.299787963719402e+00  3.299787963719402e+00  3.299787963719402e+00  0
-1.816313857929761e-07  3.249848388851396e+00  3.249848388851396e+00  3.249848388851396e+00  3.249848388851396e+00  0
-1.657283840024160e-07  3.211670971565575e+00  3.211670971565575e+00  3.211670971565575e+00  3.211670971565575e+00  0
-1.512177928067893e-07  3.145350109281047e+00  3.145350109281047e+00  3.145350109281047e+00  3.145350109281047e+00  0
-1.379776976587407e-07  3.102784899918725e+00  3.102784899918725e+00  3.102784899918725e+00  3.102784899918725e+00  0
-1.258968584175243e-07  3.099019491585690e+00  3.099019491585690e+00  3.099019491585690e+00  3.099019491585690e+00  0
-1.148737747357105e-07  3.131678791930848e+00  3.131678791930848e+00  3.131678791930848e+00  3.131678791930848e+00  0
-1.048158332773293e-07  3.200972015710959e+00  3.200972015710959e+00  3.200972015710959e+00  3.200972015710959e+00  0
-9.563852960257603e-08  3.265420876897475e+00  3.265420876897475e+00  3.265420876897475e+00  3.265420876897475e+00  0
-8.726475818154052e-08  3.303887986559240e+00  3.303887986559240e+00  3.303887986559240e+00  3.303887986559240e+00  0
-7.962416457182368e-08  3.299862532210379e+00  3.299862532210379e+00  3.299862532210379e+00  3.299862532210379e+00  0
-7.265255431719042e-08  3.249907110947777e+00  3.249907110947777e+00  3.249907110947777e+00  3.249907110947777e+00  0
-6.629135360096640e-08  3.211857651633195e+00  3.211857651633195e+00  3.211857651633195e+00  3.211857651633195e+00  0
-6.048711712271569e-08  3.145537147937702e+00  3.145537147937702e+00  3.145537147937702e+00  3.145537147937702e+00  0
-5.519107906349629e-08  3.102978641746009e+00  3.102978641746009e+00  3.102978641746009e+00  3.102978641746009e+00  0
-5.035874336700971e-08  3.099220561999688e+00  3.099220561999688e+00  3.099220561999688e+00  3.099220561999688e+00  0
-4.594950989428420e-08  3.131880491575143e+00  3.131880491575143e+00  3.131880491575143e+00  3.131880491575143e+00  0
-4.192633331093174e-08  3.201221639378746e+00  3.201221639378746e+00  3.201221639378746e+00  3.201221639378746e+00  0
-3.825541184103042e-08  3.265661790380497e+00  3.265661790380497e+00  3.265661790380497e+00  3.265661790380497e+00  0
-3.490590327261621e-08  3.304114989976721e+00  3.304114989976721e+00  3.304114989976721e+00  3.304114989976721e+00  0
-3.184966582872947e-08  3.300074821861656e+00  3.300074821861656e+00  3.300074821861656e+00  3.300074821861656e+00  0
-2.906102172687617e-08  3.250110322300441e+00  3.250110322300441e+00  3.250110322300441e+00  3.250110322300441e+00  0
-2.651654144038656e-08  3.212109835790787e+00  3.212109835790787e+00  3.212109835790787e+00  3.212109835790787e+00  0
-2.419484684908628e-08  3.145785809351659e+00  3.145785809351659e+00  3.145785809351659e+00  3.145785809351659e+00  0
-2.207643162539852e-08  3.103227627189288e+00  3.103227627189288e+00  3.103227627189288e+00  3.103227627189288e+00  0
-2.014349734680389e-08  3.099472270118670e+00  3.099472270118670e+00  3.099472270118670e+00  3.099472270118670e+00  0
-1.837980395771368e-08  3.132134268975669e+00  3.132134268975669e+00  3.132134268975669e+00  3.132134268975669e+00  0
-1.677053332437270e-08  3.201499661062119e+00  3.201499661062119e+00  3.201499661062119e+00  3.201499661062119e+00  0
-1.530216473641217e-08  3.265941414908903e+00  3.265941414908903e+00  3.265941414908903e+00  3.265941414908903e+00  0
-1.396236130904649e-08  3.304394035537732e+00  3.304394035537732e+00  3.304394035537732e+00  3.304394035537732e+00  0
-1.273986633149179e-08  3.300352651195408e+00  3.300352651195408e+00  3.300352651195408e+00  3.300352651195408e+00  0
-1.162440869075047e-08  3.250389370886713e+00  3.250389370886713e+00  3.250389370886713e+00  3.250389370886713e+00  0
-1.060661657615463e-08  3.212387860157519e+00  3.212387860157519e+00  3.212387860157519e+00  3.212387860157519e+00  0
-9.677938739634512e-09  3.146058947479740e+00  3.146058947479740e+00  3.146058947479740e+00  3.146058947479740e+00  0
-8.830572650159406e-09  3.103498730942468e+00  3.103498730942468e+00  3.103498730942468e+00  3.103498730942468e+00  0
-8.057398938721554e-09  3.099744457516626e+00  3.099744457516626e+00  3.099744457516626e+00  3.099744457516626e+00  0
-7.351921583085473e-09  3.132409319881066e+00  3.132409319881066e+00  3.132409319881066e+00  3.132409319881066e+00  0
-6.708213329749079e-09  3.201786538904075e+00  3.201786538904075e+00  3.201786538904075e+00  3.201786538904075e+00  0
-6.120865894564868e-09  3.266231871437394e+00  3.266231871437394e+00  3.266231871437394e+00  3.266231871437394e+00  0
-5.584944523618594e-09  3.304685256951952e+00  3.304685256951952e+00  3.304685256951952e+00  3.304685256951952e+00  0
-5.095946532596716e-09  3.300641216066668e+00  3.300641216066668e+00  3.300641216066668e+00  3.300641216066668e+00  0
-4.649763476300187e-09  3.250672580086469e+00  3.250672580086469e+00  3.250672580086469e+00  3.250672580086469e+00  0
-4.242646630461849e-09  3.212677422222607e+00  3.212677422222607e+00  3.212677422222607e+00  3.212677422222607e+00  0
-3.871175495853804e-09  3.146343770181212e+00  3.146343770181212e+00  3.146343770181212e+00  3.146343770181212e+00  0
-3.532229060063762e-09  3.103782032981622e+00  3.103782032981622e+00  3.103782032981622e+00  3.103782032981622e+00  0
-3.222959575488621e-09  3.100030729895641e+00  3.100030729895641e+00  3.100030729895641e+00  3.100030729895641e+00  0
-2.940768633234189e-09  3.132702644756707e+00  3.132702644756707e+00  3.132702644756707e+00  3.132702644756707e+00  0
-2.683285331899631e-09  3.202078633892568e+00  3.202078633892568e+00  3.202078633892568e+00  3.202078633892568e+00  0
-2.448346357825947e-09  3.266529395441498e+00  3.266529395441498e+00  3.266529395441498e+00  3.266529395441498e+00  0
-2.233977809447438e-09  3.304985950515583e+00  3.304985950515583e+00  3.304985950515583e+00  3.304985950515583e+00  0
-2.038378613038686e-09  3.300941842586905e+00  3.300941842586905e+00  3.300941842586905e+00  3.300941842586905e+00  0
-1.859905390520075e-09  3.250970179036870e+00  3.250970179036870e+00  3.250970179036870e+00  3.250970179036870e+00  0
-1.697058652184740e-09  3.212970567533068e+00  3.212970567533068e+00  3.212970567533068e+00  3.212970567533068e+00  0
-1.548470198341522e-09  3.146631512423367e+00  3.146631512423367e+00  3.146631512423367e+00  3.146631512423367e+00  0
-1.412891624025505e-09  3.104066981134938e+00  3.104066981134938e+00  3.104066981134938e+00  3.104066981134938e+00  0
-1.289183830195449e-09  3.100316823972828e+00  3.100316823972828e+00  3.100316823972828e+00  3.100316823972828e+00  0
-1.176307453293676e-09  3.132993520536550e+00  3.132993520536550e+00  3.132993520536550e+00  3.132993520536550e+00  0
-1.073314132759852e-09  3.202372179791529e+00  3.202372179791529e+00  3.202372179791529e+00  3.202372179791529e+00  0
-9.793385431303785e-10  3.266828261072455e+00  3.266828261072455e+00  3.266828261072455e+00  3.266828261072455e+00  0
-8.935911237789750e-10  3.305287431692953e+00  3.305287431692953e+00  3.305287431692953e+00  3.305287431692953e+00  0
-8.153514452154745e-10  3.301241736071983e+00  3.301241736071983e+00  3.301241736071983e+00  3.301241736071983e+00  0
-7.439621562080298e-10  3.251264005002267e+00  3.251264005002267e+00  3.251264005002267e+00  3.251264005002267e+00  0
-6.788234608738959e-10  3.213271428521199e+00  3.213271428521199e+00  3.213271428521199e+00  3.213271428521199e+00  0
-6.193880793366086e-10  3.146930625579073e+00  3.146930625579073e+00  3.146930625579073e+00  3.146930625579073e+00  0
-5.651566496102019e-10  3.104369814584508e+00  3.104369814584508e+00  3.104369814584508e+00  3.104369814584508e+00  0
-5.156735320781795e-10  3.100631563123306e+00  3.100631563123306e+00  3.100631563123306e+00  3.100631563123306e+00  0
-4.705229813174702e-10  3.133329108045439e+00  3.133329108045439e+00  3.133329108045439e+00  3.133329108045439e+00  0
-4.293256531039410e-10  3.202674905440710e+00  3.202674905440710e+00  3.202674905440710e+00  3.202674905440710e+00  0
-3.917354172521515e-10  3.267143035258780e+00  3.267143035258780e+00  3.267143035258780e+00  3.267143035258780e+00  0
-3.574364495115900e-10  3.305616117822841e+00  3.305616117822841e+00  3.305616117822841e+00  3.305616117822841e+00  0
-3.261405780861898e-10  3.301586848333391e+00  3.301586848333391e+00  3.301586848333391e+00  3.301586848333391e+00  0
-2.975848624832120e-10  3.251629896438884e+00  3.251629896438884e+00  3.251629896438884e+00  3.251629896438884e+00  0
-2.715293843495584e-10  3.213570666579641e+00  3.213570666579641e+00  3.213570666579641e+00  3.213570666579641e+00  0
-2.477552317346435e-10  3.147227966527344e+00  3.147227966527344e+00  3.147227966527344e+00  3.147227966527344e+00  0
-2.260626598440808e-10  3.104669913798185e+00  3.104669913798185e+00  3.104669913798185e+00  3.104669913798185e+00  0
-2.062694128312718e-10  3.100941439799850e+00  3.100941439799850e+00  3.100941439799850e+00  3.100941439799850e+00  0
-1.882091925269881e-10  3.133656267786540e+00  3.133656267786540e+00  3.133656267786540e+00  3.133656267786540e+00  0
1.882091925269881e-10  3.132901236623526e+00  3.132901236623526e+00  3.132901236623526e+00  3.132901236623526e+00  0
2.062694128312718e-10  3.100657906233289e+00  3.100657906233289e+00  3.100657906233289e+00  3.100657906233289e+00  0
2.260626598440808e-10  3.104974738668527e+00  3.104974738668527e+00  3.104974738668527e+00  3.104974738668527e+00  0
2.477552317346435e-10  3.148002129077547e+00  3.148002129077547e+00  3.148002129077547e+00  3.148002129077547e+00  0
2.715293843495584e-10  3.214502906709130e+00  3.214502906709130e+00  3.214502906709130e+00  3.214502906709130e+00  0
2.975848624832120e-10  3.252368407774034e+00  3.252368407774034e+00  3.252368407774034e+00  3.252368407774034e+00  0
3.261405780861898e-10  3.301862043223372e+00  3.301862043223372e+00  3.301862043223372e+00  3.301862043223372e+00  0
3.574364495115900e-10  3.305306264408212e+00  3.305306264408212e+00  3.305306264408212e+00  3.305306264408212e+00  0
3.917354172521515e-10  3.266365499525209e+00  3.266365499525209e+00  3.266365499525209e+00  3.266365499525209e+00  0
4.293256531039410e-10  3.201741119099213e+00  3.201741119099213e+00  3.201741119099213e+00  3.201741119099213e+00  0
4.705229813174702e-10  3.132573010806013e+00  3.132573010806013e+00  3.132573010806013e+00  3.132573010806013e+00  0
5.156735320781795e-10  3.100347052729011e+00  3.100347052729011e+00  3.100347052729011e+00  3.100347052729011e+00  0
5.651566496102019e-10  3.104673718644442e+00  3.104673718644442e+00  3.104673718644442e+00  3.104673718644442e+00  0
6.193880793366086e-10  3.147703909696622e+00  3.147703909696622e+00  3.147703909696622e+00  3.147703909696622e+00  0
6.788234608738959e-10  3.214202840783902e+00  3.214202840783902e+00  3.214202840783902e+00  3.214202840783902e+00  0
7.439621562080298e-10  3.252000861466346e+00  3.252000861466346e+00  3.252000861466346e+00  3.252000861466346e+00  0
8.153514452154745e-10  3.301515378716676e+00  3.301515378716676e+00  3.301515378716676e+00  3.301515378716676e+00  0
8.935911237789750e-10  3.304976167184392e+00  3.304976167184392e+00  3.304976167184392e+00  3.304976167184392e+00  0
9.793385431303785e-10  3.266049467162845e+00  3.266049467162845e+00  3.266049467162845e+00  3.266049467162845e+00  0
1.073314132759852e-09  3.201437272608290e+00  3.201437272608290e+00  3.201437272608290e+00  3.201437272608290e+00  0
1.176307453293676e-09  3.132234714742932e+00  3.132234714742932e+00  3.132234714742932e+00  3.132234714742932e+00  0
1.289183830195449e-09  3.100029866130322e+00  3.100029866130322e+00  3.100029866130322e+00  3.100029866130322e+00  0
1.412891624025505e-09  3.104368642475614e+00  3.104368642475614e+00  3.104368642475614e+00  3.104368642475614e+00  0
1.548470198341522e-09  3.147402716420999e+00  3.147402716420999e+00  3.147402716420999e+00  3.147402716420999e+00  0
1.697058652184740e-09  3.213900045423565e+00  3.213900045423565e+00  3.213900045423565e+00  3.213900045423565e+00  0
1.859905390520075e-09  3.251702751049991e+00  3.251702751049991e+00  3.251702751049991e+00  3.251702751049991e+00  0
2.038378613038686e-09  3.301211504884206e+00  3.301211504884206e+00  3.301211504884206e+00  3.301211504884206e+00  0
2.233977809447438e-09  3.304671046171388e+00  3.304671046171388e+00  3.304671046171388e+00  3.304671046171388e+00  0
2.448346357825947e-09  3.265747316428108e+00  3.265747316428108e+00  3.265747316428108e+00  3.265747316428108e+00  0
2.683285331899631e-09  3.201140780786472e+00  3.201140780786472e+00  3.201140780786472e+00  3.201140780786472e+00  0
2.940768633234189e-09  3.131937159400010e+00  3.131937159400010e+00  3.131937159400010e+00  3.131937159400010e+00  0
3.222959575488621e-09  3.099737734299671e+00  3.099737734299671e+00  3.099737734299671e+00  3.099737734299671e+00  0
3.532229060063762e-09  3.104078198394300e+00  3.104078198394300e+00  3.104078198394300e+00  3.104078198394300e+00  0
3.871175495853804e-09  3.147109918355087e+00  3.147109918355087e+00  3.147109918355087e+00  3.147109918355087e+00  0
4.242646630461849e-09  3.213602213067386e+00  3.213602213067386e+00  3.213602213067386e+00  3.213602213067386e+00  0
4.649763476300187e-09  3.251394554589245e+00  3.251394554589245e+00  3.251394554589245e+00  3.251394554589245e+00  0
5.095946532596716e-09  3.300900968420903e+00  3.300900968420903e+00  3.300900968420903e+00  3.300900968420903e+00  0
5.584944523618594e-09  3.304361207920530e+00  3.304361207920530e+00  3.304361207920530e+00  3.304361207920530e+00  0
6.120865894564868e-09  3.265441467315542e+00  3.265441467315542e+00  3.265441467315542e+00  3.265441467315542e+00  0
6.708213329749079e-09  3.200841186027855e+00  3.200841186027855e+00  3.200841186027855e+00  3.200841186027855e+00  0
7.351921583085473e-09  3.131627010628408e+00  3.131627010628408e+00  3.131627010628408e+00  3.131627010628408e+00  0
8.057398938721554e-09  3.099436309418911e+00  3.099436309418911e+00  3.099436309418911e+00  3.099436309418911e+00  0
8.830572650159406e-09  3.103781181451737e+00  3.103781181451737e+00  3.103781181451737e+00  3.103781181451737e+00  0
9.677938739634512e-09  3.146812547529493e+00  3.146812547529493e+00  3.146812547529493e+00  3.146812547529493e+00  0
1.060661657615463e-08  3.213301048255906e+00  3.213301048255906e+00  3.213301048255906e+00  3.213301048255906e+00  0
1.162440869075047e-08  3.251084903445723e+00  3.251084903445723e+00  3.251084903445723e+00  3.251084903445723e+00  0
1.273986633149179e-08  3.300587626610558e+00  3.300587626610558e+00  3.300587626610558e+00  3.300587626610558e+00  0
1.396236130904649e-08  3.304047049102604e+00  3.304047049102604e+00  3.304047049102604e+00  3.304047049102604e+00  0
1.530216473641217e-08  3.265130062830758e+00  3.265130062830758e+00  3.265130062830758e+00  3.265130062830758e+00  0
1.677053332437270e-08  3.200535405683983e+00  3.200535405683983e+00  3.200535405683983e+00  3.200535405683983e+00  0
1.837980395771368e-08  3.131309798746729e+00  3.131309798746729e+00  3.131309798746729e+00  3.131309798746729e+00  0
2.014349734680389e-08  3.099126190217116e+00  3.099126190217116e+00  3.099126190217116e+00  3.099126190217116e+00  0
2.207643162539852e-08  3.103475811951486e+00  3.103475811951486e+00  3.103475811951486e+00  3.103475811951486e+00  0
2.419484684908628e-08  3.146508120296615e+00  3.146508120296615e+00  3.146508120296615e+00  3.146508120296615e+00  0
2.651654144038656e-08  3.212994117731924e+00  3.212994117731924e+00  3.212994117731924e+00  3.212994117731924e+00  0
2.906102172687617e-08  3.250739814353825e+00  3.250739814353825e+00  3.250739814353825e+00  3.250739814353825e+00  0
3.184966582872947e-08  3.300247845363084e+00  3.300247845363084e+00  3.300247845363084e+00  3.300247845363084e+00  0
3.490590327261621e-08  3.303710565612689e+00  3.303710565612689e+00  3.303710565612689e+00  3.303710565612689e+00  0
3.825541184103042e-08  3.264797909692611e+00  3.264797909692611e+00  3.264797909692611e+00  3.264797909692611e+00  0
4.192633331093174e-08  3.200209950361543e+00  3.200209950361543e+00  3.200209950361543e+00  3.200209950361543e+00  0
4.594950989428420e-08  3.130950396490171e+00  3.130950396490171e+00  3.130950396490171e+00  3.130950396490171e+00  0
5.035874336700971e-08  3.098779506887120e+00  3.098779506887120e+00  3.098779506887120e+00  3.098779506887120e+00  0
5.519107906349629e-08  3.103141108013592e+00  3.103141108013592e+00  3.103141108013592e+00  3.103141108013592e+00  0
6.048711712271569e-08  3.146181255448103e+00  3.146181255448103e+00  3.146181255448103e+00  3.146181255448103e+00  0
6.629135360096640e-08  3.212669716503657e+00  3.212669716503657e+00  3.212669716503657e+00  3.212669716503657e+00  0
7.265255431719042e-08  3.250371333403307e+00  3.250371333403307e+00  3.250371333403307e+00  3.250371333403307e+00  0
7.962416457182368e-08  3.299880488970209e+00  3.299880488970209e+00  3.299880488970209e+00  3.299880488970209e+00  0
8.726475818154052e-08  3.303339734398985e+00  3.303339734398985e+00  3.303339734398985e+00  3.303339734398985e+00  0
9.563852960257603e-08  3.264425404140110e+00  3.264425404140110e+00  3.264425404140110e+00  3.264425404140110e+00  0
1.048158332773293e-07  3.199841472132114e+00  3.199841472132114e+00  3.199841472132114e+00  3.199841472132114e+00  0
1.148737747357105e-07  3.130484230246727e+00  3.130484230246727e+00  3.130484230246727e+00  3.130484230246727e+00  0
1.258968584175243e-07  3.098340689356562e+00  3.098340689356562e+00  3.098340689356562e+00  3.098340689356562e+00  0
1.379776976587407e-07  3.102732868107164e+00  3.102732868107164e+00  3.102732868107164e+00  3.102732868107164e+00  0
1.512177928067893e-07  3.145798592003875e+00  3.145798592003875e+00  3.145798592003875e+00  3.145798592003875e+00  0
1.657283840024160e-07  3.212302415847291e+00  3.212302415847291e+00  3.212302415847291e+00  3.212302415847291e+00  0
1.816313857929761e-07  3.249899070472113e+00  3.249899070472113e+00  3.249899070472113e+00  3.249899070472113e+00  0
1.990604114295592e-07  3.299417846141626e+00  3.299417846141626e+00  3.299417846141626e+00  3.299417846141626e+00  0
2.181618954538513e-07  3.302868818221603e+00  3.302868818221603e+00  3.302868818221603e+00  3.302868818221603e+00  0
2.390963240064401e-07  3.263944858860720e+00  3.263944858860720e+00  3.263944858860720e+00  3.263944858860720e+00  0
2.620395831933234e-07  3.199362030129911e+00  3.199362030129911e+00  3.199362030129911e+00  3.199362030129911e+00  0
2.871844368392763e-07  3.129751431426097e+00  3.129751431426097e+00  3.129751431426097e+00  3.129751431426097e+00  0
3.147421460438107e-07  3.097671546432639e+00  3.097671546432639e+00  3.097671546432639e+00  3.097671546432639e+00  0
3.449442441468518e-07  3.102140674528462e+00  3.102140674528462e+00  3.102140674528462e+00  3.102140674528462e+00  0
3.780444820169731e-07  3.145276294300715e+00  3.145276294300715e+00  3.145276294300715e+00  3.145276294300715e+00  0
4.143209600060400e-07  3.211827750340129e+00  3.211827750340129e+00  3.211827750340129e+00  3.211827750340129e+00  0
4.540784644824401e-07  3.249166806549665e+00  3.249166806549665e+00  3.249166806549665e+00  3.249166806549665e+00  0
4.976510285738981e-07  3.298716632890090e+00  3.298716632890090e+00  3.298716632890090e+00  3.298716632890090e+00  0
5.454047386346284e-07  3.302147399673144e+00  3.302147399673144e+00  3.302147399673144e+00  3.302147399673144e+00  0
5.977408100161003e-07  3.263193898827419e+00  3.263193898827419e+00  3.263193898827419e+00  3.263193898827419e+00  0
6.550989579833085e-07  3.198604806418398e+00  3.198604806418398e+00  3.198604806418398e+00  3.198604806418398e+00  0
7.179610920981906e-07  3.128350757337022e+00  3.128350757337022e+00  3.128350757337022e+00  3.128350757337022e+00  0
7.868553651095268e-07  3.096425310999345e+00  3.096425310999345e+00  3.096425310999345e+00  3.096425310999345e+00  0
8.623606103671294e-07  3.101087451892882e+00  3.101087451892882e+00  3.101087451892882e+00  3.101087451892882e+00  0
9.451112050424327e-07  3.144404003835923e+00  3.144404003835923e+00  3.144404003835923e+00  3.144404003835923e+00  0
1.035802400015100e-06  3.211084038930846e+00  3.211084038930846e+00  3.211084038930846e+00  3.211084038930846e+00  0
1.135196161206100e-06  3.247782347898079e+00  3.247782347898079e+00  3.247782347898079e+00  3.247782347898079e+00  0
1.244127571434745e-06  3.297417922887803e+00  3.297417922887803e+00  3.297417922887803e+00  3.297417922887803e+00  0
1.363511846586571e-06  3.300799305973780e+00  3.300799305973780e+00  3.300799305973780e+00  3.300799305973780e+00  0
1.494352025040251e-06  3.261766652438522e+00  3.261766652438522e+00  3.261766652438522e+00  3.261766652438522e+00  0
1.637747394958271e-06  3.197152718340951e+00  3.197152718340951e+00  3.197152718340951e+00  3.197152718340951e+00  0
1.794902730245474e-06  3.125281293786737e+00  3.125281293786737e+00  3.125281293786737e+00  3.125281293786737e+00  0
1.967138412773814e-06  3.093734976022742e+00  3.093734976022742e+00  3.093734976022742e+00  3.093734976022742e+00  0
2.155901525917820e-06  3.098878924231895e+00  3.098878924231895e+00  3.098878924231895e+00  3.098878924231895e+00  0
2.362778012606078e-06  3.142653708688958e+00  3.142653708688958e+00  3.142653708688958e+00  3.142653708688958e+00  0
2.589506000037746e-06  3.209665228992407e+00  3.209665228992407e+00  3.209665228992407e+00  3.209665228992407e+00  0
2.837990403015247e-06  3.244756543076055e+00  3.244756543076055e+00  3.244756543076055e+00  3.244756543076055e+00  0
3.110318928586858e-06  3.294621363231592e+00  3.294621363231592e+00  3.294621363231592e+00  3.294621363231592e+00  0
3.408779616466422e-06  3.297885066568089e+00  3.297885066568089e+00  3.297885066568089e+00  3.297885066568089e+00  0
3.735880062600621e-06  3.258651094977606e+00  3.258651094977606e+00  3.258651094977606e+00  3.258651094977606e+00  0
4.094368487395672e-06  3.193965361631650e+00  3.193965361631650e+00  3.193965361631650e+00  3.193965361631650e+00  0
4.487256825613684e-06  3.118057613105446e+00  3.118057613105446e+00  3.118057613105446e+00  3.118057613105446e+00  0
4.917846031934535e-06  3.087436998483481e+00  3.087436998483481e+00  3.087436998483481e+00  3.087436998483481e+00  0
5.389753814794551e-06  3.093773712341620e+00  3.093773712341620e+00  3.093773712341620e+00  3.093773712341620e+00  0
5.906945031515196e-06  3.138695260935535e+00  3.138695260935535e+00  3.138695260935535e+00  3.138695260935535e+00  0
6.473765000094365e-06  3.206546576248889e+00  3.206546576248889e+00  3.206546576248889e+00  3.206546576248889e+00  0
7.094976007538116e-06  3.237584949119784e+00  3.237584949119784e+00  3.237584949119784e+00  3.237584949119784e+00  0
7.775797321467145e-06  3.288073007767519e+00  3.288073007767519e+00  3.288073007767519e+00  3.288073007767519e+00  0
8.521949041166055e-06  3.291075094197963e+00  3.291075094197963e+00  3.291075094197963e+00  3.291075094197963e+00  0
9.339700156501553e-06  3.251346096831226e+00  3.251346096831226e+00  3.251346096831226e+00  3.251346096831226e+00  0
1.023592121848918e-05  3.186468169861274e+00  3.186468169861274e+00  3.186468169861274e+00  3.186468169861274e+00  0
1.121814206403421e-05  3.100592486553025e+00  3.100592486553025e+00  3.100592486553025e+00  3.100592486553025e+00  0
1.229461507983634e-05  3.072165124290748e+00  3.072165124290748e+00  3.072165124290748e+00  3.072165124290748e+00  0
1.347438453698638e-05  3.081396280095148e+00  3.081396280095148e+00  3.081396280095148e+00  3.081396280095148e+00  0
1.476736257878799e-05  3.129149477017885e+00  3.129149477017885e+00  3.129149477017885e+00  3.129149477017885e+00  0
1.618441250023591e-05  3.199112996777758e+00  3.199112996777758e+00  3.199112996777758e+00  3.199112996777758e+00  0
1.773744001884529e-05  3.219618891204771e+00  3.219618891204771e+00  3.219618891204771e+00  3.219618891204771e+00  0
1.943949330366786e-05  3.271993178323842e+00  3.271993178323842e+00  3.271993178323842e+00  3.271993178323842e+00  0
2.130487260291513e-05  3.274587965538530e+00  3.274587965538530e+00  3.274587965538530e+00  3.274587965538530e+00  0
2.334925039125388e-05  3.233738327522723e+00  3.233738327522723e+00  3.233738327522723e+00  3.233738327522723e+00  0
2.558980304622295e-05  3.168372600505410e+00  3.168372600505410e+00  3.168372600505410e+00  3.168372600505410e+00  0
2.804535516008553e-05  3.058421380473705e+00  3.058421380473705e+00  3.058421380473705e+00  3.058421380473705e+00  0
3.073653769959084e-05  3.034811474932936e+00  3.034811474932936e+00  3.034811474932936e+00  3.034811474932936e+00  0
3.368596134246595e-05  3.050735327919212e+00  3.050735327919212e+00  3.050735327919212e+00  3.050735327919212e+00  0
3.691840644696997e-05  3.105285273263322e+00  3.105285273263322e+00  3.105285273263322e+00  3.105285273263322e+00  0
4.046103125058979e-05  3.180519474608557e+00  3.180519474608557e+00  3.180519474608557e+00  3.180519474608557e+00  0
4.434360004711322e-05  3.172580790885792e+00  3.172580790885792e+00  3.172580790885792e+00  3.172580790885792e+00  0
4.859873325916965e-05  3.231349044056993e+00  3.231349044056993e+00  3.231349044056993e+00  3.231349044056993e+00  0
5.326218150728784e-05  3.234339048138682e+00  3.234339048138682e+00  3.234339048138682e+00  3.234339048138682e+00  0
5.837312597813469e-05  3.191460672261571e+00  3.191460672261571e+00  3.191460672261571e+00  3.191460672261571e+00  0
6.397450761555736e-05  3.124947859996736e+00  3.124947859996736e+00  3.124947859996736e+00  3.124947859996736e+00  0
7.011338790021382e-05  2.959512606426928e+00  2.959512606426928e+00  2.959512606426928e+00  2.959512606426928e+00  0
7.684134424897711e-05  2.944711418388898e+00  2.944711418388898e+00  2.944711418388898e+00  2.944711418388898e+00  0
8.421490335616486e-05  2.974317917095969e+00  2.974317917095969e+00  2.974317917095969e+00  2.974317917095969e+00  0
9.229601611742493e-05  3.043994007578815e+00  3.043994007578815e+00  3.043994007578815e+00  3.043994007578815e+00  0
1.011525781264745e-04  3.132023744374274e+00  3.132023744374274e+00  3.132023744374274e+00  3.132023744374274e+00  0
1.108590001177830e-04  3.038074876354280e+00  3.038074876354280e+00  3.038074876354280e+00  3.038074876354280e+00  0
1.214968331479241e-04  3.120946840667153e+00  3.120946840667153e+00  3.120946840667153e+00  3.120946840667153e+00  0
1.331554537682196e-04  3.133170644588363e+00  3.133170644588363e+00  3.133170644588363e+00  3.133170644588363e+00  0
1.459328149453367e-04  3.090833208344696e+00  3.090833208344696e+00  3.090833208344696e+00  3.090833208344696e+00  0
1.599362690388934e-04  3.023355416214053e+00  3.023355416214053e+00  3.023355416214053e+00  3.023355416214053e+00  0
1.752834697505346e-04  2.728971003317409e+00  2.728971003317409e+00  2.728971003317409e+00  2.728971003317409e+00  0
1.921033606224428e-04  2.727477297258650e+00  2.727477297258650e+00  2.727477297258650e+00  2.727477297258650e+00  0
2.105372583904122e-04  2.779392234927502e+00  2.779392234927502e+00  2.779392234927502e+00  2.779392234927502e+00  0
2.307400402935623e-04  2.877775445255327e+00  2.877775445255327e+00  2.877775445255327e+00  2.877775445255327e+00  0
2.528814453161862e-04  2.994800500589736e+00  2.994800500589736e+00  2.994800500589736e+00  2.994800500589736e+00  0
2.771475002944577e-04  2.712687392226524e+00  2.712687392226524e+00  2.712687392226524e+00  2.712687392226524e+00  0
3.037420828698103e-04  2.825591537617759e+00  2.825591537617759e+00  2.825591537617759e+00  2.825591537617759e+00  0
3.328886344205490e-04  2.865916942735076e+00  2.865916942735076e+00  2.865916942735076e+00  2.865916942735076e+00  0
3.648320373633419e-04  2.841495112950826e+00  2.841495112950826e+00  2.841495112950826e+00  2.841495112950826e+00  0
3.998406725972335e-04  2.783512221035609e+00  2.783512221035609e+00  2.783512221035609e+00  2.783512221035609e+00  0
4.382086743763364e-04  2.111474886407103e+00  2.111474886407103e+00  2.111474886407103e+00  2.111474886407103e+00  0
4.802584015561070e-04  2.152308970971240e+00  2.152308970971240e+00  2.152308970971240e+00  2.152308970971240e+00  0
5.263431459760304e-04  2.244978938898751e+00  2.244978938898751e+00  2.244978938898751e+00  2.244978938898751e+00  0
5.768501007339059e-04  2.391533334452022e+00  2.391533334452022e+00  2.391533334452022e+00  2.391533334452022e+00  0
6.322036132904654e-04  2.566007308785931e+00  2.566007308785931e+00  2.566007308785931e+00  2.566007308785931e+00  0
6.928687507361442e-04  1.676775837526779e+00  1.676775837526779e+00  1.676775837526779e+00  1.676775837526779e+00  0
7.593552071745259e-04  1.865432632093946e+00  1.865432632093946e+00  1.865432632093946e+00  1.865432632093946e+00  0
8.322215860513725e-04  2.002200348872725e+00  2.002200348872725e+00  2.002200348872725e+00  2.002200348872725e+00  0
9.120800934083548e-04  2.074872833391817e+00  2.074872833391817e+00  2.074872833391817e+00  2.074872833391817e+00  0
9.996016814930839e-04  2.098317893864876e+00  2.098317893864876e+00  2.098317893864876e+00  2.098317893864876e+00  0
1.095521685940841e-03  1.065373130382943e+00  1.065373130382943e+00  1.065373130382943e+00  1.065373130382943e+00  0
1.200646003890267e-03  1.105385822334144e+00  1.105385822334144e+00  1.105385822334144e+00  1.105385822334144e+00  0
1.315857864940076e-03  1.184062298701854e+00  1.184062298701854e+00  1.184062298701854e+00  1.184062298701854e+00  0
1.442125251834764e-03  1.317101942380683e+00  1.317101942380683e+00  1.317101942380683e+00  1.317101942380683e+00  0
1.580509033226163e-03  1.498455717655886e+00  1.498455717655886e+00  1.498455717655886e+00  1.498455717655886e+00  0
1.732171876840360e-03  8.481041411027865e-01  8.481041411027865e-01  8.481041411027865e-01  8.481041411027865e-01  0
1.898388017936315e-03  9.202806723029371e-01  9.202806723029371e-01  9.202806723029371e-01  9.202806723029371e-01  0
2.080553965128431e-03  9.850688650018327e-01  9.850688650018327e-01  9.850688650018327e-01  9.850688650018327e-01  0
2.280200233520887e-03  1.030145797206698e+00  1.030145797206698e+00  1.030145797206698e+00  1.030145797206698e+00  0
2.499004203732710e-03  1.053828615995017e+00  1.053828615995017e+00  1.053828615995017e+00  1.053828615995017e+00  0
2.738804214852102e-03  9.282664851026580e-01  9.282664851026580e-01  9.282664851026580e-01  9.282664851026580e-01  0
3.001615009725668e-03  8.878114990830451e-01  8.878114990830451e-01  8.878114990830451e-01  8.878114990830451e-01  0
3.289644662350189e-03  8.511605213725937e-01  8.511605213725937e-01  8.511605213725937e-01  8.511605213725937e-01  0
3.605313129586911e-03  8.353459026258220e-01  8.353459026258220e-01  8.353459026258220e-01  8.353459026258220e-01  0
3.951272583065408e-03  8.497941920487962e-01  8.497941920487962e-01  8.497941920487962e-01  8.497941920487962e-01  0
4.330429692100900e-03  1.144751236359114e+00  1.144751236359114e+00  1.144751236359114e+00  1.144751236359114e+00  0
4.745970044840786e-03  1.150676848401968e+00  1.150676848401968e+00  1.150676848401968e+00  1.150676848401968e+00  0
5.201384912821078e-03  1.135443680984330e+00  1.135443680984330e+00  1.135443680984330e+00  1.135443680984330e+00  0
5.700500583802216e-03  1.099958618299769e+00  1.099958618299769e+00  1.099958618299769e+00  1.099958618299769e+00  0
6.247510509331773e-03  1.046297395745896e+00  1.046297395745896e+00  1.046297395745896e+00  1.046297395745896e+00  0
6.847010537130255e-03  1.066677541549433e+00  1.066677541549433e+00  1.066677541549433e+00  1.066677541549433e+00  0
7.504037524314169e-03  1.139185660611349e+00  1.139185660611349e+00  1.139185660611349e+00  1.139185660611349e+00  0
8.224111655875473e-03  1.188055554651307e+00  1.188055554651307e+00  1.188055554651307e+00  1.188055554651307e+00  0
9.013282823967277e-03  1.216110034217244e+00  1.216110034217244e+00  1.216110034217244e+00  1.216110034217244e+00  0
9.878181457663520e-03  1.227247427715515e+00  1.227247427715515e+00  1.227247427715515e+00  1.227247427715515e+00  0
1.082607423025225e-02  8.043270924206392e-01  8.043270924206392e-01  8.043270924206392e-01  8.043270924206392e-01  0
1.186492511210197e-02  8.681306436355960e-01  8.681306436355960e-01  8.681306436355960e-01  8.681306436355960e-01  0
1.300346228205270e-02  9.339271043821950e-01  9.339271043821950e-01  9.339271043821950e-01  9.339271043821950e-01  0
1.425125145950554e-02  1.002037633549108e+00  1.002037633549108e+00  1.002037633549108e+00  1.002037633549108e+00  0
1.561877627332943e-02  1.068738781913905e+00  1.068738781913905e+00  1.068738781913905e+00  1.068738781913905e+00  0
1.711752634282564e-02  7.303644893408123e-01  7.303644893408123e-01  7.303644893408123e-01  7.303644893408123e-01  0
1.876009381078543e-02  7.921010081144417e-01  7.921010081144417e-01  7.921010081144417e-01  7.921010081144417e-01  0
2.056027913968868e-02  8.337592473361433e-01  8.337592473361433e-01  8.337592473361433e-01  8.337592473361433e-01  0
2.253320705991819e-02  8.600649388770717e-01  8.600649388770717e-01  8.600649388770717e-01  8.600649388770717e-01  0
2.469545364415880e-02  8.788830970184623e-01  8.788830970184623e-01  8.788830970184623e-01  8.788830970184623e-01  0
2.706518557563063e-02  6.053168053632759e-01  6.053168053632759e-01  6.053168053632759e-01  6.053168053632759e-01  0
2.966231278025492e-02  6.254470295929061e-01  6.254470295929061e-01  6.254470295929061e-01  6.254470295929061e-01  0
3.250865570513174e-02  6.547195323153672e-01  6.547195323153672e-01  6.547195323153672e-01  6.547195323153672e-01  0
3.562812864876386e-02  6.951769519705402e-01  6.951769519705402e-01  6.951769519705402e-01  6.951769519705402e-01  0
3.904694068332359e-02  7.436065023262622e-01  7.436065023262622e-01  7.436065023262622e-01  7.436065023262622e-01  0
4.279381585706410e-02  6.393858863672444e-01  6.393858863672444e-01  6.393858863672444e-01  6.393858863672444e-01  0
4.690023452696356e-02  7.065445396847803e-01  7.065445396847803e-01  7.065445396847803e-01  7.065445396847803e-01  0
5.140069784922172e-02  7.428137687854589e-01  7.428137687854589e-01  7.428137687854589e-01  7.428137687854589e-01  0
5.633301764979549e-02  7.505501376034309e-01  7.505501376034309e-01  7.505501376034309e-01  7.505501376034309e-01  0
6.173863411039700e-02  7.398194178123708e-01  7.398194178123708e-01  7.398194178123708e-01  7.398194178123708e-01  0
6.766296393907657e-02  9.495097753545958e-01  9.495097753545958e-01  9.495097753545958e-01  9.495097753545958e-01  0
7.415578195063728e-02  8.890679780146233e-01  8.890679780146233e-01  8.890679780146233e-01  8.890679780146233e-01  0
8.127163926282933e-02  8.311389927523608e-01  8.311389927523608e-01  8.311389927523608e-01  8.311389927523608e-01  0
8.907032162190963e-02  7.931506742496451e-01  7.931506742496451e-01  7.931506742496451e-01  7.931506742496451e-01  0
9.761735170830896e-02  7.803044173573296e-01  7.803044173573296e-01  7.803044173573296e-01  7.803044173573296e-01  0
1.069845396426603e-01  1.654480023136702e+00  1.654480023136702e+00  1.654480023136702e+00  1.654480023136702e+00  0
1.172505863174090e-01  1.677570019720160e+00  1.677570019720160e+00  1.677570019720160e+00  1.677570019720160e+00  0
1.285017446230543e-01  1.640779335648172e+00  1.640779335648172e+00  1.640779335648172e+00  1.640779335648172e+00  0
1.408325441244888e-01  1.548037870318461e+00  1.548037870318461e+00  1.548037870318461e+00  1.548037870318461e+00  0
1.543465852759926e-01  1.412009368198783e+00  1.412009368198783e+00  1.412009368198783e+00  1.412009368198783e+00  0
1.691574098476915e-01  1.623923396447778e+00  1.623923396447778e+00  1.623923396447778e+00  1.623923396447778e+00  0
1.853894548765933e-01  1.942475393258670e+00  1.942475393258670e+00  1.942475393258670e+00  1.942475393258670e+00  0
2.031790981570734e-01  2.185573428728084e+00  2.185573428728084e+00  2.185573428728084e+00  2.185573428728084e+00  0
2.226758040547742e-01  2.327494793124591e+00  2.327494793124591e+00  2.327494793124591e+00  2.327494793124591e+00  0
2.440433792707725e-01  2.363258972826884e+00  2.363258972826884e+00  2.363258972826884e+00  2.363258972826884e+00  0
2.674613491066507e-01  2.416018794964099e-01  2.416018794964099e-01  2.416018794964099e-01  2.416018794964099e-01  0
2.931264657935224e-01  4.060323127887224e-01  4.060323127887224e-01  4.060323127887224e-01  4.060323127887224e-01  0
3.212543615576358e-01  6.373427547576728e-01  6.373427547576728e-01  6.373427547576728e-01  6.373427547576728e-01  0
3.520813603112219e-01  9.326829314669286e-01  9.326829314669286e-01  9.326829314669286e-01  9.326829314669286e-01  0
3.858664631899814e-01  1.272714652610915e+00  1.272714652610915e+00  1.272714652610915e+00  1.272714652610915e+00  0
4.228935246192288e-01  5.783201135638447e-02  5.783201135638447e-02  5.783201135638447e-02  5.783201135638447e-02  0
4.634736371914833e-01  7.627455036332394e-02  7.627455036332394e-02  7.627455036332394e-02  7.627455036332394e-02  0
5.079477453926836e-01  1.000618362897651e-01  1.000618362897651e-01  1.000618362897651e-01  1.000618362897651e-01  0
5.566895101369356e-01  1.354447858316468e-01  1.354447858316468e-01  1.354447858316468e-01  1.354447858316468e-01  0
6.101084481769313e-01  1.937584159330753e-01  1.937584159330753e-01  1.937584159330753e-01  1.937584159330753e-01  0
6.686533727666268e-01  6.442842272231642e-03  6.442842272231642e-03  6.442842272231642e-03  6.442842272231642e-03  0
7.328161644838059e-01  1.148324458610626e-02  1.148324458610626e-02  1.148324458610626e-02  1.148324458610626e-02  0
8.031359038940896e-01  1.901010739146388e-02  1.901010739146388e-02  1.901010739146388e-02  1.901010739146388e-02  0
8.802034007780548e-01  2.928023140993516e-02  2.928023140993516e-02  2.928023140993516e-02  2.928023140993516e-02  0
9.646661579749536e-01  4.214860254482245e-02  4.214860254482245e-02  4.214860254482245e-02  4.214860254482245e-02  0
1.057233811548072e+00  1.213311107712929e-04  1.213311107712929e-04  1.213311107712929e-04  1.213311107712929e-04  0
1.158684092978708e+00  2.694618100525585e-04  2.694618100525585e-04  2.694618100525585e-04  2.694618100525585e-04  0
1.269869363481709e+00  6.057469561376892e-04  6.057469561376892e-04  6.057469561376892e-04  6.057469561376892e-04  0
1.391723775342339e+00  1.346440748459486e-03  1.346440748459486e-03  1.346440748459486e-03  1.346440748459486e-03  0
1.525271120442328e+00  2.892916693062560e-03  2.892916693062560e-03  2.892916693062560e-03  2.892916693062560e-03  0
