-2.20050850194513714086e+00 1.24193727052949904809e-07 1.24193727052949904809e-07 1.24193727052949904809e-07 1.24193727052949904809e-07 0
-2.00783975973522421654e+00 1.29060720010531091298e-07 1.29060720010531091298e-07 1.29060720010531091298e-07 1.29060720010531091298e-07 0
-1.83204041120951499622e+00 1.30174309511701570811e-07 1.30174309511701570811e-07 1.30174309511701570811e-07 1.30174309511701570811e-07 0
-1.67163343191656688091e+00 1.65842989113332688671e-07 1.65842989113332688671e-07 1.65842989113332688671e-07 1.65842989113332688671e-07 0
-1.52527112044232815435e+00 1.44404851304422202450e-07 1.44404851304422202450e-07 1.44404851304422202450e-07 1.44404851304422202450e-07 0
-1.39172377534233904228e+00 6.28157711263035907037e-07 6.28157711263035907037e-07 6.28157711263035907037e-07 6.28157711263035907037e-07 0
-1.26986936348170909028e+00 -2.76593959785782882984e-06 -2.76593959785782882984e-06 -2.76593959785782882984e-06 -2.76593959785782882984e-06 0
-1.15868409297870789132e+00 6.21709334075894674138e-06 6.21709334075894674138e-06 6.21709334075894674138e-06 6.21709334075894674138e-06 0
-1.05723381154807194449e+00 2.84385838617206434891e-05 2.84385838617206434891e-05 2.84385838617206434891e-05 2.84385838617206434891e-05 0
-9.64666157974953475396e-01 1.09799611857177428840e-04 1.09799611857177428840e-04 1.09799611857177428840e-04 1.09799611857177428840e-04 0
-8.80203400778054700915e-01 3.47335530375898792529e-04 3.47335530375898792529e-04 3.47335530375898792529e-04 3.47335530375898792529e-04 0
-8.03135903894089508981e-01 9.80322465109213130388e-04 9.80322465109213130388e-04 9.80322465109213130388e-04 9.80322465109213130388e-04 0
-7.32816164483805709828e-01 2.61318391064935999848e-03 2.61318391064935999848e-03 2.61318391064935999848e-03 2.61318391064935999848e-03 0
-6.68653372766626730161e-01 6.51908794951214232150e-03 6.51908794951214232150e-03 6.51908794951214232150e-03 6.51908794951214232150e-03 0
-6.10108448176931106310e-01 1.47985601354960229215e-02 1.47985601354960229215e-02 1.47985601354960229215e-02 1.47985601354960229215e-02 0
-5.56689510136935350459e-01 3.14641596692673067293e-02 3.14641596692673067293e-02 3.14641596692673067293e-02 3.14641596692673067293e-02 0
-5.07947745392683502885e-01 6.34177802866059403541e-02 6.34177802866059403541e-02 6.34177802866059403541e-02 6.34177802866059403541e-02 0
-4.63473637191483156528e-01 1.14304586872987681834e-01 1.14304586872987681834e-01 1.14304586872987681834e-01 1.14304586872987681834e-01 0
-4.22893524619228744488e-01 1.95249996587450597163e-01 1.95249996587450597163e-01 1.95249996587450597163e-01 1.95249996587450597163e-01 0
-3.85866463189981301340e-01 3.09940450542513068477e-01 3.09940450542513068477e-01 3.09940450542513068477e-01 3.09940450542513068477e-01 0
-3.52081360311221891468e-01 4.62538133527811645695e-01 4.62538133527811645695e-01 4.62538133527811645695e-01 4.62538133527811645695e-01 0
-3.21254361557635814695e-01 6.50322487207252053487e-01 6.50322487207252053487e-01 6.50322487207252053487e-01 6.50322487207252053487e-01 0
-2.93126465793522417158e-01 8.59679127730737624447e-01 8.59679127730737624447e-01 8.59679127730737624447e-01 8.59679127730737624447e-01 0
-2.67461349106650703167e-01 1.07218149297530063180e+00 1.07218149297530063180e+00 1.07218149297530063180e+00 1.07218149297530063180e+00 0
-2.44043379270772520240e-01 1.27310824078546858118e+00 1.27310824078546858118e+00 1.27310824078546858118e+00 1.27310824078546858118e+00 0
-2.22675804054774217899e-01 1.43809013778628513869e+00 1.43809013778628513869e+00 1.43809013778628513869e+00 1.43809013778628513869e+00 0
-2.03179098157073412256e-01 1.54621311079672385524e+00 1.54621311079672385524e+00 1.54621311079672385524e+00 1.54621311079672385524e+00 0
-1.85389454876593307020e-01 1.59964936589266182310e+00 1.59964936589266182310e+00 1.59964936589266182310e+00 1.59964936589266182310e+00 0
-1.69157409847691508897e-01 1.58543111797360181114e+00 1.58543111797360181114e+00 1.58543111797360181114e+00 1.58543111797360181114e+00 0
-1.54346585275992514985e-01 1.51244785581007290531e+00 1.51244785581007290531e+00 1.51244785581007290531e+00 1.51244785581007290531e+00 0
-1.40832544124488812098e-01 1.36222538844019025461e+00 1.36222538844019025461e+00 1.36222538844019025461e+00 1.36222538844019025461e+00 0
-1.28501744623054303673e-01 1.13080776014929673678e+00 1.13080776014929673678e+00 1.13080776014929673678e+00 1.13080776014929673678e+00 0
-1.17250586317408908577e-01 8.62820485299813144664e-01 8.62820485299813144664e-01 8.62820485299813144664e-01 8.62820485299813144664e-01 0
-1.06984539642660303471e-01 5.61935721514695840639e-01 5.61935721514695840639e-01 5.61935721514695840639e-01 5.61935721514695840639e-01 0
-9.76173517083089858914e-02 2.39923165604269156281e-01 2.39923165604269156281e-01 2.39923165604269156281e-01 2.39923165604269156281e-01 0
-8.90703216219096705064e-02 2.83192636530522554028e-03 2.83192636530522554028e-03 2.83192636530522554028e-03 2.83192636530522554028e-03 0
-8.12716392628293760048e-02 2.84560526030872094211e-03 2.84560526030872094211e-03 2.84560526030872094211e-03 2.84560526030872094211e-03 0
-7.41557819506373228080e-02 1.67093604832199986616e-03 1.67093604832199986616e-03 1.67093604832199986616e-03 1.67093604832199986616e-03 0
-6.76629639390766007834e-02 1.68080418044233982459e-03 1.68080418044233982459e-03 1.68080418044233982459e-03 1.68080418044233982459e-03 0
-6.17386341103970184840e-02 1.26827410579087563290e-03 1.26827410579087563290e-03 1.26827410579087563290e-03 1.26827410579087563290e-03 0
-5.63330176497955012471e-02 1.26622618059108772715e-03 1.26622618059108772715e-03 1.26622618059108772715e-03 1.26622618059108772715e-03 0
-5.14006978492217297960e-02 1.09097846096662884352e-03 1.09097846096662884352e-03 1.09097846096662884352e-03 1.09097846096662884352e-03 0
-4.69002345269635689817e-02 1.08177617329807988431e-03 1.08177617329807988431e-03 1.08177617329807988431e-03 1.08177617329807988431e-03 0
-4.27938158570641130618e-02 1.00525016317939714511e-03 1.00525016317939714511e-03 1.00525016317939714511e-03 1.00525016317939714511e-03 0
-3.90469406833235874177e-02 9.92382398695940397965e-04 9.92382398695940397965e-04 9.92382398695940397965e-04 9.92382398695940397965e-04 0
-3.56281286487638709781e-02 9.73488619670041625820e-04 9.73488619670041625820e-04 9.73488619670041625820e-04 9.73488619670041625820e-04 0
-3.25086557051317490141e-02 9.54679748115531598938e-04 9.54679748115531598938e-04 9.54679748115531598938e-04 9.54679748115531598938e-04 0
-2.96623127802549194088e-02 9.72371486422697129184e-04 9.72371486422697129184e-04 9.72371486422697129184e-04 9.72371486422697129184e-04 0
-2.70651855756306389256e-02 9.53126497807297440312e-04 9.53126497807297440312e-04 9.53126497807297440312e-04 9.53126497807297440312e-04 0
-2.46954536441588087814e-02 1.00087813000041794993e-03 1.00087813000041794993e-03 1.00087813000041794993e-03 1.00087813000041794993e-03 0
-2.25332070599182018866e-02 9.84588564090454684830e-04 9.84588564090454684830e-04 9.84588564090454684830e-04 9.84588564090454684830e-04 0
-2.05602791396886919184e-02 1.05054846702426030007e-03 1.05054846702426030007e-03 1.05054846702426030007e-03 1.05054846702426030007e-03 0
-1.87600938107854303682e-02 1.03737016883736566167e-03 1.03737016883736566167e-03 1.03737016883736566167e-03 1.03737016883736566167e-03 0
-1.71175263428256507758e-02 1.12644230756769577265e-03 1.12644230756769577265e-03 1.12644230756769577265e-03 1.12644230756769577265e-03 0
-1.56187762733294398243e-02 1.11875902217161262223e-03 1.11875902217161262223e-03 1.11875902217161262223e-03 1.11875902217161262223e-03 0
-1.42512514595055511668e-02 1.23545140477942659747e-03 1.23545140477942659747e-03 1.23545140477942659747e-03 1.23545140477942659747e-03 0
-1.30034622820527009934e-02 1.23739368796361775757e-03 1.23739368796361775757e-03 1.23739368796361775757e-03 1.23739368796361775757e-03 0
-1.18649251121019701921e-02 1.38621266080452953257e-03 1.38621266080452953257e-03 1.38621266080452953257e-03 1.38621266080452953257e-03 0
-1.08260742302522597336e-02 1.40803346971956895410e-03 1.40803346971956895410e-03 1.40803346971956895410e-03 1.40803346971956895410e-03 0
-9.87818145766352143089e-03 1.59610766209137807173e-03 1.59610766209137807173e-03 1.59610766209137807173e-03 1.59610766209137807173e-03 0
-9.01328282396728075465e-03 1.65424654820613072255e-03 1.65424654820613072255e-03 1.65424654820613072255e-03 1.65424654820613072255e-03 0
-8.22411165587547642042e-03 1.89436476684173090053e-03 1.89436476684173090053e-03 1.89436476684173090053e-03 1.89436476684173090053e-03 0
-7.50403752431417180035e-03 2.00751286453085611705e-03 2.00751286453085611705e-03 2.00751286453085611705e-03 2.00751286453085611705e-03 0
-6.84701053713025840214e-03 2.32528459017971233722e-03 2.32528459017971233722e-03 2.32528459017971233722e-03 2.32528459017971233722e-03 0
-6.24751050933177506236e-03 2.52671539255772082885e-03 2.52671539255772082885e-03 2.52671539255772082885e-03 2.52671539255772082885e-03 0
-5.70050058380221821158e-03 2.96996791553841548578e-03 2.96996791553841548578e-03 2.96996791553841548578e-03 2.96996791553841548578e-03 0
-5.20138491282107900959e-03 3.31636203916029024402e-03 3.31636203916029024402e-03 3.31636203916029024402e-03 3.31636203916029024402e-03 0
-4.74597004484078686254e-03 3.94588184084280688135e-03 3.94588184084280688135e-03 3.94588184084280688135e-03 3.94588184084280688135e-03 0
-4.33042969210090198523e-03 4.51666398552861940441e-03 4.51666398552861940441e-03 4.51666398552861940441e-03 4.51666398552861940441e-03 0
-3.95127258306540891930e-03 5.44341759632940586783e-03 5.44341759632940586783e-03 5.44341759632940586783e-03 5.44341759632940586783e-03 0
-3.60531312958691212839e-03 6.40575696970633635952e-03 6.40575696970633635952e-03 6.40575696970633635952e-03 6.40575696970633635952e-03 0
-3.28964466235019117532e-03 7.85617957523638589523e-03 7.85617957523638589523e-03 7.85617957523638589523e-03 7.85617957523638589523e-03 0
-3.00161500972566906709e-03 9.43451732575347791487e-03 9.43451732575347791487e-03 9.43451732575347791487e-03 9.43451732575347791487e-03 0
-2.73880421485210318738e-03 1.17350387078423764459e-02 1.17350387078423764459e-02 1.17350387078423764459e-02 1.17350387078423764459e-02 0
-2.49900420373270993821e-03 1.43643465507684222476e-02 1.43643465507684222476e-02 1.43643465507684222476e-02 1.43643465507684222476e-02 0
-2.28020023352088797852e-03 1.82764611764494842860e-02 1.82764611764494842860e-02 1.82764611764494842860e-02 1.82764611764494842860e-02 0
-2.08055396512843221099e-03 2.28341532722785636733e-02 2.28341532722785636733e-02 2.28341532722785636733e-02 2.28341532722785636733e-02 0
-1.89838801793631517870e-03 2.94842686411758148068e-02 2.94842686411758148068e-02 2.94842686411758148068e-02 2.94842686411758148068e-02 0
-1.73217187684036096756e-03 3.72853159846138135225e-02 3.72853159846138135225e-02 3.72853159846138135225e-02 3.72853159846138135225e-02 0
-1.58050903322616391466e-03 4.90081310630307437348e-02 4.90081310630307437348e-02 4.90081310630307437348e-02 4.90081310630307437348e-02 0
-1.44212525183476511156e-03 6.36504137624759047664e-02 6.36504137624759047664e-02 6.36504137624759047664e-02 6.36504137624759047664e-02 0
-1.31585786494007607982e-03 8.53600931026792519862e-02 8.53600931026792519862e-02 8.53600931026792519862e-02 8.53600931026792519862e-02 0
-1.20064600389026797378e-03 1.12338284972139559881e-01 1.12338284972139559881e-01 1.12338284972139559881e-01 1.12338284972139559881e-01 0
-1.09552168594084092801e-03 1.52090342858330507259e-01 1.52090342858330507259e-01 1.52090342858330507259e-01 1.52090342858330507259e-01 0
-9.99601681493084105387e-04 2.04046537127673566214e-01 2.04046537127673566214e-01 2.04046537127673566214e-01 2.04046537127673566214e-01 0
-9.12080093408355169725e-04 2.86138074115934615271e-01 2.86138074115934615271e-01 2.86138074115934615271e-01 2.86138074115934615271e-01 0
-8.32221586051372971132e-04 3.88399287726801989429e-01 3.88399287726801989429e-01 3.88399287726801989429e-01 3.88399287726801989429e-01 0
-7.59355207174526093163e-04 5.54304905892041066551e-01 5.54304905892041066551e-01 5.54304905892041066551e-01 5.54304905892041066551e-01 0
-6.92868750736144387026e-04 7.49525209558427829570e-01 7.49525209558427829570e-01 7.49525209558427829570e-01 7.49525209558427829570e-01 0
-6.32203613290465522498e-04 1.10129165782752269642e+00 1.10129165782752269642e+00 1.10129165782752269642e+00 1.10129165782752269642e+00 0
-5.76850100733905979573e-04 1.52868473359979795134e+00 1.52868473359979795134e+00 1.52868473359979795134e+00 1.52868473359979795134e+00 0
-5.26343145976030496978e-04 2.25319048648745035024e+00 2.25319048648745035024e+00 2.25319048648745035024e+00 2.25319048648745035024e+00 0
-4.80258401556107005197e-04 3.12261728664455340265e+00 3.12261728664455340265e+00 3.12261728664455340265e+00 3.12261728664455340265e+00 0
-4.38208674376336609728e-04 4.49382301567228559236e+00 4.49382301567228559236e+00 4.49382301567228559236e+00 4.49382301567228559236e+00 0
-3.99840672597233707207e-04 6.25189335356728026483e+00 6.25189335356728026483e+00 6.25189335356728026483e+00 6.25189335356728026483e+00 0
-3.64832037363341959470e-04 8.94213030734782243769e+00 8.94213030734782243769e+00 8.94213030734782243769e+00 8.94213030734782243769e+00 0
-3.32888634420549069191e-04 1.20157021167134558937e+01 1.20157021167134558937e+01 1.20157021167134558937e+01 1.20157021167134558937e+01 0
-3.03742082869810372213e-04 1.64171552417122512679e+01 1.64171552417122512679e+01 1.64171552417122512679e+01 1.64171552417122512679e+01 0
-2.77147500294457819862e-04 2.11364898696094414277e+01 2.11364898696094414277e+01 2.11364898696094414277e+01 2.11364898696094414277e+01 0
-2.52881445316186208999e-04 2.74968468329072024403e+01 2.74968468329072024403e+01 2.74968468329072024403e+01 2.74968468329072024403e+01 0
-2.30740040293562408092e-04 3.41780119314355701476e+01 3.41780119314355701476e+01 3.41780119314355701476e+01 3.41780119314355701476e+01 0
-2.10537258390412209633e-04 4.17407898996293269533e+01 4.17407898996293269533e+01 4.17407898996293269533e+01 4.17407898996293269533e+01 0
-1.92103360622442823763e-04 4.92339710807840589268e+01 4.92339710807840589268e+01 4.92339710807840589268e+01 4.92339710807840589268e+01 0
-1.75283469750534622207e-04 5.71305151493292342479e+01 5.71305151493292342479e+01 5.71305151493292342479e+01 5.71305151493292342479e+01 0
-1.59936269038893493725e-04 6.38335079306005468425e+01 6.38335079306005468425e+01 6.38335079306005468425e+01 6.38335079306005468425e+01 0
-1.45932814945336810893e-04 7.01434976296737318080e+01 7.01434976296737318080e+01 7.01434976296737318080e+01 7.01434976296737318080e+01 0
-1.33155453768219595150e-04 7.49552342017133099716e+01 7.49552342017133099716e+01 7.49552342017133099716e+01 7.49552342017133099716e+01 0
-1.21496833147924203095e-04 7.85876649332916059620e+01 7.85876649332916059620e+01 7.85876649332916059620e+01 7.85876649332916059620e+01 0
-1.10859000117783106261e-04 8.12002134637284029850e+01 8.12002134637284029850e+01 8.12002134637284029850e+01 8.12002134637284029850e+01 0
-1.01152578126474505284e-04 8.14554977454443189799e+01 8.14554977454443189799e+01 8.14554977454443189799e+01 8.14554977454443189799e+01 0
-9.22960161174249523949e-05 8.07404436612269620355e+01 8.07404436612269620355e+01 8.07404436612269620355e+01 8.07404436612269620355e+01 0
-8.42149033561649001164e-05 7.87730557618318414370e+01 7.87730557618318414370e+01 7.87730557618318414370e+01 7.87730557618318414370e+01 0
-7.68413442489771078212e-05 7.61586060142592060629e+01 7.61586060142592060629e+01 7.61586060142592060629e+01 7.61586060142592060629e+01 0
-7.01133879002138461723e-05 7.28517803794345724100e+01 7.28517803794345724100e+01 7.28517803794345724100e+01 7.28517803794345724100e+01 0
-6.39745076155573839374e-05 6.95555907033313332022e+01 6.95555907033313332022e+01 6.95555907033313332022e+01 6.95555907033313332022e+01 0
-5.83731259781347216467e-05 6.55980993506339444821e+01 6.55980993506339444821e+01 6.55980993506339444821e+01 6.55980993506339444821e+01 0
-5.32621815072878638099e-05 6.28633721979342539044e+01 6.28633721979342539044e+01 6.28633721979342539044e+01 6.28633721979342539044e+01 0
-4.85987332591696622646e-05 5.93284393771982223598e+01 5.93284393771982223598e+01 5.93284393771982223598e+01 5.93284393771982223598e+01 0
-4.43436000471132397939e-05 5.72506779241125727253e+01 5.72506779241125727253e+01 5.72506779241125727253e+01 5.72506779241125727253e+01 0
-4.04610312505897939820e-05 5.44863813934196841160e+01 5.44863813934196841160e+01 5.44863813934196841160e+01 5.44863813934196841160e+01 0
-3.69184064469699809580e-05 5.32158694620728525138e+01 5.32158694620728525138e+01 5.32158694620728525138e+01 5.32158694620728525138e+01 0
-3.36859613424659532703e-05 5.12725344017148003672e+01 5.12725344017148003672e+01 5.12725344017148003672e+01 5.12725344017148003672e+01 0
-3.07365376995908377075e-05 5.05458384287554309822e+01 5.05458384287554309822e+01 5.05458384287554309822e+01 5.05458384287554309822e+01 0
-2.80453551600855418571e-05 4.91923445344861391959e+01 4.91923445344861391959e+01 4.91923445344861391959e+01 4.91923445344861391959e+01 0
-2.55898030462229522197e-05 4.88486574468009422390e+01 4.88486574468009422390e+01 4.88486574468009422390e+01 4.88486574468009422390e+01 0
-2.33492503912538900139e-05 4.78740714497719110909e+01 4.78740714497719110909e+01 4.78740714497719110909e+01 4.78740714497719110909e+01 0
-2.13048726029151414582e-05 4.77205308177957476801e+01 4.77205308177957476801e+01 4.77205308177957476801e+01 4.77205308177957476801e+01 0
-1.94394933036678710045e-05 4.69227760023584465898e+01 4.69227760023584465898e+01 4.69227760023584465898e+01 4.69227760023584465898e+01 0
-1.77374400188453006609e-05 4.68643769370617917502e+01 4.68643769370617917502e+01 4.68643769370617917502e+01 4.68643769370617917502e+01 0
-1.61844125002359203033e-05 4.62351973936154436728e+01 4.62351973936154436728e+01 4.62351973936154436728e+01 4.62351973936154436728e+01 0
-1.47673625787879903503e-05 4.62910993637903729336e+01 4.62910993637903729336e+01 4.62910993637903729336e+01 4.62910993637903729336e+01 0
-1.34743845369863799529e-05 4.58215888677549259000e+01 4.58215888677549259000e+01 4.58215888677549259000e+01 4.58215888677549259000e+01 0
-1.22946150798363418592e-05 4.59732231557949475587e+01 4.59732231557949475587e+01 4.59732231557949475587e+01 4.59732231557949475587e+01 0
-1.12181420640342204698e-05 4.56170133990548478664e+01 4.56170133990548478664e+01 4.56170133990548478664e+01 4.56170133990548478664e+01 0
-1.02359212184891812267e-05 4.57931175864075967752e+01 4.57931175864075967752e+01 4.57931175864075967752e+01 4.57931175864075967752e+01 0
-9.33970015650155600557e-06 4.54998282294802862680e+01 4.54998282294802862680e+01 4.54998282294802862680e+01 4.54998282294802862680e+01 0
-8.52194904116605827734e-06 4.56371987591431818032e+01 4.56371987591431818032e+01 4.56371987591431818032e+01 4.56371987591431818032e+01 0
-7.77579732146714636891e-06 4.53345606495331168162e+01 4.53345606495331168162e+01 4.53345606495331168162e+01 4.53345606495331168162e+01 0
-7.09497600753811890912e-06 4.54332990182554397052e+01 4.54332990182554397052e+01 4.54332990182554397052e+01 4.54332990182554397052e+01 0
-6.47376500009436693547e-06 4.51604729209108768373e+01 4.51604729209108768373e+01 4.51604729209108768373e+01 4.51604729209108768373e+01 0
-5.90694503151519647894e-06 4.52761530887289396219e+01 4.52761530887289396219e+01 4.52761530887289396219e+01 4.52761530887289396219e+01 0
-5.38975381479455248936e-06 4.50803480219386614181e+01 4.50803480219386614181e+01 4.50803480219386614181e+01 4.50803480219386614181e+01 0
-4.91784603193453437201e-06 4.52544015470864309236e+01 4.52544015470864309236e+01 4.52544015470864309236e+01 4.52544015470864309236e+01 0
-4.48725682561368615503e-06 4.51245322030070283859e+01 4.51245322030070283859e+01 4.51245322030070283859e+01 4.51245322030070283859e+01 0
-4.09436848739567181305e-06 4.53061053314641668521e+01 4.53061053314641668521e+01 4.53061053314641668521e+01 4.53061053314641668521e+01 0
-3.73588006260062214812e-06 4.51780377916411239880e+01 4.51780377916411239880e+01 4.51780377916411239880e+01 4.51780377916411239880e+01 0
-3.40877961646642297212e-06 4.53046013836748002745e+01 4.53046013836748002745e+01 4.53046013836748002745e+01 4.53046013836748002745e+01 0
-3.11031892858685803934e-06 4.51252645625886756875e+01 4.51252645625886756875e+01 4.51252645625886756875e+01 4.51252645625886756875e+01 0
-2.83799040301524807187e-06 4.52000593157807983857e+01 4.52000593157807983857e+01 4.52000593157807983857e+01 4.52000593157807983857e+01 0
-2.58950600003774601186e-06 4.50165350564695572189e+01 4.50165350564695572189e+01 4.50165350564695572189e+01 4.50165350564695572189e+01 0
-2.36277801260607909979e-06 4.51041507667487238109e+01 4.51041507667487238109e+01 4.51041507667487238109e+01 4.51041507667487238109e+01 0
-2.15590152591782108045e-06 4.49798686739835176240e+01 4.49798686739835176240e+01 4.49798686739835176240e+01 4.49798686739835176240e+01 0
-1.96713841277381391821e-06 4.51287508709570488463e+01 4.51287508709570488463e+01 4.51287508709570488463e+01 4.51287508709570488463e+01 0
-1.79490273024547492788e-06 4.50602231437477414033e+01 4.50602231437477414033e+01 4.50602231437477414033e+01 4.50602231437477414033e+01 0
-1.63774739495826889463e-06 4.52219810335402030432e+01 4.52219810335402030432e+01 4.52219810335402030432e+01 4.52219810335402030432e+01 0
-1.49435202504024885925e-06 4.51412675221733792341e+01 4.51412675221733792341e+01 4.51412675221733792341e+01 4.51412675221733792341e+01 0
-1.36351184658656897709e-06 4.52483058372433646355e+01 4.52483058372433646355e+01 4.52483058372433646355e+01 4.52483058372433646355e+01 0
-1.24412757143474287692e-06 4.51054490559849696751e+01 4.51054490559849696751e+01 4.51054490559849696751e+01 4.51054490559849696751e+01 0
-1.13519616120609888993e-06 4.51596603906395870354e+01 4.51596603906395870354e+01 4.51596603906395870354e+01 4.51596603906395870354e+01 0
-1.03580240001509891296e-06 4.50028151504512123893e+01 4.50028151504512123893e+01 4.50028151504512123893e+01 4.50028151504512123893e+01 0
-9.45111205042431322281e-07 4.50722333464620987797e+01 4.50722333464620987797e+01 4.50722333464620987797e+01 4.50722333464620987797e+01 0
-8.62360610367128368652e-07 4.49701699177637195248e+01 4.49701699177637195248e+01 4.49701699177637195248e+01 4.49701699177637195248e+01 0
-7.86855365109525609635e-07 4.51041669241930947010e+01 4.51041669241930947010e+01 4.51041669241930947010e+01 4.51041669241930947010e+01 0
-7.17961092098189695866e-07 4.50555977011221031603e+01 4.50555977011221031603e+01 4.50555977011221031603e+01 4.50555977011221031603e+01 0
-6.55098957983307430796e-07 4.52061774240041671646e+01 4.52061774240041671646e+01 4.52061774240041671646e+01 4.52061774240041671646e+01 0
-5.97740810016099586050e-07 4.51414621166584524303e+01 4.51414621166584524303e+01 4.51414621166584524303e+01 4.51414621166584524303e+01 0
-5.45404738634627717892e-07 4.52384011233003562324e+01 4.52384011233003562324e+01 4.52384011233003562324e+01 4.52384011233003562324e+01 0
-4.97651028573897362528e-07 4.51080900266342084137e+01 4.51080900266342084137e+01 4.51080900266342084137e+01 4.51080900266342084137e+01 0
-4.54078464482439566561e-07 4.51524246933471431475e+01 4.51524246933471431475e+01 4.51524246933471431475e+01 4.51524246933471431475e+01 0
-4.14320960006039459306e-07 4.50048063116322794031e+01 4.50048063116322794031e+01 4.50048063116322794031e+01 4.50048063116322794031e+01 0
-3.78044482016972603028e-07 4.50658898556147065051e+01 4.50658898556147065051e+01 4.50658898556147065051e+01 4.50658898556147065051e+01 0
-3.44944244146851379225e-07 4.49716955028536844452e+01 4.49716955028536844452e+01 4.49716955028536844452e+01 4.49716955028536844452e+01 0
-3.14742146043810265030e-07 4.50989996244803563741e+01 4.50989996244803563741e+01 4.50989996244803563741e+01 4.50989996244803563741e+01 0
-2.87184436839275878347e-07 4.50576944767395417557e+01 4.50576944767395417557e+01 4.50576944767395417557e+01 4.50576944767395417557e+01 0
-2.62039583193322993494e-07 4.52032999800436101623e+01 4.52032999800436101623e+01 4.52032999800436101623e+01 4.52032999800436101623e+01 0
-2.39096324006439802656e-07 4.51445196825091130677e+01 4.51445196825091130677e+01 4.51445196825091130677e+01 4.51445196825091130677e+01 0
-2.18161895453850981278e-07 4.52370634049006099531e+01 4.52370634049006099531e+01 4.52370634049006099531e+01 4.52370634049006099531e+01 0
-1.99060411429558881484e-07 4.51114456682817177580e+01 4.51114456682817177580e+01 4.51114456682817177580e+01 4.51114456682817177580e+01 0
-1.81631385792975794861e-07 4.51515743154094550960e+01 4.51515743154094550960e+01 4.51515743154094550960e+01 4.51515743154094550960e+01 0
-1.65728384002415794310e-07 4.50074161722788872453e+01 4.50074161722788872453e+01 4.50074161722788872453e+01 4.50074161722788872453e+01 0
-1.51217792806789099445e-07 4.50650014786749295581e+01 4.50650014786749295581e+01 4.50650014786749295581e+01 4.50650014786749295581e+01 0
-1.37977697658740599335e-07 4.49737925969031877571e+01 4.49737925969031877571e+01 4.49737925969031877571e+01 4.49737925969031877571e+01 0
-1.25896858417524106012e-07 4.50983052432074345006e+01 4.50983052432074345006e+01 4.50983052432074345006e+01 4.50983052432074345006e+01 0
-1.14873774735710398984e-07 4.50597919497692913637e+01 4.50597919497692913637e+01 4.50597919497692913637e+01 4.50597919497692913637e+01 0
-1.04815833277329194751e-07 4.52033305381861367778e+01 4.52033305381861367778e+01 4.52033305381861367778e+01 4.52033305381861367778e+01 0
-9.56385296025759290035e-08 4.51468502732023679869e+01 4.51468502732023679869e+01 4.51468502732023679869e+01 4.51468502732023679869e+01 0
-8.72647581815404189808e-08 4.52375810771055739679e+01 4.52375810771055739679e+01 4.52375810771055739679e+01 4.52375810771055739679e+01 0
-7.96241645718235896512e-08 4.51137876862892497343e+01 4.51137876862892497343e+01 4.51137876862892497343e+01 4.51137876862892497343e+01 0
-7.26525543171903391202e-08 4.51521941784305766987e+01 4.51521941784305766987e+01 4.51521941784305766987e+01 4.51521941784305766987e+01 0
-6.62913536009663071362e-08 4.50093817258474118148e+01 4.50093817258474118148e+01 4.50093817258474118148e+01 4.50093817258474118148e+01 0
-6.04871171227156106611e-08 4.50655425319127544981e+01 4.50655425319127544981e+01 4.50655425319127544981e+01 4.50655425319127544981e+01 0
-5.51910790634962066470e-08 4.49755009927697528838e+01 4.49755009927697528838e+01 4.49755009927697528838e+01 4.49755009927697528838e+01 0
-5.03587433670096371108e-08 4.50988806806650046610e+01 4.50988806806650046610e+01 4.50988806806650046610e+01 4.50988806806650046610e+01 0
-4.59495098942841410648e-08 4.50614656874701253741e+01 4.50614656874701253741e+01 4.50614656874701253741e+01 4.50614656874701253741e+01 0
-4.19263333109316779003e-08 4.52041672782967012267e+01 4.52041672782967012267e+01 4.52041672782967012267e+01 4.52041672782967012267e+01 0
-3.82554118410303716014e-08 4.51485945938410537792e+01 4.51485945938410537792e+01 4.51485945938410537792e+01 4.51485945938410537792e+01 0
-3.49059032726161649453e-08 4.52385928019884033802e+01 4.52385928019884033802e+01 4.52385928019884033802e+01 4.52385928019884033802e+01 0
-3.18496658287294252726e-08 4.51155190677623849638e+01 4.51155190677623849638e+01 4.51155190677623849638e+01 4.51155190677623849638e+01 0
-2.90610217268761303541e-08 4.51532309170346479732e+01 4.51532309170346479732e+01 4.51532309170346479732e+01 4.51532309170346479732e+01 0
-2.65165414403865321189e-08 4.50109486838410006726e+01 4.50109486838410006726e+01 4.50109486838410006726e+01 4.50109486838410006726e+01 0
-2.41948468490862409557e-08 4.50665364614016752398e+01 4.50665364614016752398e+01 4.50665364614016752398e+01 4.50665364614016752398e+01 0
-2.20764316253984919232e-08 4.49769563745155025458e+01 4.49769563745155025458e+01 4.49769563745155025458e+01 4.49769563745155025458e+01 0
-2.01434973468038594765e-08 4.50998820025913857990e+01 4.50998820025913857990e+01 4.50998820025913857990e+01 4.50998820025913857990e+01 0
-1.83798039577136603964e-08 4.50629029186286800268e+01 4.50629029186286800268e+01 4.50629029186286800268e+01 4.50629029186286800268e+01 0
-1.67705333243726718219e-08 4.52052700918667156316e+01 4.52052700918667156316e+01 4.52052700918667156316e+01 4.52052700918667156316e+01 0
-1.53021647364121512875e-08 4.51500577334693744547e+01 4.51500577334693744547e+01 4.51500577334693744547e+01 4.51500577334693744547e+01 0
-1.39623613090464712721e-08 4.52397629574006501230e+01 4.52397629574006501230e+01 4.52397629574006501230e+01 4.52397629574006501230e+01 0
-1.27398663314917707708e-08 4.51169737943895938770e+01 4.51169737943895938770e+01 4.51169737943895938770e+01 4.51169737943895938770e+01 0
-1.16244086907504498255e-08 4.51544073645020915819e+01 4.51544073645020915819e+01 4.51544073645020915819e+01 4.51544073645020915819e+01 0
-1.06066165761546102006e-08 4.50123339725484328255e+01 4.50123339725484328255e+01 4.50123339725484328255e+01 4.50123339725484328255e+01 0
-9.67793873963449902926e-09 4.50676927767951411852e+01 4.50676927767951411852e+01 4.50676927767951411852e+01 4.50676927767951411852e+01 0
-8.83057265015939445318e-09 4.49782951788936529169e+01 4.49782951788936529169e+01 4.49782951788936529169e+01 4.49782951788936529169e+01 0
-8.05739893872154412149e-09 4.51010407562902528866e+01 4.51010407562902528866e+01 4.51010407562902528866e+01 4.51010407562902528866e+01 0
-7.35192158308546266964e-09 4.50642350387198717954e+01 4.50642350387198717954e+01 4.50642350387198717954e+01 4.50642350387198717954e+01 0
-6.70821332974906988680e-09 4.52064705458606681532e+01 4.52064705458606681532e+01 4.52064705458606681532e+01 4.52064705458606681532e+01 0
-6.12086589456485935696e-09 4.51514012711431504954e+01 4.51514012711431504954e+01 4.51514012711431504954e+01 4.51514012711431504954e+01 0
-5.58494452361858701991e-09 4.52409904157171780525e+01 4.52409904157171780525e+01 4.52409904157171780525e+01 4.52409904157171780525e+01 0
-5.09594653259670897005e-09 4.51183129879552140551e+01 4.51183129879552140551e+01 4.51183129879552140551e+01 4.51183129879552140551e+01 0
-4.64976347630018125370e-09 4.51556355398905822085e+01 4.51556355398905822085e+01 4.51556355398905822085e+01 4.51556355398905822085e+01 0
-4.24264663046184441111e-09 4.50136433198752143880e+01 4.50136433198752143880e+01 4.50136433198752143880e+01 4.50136433198752143880e+01 0
-3.87117549585379861909e-09 4.50689111947929959001e+01 4.50689111947929959001e+01 4.50689111947929959001e+01 4.50689111947929959001e+01 0
-3.53222906006375811214e-09 4.49795852037484706898e+01 4.49795852037484706898e+01 4.49795852037484706898e+01 4.49795852037484706898e+01 0
-3.22295957548861690413e-09 4.51022606587005014944e+01 4.51022606587005014944e+01 4.51022606587005014944e+01 4.51022606587005014944e+01 0
-2.94076863323418506785e-09 4.50655239849187552181e+01 4.50655239849187552181e+01 4.50655239849187552181e+01 4.50655239849187552181e+01 0
-2.68328533189962795472e-09 4.52077094480557235556e+01 4.52077094480557235556e+01 4.52077094480557235556e+01 4.52077094480557235556e+01 0
-2.44834635782594399094e-09 4.51526975318675312110e+01 4.51526975318675312110e+01 4.51526975318675312110e+01 4.51526975318675312110e+01 0
-2.23397780944743522155e-09 4.52422406256220384080e+01 4.52422406256220384080e+01 4.52422406256220384080e+01 4.52422406256220384080e+01 0
-2.03837861303868391889e-09 4.51196068975508239873e+01 4.51196068975508239873e+01 4.51196068975508239873e+01 4.51196068975508239873e+01 0
-1.85990539052007200517e-09 4.51568844899407864091e+01 4.51568844899407864091e+01 4.51568844899407864091e+01 4.51568844899407864091e+01 0
-1.69705865218473817803e-09 4.50149233854795625120e+01 4.50149233854795625120e+01 4.50149233854795625120e+01 4.50149233854795625120e+01 0
-1.54847019834152002666e-09 4.50701546866182667372e+01 4.50701546866182667372e+01 4.50701546866182667372e+01 4.50701546866182667372e+01 0
-1.41289162402550303806e-09 4.49808574647896506349e+01 4.49808574647896506349e+01 4.49808574647896506349e+01 4.49808574647896506349e+01 0
-1.28918383019544705117e-09 4.51035066892773883751e+01 4.51035066892773883751e+01 4.51035066892773883751e+01 4.51035066892773883751e+01 0
-1.17630745329367402714e-09 4.50668006715876430235e+01 4.50668006715876430235e+01 4.50668006715876430235e+01 4.50668006715876430235e+01 0
-1.07331413275985097509e-09 4.52089725578882664081e+01 4.52089725578882664081e+01 4.52089725578882664081e+01 4.52089725578882664081e+01 0
-9.79338543130377513658e-10 4.51539944901057452853e+01 4.51539944901057452853e+01 4.51539944901057452853e+01 4.51539944901057452853e+01 0
-8.93591123778973943865e-10 4.52435089112552759616e+01 4.52435089112552759616e+01 4.52435089112552759616e+01 4.52435089112552759616e+01 0
-8.15351445215473422800e-10 4.51209024629660149230e+01 4.51209024629660149230e+01 4.51209024629660149230e+01 4.51209024629660149230e+01 0
-7.43962156208029008864e-10 4.51581502191296308979e+01 4.51581502191296308979e+01 4.51581502191296308979e+01 4.51581502191296308979e+01 0
-6.78823460873895064418e-10 4.50162105399049323751e+01 4.50162105399049323751e+01 4.50162105399049323751e+01 4.50162105399049323751e+01 0
-6.19388079336607865908e-10 4.50714160528090417301e+01 4.50714160528090417301e+01 4.50714160528090417301e+01 4.50714160528090417301e+01 0
-5.65156649610201173866e-10 4.49821638003445301024e+01 4.49821638003445301024e+01 4.49821638003445301024e+01 4.49821638003445301024e+01 0
-5.15673532078178737748e-10 4.51048266394824963754e+01 4.51048266394824963754e+01 4.51048266394824963754e+01 4.51048266394824963754e+01 0
-4.70522981317469672895e-10 4.50682448579458423410e+01 4.50682448579458423410e+01 4.50682448579458423410e+01 4.50682448579458423410e+01 0
-4.29325653103940410716e-10 4.52105979947462657265e+01 4.52105979947462657265e+01 4.52105979947462657265e+01 4.52105979947462657265e+01 0
-3.91735417252150984784e-10 4.51560546299880627430e+01 4.51560546299880627430e+01 4.51560546299880627430e+01 4.51560546299880627430e+01 0
3.91735417252150984784e-10 4.51560538784566389836e+01 4.51560538784566389836e+01 4.51560538784566389836e+01 4.51560538784566389836e+01 0
4.29325653103940410716e-10 4.52105976055675853331e+01 4.52105976055675853331e+01 4.52105976055675853331e+01 4.52105976055675853331e+01 0
4.70522981317469672895e-10 4.50682444559551100838e+01 4.50682444559551100838e+01 4.50682444559551100838e+01 4.50682444559551100838e+01 0
5.15673532078178737748e-10 4.51048263981824888447e+01 4.51048263981824888447e+01 4.51048263981824888447e+01 4.51048263981824888447e+01 0
5.65156649610201173866e-10 4.49821633592121443712e+01 4.49821633592121443712e+01 4.49821633592121443712e+01 4.49821633592121443712e+01 0
6.19388079336607865908e-10 4.50714156540067634182e+01 4.50714156540067634182e+01 4.50714156540067634182e+01 4.50714156540067634182e+01 0
6.78823460873895064418e-10 4.50162099089228036064e+01 4.50162099089228036064e+01 4.50162099089228036064e+01 4.50162099089228036064e+01 0
7.43962156208029008864e-10 4.51581497910396691964e+01 4.51581497910396691964e+01 4.51581497910396691964e+01 4.51581497910396691964e+01 0
8.15351445215473422800e-10 4.51209018463836883939e+01 4.51209018463836883939e+01 4.51209018463836883939e+01 4.51209018463836883939e+01 0
8.93591123778973943865e-10 4.52435085909555425587e+01 4.52435085909555425587e+01 4.52435085909555425587e+01 4.52435085909555425587e+01 0
9.79338543130377513658e-10 4.51539940615781603128e+01 4.51539940615781603128e+01 4.51539940615781603128e+01 4.51539940615781603128e+01 0
1.07331413275985097509e-09 4.52089724209535148702e+01 4.52089724209535148702e+01 4.52089724209535148702e+01 4.52089724209535148702e+01 0
1.17630745329367402714e-09 4.50668005414032464273e+01 4.50668005414032464273e+01 4.50668005414032464273e+01 4.50668005414032464273e+01 0
1.28918383019544705117e-09 4.51035066543827625196e+01 4.51035066543827625196e+01 4.51035066543827625196e+01 4.51035066543827625196e+01 0
1.41289162402550303806e-09 4.49808572514442488455e+01 4.49808572514442488455e+01 4.49808572514442488455e+01 4.49808572514442488455e+01 0
1.54847019834152002666e-09 4.50701544526613773201e+01 4.50701544526613773201e+01 4.50701544526613773201e+01 4.50701544526613773201e+01 0
1.69705865218473817803e-09 4.50149229579465881557e+01 4.50149229579465881557e+01 4.50149229579465881557e+01 4.50149229579465881557e+01 0
1.85990539052007200517e-09 4.51568841723152303302e+01 4.51568841723152303302e+01 4.51568841723152303302e+01 4.51568841723152303302e+01 0
2.03837861303868391889e-09 4.51196064850165186044e+01 4.51196064850165186044e+01 4.51196064850165186044e+01 4.51196064850165186044e+01 0
2.23397780944743522155e-09 4.52422404500379187198e+01 4.52422404500379187198e+01 4.52422404500379187198e+01 4.52422404500379187198e+01 0
2.44834635782594399094e-09 4.51526973528488824172e+01 4.51526973528488824172e+01 4.51526973528488824172e+01 4.51526973528488824172e+01 0
2.68328533189962795472e-09 4.52077095044741525953e+01 4.52077095044741525953e+01 4.52077095044741525953e+01 4.52077095044741525953e+01 0
2.94076863323418506785e-09 4.50655240284262816886e+01 4.50655240284262816886e+01 4.50655240284262816886e+01 4.50655240284262816886e+01 0
3.22295957548861690413e-09 4.51022607675980253816e+01 4.51022607675980253816e+01 4.51022607675980253816e+01 4.51022607675980253816e+01 0
3.53222906006375811214e-09 4.49795851296897097882e+01 4.49795851296897097882e+01 4.49795851296897097882e+01 4.49795851296897097882e+01 0
3.87117549585379861909e-09 4.50689110763976117369e+01 4.50689110763976117369e+01 4.50689110763976117369e+01 4.50689110763976117369e+01 0
4.24264663046184441111e-09 4.50136430085376915144e+01 4.50136430085376915144e+01 4.50136430085376915144e+01 4.50136430085376915144e+01 0
4.64976347630018125370e-09 4.51556352917630476895e+01 4.51556352917630476895e+01 4.51556352917630476895e+01 4.51556352917630476895e+01 0
5.09594653259670897005e-09 4.51183126742597551129e+01 4.51183126742597551129e+01 4.51183126742597551129e+01 4.51183126742597551129e+01 0
5.58494452361858701991e-09 4.52409903110401927506e+01 4.52409903110401927506e+01 4.52409903110401927506e+01 4.52409903110401927506e+01 0
6.12086589456485935696e-09 4.51514012003641198589e+01 4.51514012003641198589e+01 4.51514012003641198589e+01 4.51514012003641198589e+01 0
6.70821332974906988680e-09 4.52064706873270907295e+01 4.52064706873270907295e+01 4.52064706873270907295e+01 4.52064706873270907295e+01 0
7.35192158308546266964e-09 4.50642351563275695980e+01 4.50642351563275695980e+01 4.50642351563275695980e+01 4.50642351563275695980e+01 0
8.05739893872154412149e-09 4.51010409279457462617e+01 4.51010409279457462617e+01 4.51010409279457462617e+01 4.51010409279457462617e+01 0
8.83057265015939445318e-09 4.49782951633228833543e+01 4.49782951633228833543e+01 4.49782951633228833543e+01 4.49782951633228833543e+01 0
9.67793873963449902926e-09 4.50676927087079661760e+01 4.50676927087079661760e+01 4.50676927087079661760e+01 4.50676927087079661760e+01 0
1.06066165761546102006e-08 4.50123337105236487332e+01 4.50123337105236487332e+01 4.50123337105236487332e+01 4.50123337105236487332e+01 0
1.16244086907504498255e-08 4.51544071482768600845e+01 4.51544071482768600845e+01 4.51544071482768600845e+01 4.51544071482768600845e+01 0
1.27398663314917707708e-08 4.51169735230649635582e+01 4.51169735230649635582e+01 4.51169735230649635582e+01 4.51169735230649635582e+01 0
1.39623613090464712721e-08 4.52397628846678259151e+01 4.52397628846678259151e+01 4.52397628846678259151e+01 4.52397628846678259151e+01 0
1.53021647364121512875e-08 4.51500577082071004043e+01 4.51500577082071004043e+01 4.51500577082071004043e+01 4.51500577082071004043e+01 0
1.67705333243726718219e-08 4.52052702698093753497e+01 4.52052702698093753497e+01 4.52052702698093753497e+01 4.52052702698093753497e+01 0
1.83798039577136603964e-08 4.50629030687976666059e+01 4.50629030687976666059e+01 4.50629030687976666059e+01 4.50629030687976666059e+01 0
2.01434973468038594765e-08 4.50998822022706917778e+01 4.50998822022706917778e+01 4.50998822022706917778e+01 4.50998822022706917778e+01 0
2.20764316253984919232e-08 4.49769563860122474352e+01 4.49769563860122474352e+01 4.49769563860122474352e+01 4.49769563860122474352e+01 0
2.41948468490862409557e-08 4.50665364169235687086e+01 4.50665364169235687086e+01 4.50665364169235687086e+01 4.50665364169235687086e+01 0
2.65165414403865321189e-08 4.50109484450964387747e+01 4.50109484450964387747e+01 4.50109484450964387747e+01 4.50109484450964387747e+01 0
2.90610217268761303541e-08 4.51532307168312030399e+01 4.51532307168312030399e+01 4.51532307168312030399e+01 4.51532307168312030399e+01 0
3.18496658287294252726e-08 4.51155188166830072305e+01 4.51155188166830072305e+01 4.51155188166830072305e+01 4.51155188166830072305e+01 0
3.49059032726161649453e-08 4.52385927452455973707e+01 4.52385927452455973707e+01 4.52385927452455973707e+01 4.52385927452455973707e+01 0
3.82554118410303716014e-08 4.51485945897006004657e+01 4.51485945897006004657e+01 4.51485945897006004657e+01 4.51485945897006004657e+01 0
4.19263333109316779003e-08 4.52041674730438458596e+01 4.52041674730438458596e+01 4.52041674730438458596e+01 4.52041674730438458596e+01 0
4.59495098942841410648e-08 4.50614658540510291118e+01 4.50614658540510291118e+01 4.50614658540510291118e+01 4.50614658540510291118e+01 0
5.03587433670096371108e-08 4.50988808951043012030e+01 4.50988808951043012030e+01 4.50988808951043012030e+01 4.50988808951043012030e+01 0
5.51910790634962066470e-08 4.49755010198731923765e+01 4.49755010198731923765e+01 4.49755010198731923765e+01 4.49755010198731923765e+01 0
6.04871171227156106611e-08 4.50655425011326187246e+01 4.50655425011326187246e+01 4.50655425011326187246e+01 4.50655425011326187246e+01 0
6.62913536009663071362e-08 4.50093815013990052876e+01 4.50093815013990052876e+01 4.50093815013990052876e+01 4.50093815013990052876e+01 0
7.26525543171903391202e-08 4.51521939912146663687e+01 4.51521939912146663687e+01 4.51521939912146663687e+01 4.51521939912146663687e+01 0
7.96241645718235896512e-08 4.51137874499139357454e+01 4.51137874499139357454e+01 4.51137874499139357454e+01 4.51137874499139357454e+01 0
8.72647581815404189808e-08 4.52375810346327824618e+01 4.52375810346327824618e+01 4.52375810346327824618e+01 4.52375810346327824618e+01 0
9.56385296025759290035e-08 4.51468502846993118283e+01 4.51468502846993118283e+01 4.51468502846993118283e+01 4.51468502846993118283e+01 0
1.04815833277329194751e-07 4.52033307478064543261e+01 4.52033307478064543261e+01 4.52033307478064543261e+01 4.52033307478064543261e+01 0
1.14873774735710398984e-07 4.50597921332041337905e+01 4.50597921332041337905e+01 4.50597921332041337905e+01 4.50597921332041337905e+01 0
1.25896858417524106012e-07 4.50983054738990887245e+01 4.50983054738990887245e+01 4.50983054738990887245e+01 4.50983054738990887245e+01 0
1.37977697658740599335e-07 4.49737926431956083206e+01 4.49737926431956083206e+01 4.49737926431956083206e+01 4.49737926431956083206e+01 0
1.51217792806789099445e-07 4.50650014652361718959e+01 4.50650014652361718959e+01 4.50650014652361718959e+01 4.50650014652361718959e+01 0
1.65728384002415794310e-07 4.50074159679361258668e+01 4.50074159679361258668e+01 4.50074159679361258668e+01 4.50074159679361258668e+01 0
1.81631385792975794861e-07 4.51515741509323760283e+01 4.51515741509323760283e+01 4.51515741509323760283e+01 4.51515741509323760283e+01 0
1.99060411429558881484e-07 4.51114454555385790968e+01 4.51114454555385790968e+01 4.51114454555385790968e+01 4.51114454555385790968e+01 0
2.18161895453850981278e-07 4.52370633873604646169e+01 4.52370633873604646169e+01 4.52370633873604646169e+01 4.52370633873604646169e+01 0
2.39096324006439802656e-07 4.51445197164855898109e+01 4.51445197164855898109e+01 4.51445197164855898109e+01 4.51445197164855898109e+01 0
2.62039583193322993494e-07 4.52033002129450096618e+01 4.52033002129450096618e+01 4.52033002129450096618e+01 4.52033002129450096618e+01 0
2.87184436839275878347e-07 4.50576946915653735459e+01 4.50576946915653735459e+01 4.50576946915653735459e+01 4.50576946915653735459e+01 0
3.14742146043810265030e-07 4.50989998858782143998e+01 4.50989998858782143998e+01 4.50989998858782143998e+01 4.50989998858782143998e+01 0
3.44944244146851379225e-07 4.49716955885139526572e+01 4.49716955885139526572e+01 4.49716955885139526572e+01 4.49716955885139526572e+01 0
3.78044482016972603028e-07 4.50658898759224726405e+01 4.50658898759224726405e+01 4.50658898759224726405e+01 4.50658898759224726405e+01 0
4.14320960006039459306e-07 4.50048061482181154247e+01 4.50048061482181154247e+01 4.50048061482181154247e+01 4.50048061482181154247e+01 0
4.54078464482439566561e-07 4.51524245813598881227e+01 4.51524245813598881227e+01 4.51524245813598881227e+01 4.51524245813598881227e+01 0
4.97651028573897362528e-07 4.51080898663820519801e+01 4.51080898663820519801e+01 4.51080898663820519801e+01 4.51080898663820519801e+01 0
5.45404738634627717892e-07 4.52384011650313908603e+01 4.52384011650313908603e+01 4.52384011650313908603e+01 4.52384011650313908603e+01 0
5.97740810016099586050e-07 4.51414622018279487747e+01 4.51414622018279487747e+01 4.51414622018279487747e+01 4.51414622018279487747e+01 0
6.55098957983307430796e-07 4.52061777117245711111e+01 4.52061777117245711111e+01 4.52061777117245711111e+01 4.52061777117245711111e+01 0
7.17961092098189695866e-07 4.50555979912899928763e+01 4.50555979912899928763e+01 4.50555979912899928763e+01 4.50555979912899928763e+01 0
7.86855365109525609635e-07 4.51041672607578121301e+01 4.51041672607578121301e+01 4.51041672607578121301e+01 4.51041672607578121301e+01 0
8.62360610367128368652e-07 4.49701701001700442362e+01 4.49701701001700442362e+01 4.49701701001700442362e+01 4.49701701001700442362e+01 0
9.45111205042431322281e-07 4.50722334516737106469e+01 4.50722334516737106469e+01 4.50722334516737106469e+01 4.50722334516737106469e+01 0
1.03580240001509891296e-06 4.50028150891955291968e+01 4.50028150891955291968e+01 4.50028150891955291968e+01 4.50028150891955291968e+01 0
1.13519616120609888993e-06 4.51596604090006650267e+01 4.51596604090006650267e+01 4.51596604090006650267e+01 4.51596604090006650267e+01 0
1.24412757143474287692e-06 4.51054490267538170656e+01 4.51054490267538170656e+01 4.51054490267538170656e+01 4.51054490267538170656e+01 0
1.36351184658656897709e-06 4.52483060267829628742e+01 4.52483060267829628742e+01 4.52483060267829628742e+01 4.52483060267829628742e+01 0
1.49435202504024885925e-06 4.51412677350175286506e+01 4.51412677350175286506e+01 4.51412677350175286506e+01 4.51412677350175286506e+01 0
1.63774739495826889463e-06 4.52219814575939977885e+01 4.52219814575939977885e+01 4.52219814575939977885e+01 4.52219814575939977885e+01 0
1.79490273024547492788e-06 4.50602236208361190961e+01 4.50602236208361190961e+01 4.50602236208361190961e+01 4.50602236208361190961e+01 0
1.96713841277381391821e-06 4.51287513942256452992e+01 4.51287513942256452992e+01 4.51287513942256452992e+01 4.51287513942256452992e+01 0
2.15590152591782108045e-06 4.49798690963707343826e+01 4.49798690963707343826e+01 4.49798690963707343826e+01 4.49798690963707343826e+01 0
2.36277801260607909979e-06 4.51041510827095066816e+01 4.51041510827095066816e+01 4.51041510827095066816e+01 4.51041510827095066816e+01 0
2.58950600003774601186e-06 4.50165352483070790868e+01 4.50165352483070790868e+01 4.50165352483070790868e+01 4.50165352483070790868e+01 0
2.83799040301524807187e-06 4.52000596602147410863e+01 4.52000596602147410863e+01 4.52000596602147410863e+01 4.52000596602147410863e+01 0
3.11031892858685803934e-06 4.51252648605833073248e+01 4.51252648605833073248e+01 4.51252648605833073248e+01 4.51252648605833073248e+01 0
3.40877961646642297212e-06 4.53046019450144967777e+01 4.53046019450144967777e+01 4.53046019450144967777e+01 4.53046019450144967777e+01 0
3.73588006260062214812e-06 4.51780383258670852342e+01 4.51780383258670852342e+01 4.51780383258670852342e+01 4.51780383258670852342e+01 0
4.09436848739567181305e-06 4.53061061018301387548e+01 4.53061061018301387548e+01 4.53061061018301387548e+01 4.53061061018301387548e+01 0
4.48725682561368615503e-06 4.51245331521134716013e+01 4.51245331521134716013e+01 4.51245331521134716013e+01 4.51245331521134716013e+01 0
4.91784603193453437201e-06 4.52544025436025236786e+01 4.52544025436025236786e+01 4.52544025436025236786e+01 4.52544025436025236786e+01 0
5.38975381479455248936e-06 4.50803490503853083737e+01 4.50803490503853083737e+01 4.50803490503853083737e+01 4.50803490503853083737e+01 0
5.90694503151519647894e-06 4.52761539410869815470e+01 4.52761539410869815470e+01 4.52761539410869815470e+01 4.52761539410869815470e+01 0
6.47376500009436693547e-06 4.51604737562322640088e+01 4.51604737562322640088e+01 4.51604737562322640088e+01 4.51604737562322640088e+01 0
7.09497600753811890912e-06 4.54333001998945604782e+01 4.54333001998945604782e+01 4.54333001998945604782e+01 4.54333001998945604782e+01 0
7.77579732146714636891e-06 4.53345617962980682591e+01 4.53345617962980682591e+01 4.53345617962980682591e+01 4.53345617962980682591e+01 0
8.52194904116605827734e-06 4.56372002959408078482e+01 4.56372002959408078482e+01 4.56372002959408078482e+01 4.56372002959408078482e+01 0
9.33970015650155600557e-06 4.54998296294968866960e+01 4.54998296294968866960e+01 4.54998296294968866960e+01 4.54998296294968866960e+01 0
1.02359212184891812267e-05 4.57931193000304261886e+01 4.57931193000304261886e+01 4.57931193000304261886e+01 4.57931193000304261886e+01 0
1.12181420640342204698e-05 4.56170156296999138590e+01 4.56170156296999138590e+01 4.56170156296999138590e+01 4.56170156296999138590e+01 0
1.22946150798363418592e-05 4.59732254467722611935e+01 4.59732254467722611935e+01 4.59732254467722611935e+01 4.59732254467722611935e+01 0
1.34743845369863799529e-05 4.58215915680500529561e+01 4.58215915680500529561e+01 4.58215915680500529561e+01 4.58215915680500529561e+01 0
1.47673625787879903503e-05 4.62911017385854250961e+01 4.62911017385854250961e+01 4.62911017385854250961e+01 4.62911017385854250961e+01 0
1.61844125002359203033e-05 4.62352001015978970599e+01 4.62352001015978970599e+01 4.62352001015978970599e+01 4.62352001015978970599e+01 0
1.77374400188453006609e-05 4.68643805636244223933e+01 4.68643805636244223933e+01 4.68643805636244223933e+01 4.68643805636244223933e+01 0
1.94394933036678710045e-05 4.69227798027894849042e+01 4.69227798027894849042e+01 4.69227798027894849042e+01 4.69227798027894849042e+01 0
2.13048726029151414582e-05 4.77205354293790549036e+01 4.77205354293790549036e+01 4.77205354293790549036e+01 4.77205354293790549036e+01 0
2.33492503912538900139e-05 4.78740759309694752233e+01 4.78740759309694752233e+01 4.78740759309694752233e+01 4.78740759309694752233e+01 0
2.55898030462229522197e-05 4.88486625552092803559e+01 4.88486625552092803559e+01 4.88486625552092803559e+01 4.88486625552092803559e+01 0
2.80453551600855418571e-05 4.91923517605636249073e+01 4.91923517605636249073e+01 4.91923517605636249073e+01 4.91923517605636249073e+01 0
3.07365376995908377075e-05 5.05458458940241825985e+01 5.05458458940241825985e+01 5.05458458940241825985e+01 5.05458458940241825985e+01 0
3.36859613424659532703e-05 5.12725441968024284733e+01 5.12725441968024284733e+01 5.12725441968024284733e+01 5.12725441968024284733e+01 0
3.69184064469699809580e-05 5.32158791483319788540e+01 5.32158791483319788540e+01 5.32158791483319788540e+01 5.32158791483319788540e+01 0
4.04610312505897939820e-05 5.44863932076836263718e+01 5.44863932076836263718e+01 5.44863932076836263718e+01 5.44863932076836263718e+01 0
4.43436000471132397939e-05 5.72506932286230707518e+01 5.72506932286230707518e+01 5.72506932286230707518e+01 5.72506932286230707518e+01 0
4.85987332591696622646e-05 5.93284558784805113874e+01 5.93284558784805113874e+01 5.93284558784805113874e+01 5.93284558784805113874e+01 0
5.32621815072878638099e-05 6.28633904068293958289e+01 6.28633904068293958289e+01 6.28633904068293958289e+01 6.28633904068293958289e+01 0
5.83731259781347216467e-05 6.55981172267114374108e+01 6.55981172267114374108e+01 6.55981172267114374108e+01 6.55981172267114374108e+01 0
6.39745076155573839374e-05 6.95556070154111694137e+01 6.95556070154111694137e+01 6.95556070154111694137e+01 6.95556070154111694137e+01 0
7.01133879002138461723e-05 7.28517966185184775441e+01 7.28517966185184775441e+01 7.28517966185184775441e+01 7.28517966185184775441e+01 0
7.68413442489771078212e-05 7.61586162907136383637e+01 7.61586162907136383637e+01 7.61586162907136383637e+01 7.61586162907136383637e+01 0
8.42149033561649001164e-05 7.87730611244836325113e+01 7.87730611244836325113e+01 7.87730611244836325113e+01 7.87730611244836325113e+01 0
9.22960161174249523949e-05 8.07404412100720492163e+01 8.07404412100720492163e+01 8.07404412100720492163e+01 8.07404412100720492163e+01 0
1.01152578126474505284e-04 8.14554868715940330048e+01 8.14554868715940330048e+01 8.14554868715940330048e+01 8.14554868715940330048e+01 0
1.10859000117783106261e-04 8.12001877809985472823e+01 8.12001877809985472823e+01 8.12001877809985472823e+01 8.12001877809985472823e+01 0
1.21496833147924203095e-04 7.85876319554527071887e+01 7.85876319554527071887e+01 7.85876319554527071887e+01 7.85876319554527071887e+01 0
1.33155453768219595150e-04 7.49551883750300902420e+01 7.49551883750300902420e+01 7.49551883750300902420e+01 7.49551883750300902420e+01 0
1.45932814945336810893e-04 7.01434484217311933207e+01 7.01434484217311933207e+01 7.01434484217311933207e+01 7.01434484217311933207e+01 0
1.59936269038893493725e-04 6.38334519922780856405e+01 6.38334519922780856405e+01 6.38334519922780856405e+01 6.38334519922780856405e+01 0
1.75283469750534622207e-04 5.71304535289864503511e+01 5.71304535289864503511e+01 5.71304535289864503511e+01 5.71304535289864503511e+01 0
1.92103360622442823763e-04 4.92339104183660296599e+01 4.92339104183660296599e+01 4.92339104183660296599e+01 4.92339104183660296599e+01 0
2.10537258390412209633e-04 4.17407305958541741120e+01 4.17407305958541741120e+01 4.17407305958541741120e+01 4.17407305958541741120e+01 0
2.30740040293562408092e-04 3.41779579051262629719e+01 3.41779579051262629719e+01 3.41779579051262629719e+01 3.41779579051262629719e+01 0
2.52881445316186208999e-04 2.74967995791127748362e+01 2.74967995791127748362e+01 2.74967995791127748362e+01 2.74967995791127748362e+01 0
2.77147500294457819862e-04 2.11364494028773677314e+01 2.11364494028773677314e+01 2.11364494028773677314e+01 2.11364494028773677314e+01 0
3.03742082869810372213e-04 1.64171230121503164412e+01 1.64171230121503164412e+01 1.64171230121503164412e+01 1.64171230121503164412e+01 0
3.32888634420549069191e-04 1.20156768513978988722e+01 1.20156768513978988722e+01 1.20156768513978988722e+01 1.20156768513978988722e+01 0
3.64832037363341959470e-04 8.94211147941044970366e+00 8.94211147941044970366e+00 8.94211147941044970366e+00 8.94211147941044970366e+00 0
3.99840672597233707207e-04 6.25187965017232016862e+00 6.25187965017232016862e+00 6.25187965017232016862e+00 6.25187965017232016862e+00 0
4.38208674376336609728e-04 4.49381362237992743047e+00 4.49381362237992743047e+00 4.49381362237992743047e+00 4.49381362237992743047e+00 0
4.80258401556107005197e-04 3.12261083031866037985e+00 3.12261083031866037985e+00 3.12261083031866037985e+00 3.12261083031866037985e+00 0
5.26343145976030496978e-04 2.25318613686688351549e+00 2.25318613686688351549e+00 2.25318613686688351549e+00 2.25318613686688351549e+00 0
5.76850100733905979573e-04 1.52868192934093460877e+00 1.52868192934093460877e+00 1.52868192934093460877e+00 1.52868192934093460877e+00 0
6.32203613290465522498e-04 1.10128975750138446976e+00 1.10128975750138446976e+00 1.10128975750138446976e+00 1.10128975750138446976e+00 0
6.92868750736144387026e-04 7.49524070103577910729e-01 7.49524070103577910729e-01 7.49524070103577910729e-01 7.49524070103577910729e-01 0
7.59355207174526093163e-04 5.54304119309076859246e-01 5.54304119309076859246e-01 5.54304119309076859246e-01 5.54304119309076859246e-01 0
8.32221586051372971132e-04 3.88398807916936927853e-01 3.88398807916936927853e-01 3.88398807916936927853e-01 3.88398807916936927853e-01 0
9.12080093408355169725e-04 2.86137749577496769415e-01 2.86137749577496769415e-01 2.86137749577496769415e-01 2.86137749577496769415e-01 0
9.99601681493084105387e-04 2.04046333359375692273e-01 2.04046333359375692273e-01 2.04046333359375692273e-01 2.04046333359375692273e-01 0
1.09552168594084092801e-03 1.52090211887175141836e-01 1.52090211887175141836e-01 1.52090211887175141836e-01 1.52090211887175141836e-01 0
1.20064600389026797378e-03 1.12338199124581608612e-01 1.12338199124581608612e-01 1.12338199124581608612e-01 1.12338199124581608612e-01 0
1.31585786494007607982e-03 8.53600383036862420116e-02 8.53600383036862420116e-02 8.53600383036862420116e-02 8.53600383036862420116e-02 0
1.44212525183476511156e-03 6.36503779248541734503e-02 6.36503779248541734503e-02 6.36503779248541734503e-02 6.36503779248541734503e-02 0
1.58050903322616391466e-03 4.90081085056546447709e-02 4.90081085056546447709e-02 4.90081085056546447709e-02 4.90081085056546447709e-02 0
1.73217187684036096756e-03 3.72853021241774038042e-02 3.72853021241774038042e-02 3.72853021241774038042e-02 3.72853021241774038042e-02 0
1.89838801793631517870e-03 2.94842601324156565468e-02 2.94842601324156565468e-02 2.94842601324156565468e-02 2.94842601324156565468e-02 0
2.08055396512843221099e-03 2.28341483759318363000e-02 2.28341483759318363000e-02 2.28341483759318363000e-02 2.28341483759318363000e-02 0
2.28020023352088797852e-03 1.82764585212772494305e-02 1.82764585212772494305e-02 1.82764585212772494305e-02 1.82764585212772494305e-02 0
2.49900420373270993821e-03 1.43643451730659336973e-02 1.43643451730659336973e-02 1.43643451730659336973e-02 1.43643451730659336973e-02 0
2.73880421485210318738e-03 1.17350385578559382460e-02 1.17350385578559382460e-02 1.17350385578559382460e-02 1.17350385578559382460e-02 0
3.00161500972566906709e-03 9.43451743499367292967e-03 9.43451743499367292967e-03 9.43451743499367292967e-03 9.43451743499367292967e-03 0
3.28964466235019117532e-03 7.85618017830755875630e-03 7.85618017830755875630e-03 7.85618017830755875630e-03 7.85618017830755875630e-03 0
3.60531312958691212839e-03 6.40575744849400906256e-03 6.40575744849400906256e-03 6.40575744849400906256e-03 6.40575744849400906256e-03 0
3.95127258306540891930e-03 5.44341818586716562345e-03 5.44341818586716562345e-03 5.44341818586716562345e-03 5.44341818586716562345e-03 0
4.33042969210090198523e-03 4.51666463155540789248e-03 4.51666463155540789248e-03 4.51666463155540789248e-03 4.51666463155540789248e-03 0
4.74597004484078686254e-03 3.94588243195278208508e-03 3.94588243195278208508e-03 3.94588243195278208508e-03 3.94588243195278208508e-03 0
5.20138491282107900959e-03 3.31636259017279713332e-03 3.31636259017279713332e-03 3.31636259017279713332e-03 3.31636259017279713332e-03 0
5.70050058380221821158e-03 2.96996833340419826019e-03 2.96996833340419826019e-03 2.96996833340419826019e-03 2.96996833340419826019e-03 0
6.24751050933177506236e-03 2.52671570713710810785e-03 2.52671570713710810785e-03 2.52671570713710810785e-03 2.52671570713710810785e-03 0
6.84701053713025840214e-03 2.32528487291684942545e-03 2.32528487291684942545e-03 2.32528487291684942545e-03 2.32528487291684942545e-03 0
7.50403752431417180035e-03 2.00751304481977315905e-03 2.00751304481977315905e-03 2.00751304481977315905e-03 2.00751304481977315905e-03 0
8.22411165587547642042e-03 1.89436489828462349509e-03 1.89436489828462349509e-03 1.89436489828462349509e-03 1.89436489828462349509e-03 0
9.01328282396728075465e-03 1.65424658753895027601e-03 1.65424658753895027601e-03 1.65424658753895027601e-03 1.65424658753895027601e-03 0
9.87818145766352143089e-03 1.59610764138218741599e-03 1.59610764138218741599e-03 1.59610764138218741599e-03 1.59610764138218741599e-03 0
1.08260742302522597336e-02 1.40803342938601409873e-03 1.40803342938601409873e-03 1.40803342938601409873e-03 1.40803342938601409873e-03 0
1.18649251121019701921e-02 1.38621255961235553475e-03 1.38621255961235553475e-03 1.38621255961235553475e-03 1.38621255961235553475e-03 0
1.30034622820527009934e-02 1.23739356396112285333e-03 1.23739356396112285333e-03 1.23739356396112285333e-03 1.23739356396112285333e-03 0
1.42512514595055511668e-02 1.23545122133245999577e-03 1.23545122133245999577e-03 1.23545122133245999577e-03 1.23545122133245999577e-03 0
1.56187762733294398243e-02 1.11875880887091563864e-03 1.11875880887091563864e-03 1.11875880887091563864e-03 1.11875880887091563864e-03 0
1.71175263428256507758e-02 1.12644207158821220600e-03 1.12644207158821220600e-03 1.12644207158821220600e-03 1.12644207158821220600e-03 0
1.87600938107854303682e-02 1.03736990654389139507e-03 1.03736990654389139507e-03 1.03736990654389139507e-03 1.03736990654389139507e-03 0
2.05602791396886919184e-02 1.05054818647760711721e-03 1.05054818647760711721e-03 1.05054818647760711721e-03 1.05054818647760711721e-03 0
2.25332070599182018866e-02 9.84588254534227245302e-04 9.84588254534227245302e-04 9.84588254534227245302e-04 9.84588254534227245302e-04 0
2.46954536441588087814e-02 1.00087780363738781605e-03 1.00087780363738781605e-03 1.00087780363738781605e-03 1.00087780363738781605e-03 0
2.70651855756306389256e-02 9.53126155615411502220e-04 9.53126155615411502220e-04 9.53126155615411502220e-04 9.53126155615411502220e-04 0
2.96623127802549194088e-02 9.72371125537042219067e-04 9.72371125537042219067e-04 9.72371125537042219067e-04 9.72371125537042219067e-04 0
3.25086557051317490141e-02 9.54679355109228099975e-04 9.54679355109228099975e-04 9.54679355109228099975e-04 9.54679355109228099975e-04 0
3.56281286487638709781e-02 9.73488206247711076492e-04 9.73488206247711076492e-04 9.73488206247711076492e-04 9.73488206247711076492e-04 0
3.90469406833235874177e-02 9.92381930967367077712e-04 9.92381930967367077712e-04 9.92381930967367077712e-04 9.92381930967367077712e-04 0
4.27938158570641130618e-02 1.00524969192416005481e-03 1.00524969192416005481e-03 1.00524969192416005481e-03 1.00524969192416005481e-03 0
4.69002345269635689817e-02 1.08177560558986112470e-03 1.08177560558986112470e-03 1.08177560558986112470e-03 1.08177560558986112470e-03 0
5.14006978492217297960e-02 1.09097789697767955097e-03 1.09097789697767955097e-03 1.09097789697767955097e-03 1.09097789697767955097e-03 0
5.63330176497955012471e-02 1.26622542293602664137e-03 1.26622542293602664137e-03 1.26622542293602664137e-03 1.26622542293602664137e-03 0
6.17386341103970184840e-02 1.26827335947570668008e-03 1.26827335947570668008e-03 1.26827335947570668008e-03 1.26827335947570668008e-03 0
6.76629639390766007834e-02 1.68080315250160880827e-03 1.68080315250160880827e-03 1.68080315250160880827e-03 1.68080315250160880827e-03 0
7.41557819506373228080e-02 1.67093501602583573498e-03 1.67093501602583573498e-03 1.67093501602583573498e-03 1.67093501602583573498e-03 0
8.12716392628293760048e-02 2.84560327269908677067e-03 2.84560327269908677067e-03 2.84560327269908677067e-03 2.84560327269908677067e-03 0
8.90703216219096705064e-02 2.83192430670386238040e-03 2.83192430670386238040e-03 2.83192430670386238040e-03 2.83192430670386238040e-03 0
9.76173517083089858914e-02 2.39922915308375117593e-01 2.39922915308375117593e-01 2.39922915308375117593e-01 2.39922915308375117593e-01 0
1.06984539642660303471e-01 5.61935194680460825545e-01 5.61935194680460825545e-01 5.61935194680460825545e-01 5.61935194680460825545e-01 0
1.17250586317408908577e-01 8.62819575836486940545e-01 8.62819575836486940545e-01 8.62819575836486940545e-01 8.62819575836486940545e-01 0
1.28501744623054303673e-01 1.13080659620084067463e+00 1.13080659620084067463e+00 1.13080659620084067463e+00 1.13080659620084067463e+00 0
1.40832544124488812098e-01 1.36222387923970900125e+00 1.36222387923970900125e+00 1.36222387923970900125e+00 1.36222387923970900125e+00 0
1.54346585275992514985e-01 1.51244617598704511607e+00 1.51244617598704511607e+00 1.51244617598704511607e+00 1.51244617598704511607e+00 0
1.69157409847691508897e-01 1.58542939104936708716e+00 1.58542939104936708716e+00 1.58542939104936708716e+00 1.58542939104936708716e+00 0
1.85389454876593307020e-01 1.59964763608970161890e+00 1.59964763608970161890e+00 1.59964763608970161890e+00 1.59964763608970161890e+00 0
2.03179098157073412256e-01 1.54621144125934106839e+00 1.54621144125934106839e+00 1.54621144125934106839e+00 1.54621144125934106839e+00 0
2.22675804054774217899e-01 1.43808864230176824961e+00 1.43808864230176824961e+00 1.43808864230176824961e+00 1.43808864230176824961e+00 0
2.44043379270772520240e-01 1.27310690612564214597e+00 1.27310690612564214597e+00 1.27310690612564214597e+00 1.27310690612564214597e+00 0
2.67461349106650703167e-01 1.07218028846753754557e+00 1.07218028846753754557e+00 1.07218028846753754557e+00 1.07218028846753754557e+00 0
2.93126465793522417158e-01 8.59678194510000159845e-01 8.59678194510000159845e-01 8.59678194510000159845e-01 8.59678194510000159845e-01 0
3.21254361557635814695e-01 6.50321727782892211600e-01 6.50321727782892211600e-01 6.50321727782892211600e-01 6.50321727782892211600e-01 0
3.52081360311221891468e-01 4.62537661168709202109e-01 4.62537661168709202109e-01 4.62537661168709202109e-01 4.62537661168709202109e-01 0
3.85866463189981301340e-01 3.09940146162930196816e-01 3.09940146162930196816e-01 3.09940146162930196816e-01 3.09940146162930196816e-01 0
4.22893524619228744488e-01 1.95249773568797968526e-01 1.95249773568797968526e-01 1.95249773568797968526e-01 1.95249773568797968526e-01 0
4.63473637191483156528e-01 1.14304467121616043501e-01 1.14304467121616043501e-01 1.14304467121616043501e-01 1.14304467121616043501e-01 0
5.07947745392683502885e-01 6.34177018071961501322e-02 6.34177018071961501322e-02 6.34177018071961501322e-02 6.34177018071961501322e-02 0
5.56689510136935350459e-01 3.14641272476286482096e-02 3.14641272476286482096e-02 3.14641272476286482096e-02 3.14641272476286482096e-02 0
6.10108448176931106310e-01 1.47985463135062167428e-02 1.47985463135062167428e-02 1.47985463135062167428e-02 1.47985463135062167428e-02 0
6.68653372766626730161e-01 6.51908040874785415369e-03 6.51908040874785415369e-03 6.51908040874785415369e-03 6.51908040874785415369e-03 0
7.32816164483805709828e-01 2.61318130859667426685e-03 2.61318130859667426685e-03 2.61318130859667426685e-03 2.61318130859667426685e-03 0
8.03135903894089508981e-01 9.80321250761788214045e-04 9.80321250761788214045e-04 9.80321250761788214045e-04 9.80321250761788214045e-04 0
8.80203400778054700915e-01 3.47335172411416138322e-04 3.47335172411416138322e-04 3.47335172411416138322e-04 3.47335172411416138322e-04 0
9.64666157974953475396e-01 1.09799515572892183004e-04 1.09799515572892183004e-04 1.09799515572892183004e-04 1.09799515572892183004e-04 0
1.05723381154807194449e+00 2.84385540319882872660e-05 2.84385540319882872660e-05 2.84385540319882872660e-05 2.84385540319882872660e-05 0
1.15868409297870789132e+00 6.21709031444903796116e-06 6.21709031444903796116e-06 6.21709031444903796116e-06 6.21709031444903796116e-06 0
1.26986936348170909028e+00 -2.76593301335182346264e-06 -2.76593301335182346264e-06 -2.76593301335182346264e-06 -2.76593301335182346264e-06 0
1.39172377534233904228e+00 6.28157057620850533004e-07 6.28157057620850533004e-07 6.28157057620850533004e-07 6.28157057620850533004e-07 0
1.52527112044232815435e+00 1.44404750385220891247e-07 1.44404750385220891247e-07 1.44404750385220891247e-07 1.44404750385220891247e-07 0
1.67163343191656688091e+00 1.65842858045372324891e-07 1.65842858045372324891e-07 1.65842858045372324891e-07 1.65842858045372324891e-07 0
1.83204041120951499622e+00 1.30174232649689655456e-07 1.30174232649689655456e-07 1.30174232649689655456e-07 1.30174232649689655456e-07 0
2.00783975973522421654e+00 1.29060641093545115755e-07 1.29060641093545115755e-07 1.29060641093545115755e-07 1.29060641093545115755e-07 0
2.20050850194513714086e+00 1.24193659053290350673e-07 1.24193659053290350673e-07 1.24193659053290350673e-07 1.24193659053290350673e-07 0
