-2.200508501945137e+00  3.672275080074367e-05  3.672275080074367e-05  3.672275080074367e-05  3.672275080074367e-05  0
-2.007839759735224e+00  2.230139452503104e-05  2.230139452503104e-05  2.230139452503104e-05  2.230139452503104e-05  0
-1.832040411209515e+00  1.334531669060459e-05  1.334531669060459e-05  1.334531669060459e-05  1.334531669060459e-05  0
-1.671633431916567e+00  7.587955267927777e-06  7.587955267927777e-06  7.587955267927777e-06  7.587955267927777e-06  0
-1.525271120442328e+00  4.029816078143872e-06  4.029816078143872e-06  4.029816078143872e-06  4.029816078143872e-06  0
-1.391723775342339e+00  2.255098582518155e-03  2.255098582518155e-03  2.255098582518155e-03  2.255098582518155e-03  0
-1.269869363481709e+00  1.237648605634297e-03  1.237648605634297e-03  1.237648605634297e-03  1.237648605634297e-03  0
-1.158684092978708e+00  6.341358116600154e-04  6.341358116600154e-04  6.341358116600154e-04  6.341358116600154e-04  0
-1.057233811548072e+00  3.047425294253135e-04  3.047425294253135e-04  3.047425294253135e-04  3.047425294253135e-04  0
-9.646661579749535e-01  1.383503360758406e-04  1.383503360758406e-04  1.383503360758406e-04  1.383503360758406e-04  0
-8.802034007780547e-01  1.423689929002883e-02  1.423689929002883e-02  1.423689929002883e-02  1.423689929002883e-02  0
-8.031359038940895e-01  1.101509257288957e-02  1.101509257288957e-02  1.101509257288957e-02  1.101509257288957e-02  0
-7.328161644838058e-01  8.026417367416412e-03  8.026417367416412e-03  8.026417367416412e-03  8.026417367416412e-03  0
-6.686533727666268e-01  5.461985722062734e-03  5.461985722062734e-03  5.461985722062734e-03  5.461985722062734e-03  0
-6.101084481769311e-01  3.456226871515274e-03  3.456226871515274e-03  3.456226871515274e-03  3.456226871515274e-03  0
-5.566895101369354e-01  5.336327833228036e-02  5.336327833228036e-02  5.336327833228036e-02  5.336327833228036e-02  0
-5.079477453926835e-01  3.901253939371928e-02  3.901253939371928e-02  3.901253939371928e-02  3.901253939371928e-02  0
-4.634736371914831e-01  2.924945330776832e-02  2.924945330776832e-02  2.924945330776832e-02  2.924945330776832e-02  0
-4.228935246192287e-01  2.260592219800931e-02  2.260592219800931e-02  2.260592219800931e-02  2.260592219800931e-02  0
-3.858664631899813e-01  1.777291020050049e-02  1.777291020050049e-02  1.777291020050049e-02  1.777291020050049e-02  0
-3.520813603112219e-01  1.997260043872685e-01  1.997260043872685e-01  1.997260043872685e-01  1.997260043872685e-01  0
-3.212543615576358e-01  1.627474174713090e-01  1.627474174713090e-01  1.627474174713090e-01  1.627474174713090e-01  0
-2.931264657935224e-01  1.256866740420434e-01  1.256866740420434e-01  1.256866740420434e-01  1.256866740420434e-01  0
-2.674613491066507e-01  9.186066800283900e-02  9.186066800283900e-02  9.186066800283900e-02  9.186066800283900e-02  0
-2.440433792707725e-01  6.343384063236657e-02  6.343384063236657e-02  6.343384063236657e-02  6.343384063236657e-02  0
-2.226758040547742e-01  2.698333058307043e-01  2.698333058307043e-01  2.698333058307043e-01  2.698333058307043e-01  0
-2.031790981570734e-01  2.780615713679225e-01  2.780615713679225e-01  2.780615713679225e-01  2.780615713679225e-01  0
-1.853894548765933e-01  2.743756406623241e-01  2.743756406623241e-01  2.743756406623241e-01  2.743756406623241e-01  0
-1.691574098476915e-01  2.581068643783208e-01  2.581068643783208e-01  2.581068643783208e-01  2.581068643783208e-01  0
-1.543465852759925e-01  2.309468475789010e-01  2.309468475789010e-01  2.309468475789010e-01  2.309468475789010e-01  0
-1.408325441244888e-01  1.756792176114259e-01  1.756792176114259e-01  1.756792176114259e-01  1.756792176114259e-01  0
-1.285017446230543e-01  1.816707217010797e-01  1.816707217010797e-01  1.816707217010797e-01  1.816707217010797e-01  0
-1.172505863174089e-01  1.887916733920681e-01  1.887916733920681e-01  1.887916733920681e-01  1.887916733920681e-01  0
-1.069845396426603e-01  1.959633944987992e-01  1.959633944987992e-01  1.959633944987992e-01  1.959633944987992e-01  0
-9.761735170830899e-02  2.001567127090545e-01  2.001567127090545e-01  2.001567127090545e-01  2.001567127090545e-01  0
-8.907032162190967e-02  1.416005708896833e-01  1.416005708896833e-01  1.416005708896833e-01  1.416005708896833e-01  0
-8.127163926282938e-02  1.471284454617632e-01  1.471284454617632e-01  1.471284454617632e-01  1.471284454617632e-01  0
-7.415578195063731e-02  1.501341897824714e-01  1.501341897824714e-01  1.501341897824714e-01  1.501341897824714e-01  0
-6.766296393907660e-02  1.469653159307879e-01  1.469653159307879e-01  1.469653159307879e-01  1.469653159307879e-01  0
-6.173863411039702e-02  1.359941496187083e-01  1.359941496187083e-01  1.359941496187083e-01  1.359941496187083e-01  0
-5.633301764979550e-02  1.716436946049740e-01  1.716436946049740e-01  1.716436946049740e-01  1.716436946049740e-01  0
-5.140069784922173e-02  1.518440798582083e-01  1.518440798582083e-01  1.518440798582083e-01  1.518440798582083e-01  0
-4.690023452696357e-02  1.291413406505920e-01  1.291413406505920e-01  1.291413406505920e-01  1.291413406505920e-01  0
-4.279381585706411e-02  1.076917392526300e-01  1.076917392526300e-01  1.076917392526300e-01  1.076917392526300e-01  0
-3.904694068332359e-02  8.996993651481425e-02  8.996993651481425e-02  8.996993651481425e-02  8.996993651481425e-02  0
-3.562812864876387e-02  1.789071735230252e-01  1.789071735230252e-01  1.789071735230252e-01  1.789071735230252e-01  0
-3.250865570513175e-02  1.865661567753050e-01  1.865661567753050e-01  1.865661567753050e-01  1.865661567753050e-01  0
-2.966231278025492e-02  1.937145671606754e-01  1.937145671606754e-01  1.937145671606754e-01  1.937145671606754e-01  0
-2.706518557563064e-02  1.945259938401639e-01  1.945259938401639e-01  1.945259938401639e-01  1.945259938401639e-01  0
-2.469545364415881e-02  1.853263176656723e-01  1.853263176656723e-01  1.853263176656723e-01  1.853263176656723e-01  0
-2.253320705991820e-02  2.322997194714752e-01  2.322997194714752e-01  2.322997194714752e-01  2.322997194714752e-01  0
-2.056027913968869e-02  2.041293659881246e-01  2.041293659881246e-01  2.041293659881246e-01  2.041293659881246e-01  0
-1.876009381078543e-02  1.690381914409485e-01  1.690381914409485e-01  1.690381914409485e-01  1.690381914409485e-01  0
-1.711752634282565e-02  1.331526330290049e-01  1.331526330290049e-01  1.331526330290049e-01  1.331526330290049e-01  0
-1.561877627332944e-02  1.011436599623468e-01  1.011436599623468e-01  1.011436599623468e-01  1.011436599623468e-01  0
-1.425125145950555e-02  2.314740042164372e-01  2.314740042164372e-01  2.314740042164372e-01  2.314740042164372e-01  0
-1.300346228205270e-02  2.419058285966382e-01  2.419058285966382e-01  2.419058285966382e-01  2.419058285966382e-01  0
-1.186492511210197e-02  2.535029161221194e-01  2.535029161221194e-01  2.535029161221194e-01  2.535029161221194e-01  0
-1.082607423025226e-02  2.585344954121755e-01  2.585344954121755e-01  2.585344954121755e-01  2.585344954121755e-01  0
-9.878181457663523e-03  2.512577743253104e-01  2.512577743253104e-01  2.512577743253104e-01  2.512577743253104e-01  0
-9.013282823967281e-03  3.007335736545473e-01  3.007335736545473e-01  3.007335736545473e-01  3.007335736545473e-01  0
-8.224111655875476e-03  2.762094560575303e-01  2.762094560575303e-01  2.762094560575303e-01  2.762094560575303e-01  0
-7.504037524314172e-03  2.448529306999994e-01  2.448529306999994e-01  2.448529306999994e-01  2.448529306999994e-01  0
-6.847010537130258e-03  2.144694590376995e-01  2.144694590376995e-01  2.144694590376995e-01  2.144694590376995e-01  0
-6.247510509331775e-03  1.910723086192120e-01  1.910723086192120e-01  1.910723086192120e-01  1.910723086192120e-01  0
-5.700500583802218e-03  2.695024418526303e-01  2.695024418526303e-01  2.695024418526303e-01  2.695024418526303e-01  0
-5.201384912821079e-03  2.825492707111331e-01  2.825492707111331e-01  2.825492707111331e-01  2.825492707111331e-01  0
-4.745970044840787e-03  2.995908918479743e-01  2.995908918479743e-01  2.995908918479743e-01  2.995908918479743e-01  0
-4.330429692100902e-03  3.113703770906748e-01  3.113703770906748e-01  3.113703770906748e-01  3.113703770906748e-01  0
-3.951272583065409e-03  3.098610511362555e-01  3.098610511362555e-01  3.098610511362555e-01  3.098610511362555e-01  0
-3.605313129586912e-03  3.425508446840839e-01  3.425508446840839e-01  3.425508446840839e-01  3.425508446840839e-01  0
-3.289644662350191e-03  3.243118728034796e-01  3.243118728034796e-01  3.243118728034796e-01  3.243118728034796e-01  0
-3.001615009725669e-03  2.971432088489755e-01  2.971432088489755e-01  2.971432088489755e-01  2.971432088489755e-01  0
-2.738804214852103e-03  2.701314543706451e-01  2.701314543706451e-01  2.701314543706451e-01  2.701314543706451e-01  0
-2.499004203732710e-03  2.513116882658570e-01  2.513116882658570e-01  2.513116882658570e-01  2.513116882658570e-01  0
-2.280200233520888e-03  2.861189679758784e-01  2.861189679758784e-01  2.861189679758784e-01  2.861189679758784e-01  0
-2.080553965128432e-03  2.982547354269738e-01  2.982547354269738e-01  2.982547354269738e-01  2.982547354269738e-01  0
-1.898388017936315e-03  3.186490037467976e-01  3.186490037467976e-01  3.186490037467976e-01  3.186490037467976e-01  0
-1.732171876840361e-03  3.374182114139652e-01  3.374182114139652e-01  3.374182114139652e-01  3.374182114139652e-01  0
-1.580509033226164e-03  3.444200278231196e-01  3.444200278231196e-01  3.444200278231196e-01  3.444200278231196e-01  0
-1.442125251834765e-03  3.635917435356196e-01  3.635917435356196e-01  3.635917435356196e-01  3.635917435356196e-01  0
-1.315857864940076e-03  3.528749560885614e-01  3.528749560885614e-01  3.528749560885614e-01  3.528749560885614e-01  0
-1.200646003890268e-03  3.291963502298175e-01  3.291963502298175e-01  3.291963502298175e-01  3.291963502298175e-01  0
-1.095521685940841e-03  3.020079511428255e-01  3.020079511428255e-01  3.020079511428255e-01  3.020079511428255e-01  0
-9.996016814930841e-04  2.814659939067998e-01  2.814659939067998e-01  2.814659939067998e-01  2.814659939067998e-01  0
-9.120800934083552e-04  2.913608986824108e-01  2.913608986824108e-01  2.913608986824108e-01  2.913608986824108e-01  0
-8.322215860513729e-04  2.978100559594859e-01  2.978100559594859e-01  2.978100559594859e-01  2.978100559594859e-01  0
-7.593552071745261e-04  3.178133323500453e-01  3.178133323500453e-01  3.178133323500453e-01  3.178133323500453e-01  0
-6.928687507361445e-04  3.419061384899672e-01  3.419061384899672e-01  3.419061384899672e-01  3.419061384899672e-01  0
-6.322036132904656e-04  3.582974057229929e-01  3.582974057229929e-01  3.582974057229929e-01  3.582974057229929e-01  0
-5.768501007339060e-04  3.771591018160841e-01  3.771591018160841e-01  3.771591018160841e-01  3.771591018160841e-01  0
-5.263431459760305e-04  3.736291808536197e-01  3.736291808536197e-01  3.736291808536197e-01  3.736291808536197e-01  0
-4.802584015561070e-04  3.529338748241589e-01  3.529338748241589e-01  3.529338748241589e-01  3.529338748241589e-01  0
-4.382086743763366e-04  3.238360369300665e-01  3.238360369300665e-01  3.238360369300665e-01  3.238360369300665e-01  0
-3.998406725972337e-04  2.979557897474290e-01  2.979557897474290e-01  2.979557897474290e-01  2.979557897474290e-01  0
-3.648320373633420e-04  3.009966380971879e-01  3.009966380971879e-01  3.009966380971879e-01  3.009966380971879e-01  0
-3.328886344205491e-04  2.993301086090341e-01  2.993301086090341e-01  2.993301086090341e-01  2.993301086090341e-01  0
-3.037420828698104e-04  3.158051020254694e-01  3.158051020254694e-01  3.158051020254694e-01  3.158051020254694e-01  0
-2.771475002944578e-04  3.420683768856834e-01  3.420683768856834e-01  3.420683768856834e-01  3.420683768856834e-01  0
-2.528814453161862e-04  3.655310292178849e-01  3.655310292178849e-01  3.655310292178849e-01  3.655310292178849e-01  0
-2.307400402935624e-04  3.952731058603010e-01  3.952731058603010e-01  3.952731058603010e-01  3.952731058603010e-01  0
-2.105372583904122e-04  3.973910144359121e-01  3.973910144359121e-01  3.973910144359121e-01  3.973910144359121e-01  0
-1.921033606224428e-04  3.789148477161585e-01  3.789148477161585e-01  3.789148477161585e-01  3.789148477161585e-01  0
-1.752834697505346e-04  3.475910408328593e-01  3.475910408328593e-01  3.475910408328593e-01  3.475910408328593e-01  0
-1.599362690388935e-04  3.158012356783675e-01  3.158012356783675e-01  3.158012356783675e-01  3.158012356783675e-01  0
-1.459328149453368e-04  3.162194353382167e-01  3.162194353382167e-01  3.162194353382167e-01  3.162194353382167e-01  0
-1.331554537682196e-04  3.079846642939289e-01  3.079846642939289e-01  3.079846642939289e-01  3.079846642939289e-01  0
-1.214968331479242e-04  3.213021207311856e-01  3.213021207311856e-01  3.213021207311856e-01  3.213021207311856e-01  0
-1.108590001177831e-04  3.488257257730331e-01  3.488257257730331e-01  3.488257257730331e-01  3.488257257730331e-01  0
-1.011525781264745e-04  3.775323591369877e-01  3.775323591369877e-01  3.775323591369877e-01  3.775323591369877e-01  0
-9.229601611742495e-05  4.185869854850023e-01  4.185869854850023e-01  4.185869854850023e-01  4.185869854850023e-01  0
-8.421490335616489e-05  4.246425799409620e-01  4.246425799409620e-01  4.246425799409620e-01  4.246425799409620e-01  0
-7.684134424897712e-05  4.074095410239782e-01  4.074095410239782e-01  4.074095410239782e-01  4.074095410239782e-01  0
-7.011338790021385e-05  3.739050568477805e-01  3.739050568477805e-01  3.739050568477805e-01  3.739050568477805e-01  0
-6.397450761555738e-05  3.370969968780518e-01  3.370969968780518e-01  3.370969968780518e-01  3.370969968780518e-01  0
-5.837312597813472e-05  3.310477820034352e-01  3.310477820034352e-01  3.310477820034352e-01  3.310477820034352e-01  0
-5.326218150728786e-05  3.193919593628246e-01  3.193919593628246e-01  3.193919593628246e-01  3.193919593628246e-01  0
-4.859873325916966e-05  3.318719477181429e-01  3.318719477181429e-01  3.318719477181429e-01  3.318719477181429e-01  0
-4.434360004711324e-05  3.616254410738846e-01  3.616254410738846e-01  3.616254410738846e-01  3.616254410738846e-01  0
-4.046103125058979e-05  3.950875068135020e-01  3.950875068135020e-01  3.950875068135020e-01  3.950875068135020e-01  0
-3.691840644696998e-05  4.400446211519000e-01  4.400446211519000e-01  4.400446211519000e-01  4.400446211519000e-01  0
-3.368596134246595e-05  4.491656823167368e-01  4.491656823167368e-01  4.491656823167368e-01  4.491656823167368e-01  0
-3.073653769959084e-05  4.328693247329131e-01  4.328693247329131e-01  4.328693247329131e-01  4.328693247329131e-01  0
-2.804535516008554e-05  3.978413809436074e-01  3.978413809436074e-01  3.978413809436074e-01  3.978413809436074e-01  0
-2.558980304622295e-05  3.576163309535528e-01  3.576163309535528e-01  3.576163309535528e-01  3.576163309535528e-01  0
-2.334925039125389e-05  3.440573327593427e-01  3.440573327593427e-01  3.440573327593427e-01  3.440573327593427e-01  0
-2.130487260291514e-05  3.312366459319069e-01  3.312366459319069e-01  3.312366459319069e-01  3.312366459319069e-01  0
-1.943949330366787e-05  3.441522946716168e-01  3.441522946716168e-01  3.441522946716168e-01  3.441522946716168e-01  0
-1.773744001884530e-05  3.761908036542732e-01  3.761908036542732e-01  3.761908036542732e-01  3.761908036542732e-01  0
-1.618441250023592e-05  4.133405777369181e-01  4.133405777369181e-01  4.133405777369181e-01  4.133405777369181e-01  0
-1.476736257878799e-05  4.554864160715805e-01  4.554864160715805e-01  4.554864160715805e-01  4.554864160715805e-01  0
-1.347438453698638e-05  4.665074444221082e-01  4.665074444221082e-01  4.665074444221082e-01  4.665074444221082e-01  0
-1.229461507983634e-05  4.507994031927614e-01  4.507994031927614e-01  4.507994031927614e-01  4.507994031927614e-01  0
-1.121814206403422e-05  4.149319675284823e-01  4.149319675284823e-01  4.149319675284823e-01  4.149319675284823e-01  0
-1.023592121848918e-05  3.728682901769481e-01  3.728682901769481e-01  3.728682901769481e-01  3.728682901769481e-01  0
-9.339700156501556e-06  3.522339374799153e-01  3.522339374799153e-01  3.522339374799153e-01  3.522339374799153e-01  0
-8.521949041166058e-06  3.392192040706308e-01  3.392192040706308e-01  3.392192040706308e-01  3.392192040706308e-01  0
-7.775797321467146e-06  3.529191600237242e-01  3.529191600237242e-01  3.529191600237242e-01  3.529191600237242e-01  0
-7.094976007538119e-06  3.867853003643774e-01  3.867853003643774e-01  3.867853003643774e-01  3.867853003643774e-01  0
-6.473765000094367e-06  4.264746525188366e-01  4.264746525188366e-01  4.264746525188366e-01  4.264746525188366e-01  0
-5.906945031515196e-06  4.640565520574867e-01  4.640565520574867e-01  4.640565520574867e-01  4.640565520574867e-01  0
-5.389753814794552e-06  4.760981696119599e-01  4.760981696119599e-01  4.760981696119599e-01  4.760981696119599e-01  0
-4.917846031934535e-06  4.607418309152964e-01  4.607418309152964e-01  4.607418309152964e-01  4.607418309152964e-01  0
-4.487256825613686e-06  4.245322107122568e-01  4.245322107122568e-01  4.245322107122568e-01  4.245322107122568e-01  0
-4.094368487395672e-06  3.816923358674710e-01  3.816923358674710e-01  3.816923358674710e-01  3.816923358674710e-01  0
-3.735880062600622e-06  3.563263409002759e-01  3.563263409002759e-01  3.563263409002759e-01  3.563263409002759e-01  0
-3.408779616466423e-06  3.433954792328605e-01  3.433954792328605e-01  3.433954792328605e-01  3.433954792328605e-01  0
-3.110318928586858e-06  3.576741152037711e-01  3.576741152037711e-01  3.576741152037711e-01  3.576741152037711e-01  0
-2.837990403015248e-06  3.926275289000924e-01  3.926275289000924e-01  3.926275289000924e-01  3.926275289000924e-01  0
-2.589506000037746e-06  4.337297145936844e-01  4.337297145936844e-01  4.337297145936844e-01  4.337297145936844e-01  0
-2.362778012606079e-06  4.680418249440429e-01  4.680418249440429e-01  4.680418249440429e-01  4.680418249440429e-01  0
-2.155901525917821e-06  4.805648688649873e-01  4.805648688649873e-01  4.805648688649873e-01  4.805648688649873e-01  0
-1.967138412773814e-06  4.653951486447619e-01  4.653951486447619e-01  4.653951486447619e-01  4.653951486447619e-01  0
-1.794902730245475e-06  4.290760307425510e-01  4.290760307425510e-01  4.290760307425510e-01  4.290760307425510e-01  0
-1.637747394958269e-06  3.859607376872625e-01  3.859607376872625e-01  3.859607376872625e-01  3.859607376872625e-01  0
-1.494352025040249e-06  3.581472235169680e-01  3.581472235169680e-01  3.581472235169680e-01  3.581472235169680e-01  0
-1.363511846586569e-06  3.452886456995309e-01  3.452886456995309e-01  3.452886456995309e-01  3.452886456995309e-01  0
-1.244127571434743e-06  3.598617660580566e-01  3.598617660580566e-01  3.598617660580566e-01  3.598617660580566e-01  0
-1.135196161206099e-06  3.953348163402773e-01  3.953348163402773e-01  3.953348163402773e-01  3.953348163402773e-01  0
-1.035802400015099e-06  4.370973488224840e-01  4.370973488224840e-01  4.370973488224840e-01  4.370973488224840e-01  0
-9.451112050424314e-07  4.697589475593624e-01  4.697589475593624e-01  4.697589475593624e-01  4.697589475593624e-01  0
-8.623606103671284e-07  4.824901645789310e-01  4.824901645789310e-01  4.824901645789310e-01  4.824901645789310e-01  0
-7.868553651095256e-07  4.674048608368477e-01  4.674048608368477e-01  4.674048608368477e-01  4.674048608368477e-01  0
-7.179610920981897e-07  4.310480648578665e-01  4.310480648578665e-01  4.310480648578665e-01  4.310480648578665e-01  0
-6.550989579833075e-07  3.878311141498709e-01  3.878311141498709e-01  3.878311141498709e-01  3.878311141498709e-01  0
-5.977408100160996e-07  3.589179577579604e-01  3.589179577579604e-01  3.589179577579604e-01  3.589179577579604e-01  0
-5.454047386346277e-07  3.460966689234076e-01  3.460966689234076e-01  3.460966689234076e-01  3.460966689234076e-01  0
-4.976510285738974e-07  3.608013258125693e-01  3.608013258125693e-01  3.608013258125693e-01  3.608013258125693e-01  0
-4.540784644824396e-07  3.965006322275988e-01  3.965006322275988e-01  3.965006322275988e-01  3.965006322275988e-01  0
-4.143209600060395e-07  4.385478094659501e-01  4.385478094659501e-01  4.385478094659501e-01  4.385478094659501e-01  0
-3.780444820169726e-07  4.704766018310882e-01  4.704766018310882e-01  4.704766018310882e-01  4.704766018310882e-01  0
-3.449442441468514e-07  4.832942430700734e-01  4.832942430700734e-01  4.832942430700734e-01  4.832942430700734e-01  0
-3.147421460438103e-07  4.682444200669295e-01  4.682444200669295e-01  4.682444200669295e-01  4.682444200669295e-01  0
-2.871844368392759e-07  4.318734216997592e-01  4.318734216997592e-01  4.318734216997592e-01  4.318734216997592e-01  0
-2.620395831933230e-07  3.886172837386975e-01  3.886172837386975e-01  3.886172837386975e-01  3.886172837386975e-01  0
-2.390963240064398e-07  3.592404103672987e-01  3.592404103672987e-01  3.592404103672987e-01  3.592404103672987e-01  0
-2.181618954538510e-07  3.464353229620045e-01  3.464353229620045e-01  3.464353229620045e-01  3.464353229620045e-01  0
-1.990604114295589e-07  3.611953472438186e-01  3.611953472438186e-01  3.611953472438186e-01  3.611953472438186e-01  0
-1.816313857929758e-07  3.969891250176106e-01  3.969891250176106e-01  3.969891250176106e-01  3.969891250176106e-01  0
-1.657283840024158e-07  4.391546187501073e-01  4.391546187501073e-01  4.391546187501073e-01  4.391546187501073e-01  0
-1.512177928067891e-07  4.707778052152254e-01  4.707778052152254e-01  4.707778052152254e-01  4.707778052152254e-01  0
-1.379776976587406e-07  4.836308000034754e-01  4.836308000034754e-01  4.836308000034754e-01  4.836308000034754e-01  0
-1.258968584175241e-07  4.685951884863593e-01  4.685951884863593e-01  4.685951884863593e-01  4.685951884863593e-01  0
-1.148737747357104e-07  4.322179942318010e-01  4.322179942318010e-01  4.322179942318010e-01  4.322179942318010e-01  0
-1.048158332773292e-07  3.889456589371870e-01  3.889456589371870e-01  3.889456589371870e-01  3.889456589371870e-01  0
-9.563852960257593e-08  3.593786032899591e-01  3.593786032899591e-01  3.593786032899591e-01  3.593786032899591e-01  0
-8.726475818154042e-08  3.465799708508973e-01  3.465799708508973e-01  3.465799708508973e-01  3.465799708508973e-01  0
-7.962416457182358e-08  3.613628876103042e-01  3.613628876103042e-01  3.613628876103042e-01  3.613628876103042e-01  0
-7.265255431719034e-08  3.971958039955384e-01  3.971958039955384e-01  3.971958039955384e-01  3.971958039955384e-01  0
-6.629135360096631e-08  4.394101779245843e-01  4.394101779245843e-01  4.394101779245843e-01  4.394101779245843e-01  0
-6.048711712271561e-08  4.709096147578737e-01  4.709096147578737e-01  4.709096147578737e-01  4.709096147578737e-01  0
-5.519107906349621e-08  4.837771264333960e-01  4.837771264333960e-01  4.837771264333960e-01  4.837771264333960e-01  0
-5.035874336700964e-08  4.687469163316376e-01  4.687469163316376e-01  4.687469163316376e-01  4.687469163316376e-01  0
-4.594950989428414e-08  4.323664653093416e-01  4.323664653093416e-01  4.323664653093416e-01  4.323664653093416e-01  0
-4.192633331093168e-08  3.890867407355615e-01  3.890867407355615e-01  3.890867407355615e-01  3.890867407355615e-01  0
-3.825541184103037e-08  3.594422664355530e-01  3.594422664355530e-01  3.594422664355530e-01  3.594422664355530e-01  0
-3.490590327261617e-08  3.466459670694020e-01  3.466459670694020e-01  3.466459670694020e-01  3.466459670694020e-01  0
-3.184966582872943e-08  3.614384461844601e-01  3.614384461844601e-01  3.614384461844601e-01  3.614384461844601e-01  0
-2.906102172687613e-08  3.972879254096390e-01  3.972879254096390e-01  3.972879254096390e-01  3.972879254096390e-01  0
-2.651654144038653e-08  4.395229144239416e-01  4.395229144239416e-01  4.395229144239416e-01  4.395229144239416e-01  0
-2.419484684908624e-08  4.709732023813050e-01  4.709732023813050e-01  4.709732023813050e-01  4.709732023813050e-01  0
-2.207643162539849e-08  4.838468284745625e-01  4.838468284745625e-01  4.838468284745625e-01  4.838468284745625e-01  0
-2.014349734680386e-08  4.688184448599998e-01  4.688184448599998e-01  4.688184448599998e-01  4.688184448599998e-01  0
-1.837980395771366e-08  4.324358672023230e-01  4.324358672023230e-01  4.324358672023230e-01  4.324358672023230e-01  0
-1.677053332437267e-08  3.891522089720427e-01  3.891522089720427e-01  3.891522089720427e-01  3.891522089720427e-01  0
-1.530216473641215e-08  3.594759836925705e-01  3.594759836925705e-01  3.594759836925705e-01  3.594759836925705e-01  0
-1.396236130904647e-08  3.466803308278742e-01  3.466803308278742e-01  3.466803308278742e-01  3.466803308278742e-01  0
-1.273986633149177e-08  3.614769834227939e-01  3.614769834227939e-01  3.614769834227939e-01  3.614769834227939e-01  0
-1.162440869075045e-08  3.973339217589884e-01  3.973339217589884e-01  3.973339217589884e-01  3.973339217589884e-01  0
-1.060661657615461e-08  4.395781387745291e-01  4.395781387745291e-01  4.395781387745291e-01  4.395781387745291e-01  0
-9.677938739634499e-09  4.710094259201933e-01  4.710094259201933e-01  4.710094259201933e-01  4.710094259201933e-01  0
-8.830572650159394e-09  4.838857939105813e-01  4.838857939105813e-01  4.838857939105813e-01  4.838857939105813e-01  0
-8.057398938721544e-09  4.688577976018194e-01  4.688577976018194e-01  4.688577976018194e-01  4.688577976018194e-01  0
-7.351921583085463e-09  4.324735363156207e-01  4.324735363156207e-01  4.324735363156207e-01  4.324735363156207e-01  0
-6.708213329749070e-09  3.891873129951121e-01  3.891873129951121e-01  3.891873129951121e-01  3.891873129951121e-01  0
-6.120865894564859e-09  3.594977074985794e-01  3.594977074985794e-01  3.594977074985794e-01  3.594977074985794e-01  0
-5.584944523618587e-09  3.467020178495790e-01  3.467020178495790e-01  3.467020178495790e-01  3.467020178495790e-01  0
-5.095946532596709e-09  3.615006772832487e-01  3.615006772832487e-01  3.615006772832487e-01  3.615006772832487e-01  0
-4.649763476300181e-09  3.973614201582873e-01  3.973614201582873e-01  3.973614201582873e-01  3.973614201582873e-01  0
-4.242646630461844e-09  4.396102966073419e-01  4.396102966073419e-01  4.396102966073419e-01  4.396102966073419e-01  0
-3.871175495853799e-09  4.710346960603143e-01  4.710346960603143e-01  4.710346960603143e-01  4.710346960603143e-01  0
-3.532229060063758e-09  4.839124535786440e-01  4.839124535786440e-01  4.839124535786440e-01  4.839124535786440e-01  0
-3.222959575488617e-09  4.688842642134346e-01  4.688842642134346e-01  4.688842642134346e-01  4.688842642134346e-01  0
-2.940768633234185e-09  4.324984892484417e-01  4.324984892484417e-01  4.324984892484417e-01  4.324984892484417e-01  0
-2.683285331899628e-09  3.892102367007521e-01  3.892102367007521e-01  3.892102367007521e-01  3.892102367007521e-01  0
-2.448346357825944e-09  3.595146519924556e-01  3.595146519924556e-01  3.595146519924556e-01  3.595146519924556e-01  0
-2.233977809447435e-09  3.467186442229991e-01  3.467186442229991e-01  3.467186442229991e-01  3.467186442229991e-01  0
-2.038378613038684e-09  3.615184373711628e-01  3.615184373711628e-01  3.615184373711628e-01  3.615184373711628e-01  0
-1.859905390520072e-09  3.973815181917086e-01  3.973815181917086e-01  3.973815181917086e-01  3.973815181917086e-01  0
-1.697058652184738e-09  4.396332233552707e-01  4.396332233552707e-01  4.396332233552707e-01  4.396332233552707e-01  0
-1.548470198341520e-09  4.710555947283719e-01  4.710555947283719e-01  4.710555947283719e-01  4.710555947283719e-01  0
-1.412891624025503e-09  4.839341927965183e-01  4.839341927965183e-01  4.839341927965183e-01  4.839341927965183e-01  0
-1.289183830195447e-09  4.689055619814709e-01  4.689055619814709e-01  4.689055619814709e-01  4.689055619814709e-01  0
-1.176307453293674e-09  4.325183120960899e-01  4.325183120960899e-01  4.325183120960899e-01  4.325183120960899e-01  0
-1.073314132759851e-09  3.892281970825326e-01  3.892281970825326e-01  3.892281970825326e-01  3.892281970825326e-01  0
-9.793385431303775e-10  3.595297486676372e-01  3.595297486676372e-01  3.595297486676372e-01  3.595297486676372e-01  0
-8.935911237789739e-10  3.467332893999155e-01  3.467332893999155e-01  3.467332893999155e-01  3.467332893999155e-01  0
-8.153514452154734e-10  3.615338521829922e-01  3.615338521829922e-01  3.615338521829922e-01  3.615338521829922e-01  0
-7.439621562080290e-10  3.973986757411390e-01  3.973986757411390e-01  3.973986757411390e-01  3.973986757411390e-01  0
-6.788234608738951e-10  4.396524736412427e-01  4.396524736412427e-01  4.396524736412427e-01  4.396524736412427e-01  0
-6.193880793366079e-10  4.710747150873325e-01  4.710747150873325e-01  4.710747150873325e-01  4.710747150873325e-01  0
-5.651566496102012e-10  4.839538463951489e-01  4.839538463951489e-01  4.839538463951489e-01  4.839538463951489e-01  0
-5.156735320781787e-10  4.689245028242097e-01  4.689245028242097e-01  4.689245028242097e-01  4.689245028242097e-01  0
-4.705229813174697e-10  4.325354834103868e-01  4.325354834103868e-01  4.325354834103868e-01  4.325354834103868e-01  0
-4.293256531039404e-10  3.892430621871572e-01  3.892430621871572e-01  3.892430621871572e-01  3.892430621871572e-01  0
-3.917354172521510e-10  3.595442596130723e-01  3.595442596130723e-01  3.595442596130723e-01  3.595442596130723e-01  0
-3.574364495115896e-10  3.467472427442190e-01  3.467472427442190e-01  3.467472427442190e-01  3.467472427442190e-01  0
-3.261405780861894e-10  3.615483975531537e-01  3.615483975531537e-01  3.615483975531537e-01  3.615483975531537e-01  0
-2.975848624832116e-10  3.974147142414390e-01  3.974147142414390e-01  3.974147142414390e-01  3.974147142414390e-01  0
-2.715293843495580e-10  4.396703133381876e-01  4.396703133381876e-01  4.396703133381876e-01  4.396703133381876e-01  0
2.715293843495580e-10  3.455504369464361e-01  3.455504369464361e-01  3.455504369464361e-01  3.455504369464361e-01  0
2.975848624832116e-10  3.621204974092475e-01  3.621204974092475e-01  3.621204974092475e-01  3.621204974092475e-01  0
3.261405780861894e-10  3.992603784111136e-01  3.992603784111136e-01  3.992603784111136e-01  3.992603784111136e-01  0
3.574364495115896e-10  4.426642842063349e-01  4.426642842063349e-01  4.426642842063349e-01  4.426642842063349e-01  0
3.917354172521510e-10  4.751868379989284e-01  4.751868379989284e-01  4.751868379989284e-01  4.751868379989284e-01  0
4.293256531039404e-10  4.849571272310557e-01  4.849571272310557e-01  4.849571272310557e-01  4.849571272310557e-01  0
4.705229813174697e-10  4.684717457506123e-01  4.684717457506123e-01  4.684717457506123e-01  4.684717457506123e-01  0
5.156735320781787e-10  4.313053167205533e-01  4.313053167205533e-01  4.313053167205533e-01  4.313053167205533e-01  0
5.651566496102012e-10  3.879848565590651e-01  3.879848565590651e-01  3.879848565590651e-01  3.879848565590651e-01  0
6.193880793366079e-10  3.557023959785338e-01  3.557023959785338e-01  3.557023959785338e-01  3.557023959785338e-01  0
6.788234608738951e-10  3.455375856825353e-01  3.455375856825353e-01  3.455375856825353e-01  3.455375856825353e-01  0
7.439621562080290e-10  3.621069750499215e-01  3.621069750499215e-01  3.621069750499215e-01  3.621069750499215e-01  0
8.153514452154734e-10  3.992454212559960e-01  3.992454212559960e-01  3.992454212559960e-01  3.992454212559960e-01  0
8.935911237789739e-10  4.426476841517936e-01  4.426476841517936e-01  4.426476841517936e-01  4.426476841517936e-01  0
9.793385431303775e-10  4.751690350357600e-01  4.751690350357600e-01  4.751690350357600e-01  4.751690350357600e-01  0
1.073314132759851e-09  4.849591668599863e-01  4.849591668599863e-01  4.849591668599863e-01  4.849591668599863e-01  0
1.176307453293674e-09  4.684635078957144e-01  4.684635078957144e-01  4.684635078957144e-01  4.684635078957144e-01  0
1.289183830195447e-09  4.312934708602821e-01  4.312934708602821e-01  4.312934708602821e-01  4.312934708602821e-01  0
1.412891624025503e-09  3.879724356679050e-01  3.879724356679050e-01  3.879724356679050e-01  3.879724356679050e-01  0
1.548470198341520e-09  3.556901938033077e-01  3.556901938033077e-01  3.556901938033077e-01  3.556901938033077e-01  0
1.697058652184738e-09  3.455264901766465e-01  3.455264901766465e-01  3.455264901766465e-01  3.455264901766465e-01  0
1.859905390520072e-09  3.620948347363109e-01  3.620948347363109e-01  3.620948347363109e-01  3.620948347363109e-01  0
2.038378613038684e-09  3.992316227497012e-01  3.992316227497012e-01  3.992316227497012e-01  3.992316227497012e-01  0
2.233977809447435e-09  4.426321566358516e-01  4.426321566358516e-01  4.426321566358516e-01  4.426321566358516e-01  0
2.448346357825944e-09  4.751523045782963e-01  4.751523045782963e-01  4.751523045782963e-01  4.751523045782963e-01  0
2.683285331899628e-09  4.849416319576121e-01  4.849416319576121e-01  4.849416319576121e-01  4.849416319576121e-01  0
2.940768633234185e-09  4.684482360176180e-01  4.684482360176180e-01  4.684482360176180e-01  4.684482360176180e-01  0
3.222959575488617e-09  4.312801476119756e-01  4.312801476119756e-01  4.312801476119756e-01  4.312801476119756e-01  0
3.532229060063758e-09  3.879606497407465e-01  3.879606497407465e-01  3.879606497407465e-01  3.879606497407465e-01  0
3.871175495853799e-09  3.556792094156612e-01  3.556792094156612e-01  3.556792094156612e-01  3.556792094156612e-01  0
4.242646630461844e-09  3.455186393941639e-01  3.455186393941639e-01  3.455186393941639e-01  3.455186393941639e-01  0
4.649763476300181e-09  3.620853142998186e-01  3.620853142998186e-01  3.620853142998186e-01  3.620853142998186e-01  0
5.095946532596709e-09  3.992200866930922e-01  3.992200866930922e-01  3.992200866930922e-01  3.992200866930922e-01  0
5.584944523618587e-09  4.426187912956724e-01  4.426187912956724e-01  4.426187912956724e-01  4.426187912956724e-01  0
6.120865894564859e-09  4.751378004060310e-01  4.751378004060310e-01  4.751378004060310e-01  4.751378004060310e-01  0
6.708213329749070e-09  4.849313467893924e-01  4.849313467893924e-01  4.849313467893924e-01  4.849313467893924e-01  0
7.351921583085463e-09  4.684393548673248e-01  4.684393548673248e-01  4.684393548673248e-01  4.684393548673248e-01  0
8.057398938721544e-09  4.312725169804951e-01  4.312725169804951e-01  4.312725169804951e-01  4.312725169804951e-01  0
8.830572650159394e-09  3.879537681506080e-01  3.879537681506080e-01  3.879537681506080e-01  3.879537681506080e-01  0
9.677938739634499e-09  3.556722548699097e-01  3.556722548699097e-01  3.556722548699097e-01  3.556722548699097e-01  0
1.060661657615461e-08  3.455188035891572e-01  3.455188035891572e-01  3.455188035891572e-01  3.455188035891572e-01  0
1.162440869075045e-08  3.620822516691512e-01  3.620822516691512e-01  3.620822516691512e-01  3.620822516691512e-01  0
1.273986633149177e-08  3.992141115983975e-01  3.992141115983975e-01  3.992141115983975e-01  3.992141115983975e-01  0
1.396236130904647e-08  4.426107290435751e-01  4.426107290435751e-01  4.426107290435751e-01  4.426107290435751e-01  0
1.530216473641215e-08  4.751287538883132e-01  4.751287538883132e-01  4.751287538883132e-01  4.751287538883132e-01  0
1.677053332437267e-08  4.849358960657875e-01  4.849358960657875e-01  4.849358960657875e-01  4.849358960657875e-01  0
1.837980395771366e-08  4.684450260383721e-01  4.684450260383721e-01  4.684450260383721e-01  4.684450260383721e-01  0
2.014349734680386e-08  4.312785362772197e-01  4.312785362772197e-01  4.312785362772197e-01  4.312785362772197e-01  0
2.207643162539849e-08  3.879589133025590e-01  3.879589133025590e-01  3.879589133025590e-01  3.879589133025590e-01  0
2.419484684908624e-08  3.556752700435027e-01  3.556752700435027e-01  3.556752700435027e-01  3.556752700435027e-01  0
2.651654144038653e-08  3.455389959555057e-01  3.455389959555057e-01  3.455389959555057e-01  3.455389959555057e-01  0
2.906102172687613e-08  3.620953187499772e-01  3.620953187499772e-01  3.620953187499772e-01  3.620953187499772e-01  0
3.184966582872943e-08  3.992220173208802e-01  3.992220173208802e-01  3.992220173208802e-01  3.992220173208802e-01  0
3.490590327261617e-08  4.426158965549346e-01  4.426158965549346e-01  4.426158965549346e-01  4.426158965549346e-01  0
3.825541184103037e-08  4.751333192678238e-01  4.751333192678238e-01  4.751333192678238e-01  4.751333192678238e-01  0
4.192633331093168e-08  4.849759297811697e-01  4.849759297811697e-01  4.849759297811697e-01  4.849759297811697e-01  0
4.594950989428414e-08  4.684864064422755e-01  4.684864064422755e-01  4.684864064422755e-01  4.684864064422755e-01  0
5.035874336700964e-08  4.313184274613993e-01  4.313184274613993e-01  4.313184274613993e-01  4.313184274613993e-01  0
5.519107906349621e-08  3.879940424814372e-01  3.879940424814372e-01  3.879940424814372e-01  3.879940424814372e-01  0
6.048711712271561e-08  3.557031870165004e-01  3.557031870165004e-01  3.557031870165004e-01  3.557031870165004e-01  0
6.629135360096631e-08  3.456093799033723e-01  3.456093799033723e-01  3.456093799033723e-01  3.456093799033723e-01  0
7.265255431719034e-08  3.621487975728764e-01  3.621487975728764e-01  3.621487975728764e-01  3.621487975728764e-01  0
7.962416457182358e-08  3.992646860299279e-01  3.992646860299279e-01  3.992646860299279e-01  3.992646860299279e-01  0
8.726475818154042e-08  4.426541813811140e-01  4.426541813811140e-01  4.426541813811140e-01  4.426541813811140e-01  0
9.563852960257593e-08  4.751719468331721e-01  4.751719468331721e-01  4.751719468331721e-01  4.751719468331721e-01  0
1.048158332773292e-07  4.851043944238514e-01  4.851043944238514e-01  4.851043944238514e-01  4.851043944238514e-01  0
1.148737747357104e-07  4.686170801980801e-01  4.686170801980801e-01  4.686170801980801e-01  4.686170801980801e-01  0
1.258968584175241e-07  4.314431392391045e-01  4.314431392391045e-01  4.314431392391045e-01  4.314431392391045e-01  0
1.379776976587406e-07  3.881043001195433e-01  3.881043001195433e-01  3.881043001195433e-01  3.881043001195433e-01  0
1.512177928067891e-07  3.557935111472073e-01  3.557935111472073e-01  3.557935111472073e-01  3.557935111472073e-01  0
1.657283840024158e-07  3.458061025394323e-01  3.458061025394323e-01  3.458061025394323e-01  3.458061025394323e-01  0
1.816313857929758e-07  3.623039499165553e-01  3.623039499165553e-01  3.623039499165553e-01  3.623039499165553e-01  0
1.990604114295589e-07  3.993947439592438e-01  3.993947439592438e-01  3.993947439592438e-01  3.993947439592438e-01  0
2.181618954538510e-07  4.427756360247301e-01  4.427756360247301e-01  4.427756360247301e-01  4.427756360247301e-01  0
2.390963240064398e-07  4.752960471619548e-01  4.752960471619548e-01  4.752960471619548e-01  4.752960471619548e-01  0
2.620395831933230e-07  4.854556276487775e-01  4.854556276487775e-01  4.854556276487775e-01  4.854556276487775e-01  0
2.871844368392759e-07  4.689726510783623e-01  4.689726510783623e-01  4.689726510783623e-01  4.689726510783623e-01  0
3.147421460438103e-07  4.317814509537796e-01  4.317814509537796e-01  4.317814509537796e-01  4.317814509537796e-01  0
3.449442441468514e-07  3.884037311010995e-01  3.884037311010995e-01  3.884037311010995e-01  3.884037311010995e-01  0
3.780444820169726e-07  3.560409599729432e-01  3.560409599729432e-01  3.560409599729432e-01  3.560409599729432e-01  0
4.143209600060395e-07  3.463243002710978e-01  3.463243002710978e-01  3.463243002710978e-01  3.463243002710978e-01  0
4.540784644824396e-07  3.627175154856092e-01  3.627175154856092e-01  3.627175154856092e-01  3.627175154856092e-01  0
4.976510285738974e-07  3.997464561707893e-01  3.997464561707893e-01  3.997464561707893e-01  3.997464561707893e-01  0
5.454047386346277e-07  4.431075209702884e-01  4.431075209702884e-01  4.431075209702884e-01  4.431075209702884e-01  0
5.977408100160996e-07  4.756359556698179e-01  4.756359556698179e-01  4.756359556698179e-01  4.756359556698179e-01  0
6.550989579833075e-07  4.863761877641493e-01  4.863761877641493e-01  4.863761877641493e-01  4.863761877641493e-01  0
7.179610920981897e-07  4.699019255846196e-01  4.699019255846196e-01  4.699019255846196e-01  4.699019255846196e-01  0
7.868553651095256e-07  4.326641134454969e-01  4.326641134454969e-01  4.326641134454969e-01  4.326641134454969e-01  0
8.623606103671284e-07  3.891850108808645e-01  3.891850108808645e-01  3.891850108808645e-01  3.891850108808645e-01  0
9.451112050424314e-07  3.566884747625518e-01  3.566884747625518e-01  3.566884747625518e-01  3.566884747625518e-01  0
1.035802400015099e-06  3.476838905940915e-01  3.476838905940915e-01  3.476838905940915e-01  3.476838905940915e-01  0
1.135196161206099e-06  3.638053925675169e-01  3.638053925675169e-01  3.638053925675169e-01  3.638053925675169e-01  0
1.244127571434743e-06  4.006735200880196e-01  4.006735200880196e-01  4.006735200880196e-01  4.006735200880196e-01  0
1.363511846586569e-06  4.439821342481859e-01  4.439821342481859e-01  4.439821342481859e-01  4.439821342481859e-01  0
1.494352025040249e-06  4.765294552846622e-01  4.765294552846622e-01  4.765294552846622e-01  4.765294552846622e-01  0
1.637747394958269e-06  4.888059845976860e-01  4.888059845976860e-01  4.888059845976860e-01  4.888059845976860e-01  0
1.794902730245475e-06  4.723437580238407e-01  4.723437580238407e-01  4.723437580238407e-01  4.723437580238407e-01  0
1.967138412773814e-06  4.349777755324348e-01  4.349777755324348e-01  4.349777755324348e-01  4.349777755324348e-01  0
2.155901525917821e-06  3.912309947734801e-01  3.912309947734801e-01  3.912309947734801e-01  3.912309947734801e-01  0
2.362778012606079e-06  3.583848670969089e-01  3.583848670969089e-01  3.583848670969089e-01  3.583848670969089e-01  0
2.589506000037746e-06  3.514243088677113e-01  3.514243088677113e-01  3.514243088677113e-01  3.514243088677113e-01  0
2.837990403015248e-06  3.667855494608235e-01  3.667855494608235e-01  3.667855494608235e-01  3.667855494608235e-01  0
3.110318928586858e-06  4.031922162660063e-01  4.031922162660063e-01  4.031922162660063e-01  4.031922162660063e-01  0
3.408779616466423e-06  4.463320579412898e-01  4.463320579412898e-01  4.463320579412898e-01  4.463320579412898e-01  0
3.735880062600622e-06  4.789053708584253e-01  4.789053708584253e-01  4.789053708584253e-01  4.789053708584253e-01  0
4.094368487395672e-06  4.956955080195345e-01  4.956955080195345e-01  4.956955080195345e-01  4.956955080195345e-01  0
4.487256825613686e-06  4.791732512007779e-01  4.791732512007779e-01  4.791732512007779e-01  4.791732512007779e-01  0
4.917846031934535e-06  4.414008444237338e-01  4.414008444237338e-01  4.414008444237338e-01  4.414008444237338e-01  0
5.389753814794552e-06  3.968884916691756e-01  3.968884916691756e-01  3.968884916691756e-01  3.968884916691756e-01  0
5.906945031515196e-06  3.630646460006182e-01  3.630646460006182e-01  3.630646460006182e-01  3.630646460006182e-01  0
6.473765000094367e-06  3.637879621063582e-01  3.637879621063582e-01  3.637879621063582e-01  3.637879621063582e-01  0
7.094976007538119e-06  3.764467656243390e-01  3.764467656243390e-01  3.764467656243390e-01  3.764467656243390e-01  0
7.775797321467146e-06  4.110962468594399e-01  4.110962468594399e-01  4.110962468594399e-01  4.110962468594399e-01  0
8.521949041166058e-06  4.534136763686027e-01  4.534136763686027e-01  4.534136763686027e-01  4.534136763686027e-01  0
9.339700156501556e-06  4.858133123261086e-01  4.858133123261086e-01  4.858133123261086e-01  4.858133123261086e-01  0
1.023592121848918e-05  5.303248582322625e-01  5.303248582322625e-01  5.303248582322625e-01  5.303248582322625e-01  0
1.121814206403422e-05  5.078098317204206e-01  5.078098317204206e-01  5.078098317204206e-01  5.078098317204206e-01  0
1.229461507983634e-05  4.655689591116490e-01  4.655689591116490e-01  4.655689591116490e-01  4.655689591116490e-01  0
1.347438453698638e-05  4.169402948884879e-01  4.169402948884879e-01  4.169402948884879e-01  4.169402948884879e-01  0
1.476736257878799e-05  3.790979984887881e-01  3.790979984887881e-01  3.790979984887881e-01  3.790979984887881e-01  0
1.618441250023592e-05  5.745220812730863e-01  5.745220812730863e-01  5.745220812730863e-01  5.745220812730863e-01  0
1.773744001884530e-05  5.219959603845290e-01  5.219959603845290e-01  5.219959603845290e-01  5.219959603845290e-01  0
1.943949330366787e-05  5.081167009704382e-01  5.081167009704382e-01  5.081167009704382e-01  5.081167009704382e-01  0
2.130487260291514e-05  5.180840183487105e-01  5.180840183487105e-01  5.180840183487105e-01  5.180840183487105e-01  0
2.334925039125389e-05  5.312233906094809e-01  5.312233906094809e-01  5.312233906094809e-01  5.312233906094809e-01  0
2.558980304622295e-05  1.149494492851118e+00  1.149494492851118e+00  1.149494492851118e+00  1.149494492851118e+00  0
2.804535516008554e-05  1.058677955330713e+00  1.058677955330713e+00  1.058677955330713e+00  1.058677955330713e+00  0
3.073653769959084e-05  9.347852578702475e-01  9.347852578702475e-01  9.347852578702475e-01  9.347852578702475e-01  0
3.368596134246595e-05  7.986056758929867e-01  7.986056758929867e-01  7.986056758929867e-01  7.986056758929867e-01  0
3.691840644696998e-05  6.748837678945037e-01  6.748837678945037e-01  6.748837678945037e-01  6.748837678945037e-01  0
4.046103125058979e-05  1.248867745242543e+00  1.248867745242543e+00  1.248867745242543e+00  1.248867745242543e+00  0
4.434360004711324e-05  1.231306398629511e+00  1.231306398629511e+00  1.231306398629511e+00  1.231306398629511e+00  0
4.859873325916966e-05  1.225632786838350e+00  1.225632786838350e+00  1.225632786838350e+00  1.225632786838350e+00  0
5.326218150728786e-05  1.223414935256625e+00  1.223414935256625e+00  1.223414935256625e+00  1.223414935256625e+00  0
5.837312597813472e-05  1.209133411532207e+00  1.209133411532207e+00  1.209133411532207e+00  1.209133411532207e+00  0
6.397450761555738e-05  1.336951622358369e+00  1.336951622358369e+00  1.336951622358369e+00  1.336951622358369e+00  0
7.011338790021385e-05  1.360494288635463e+00  1.360494288635463e+00  1.360494288635463e+00  1.360494288635463e+00  0
7.684134424897712e-05  1.359274956164544e+00  1.359274956164544e+00  1.359274956164544e+00  1.359274956164544e+00  0
8.421490335616489e-05  1.339208471533385e+00  1.339208471533385e+00  1.339208471533385e+00  1.339208471533385e+00  0
9.229601611742495e-05  1.312397954430696e+00  1.312397954430696e+00  1.312397954430696e+00  1.312397954430696e+00  0
1.011525781264745e-04  1.277528272881224e+00  1.277528272881224e+00  1.277528272881224e+00  1.277528272881224e+00  0
1.108590001177831e-04  1.286410356867799e+00  1.286410356867799e+00  1.286410356867799e+00  1.286410356867799e+00  0
1.214968331479242e-04  1.300769663618287e+00  1.300769663618287e+00  1.300769663618287e+00  1.300769663618287e+00  0
1.331554537682196e-04  1.327169927291550e+00  1.327169927291550e+00  1.327169927291550e+00  1.327169927291550e+00  0
1.459328149453368e-04  1.357937369391261e+00  1.357937369391261e+00  1.357937369391261e+00  1.357937369391261e+00  0
1.599362690388935e-04  1.265100890864968e+00  1.265100890864968e+00  1.265100890864968e+00  1.265100890864968e+00  0
1.752834697505346e-04  1.277480111444570e+00  1.277480111444570e+00  1.277480111444570e+00  1.277480111444570e+00  0
1.921033606224428e-04  1.292770376540475e+00  1.292770376540475e+00  1.292770376540475e+00  1.292770376540475e+00  0
2.105372583904122e-04  1.299288778740211e+00  1.299288778740211e+00  1.299288778740211e+00  1.299288778740211e+00  0
2.307400402935624e-04  1.291605321746631e+00  1.291605321746631e+00  1.291605321746631e+00  1.291605321746631e+00  0
2.528814453161862e-04  1.285785157251721e+00  1.285785157251721e+00  1.285785157251721e+00  1.285785157251721e+00  0
2.771475002944578e-04  1.316905025948095e+00  1.316905025948095e+00  1.316905025948095e+00  1.316905025948095e+00  0
3.037420828698104e-04  1.314672010132903e+00  1.314672010132903e+00  1.314672010132903e+00  1.314672010132903e+00  0
3.328886344205491e-04  1.299737792563797e+00  1.299737792563797e+00  1.299737792563797e+00  1.299737792563797e+00  0
3.648320373633420e-04  1.292596308336490e+00  1.292596308336490e+00  1.292596308336490e+00  1.292596308336490e+00  0
3.998406725972337e-04  1.269930215011435e+00  1.269930215011435e+00  1.269930215011435e+00  1.269930215011435e+00  0
4.382086743763366e-04  1.248510951263525e+00  1.248510951263525e+00  1.248510951263525e+00  1.248510951263525e+00  0
4.802584015561070e-04  1.256982533909864e+00  1.256982533909864e+00  1.256982533909864e+00  1.256982533909864e+00  0
5.263431459760305e-04  1.286380337005322e+00  1.286380337005322e+00  1.286380337005322e+00  1.286380337005322e+00  0
5.768501007339060e-04  1.318338429819384e+00  1.318338429819384e+00  1.318338429819384e+00  1.318338429819384e+00  0
6.322036132904656e-04  1.363002325929277e+00  1.363002325929277e+00  1.363002325929277e+00  1.363002325929277e+00  0
6.928687507361445e-04  1.427499264223366e+00  1.427499264223366e+00  1.427499264223366e+00  1.427499264223366e+00  0
7.593552071745261e-04  1.433365744708238e+00  1.433365744708238e+00  1.433365744708238e+00  1.433365744708238e+00  0
8.322215860513729e-04  1.394941940044437e+00  1.394941940044437e+00  1.394941940044437e+00  1.394941940044437e+00  0
9.120800934083552e-04  1.338404017937889e+00  1.338404017937889e+00  1.338404017937889e+00  1.338404017937889e+00  0
9.996016814930841e-04  1.352111250651389e+00  1.352111250651389e+00  1.352111250651389e+00  1.352111250651389e+00  0
1.095521685940841e-03  1.325155722122830e+00  1.325155722122830e+00  1.325155722122830e+00  1.325155722122830e+00  0
1.200646003890268e-03  1.327612582863679e+00  1.327612582863679e+00  1.327612582863679e+00  1.327612582863679e+00  0
1.315857864940076e-03  1.360953382093248e+00  1.360953382093248e+00  1.360953382093248e+00  1.360953382093248e+00  0
1.442125251834765e-03  1.410990431919331e+00  1.410990431919331e+00  1.410990431919331e+00  1.410990431919331e+00  0
1.580509033226164e-03  1.508950570722508e+00  1.508950570722508e+00  1.508950570722508e+00  1.508950570722508e+00  0
1.732171876840361e-03  1.563244058000482e+00  1.563244058000482e+00  1.563244058000482e+00  1.563244058000482e+00  0
1.898388017936315e-03  1.566373408973554e+00  1.566373408973554e+00  1.566373408973554e+00  1.566373408973554e+00  0
2.080553965128432e-03  1.525383631049204e+00  1.525383631049204e+00  1.525383631049204e+00  1.525383631049204e+00  0
2.280200233520888e-03  1.458997556829751e+00  1.458997556829751e+00  1.458997556829751e+00  1.458997556829751e+00  0
2.499004203732710e-03  1.827374756081418e+00  1.827374756081418e+00  1.827374756081418e+00  1.827374756081418e+00  0
2.738804214852103e-03  1.756003554313530e+00  1.756003554313530e+00  1.756003554313530e+00  1.756003554313530e+00  0
3.001615009725669e-03  1.695307344069653e+00  1.695307344069653e+00  1.695307344069653e+00  1.695307344069653e+00  0
3.289644662350191e-03  1.659882690933099e+00  1.659882690933099e+00  1.659882690933099e+00  1.659882690933099e+00  0
3.605313129586912e-03  1.648630736950979e+00  1.648630736950979e+00  1.648630736950979e+00  1.648630736950979e+00  0
3.951272583065409e-03  1.740303730433368e+00  1.740303730433368e+00  1.740303730433368e+00  1.740303730433368e+00  0
4.330429692100902e-03  1.910201359091697e+00  1.910201359091697e+00  1.910201359091697e+00  1.910201359091697e+00  0
4.745970044840787e-03  2.005951989595057e+00  2.005951989595057e+00  2.005951989595057e+00  2.005951989595057e+00  0
5.201384912821079e-03  2.023185063551597e+00  2.023185063551597e+00  2.023185063551597e+00  2.023185063551597e+00  0
5.700500583802218e-03  1.974781104501579e+00  1.974781104501579e+00  1.974781104501579e+00  1.974781104501579e+00  0
6.247510509331775e-03  1.273341422851487e+00  1.273341422851487e+00  1.273341422851487e+00  1.273341422851487e+00  0
6.847010537130258e-03  1.338610534516186e+00  1.338610534516186e+00  1.338610534516186e+00  1.338610534516186e+00  0
7.504037524314172e-03  1.430266727959026e+00  1.430266727959026e+00  1.430266727959026e+00  1.430266727959026e+00  0
8.224111655875476e-03  1.553221399282468e+00  1.553221399282468e+00  1.553221399282468e+00  1.553221399282468e+00  0
9.013282823967281e-03  1.696659514463761e+00  1.696659514463761e+00  1.696659514463761e+00  1.696659514463761e+00  0
9.878181457663523e-03  1.085748632260682e+00  1.085748632260682e+00  1.085748632260682e+00  1.085748632260682e+00  0
1.082607423025226e-02  1.210709650873898e+00  1.210709650873898e+00  1.210709650873898e+00  1.210709650873898e+00  0
1.186492511210197e-02  1.294904163856026e+00  1.294904163856026e+00  1.294904163856026e+00  1.294904163856026e+00  0
1.300346228205270e-02  1.338451838536443e+00  1.338451838536443e+00  1.338451838536443e+00  1.338451838536443e+00  0
1.425125145950555e-02  1.353145714143667e+00  1.353145714143667e+00  1.353145714143667e+00  1.353145714143667e+00  0
1.561877627332944e-02  7.921482589966397e-01  7.921482589966397e-01  7.921482589966397e-01  7.921482589966397e-01  0
1.711752634282565e-02  8.297869319893153e-01  8.297869319893153e-01  8.297869319893153e-01  8.297869319893153e-01  0
1.876009381078543e-02  8.876517430543215e-01  8.876517430543215e-01  8.876517430543215e-01  8.876517430543215e-01  0
2.056027913968869e-02  9.705066014364756e-01  9.705066014364756e-01  9.705066014364756e-01  9.705066014364756e-01  0
2.253320705991820e-02  1.072197601067855e+00  1.072197601067855e+00  1.072197601067855e+00  1.072197601067855e+00  0
2.469545364415881e-02  8.299275783164358e-01  8.299275783164358e-01  8.299275783164358e-01  8.299275783164358e-01  0
2.706518557563064e-02  9.285194341373640e-01  9.285194341373640e-01  9.285194341373640e-01  9.285194341373640e-01  0
2.966231278025492e-02  9.847279485215358e-01  9.847279485215358e-01  9.847279485215358e-01  9.847279485215358e-01  0
3.250865570513175e-02  9.992333883944674e-01  9.992333883944674e-01  9.992333883944674e-01  9.992333883944674e-01  0
3.562812864876387e-02  9.846225965876321e-01  9.846225965876321e-01  9.846225965876321e-01  9.846225965876321e-01  0
3.904694068332359e-02  8.061494501926345e-01  8.061494501926345e-01  8.061494501926345e-01  8.061494501926345e-01  0
4.279381585706411e-02  7.819773745948478e-01  7.819773745948478e-01  7.819773745948478e-01  7.819773745948478e-01  0
4.690023452696357e-02  7.796217617180103e-01  7.796217617180103e-01  7.796217617180103e-01  7.796217617180103e-01  0
5.140069784922173e-02  8.093235452455180e-01  8.093235452455180e-01  8.093235452455180e-01  8.093235452455180e-01  0
5.633301764979550e-02  8.665429392103410e-01  8.665429392103410e-01  8.665429392103410e-01  8.665429392103410e-01  0
6.173863411039702e-02  8.285587562436133e-01  8.285587562436133e-01  8.285587562436133e-01  8.285587562436133e-01  0
6.766296393907660e-02  9.497086051295885e-01  9.497086051295885e-01  9.497086051295885e-01  9.497086051295885e-01  0
7.415578195063731e-02  1.020619124134993e+00  1.020619124134993e+00  1.020619124134993e+00  1.020619124134993e+00  0
8.127163926282938e-02  1.034546144714173e+00  1.034546144714173e+00  1.034546144714173e+00  1.034546144714173e+00  0
8.907032162190967e-02  1.000546484131706e+00  1.000546484131706e+00  1.000546484131706e+00  1.000546484131706e+00  0
9.761735170830899e-02  2.236774894017968e+00  2.236774894017968e+00  2.236774894017968e+00  2.236774894017968e+00  0
1.069845396426603e-01  2.128565670759554e+00  2.128565670759554e+00  2.128565670759554e+00  2.128565670759554e+00  0
1.172505863174089e-01  1.940923378841499e+00  1.940923378841499e+00  1.940923378841499e+00  1.940923378841499e+00  0
1.285017446230543e-01  1.731373843609299e+00  1.731373843609299e+00  1.731373843609299e+00  1.731373843609299e+00  0
1.408325441244888e-01  1.546869316047497e+00  1.546869316047497e+00  1.546869316047497e+00  1.546869316047497e+00  0
1.543465852759925e-01  1.892276962861415e+00  1.892276962861415e+00  1.892276962861415e+00  1.892276962861415e+00  0
1.691574098476915e-01  2.197520063384150e+00  2.197520063384150e+00  2.197520063384150e+00  2.197520063384150e+00  0
1.853894548765933e-01  2.444520536178177e+00  2.444520536178177e+00  2.444520536178177e+00  2.444520536178177e+00  0
2.031790981570734e-01  2.595915148661583e+00  2.595915148661583e+00  2.595915148661583e+00  2.595915148661583e+00  0
2.226758040547742e-01  2.624964341067559e+00  2.624964341067559e+00  2.624964341067559e+00  2.624964341067559e+00  0
2.440433792707725e-01  5.105909309225177e-01  5.105909309225177e-01  5.105909309225177e-01  5.105909309225177e-01  0
2.674613491066507e-01  7.305274922763892e-01  7.305274922763892e-01  7.305274922763892e-01  7.305274922763892e-01  0
2.931264657935224e-01  9.943096793404764e-01  9.943096793404764e-01  9.943096793404764e-01  9.943096793404764e-01  0
3.212543615576358e-01  1.294403002669510e+00  1.294403002669510e+00  1.294403002669510e+00  1.294403002669510e+00  0
3.520813603112219e-01  1.618635918367744e+00  1.618635918367744e+00  1.618635918367744e+00  1.618635918367744e+00  0
3.858664631899813e-01  8.285580776309359e-02  8.285580776309359e-02  8.285580776309359e-02  8.285580776309359e-02  0
4.228935246192287e-01  1.175902136996602e-01  1.175902136996602e-01  1.175902136996602e-01  1.175902136996602e-01  0
4.634736371914831e-01  1.712168015934509e-01  1.712168015934509e-01  1.712168015934509e-01  1.712168015934509e-01  0
5.079477453926835e-01  2.529320535765367e-01  2.529320535765367e-01  2.529320535765367e-01  2.529320535765367e-01  0
5.566895101369354e-01  3.717284930866460e-01  3.717284930866460e-01  3.717284930866460e-01  3.717284930866460e-01  0
6.101084481769311e-01  1.314807141818359e-02  1.314807141818359e-02  1.314807141818359e-02  1.314807141818359e-02  0
6.686533727666268e-01  2.083299321897622e-02  2.083299321897622e-02  2.083299321897622e-02  2.083299321897622e-02  0
7.328161644838058e-01  3.103470939934054e-02  3.103470939934054e-02  3.103470939934054e-02  3.103470939934054e-02  0
8.031359038940895e-01  4.403538487204980e-02  4.403538487204980e-02  4.403538487204980e-02  4.403538487204980e-02  0
8.802034007780547e-01  6.073791166401810e-02  6.073791166401810e-02  6.073791166401810e-02  6.073791166401810e-02  0
9.646661579749535e-01  4.538805835873545e-04  4.538805835873545e-04  4.538805835873545e-04  4.538805835873545e-04  0
1.057233811548072e+00  1.034297231774307e-03  1.034297231774307e-03  1.034297231774307e-03  1.034297231774307e-03  0
1.158684092978708e+00  2.191183558898566e-03  2.191183558898566e-03  2.191183558898566e-03  2.191183558898566e-03  0
1.269869363481709e+00  4.311158542754711e-03  4.311158542754711e-03  4.311158542754711e-03  4.311158542754711e-03  0
1.391723775342339e+00  7.875040375969613e-03  7.875040375969613e-03  7.875040375969613e-03  7.875040375969613e-03  0
1.525271120442328e+00  6.900201672490837e-06  6.900201672490837e-06  6.900201672490837e-06  6.900201672490837e-06  0
1.671633431916567e+00  1.506645108113228e-05  1.506645108113228e-05  1.506645108113228e-05  1.506645108113228e-05  0
1.832040411209515e+00  3.267327002505810e-05  3.267327002505810e-05  3.267327002505810e-05  3.267327002505810e-05  0
2.007839759735224e+00  7.158517763081044e-05  7.158517763081044e-05  7.158517763081044e-05  7.158517763081044e-05  0
2.200508501945137e+00  1.598356331426525e-04  1.598356331426525e-04  1.598356331426525e-04  1.598356331426525e-04  0
