-2.20050850194513714086e+00 6.80525945680028609974e-04 6.80525945680028609974e-04 6.80525945680028609974e-04 6.80525945680028609974e-04 0
-2.00783975973522421654e+00 7.52427640732100579818e-04 7.52427640732100579818e-04 7.52427640732100579818e-04 7.52427640732100579818e-04 0
-1.83204041120951499622e+00 6.96394364726165096026e-04 6.96394364726165096026e-04 6.96394364726165096026e-04 6.96394364726165096026e-04 0
-1.67163343191656688091e+00 9.73190911164444538359e-04 9.73190911164444538359e-04 9.73190911164444538359e-04 9.73190911164444538359e-04 0
-1.52527112044232815435e+00 7.44136526373249951316e-04 7.44136526373249951316e-04 7.44136526373249951316e-04 7.44136526373249951316e-04 0
-1.39172377534233904228e+00 1.59470158238278350918e-03 1.59470158238278350918e-03 1.59470158238278350918e-03 1.59470158238278350918e-03 0
-1.26986936348170909028e+00 2.73590103607329387589e-03 2.73590103607329387589e-03 2.73590103607329387589e-03 2.73590103607329387589e-03 0
-1.15868409297870789132e+00 5.05971072513967511791e-03 5.05971072513967511791e-03 5.05971072513967511791e-03 5.05971072513967511791e-03 0
-1.05723381154807194449e+00 7.59299957797231628992e-03 7.59299957797231628992e-03 7.59299957797231628992e-03 7.59299957797231628992e-03 0
-9.64666157974953475396e-01 1.26344652914571163593e-02 1.26344652914571163593e-02 1.26344652914571163593e-02 1.26344652914571163593e-02 0
-8.80203400778054700915e-01 1.78483500595961221136e-02 1.78483500595961221136e-02 1.78483500595961221136e-02 1.78483500595961221136e-02 0
-8.03135903894089508981e-01 2.63576289397722367258e-02 2.63576289397722367258e-02 2.63576289397722367258e-02 2.63576289397722367258e-02 0
-7.32816164483805709828e-01 3.57029325115832615878e-02 3.57029325115832615878e-02 3.57029325115832615878e-02 3.57029325115832615878e-02 0
-6.68653372766626730161e-01 5.38473394137455874109e-02 5.38473394137455874109e-02 5.38473394137455874109e-02 5.38473394137455874109e-02 0
-6.10108448176931106310e-01 7.19896020059624108800e-02 7.19896020059624108800e-02 7.19896020059624108800e-02 7.19896020059624108800e-02 0
-5.56689510136935350459e-01 1.10178833025618108654e-01 1.10178833025618108654e-01 1.10178833025618108654e-01 1.10178833025618108654e-01 0
-5.07947745392683502885e-01 1.61224973519008607514e-01 1.61224973519008607514e-01 1.61224973519008607514e-01 1.61224973519008607514e-01 0
-4.63473637191483156528e-01 2.32594572669353155669e-01 2.32594572669353155669e-01 2.32594572669353155669e-01 2.32594572669353155669e-01 0
-4.22893524619228744488e-01 3.22193622818557734444e-01 3.22193622818557734444e-01 3.22193622818557734444e-01 3.22193622818557734444e-01 0
-3.85866463189981301340e-01 4.48998946871470239195e-01 4.48998946871470239195e-01 4.48998946871470239195e-01 4.48998946871470239195e-01 0
-3.52081360311221891468e-01 5.87553256373961385606e-01 5.87553256373961385606e-01 5.87553256373961385606e-01 5.87553256373961385606e-01 0
-3.21254361557635814695e-01 7.55932213506772754386e-01 7.55932213506772754386e-01 7.55932213506772754386e-01 7.55932213506772754386e-01 0
-2.93126465793522417158e-01 9.48068744447925437768e-01 9.48068744447925437768e-01 9.48068744447925437768e-01 9.48068744447925437768e-01 0
-2.67461349106650703167e-01 1.14572379782078281885e+00 1.14572379782078281885e+00 1.14572379782078281885e+00 1.14572379782078281885e+00 0
-2.44043379270772520240e-01 1.34957096422316724649e+00 1.34957096422316724649e+00 1.34957096422316724649e+00 1.34957096422316724649e+00 0
-2.22675804054774217899e-01 1.52924303402821704090e+00 1.52924303402821704090e+00 1.52924303402821704090e+00 1.52924303402821704090e+00 0
-2.03179098157073412256e-01 1.65769606545427161670e+00 1.65769606545427161670e+00 1.65769606545427161670e+00 1.65769606545427161670e+00 0
-1.85389454876593307020e-01 1.75161004031035849593e+00 1.75161004031035849593e+00 1.75161004031035849593e+00 1.75161004031035849593e+00 0
-1.69157409847691508897e-01 1.79061871212244971829e+00 1.79061871212244971829e+00 1.79061871212244971829e+00 1.79061871212244971829e+00 0
-1.54346585275992514985e-01 1.73918130631171119482e+00 1.73918130631171119482e+00 1.73918130631171119482e+00 1.73918130631171119482e+00 0
-1.40832544124488812098e-01 1.65979281648329934917e+00 1.65979281648329934917e+00 1.65979281648329934917e+00 1.65979281648329934917e+00 0
-1.28501744623054303673e-01 1.52624055678575798467e+00 1.52624055678575798467e+00 1.52624055678575798467e+00 1.52624055678575798467e+00 0
-1.17250586317408908577e-01 1.34563310274158998148e+00 1.34563310274158998148e+00 1.34563310274158998148e+00 1.34563310274158998148e+00 0
-1.06984539642660303471e-01 1.14238622347732432516e+00 1.14238622347732432516e+00 1.14238622347732432516e+00 1.14238622347732432516e+00 0
-9.76173517083089858914e-02 1.04768701192263935518e+00 1.04768701192263935518e+00 1.04768701192263935518e+00 1.04768701192263935518e+00 0
-8.90703216219096705064e-02 8.49018043297315450069e-01 8.49018043297315450069e-01 8.49018043297315450069e-01 8.49018043297315450069e-01 0
-8.12716392628293760048e-02 8.45761796373357910284e-01 8.45761796373357910284e-01 8.45761796373357910284e-01 8.45761796373357910284e-01 0
-7.41557819506373228080e-02 7.19062326334877655043e-01 7.19062326334877655043e-01 7.19062326334877655043e-01 7.19062326334877655043e-01 0
-6.76629639390766007834e-02 7.15904598285239779365e-01 7.15904598285239779365e-01 7.15904598285239779365e-01 7.15904598285239779365e-01 0
-6.17386341103970184840e-02 6.64970653190229077367e-01 6.64970653190229077367e-01 6.64970653190229077367e-01 6.64970653190229077367e-01 0
-5.63330176497955012471e-02 6.64776815008010779628e-01 6.64776815008010779628e-01 6.64776815008010779628e-01 6.64776815008010779628e-01 0
-5.14006978492217297960e-02 6.41605227762441332473e-01 6.41605227762441332473e-01 6.41605227762441332473e-01 6.41605227762441332473e-01 0
-4.69002345269635689817e-02 6.43399095228033623961e-01 6.43399095228033623961e-01 6.43399095228033623961e-01 6.43399095228033623961e-01 0
-4.27938158570641130618e-02 6.37479624724921700718e-01 6.37479624724921700718e-01 6.37479624724921700718e-01 6.37479624724921700718e-01 0
-3.90469406833235874177e-02 6.40825242235986469730e-01 6.40825242235986469730e-01 6.40825242235986469730e-01 6.40825242235986469730e-01 0
-3.56281286487638709781e-02 6.46834796858223093352e-01 6.46834796858223093352e-01 6.46834796858223093352e-01 6.46834796858223093352e-01 0
-3.25086557051317490141e-02 6.51154581240975693923e-01 6.51154581240975693923e-01 6.51154581240975693923e-01 6.51154581240975693923e-01 0
-2.96623127802549194088e-02 6.64150782283410734408e-01 6.64150782283410734408e-01 6.64150782283410734408e-01 6.64150782283410734408e-01 0
-2.70651855756306389256e-02 6.70336147792622516484e-01 6.70336147792622516484e-01 6.70336147792622516484e-01 6.70336147792622516484e-01 0
-2.46954536441588087814e-02 6.86309512551593448038e-01 6.86309512551593448038e-01 6.86309512551593448038e-01 6.86309512551593448038e-01 0
-2.25332070599182018866e-02 6.94696660624723349997e-01 6.94696660624723349997e-01 6.94696660624723349997e-01 6.94696660624723349997e-01 0
-2.05602791396886919184e-02 7.31012113403788910126e-01 7.31012113403788910126e-01 7.31012113403788910126e-01 7.31012113403788910126e-01 0
-1.87600938107854303682e-02 7.47544499076652990688e-01 7.47544499076652990688e-01 7.47544499076652990688e-01 7.47544499076652990688e-01 0
-1.71175263428256507758e-02 7.90163788365451980056e-01 7.90163788365451980056e-01 7.90163788365451980056e-01 7.90163788365451980056e-01 0
-1.56187762733294398243e-02 8.15781742451034630470e-01 8.15781742451034630470e-01 8.15781742451034630470e-01 8.15781742451034630470e-01 0
-1.42512514595055511668e-02 8.71048644669688565401e-01 8.71048644669688565401e-01 8.71048644669688565401e-01 8.71048644669688565401e-01 0
-1.30034622820527009934e-02 9.15691295047161846199e-01 9.15691295047161846199e-01 9.15691295047161846199e-01 9.15691295047161846199e-01 0
-1.18649251121019701921e-02 9.87142083195714947763e-01 9.87142083195714947763e-01 9.87142083195714947763e-01 9.87142083195714947763e-01 0
-1.08260742302522597336e-02 1.04408074548954199479e+00 1.04408074548954199479e+00 1.04408074548954199479e+00 1.04408074548954199479e+00 0
-9.87818145766352143089e-03 1.12557925944462899892e+00 1.12557925944462899892e+00 1.12557925944462899892e+00 1.12557925944462899892e+00 0
-9.01328282396728075465e-03 1.18838010210866151795e+00 1.18838010210866151795e+00 1.18838010210866151795e+00 1.18838010210866151795e+00 0
-8.22411165587547642042e-03 1.26600761818113971557e+00 1.26600761818113971557e+00 1.26600761818113971557e+00 1.26600761818113971557e+00 0
-7.50403752431417180035e-03 1.32728487470774370038e+00 1.32728487470774370038e+00 1.32728487470774370038e+00 1.32728487470774370038e+00 0
-6.84701053713025840214e-03 1.37255677326796288185e+00 1.37255677326796288185e+00 1.37255677326796288185e+00 1.37255677326796288185e+00 0
-6.24751050933177506236e-03 1.41198866411769863305e+00 1.41198866411769863305e+00 1.41198866411769863305e+00 1.41198866411769863305e+00 0
-5.70050058380221821158e-03 1.41095073479254806692e+00 1.41095073479254806692e+00 1.41095073479254806692e+00 1.41095073479254806692e+00 0
-5.20138491282107900959e-03 1.38501086210194190862e+00 1.38501086210194190862e+00 1.38501086210194190862e+00 1.38501086210194190862e+00 0
-4.74597004484078686254e-03 1.34325230842889742355e+00 1.34325230842889742355e+00 1.34325230842889742355e+00 1.34325230842889742355e+00 0
-4.33042969210090198523e-03 1.29393297250954897315e+00 1.29393297250954897315e+00 1.29393297250954897315e+00 1.29393297250954897315e+00 0
-3.95127258306540891930e-03 1.23229666354397471295e+00 1.23229666354397471295e+00 1.23229666354397471295e+00 1.23229666354397471295e+00 0
-3.60531312958691212839e-03 1.16738200299386285508e+00 1.16738200299386285508e+00 1.16738200299386285508e+00 1.16738200299386285508e+00 0
-3.28964466235019117532e-03 1.09416865773192850675e+00 1.09416865773192850675e+00 1.09416865773192850675e+00 1.09416865773192850675e+00 0
-3.00161500972566906709e-03 1.03243462248378525814e+00 1.03243462248378525814e+00 1.03243462248378525814e+00 1.03243462248378525814e+00 0
-2.73880421485210318738e-03 9.83840536490398376301e-01 9.83840536490398376301e-01 9.83840536490398376301e-01 9.83840536490398376301e-01 0
-2.49900420373270993821e-03 9.45892350103268553241e-01 9.45892350103268553241e-01 9.45892350103268553241e-01 9.45892350103268553241e-01 0
-2.28020023352088797852e-03 9.36164353524079451141e-01 9.36164353524079451141e-01 9.36164353524079451141e-01 9.36164353524079451141e-01 0
-2.08055396512843221099e-03 9.49740645451109033459e-01 9.49740645451109033459e-01 9.49740645451109033459e-01 9.49740645451109033459e-01 0
-1.89838801793631517870e-03 9.83923000559823401900e-01 9.83923000559823401900e-01 9.83923000559823401900e-01 9.83923000559823401900e-01 0
-1.73217187684036096756e-03 1.02772477700948416945e+00 1.02772477700948416945e+00 1.02772477700948416945e+00 1.02772477700948416945e+00 0
-1.58050903322616391466e-03 1.08431439227786929891e+00 1.08431439227786929891e+00 1.08431439227786929891e+00 1.08431439227786929891e+00 0
-1.44212525183476511156e-03 1.15180384471333652208e+00 1.15180384471333652208e+00 1.15180384471333652208e+00 1.15180384471333652208e+00 0
-1.31585786494007607982e-03 1.22011968930609238093e+00 1.22011968930609238093e+00 1.22011968930609238093e+00 1.22011968930609238093e+00 0
-1.20064600389026797378e-03 1.28856014090585979659e+00 1.28856014090585979659e+00 1.28856014090585979659e+00 1.28856014090585979659e+00 0
-1.09552168594084092801e-03 1.36028319390916219156e+00 1.36028319390916219156e+00 1.36028319390916219156e+00 1.36028319390916219156e+00 0
-9.99601681493084105387e-04 1.42518842557607650079e+00 1.42518842557607650079e+00 1.42518842557607650079e+00 1.42518842557607650079e+00 0
-9.12080093408355169725e-04 1.49638020451465458827e+00 1.49638020451465458827e+00 1.49638020451465458827e+00 1.49638020451465458827e+00 0
-8.32221586051372971132e-04 1.55299768739535060114e+00 1.55299768739535060114e+00 1.55299768739535060114e+00 1.55299768739535060114e+00 0
-7.59355207174526093163e-04 1.62036264061961832184e+00 1.62036264061961832184e+00 1.62036264061961832184e+00 1.62036264061961832184e+00 0
-6.92868750736144387026e-04 1.66909349619041336155e+00 1.66909349619041336155e+00 1.66909349619041336155e+00 1.66909349619041336155e+00 0
-6.32203613290465522498e-04 1.73166772970704485601e+00 1.73166772970704485601e+00 1.73166772970704485601e+00 1.73166772970704485601e+00 0
-5.76850100733905979573e-04 1.77243209245127486540e+00 1.77243209245127486540e+00 1.77243209245127486540e+00 1.77243209245127486540e+00 0
-5.26343145976030496978e-04 1.82829196335302057719e+00 1.82829196335302057719e+00 1.82829196335302057719e+00 1.82829196335302057719e+00 0
-4.80258401556107005197e-04 1.86140938329442784394e+00 1.86140938329442784394e+00 1.86140938329442784394e+00 1.86140938329442784394e+00 0
-4.38208674376336609728e-04 1.91328265513648365648e+00 1.91328265513648365648e+00 1.91328265513648365648e+00 1.91328265513648365648e+00 0
-3.99840672597233707207e-04 1.94023507326381339233e+00 1.94023507326381339233e+00 1.94023507326381339233e+00 1.94023507326381339233e+00 0
-3.64832037363341959470e-04 1.98760718381449175141e+00 1.98760718381449175141e+00 1.98760718381449175141e+00 1.98760718381449175141e+00 0
-3.32888634420549069191e-04 2.00791776158737356184e+00 2.00791776158737356184e+00 2.00791776158737356184e+00 2.00791776158737356184e+00 0
-3.03742082869810372213e-04 2.05198176936332865594e+00 2.05198176936332865594e+00 2.05198176936332865594e+00 2.05198176936332865594e+00 0
-2.77147500294457819862e-04 2.06823913326623332054e+00 2.06823913326623332054e+00 2.06823913326623332054e+00 2.06823913326623332054e+00 0
-2.52881445316186208999e-04 2.10902534241201156107e+00 2.10902534241201156107e+00 2.10902534241201156107e+00 2.10902534241201156107e+00 0
-2.30740040293562408092e-04 2.12197809236120216170e+00 2.12197809236120216170e+00 2.12197809236120216170e+00 2.12197809236120216170e+00 0
-2.10537258390412209633e-04 2.15851057750537389524e+00 2.15851057750537389524e+00 2.15851057750537389524e+00 2.15851057750537389524e+00 0
-1.92103360622442823763e-04 2.16840611785324322014e+00 2.16840611785324322014e+00 2.16840611785324322014e+00 2.16840611785324322014e+00 0
-1.75283469750534622207e-04 2.20225550383625634510e+00 2.20225550383625634510e+00 2.20225550383625634510e+00 2.20225550383625634510e+00 0
-1.59936269038893493725e-04 2.20930970097118573037e+00 2.20930970097118573037e+00 2.20930970097118573037e+00 2.20930970097118573037e+00 0
-1.45932814945336810893e-04 2.24025074245633692982e+00 2.24025074245633692982e+00 2.24025074245633692982e+00 2.24025074245633692982e+00 0
-1.33155453768219595150e-04 2.24354572609384295134e+00 2.24354572609384295134e+00 2.24354572609384295134e+00 2.24354572609384295134e+00 0
-1.21496833147924203095e-04 2.27408356010841261607e+00 2.27408356010841261607e+00 2.27408356010841261607e+00 2.27408356010841261607e+00 0
-1.10859000117783106261e-04 2.27560716860508005510e+00 2.27560716860508005510e+00 2.27560716860508005510e+00 2.27560716860508005510e+00 0
-1.01152578126474505284e-04 2.30437605186681704339e+00 2.30437605186681704339e+00 2.30437605186681704339e+00 2.30437605186681704339e+00 0
-9.22960161174249523949e-05 2.30457048684216436740e+00 2.30457048684216436740e+00 2.30457048684216436740e+00 2.30457048684216436740e+00 0
-8.42149033561649001164e-05 2.33114913180634930612e+00 2.33114913180634930612e+00 2.33114913180634930612e+00 2.33114913180634930612e+00 0
-7.68413442489771078212e-05 2.33024645522141771181e+00 2.33024645522141771181e+00 2.33024645522141771181e+00 2.33024645522141771181e+00 0
-7.01133879002138461723e-05 2.35551476945487880954e+00 2.35551476945487880954e+00 2.35551476945487880954e+00 2.35551476945487880954e+00 0
-6.39745076155573839374e-05 2.35346983913948104572e+00 2.35346983913948104572e+00 2.35346983913948104572e+00 2.35346983913948104572e+00 0
-5.83731259781347216467e-05 2.37730532949859751923e+00 2.37730532949859751923e+00 2.37730532949859751923e+00 2.37730532949859751923e+00 0
-5.32621815072878638099e-05 2.37385120414780725895e+00 2.37385120414780725895e+00 2.37385120414780725895e+00 2.37385120414780725895e+00 0
-4.85987332591696622646e-05 2.39622415399099475408e+00 2.39622415399099475408e+00 2.39622415399099475408e+00 2.39622415399099475408e+00 0
-4.43436000471132397939e-05 2.39196613256372092593e+00 2.39196613256372092593e+00 2.39196613256372092593e+00 2.39196613256372092593e+00 0
-4.04610312505897939820e-05 2.41338169760313059342e+00 2.41338169760313059342e+00 2.41338169760313059342e+00 2.41338169760313059342e+00 0
-3.69184064469699809580e-05 2.40872337992896579095e+00 2.40872337992896579095e+00 2.40872337992896579095e+00 2.40872337992896579095e+00 0
-3.36859613424659532703e-05 2.42899030550649630555e+00 2.42899030550649630555e+00 2.42899030550649630555e+00 2.42899030550649630555e+00 0
-3.07365376995908377075e-05 2.42404307283891951030e+00 2.42404307283891951030e+00 2.42404307283891951030e+00 2.42404307283891951030e+00 0
-2.80453551600855418571e-05 2.44366122675116503871e+00 2.44366122675116503871e+00 2.44366122675116503871e+00 2.44366122675116503871e+00 0
-2.55898030462229522197e-05 2.43824534176791418716e+00 2.43824534176791418716e+00 2.43824534176791418716e+00 2.43824534176791418716e+00 0
-2.33492503912538900139e-05 2.45696457393043399264e+00 2.45696457393043399264e+00 2.45696457393043399264e+00 2.45696457393043399264e+00 0
-2.13048726029151414582e-05 2.45072743238103729624e+00 2.45072743238103729624e+00 2.45072743238103729624e+00 2.45072743238103729624e+00 0
-1.94394933036678710045e-05 2.46845074666909303218e+00 2.46845074666909303218e+00 2.46845074666909303218e+00 2.46845074666909303218e+00 0
-1.77374400188453006609e-05 2.46176807695703336876e+00 2.46176807695703336876e+00 2.46176807695703336876e+00 2.46176807695703336876e+00 0
-1.61844125002359203033e-05 2.47896903070887386633e+00 2.47896903070887386633e+00 2.47896903070887386633e+00 2.47896903070887386633e+00 0
-1.47673625787879903503e-05 2.47225935650986050618e+00 2.47225935650986050618e+00 2.47225935650986050618e+00 2.47225935650986050618e+00 0
-1.34743845369863799529e-05 2.48890329506732355114e+00 2.48890329506732355114e+00 2.48890329506732355114e+00 2.48890329506732355114e+00 0
-1.22946150798363418592e-05 2.48224661376418831438e+00 2.48224661376418831438e+00 2.48224661376418831438e+00 2.48224661376418831438e+00 0
-1.12181420640342204698e-05 2.49861163866697122415e+00 2.49861163866697122415e+00 2.49861163866697122415e+00 2.49861163866697122415e+00 0
-1.02359212184891812267e-05 2.49125739289974834634e+00 2.49125739289974834634e+00 2.49125739289974834634e+00 2.49125739289974834634e+00 0
-9.33970015650155600557e-06 2.50639335104751603822e+00 2.50639335104751603822e+00 2.50639335104751603822e+00 2.50639335104751603822e+00 0
-8.52194904116605827734e-06 2.49711808589040895612e+00 2.49711808589040895612e+00 2.49711808589040895612e+00 2.49711808589040895612e+00 0
-7.77579732146714636891e-06 2.50888375238962924030e+00 2.50888375238962924030e+00 2.50888375238962924030e+00 2.50888375238962924030e+00 0
-7.09497600753811890912e-06 2.49455607773918419667e+00 2.49455607773918419667e+00 2.49455607773918419667e+00 2.49455607773918419667e+00 0
-6.47376500009436693547e-06 2.51590154912506491769e+00 2.51590154912506491769e+00 2.51590154912506491769e+00 2.51590154912506491769e+00 0
-5.90694503151519647894e-06 2.50175965039810810353e+00 2.50175965039810810353e+00 2.50175965039810810353e+00 2.50175965039810810353e+00 0
-5.38975381479455248936e-06 2.52275174677067370865e+00 2.52275174677067370865e+00 2.52275174677067370865e+00 2.52275174677067370865e+00 0
-4.91784603193453437201e-06 2.50884567492205201589e+00 2.50884567492205201589e+00 2.50884567492205201589e+00 2.50884567492205201589e+00 0
-4.48725682561368615503e-06 2.52974536286810414154e+00 2.52974536286810414154e+00 2.52974536286810414154e+00 2.52974536286810414154e+00 0
-4.09436848739567181305e-06 2.51571133988407691362e+00 2.51571133988407691362e+00 2.51571133988407691362e+00 2.51571133988407691362e+00 0
-3.73588006260062214812e-06 2.53610965610371419388e+00 2.53610965610371419388e+00 2.53610965610371419388e+00 2.53610965610371419388e+00 0
-3.40877961646642297212e-06 2.52159172652854346453e+00 2.52159172652854346453e+00 2.52159172652854346453e+00 2.52159172652854346453e+00 0
-3.11031892858685803934e-06 2.54136114864083850762e+00 2.54136114864083850762e+00 2.54136114864083850762e+00 2.54136114864083850762e+00 0
-2.83799040301524807187e-06 2.52656164103796987419e+00 2.52656164103796987419e+00 2.52656164103796987419e+00 2.52656164103796987419e+00 0
-2.58950600003774601186e-06 2.54630551073682465102e+00 2.54630551073682465102e+00 2.54630551073682465102e+00 2.54630551073682465102e+00 0
-2.36277801260607909979e-06 2.53171939045262428536e+00 2.53171939045262428536e+00 2.53171939045262428536e+00 2.53171939045262428536e+00 0
-2.15590152591782108045e-06 2.55130247030743451120e+00 2.55130247030743451120e+00 2.55130247030743451120e+00 2.55130247030743451120e+00 0
-1.96713841277381391821e-06 2.53697418629109616717e+00 2.53697418629109616717e+00 2.53697418629109616717e+00 2.53697418629109616717e+00 0
-1.79490273024547492788e-06 2.55660848676218410702e+00 2.55660848676218410702e+00 2.55660848676218410702e+00 2.55660848676218410702e+00 0
-1.63774739495826889463e-06 2.54224602710474467671e+00 2.54224602710474467671e+00 2.54224602710474467671e+00 2.54224602710474467671e+00 0
-1.49435202504024885925e-06 2.56149895357297463505e+00 2.56149895357297463505e+00 2.56149895357297463505e+00 2.56149895357297463505e+00 0
-1.36351184658656897709e-06 2.54589919895957228491e+00 2.54589919895957228491e+00 2.54589919895957228491e+00 2.54589919895957228491e+00 0
-1.24412757143474287692e-06 2.56345136510195859003e+00 2.56345136510195859003e+00 2.56345136510195859003e+00 2.56345136510195859003e+00 0
-1.13519616120609888993e-06 2.54502594324590658559e+00 2.54502594324590658559e+00 2.54502594324590658559e+00 2.54502594324590658559e+00 0
-1.03580240001509891296e-06 2.55750764089311388716e+00 2.55750764089311388716e+00 2.55750764089311388716e+00 2.55750764089311388716e+00 0
-9.45111205042431322281e-07 2.53014837934657155216e+00 2.53014837934657155216e+00 2.53014837934657155216e+00 2.53014837934657155216e+00 0
-8.62360610367128368652e-07 2.56138151460524943204e+00 2.56138151460524943204e+00 2.56138151460524943204e+00 2.56138151460524943204e+00 0
-7.86855365109525609635e-07 2.53437424946301925743e+00 2.53437424946301925743e+00 2.53437424946301925743e+00 2.53437424946301925743e+00 0
-7.17961092098189695866e-07 2.56571226097063442850e+00 2.56571226097063442850e+00 2.56571226097063442850e+00 2.56571226097063442850e+00 0
-6.55098957983307430796e-07 2.53868560273415022621e+00 2.53868560273415022621e+00 2.53868560273415022621e+00 2.53868560273415022621e+00 0
-5.97740810016099586050e-07 2.56964375460283811492e+00 2.56964375460283811492e+00 2.56964375460283811492e+00 2.56964375460283811492e+00 0
-5.45404738634627717892e-07 2.54223659987627925716e+00 2.54223659987627925716e+00 2.54223659987627925716e+00 2.54223659987627925716e+00 0
-4.97651028573897362528e-07 2.57264901824361214011e+00 2.57264901824361214011e+00 2.57264901824361214011e+00 2.57264901824361214011e+00 0
-4.54078464482439566561e-07 2.54500644364634798222e+00 2.54500644364634798222e+00 2.54500644364634798222e+00 2.54500644364634798222e+00 0
-4.14320960006039459306e-07 2.57544557602079526859e+00 2.57544557602079526859e+00 2.57544557602079526859e+00 2.57544557602079526859e+00 0
-3.78044482016972603028e-07 2.54819379693835790235e+00 2.54819379693835790235e+00 2.54819379693835790235e+00 2.54819379693835790235e+00 0
-3.44944244146851379225e-07 2.57836747116276043812e+00 2.57836747116276043812e+00 2.57836747116276043812e+00 2.57836747116276043812e+00 0
-3.14742146043810265030e-07 2.55150460837238979295e+00 2.55150460837238979295e+00 2.55150460837238979295e+00 2.55150460837238979295e+00 0
-2.87184436839275878347e-07 2.58188288067004112492e+00 2.58188288067004112492e+00 2.58188288067004112492e+00 2.58188288067004112492e+00 0
-2.62039583193322993494e-07 2.55500538482083650038e+00 2.55500538482083650038e+00 2.55500538482083650038e+00 2.55500538482083650038e+00 0
-2.39096324006439802656e-07 2.58507442506593854148e+00 2.58507442506593854148e+00 2.58507442506593854148e+00 2.58507442506593854148e+00 0
-2.18161895453850981278e-07 2.55768531539141585895e+00 2.55768531539141585895e+00 2.55768531539141585895e+00 2.55768531539141585895e+00 0
-1.99060411429558881484e-07 2.58722503977824080934e+00 2.58722503977824080934e+00 2.58722503977824080934e+00 2.58722503977824080934e+00 0
-1.81631385792975794861e-07 2.55957841383116146972e+00 2.55957841383116146972e+00 2.55957841383116146972e+00 2.55957841383116146972e+00 0
-1.65728384002415794310e-07 2.58919665968551537816e+00 2.58919665968551537816e+00 2.58919665968551537816e+00 2.58919665968551537816e+00 0
-1.51217792806789099445e-07 2.56195455574394959086e+00 2.56195455574394959086e+00 2.56195455574394959086e+00 2.56195455574394959086e+00 0
-1.37977697658740599335e-07 2.59144341629642216418e+00 2.59144341629642216418e+00 2.59144341629642216418e+00 2.59144341629642216418e+00 0
-1.25896858417524106012e-07 2.56458624241752719541e+00 2.56458624241752719541e+00 2.56458624241752719541e+00 2.56458624241752719541e+00 0
-1.14873774735710398984e-07 2.59431431271856860477e+00 2.59431431271856860477e+00 2.59431431271856860477e+00 2.59431431271856860477e+00 0
-1.04815833277329194751e-07 2.56741685916975814763e+00 2.56741685916975814763e+00 2.56741685916975814763e+00 2.56741685916975814763e+00 0
-9.56385296025759290035e-08 2.59684556660847842835e+00 2.59684556660847842835e+00 2.59684556660847842835e+00 2.59684556660847842835e+00 0
-8.72647581815404189808e-08 2.56950689629534911873e+00 2.56950689629534911873e+00 2.56950689629534911873e+00 2.56950689629534911873e+00 0
-7.96241645718235896512e-08 2.59844234532106677094e+00 2.59844234532106677094e+00 2.59844234532106677094e+00 2.59844234532106677094e+00 0
-7.26525543171903391202e-08 2.57082735454369437633e+00 2.57082735454369437633e+00 2.57082735454369437633e+00 2.57082735454369437633e+00 0
-6.62913536009663071362e-08 2.59986860514673034928e+00 2.59986860514673034928e+00 2.59986860514673034928e+00 2.59986860514673034928e+00 0
-6.04871171227156106611e-08 2.57265733429203624638e+00 2.57265733429203624638e+00 2.57265733429203624638e+00 2.57265733429203624638e+00 0
-5.51910790634962066470e-08 2.60165048697110679043e+00 2.60165048697110679043e+00 2.60165048697110679043e+00 2.60165048697110679043e+00 0
-5.03587433670096371108e-08 2.57482887104043101090e+00 2.57482887104043101090e+00 2.57482887104043101090e+00 2.57482887104043101090e+00 0
-4.59495098942841410648e-08 2.60409119629081731162e+00 2.60409119629081731162e+00 2.60409119629081731162e+00 2.60409119629081731162e+00 0
-4.19263333109316779003e-08 2.57722379838980586442e+00 2.57722379838980586442e+00 2.57722379838980586442e+00 2.57722379838980586442e+00 0
-3.82554118410303716014e-08 2.60620270553051636142e+00 2.60620270553051636142e+00 2.60620270553051636142e+00 2.60620270553051636142e+00 0
-3.49059032726161649453e-08 2.57890405886106899302e+00 2.57890405886106899302e+00 2.57890405886106899302e+00 2.57890405886106899302e+00 0
-3.18496658287294252726e-08 2.60740522150962616976e+00 2.60740522150962616976e+00 2.60740522150962616976e+00 2.60740522150962616976e+00 0
-2.90610217268761303541e-08 2.57981941171525441803e+00 2.57981941171525441803e+00 2.57981941171525441803e+00 2.57981941171525441803e+00 0
-2.65165414403865321189e-08 2.60844456615138042821e+00 2.60844456615138042821e+00 2.60844456615138042821e+00 2.60844456615138042821e+00 0
-2.41948468490862409557e-08 2.58126246099529721434e+00 2.58126246099529721434e+00 2.58126246099529721434e+00 2.58126246099529721434e+00 0
-2.20764316253984919232e-08 2.60988374630352115702e+00 2.60988374630352115702e+00 2.60988374630352115702e+00 2.60988374630352115702e+00 0
-2.01434973468038594765e-08 2.58309738614499995180e+00 2.58309738614499995180e+00 2.58309738614499995180e+00 2.58309738614499995180e+00 0
-1.83798039577136603964e-08 2.61200979805203203910e+00 2.61200979805203203910e+00 2.61200979805203203910e+00 2.61200979805203203910e+00 0
-1.67705333243726718219e-08 2.58517624881196939057e+00 2.58517624881196939057e+00 2.58517624881196939057e+00 2.58517624881196939057e+00 0
-1.53021647364121512875e-08 2.61381756732522196884e+00 2.61381756732522196884e+00 2.61381756732522196884e+00 2.61381756732522196884e+00 0
-1.39623613090464712721e-08 2.58655005126818604566e+00 2.58655005126818604566e+00 2.58655005126818604566e+00 2.58655005126818604566e+00 0
-1.27398663314917707708e-08 2.61472363063970902886e+00 2.61472363063970902886e+00 2.61472363063970902886e+00 2.61472363063970902886e+00 0
-1.16244086907504498255e-08 2.58716238896973838024e+00 2.58716238896973838024e+00 2.58716238896973838024e+00 2.58716238896973838024e+00 0
-1.06066165761546102006e-08 2.61547323930875297293e+00 2.61547323930875297293e+00 2.61547323930875297293e+00 2.61547323930875297293e+00 0
-9.67793873963449902926e-09 2.58831729068434235330e+00 2.58831729068434235330e+00 2.58831729068434235330e+00 2.58831729068434235330e+00 0
-8.83057265015939445318e-09 2.61665422787934520699e+00 2.61665422787934520699e+00 2.61665422787934520699e+00 2.61665422787934520699e+00 0
-8.05739893872154412149e-09 2.58989960909343741591e+00 2.58989960909343741591e+00 2.58989960909343741591e+00 2.58989960909343741591e+00 0
-7.35192158308546266964e-09 2.61854404731854151223e+00 2.61854404731854151223e+00 2.61854404731854151223e+00 2.61854404731854151223e+00 0
-6.70821332974906988680e-09 2.59174114722288884138e+00 2.59174114722288884138e+00 2.59174114722288884138e+00 2.59174114722288884138e+00 0
-6.12086589456485935696e-09 2.62012385682811288490e+00 2.62012385682811288490e+00 2.62012385682811288490e+00 2.62012385682811288490e+00 0
-5.58494452361858701991e-09 2.59288138038200255409e+00 2.59288138038200255409e+00 2.59288138038200255409e+00 2.59288138038200255409e+00 0
-5.09594653259670897005e-09 2.62080442421089632177e+00 2.62080442421089632177e+00 2.62080442421089632177e+00 2.62080442421089632177e+00 0
-4.64976347630018125370e-09 2.59326180025374775084e+00 2.59326180025374775084e+00 2.59326180025374775084e+00 2.59326180025374775084e+00 0
-4.24264663046184441111e-09 2.62133561403199344397e+00 2.62133561403199344397e+00 2.62133561403199344397e+00 2.62133561403199344397e+00 0
-3.87117549585379861909e-09 2.59419776934293944137e+00 2.59419776934293944137e+00 2.59419776934293944137e+00 2.59419776934293944137e+00 0
-3.53222906006375811214e-09 2.62232537897101813940e+00 2.62232537897101813940e+00 2.62232537897101813940e+00 2.62232537897101813940e+00 0
-3.22295957548861690413e-09 2.59558937767775255168e+00 2.59558937767775255168e+00 2.59558937767775255168e+00 2.59558937767775255168e+00 0
-2.94076863323418506785e-09 2.62404444594041041938e+00 2.62404444594041041938e+00 2.62404444594041041938e+00 2.62404444594041041938e+00 0
-2.68328533189962795472e-09 2.59725098578823132556e+00 2.59725098578823132556e+00 2.59725098578823132556e+00 2.59725098578823132556e+00 0
-2.44834635782594399094e-09 2.62546143408814325326e+00 2.62546143408814325326e+00 2.62546143408814325326e+00 2.62546143408814325326e+00 0
-2.23397780944743522155e-09 2.59820785173845170135e+00 2.59820785173845170135e+00 2.59820785173845170135e+00 2.59820785173845170135e+00 0
-2.03837861303868391889e-09 2.62597966264940030356e+00 2.62597966264940030356e+00 2.62597966264940030356e+00 2.62597966264940030356e+00 0
-1.85990539052007200517e-09 2.59840330738751390527e+00 2.59840330738751390527e+00 2.59840330738751390527e+00 2.59840330738751390527e+00 0
-1.69705865218473817803e-09 2.62636004394066269185e+00 2.62636004394066269185e+00 2.62636004394066269185e+00 2.62636004394066269185e+00 0
-1.54847019834152002666e-09 2.59916611530319396905e+00 2.59916611530319396905e+00 2.59916611530319396905e+00 2.59916611530319396905e+00 0
-1.41289162402550303806e-09 2.62722734393905721362e+00 2.62722734393905721362e+00 2.62722734393905721362e+00 2.62722734393905721362e+00 0
-1.28918383019544705117e-09 2.60040726057229321100e+00 2.60040726057229321100e+00 2.60040726057229321100e+00 2.60040726057229321100e+00 0
-1.17630745329367402714e-09 2.62885378279346593189e+00 2.62885378279346593189e+00 2.62885378279346593189e+00 2.62885378279346593189e+00 0
-1.07331413275985097509e-09 2.60192695255296646550e+00 2.60192695255296646550e+00 2.60192695255296646550e+00 2.60192695255296646550e+00 0
-9.79338543130377513658e-10 2.63019179836173799814e+00 2.63019179836173799814e+00 2.63019179836173799814e+00 2.63019179836173799814e+00 0
-8.93591123778973943865e-10 2.60271292051893032848e+00 2.60271292051893032848e+00 2.60271292051893032848e+00 2.60271292051893032848e+00 0
-8.15351445215473422800e-10 2.63061753546442655960e+00 2.63061753546442655960e+00 2.63061753546442655960e+00 2.63061753546442655960e+00 0
-7.43962156208029008864e-10 2.60274610240527159988e+00 2.60274610240527159988e+00 2.60274610240527159988e+00 2.60274610240527159988e+00 0
-6.78823460873895064418e-10 2.63092946383924664033e+00 2.63092946383924664033e+00 2.63092946383924664033e+00 2.63092946383924664033e+00 0
-6.19388079336607865908e-10 2.60337662386702195505e+00 2.60337662386702195505e+00 2.60337662386702195505e+00 2.60337662386702195505e+00 0
-5.65156649610201173866e-10 2.63171867738688236571e+00 2.63171867738688236571e+00 2.63171867738688236571e+00 2.63171867738688236571e+00 0
-5.15673532078178737748e-10 2.60452201094811863769e+00 2.60452201094811863769e+00 2.60452201094811863769e+00 2.60452201094811863769e+00 0
-4.70522981317469672895e-10 2.63332906438664116067e+00 2.63332906438664116067e+00 2.63332906438664116067e+00 2.63332906438664116067e+00 0
-4.29325653103940410716e-10 2.60607832920202842075e+00 2.60607832920202842075e+00 2.60607832920202842075e+00 2.60607832920202842075e+00 0
-3.91735417252150984784e-10 2.63474279978461911611e+00 2.63474279978461911611e+00 2.63474279978461911611e+00 2.63474279978461911611e+00 0
3.91735417252150984784e-10 2.63474286175958649636e+00 2.63474286175958649636e+00 2.63474286175958649636e+00 2.63474286175958649636e+00 0
4.29325653103940410716e-10 2.60607839854137646185e+00 2.60607839854137646185e+00 2.60607839854137646185e+00 2.60607839854137646185e+00 0
4.70522981317469672895e-10 2.63332913891514497351e+00 2.63332913891514497351e+00 2.63332913891514497351e+00 2.63332913891514497351e+00 0
5.15673532078178737748e-10 2.60452209460314332290e+00 2.60452209460314332290e+00 2.60452209460314332290e+00 2.60452209460314332290e+00 0
5.65156649610201173866e-10 2.63171876738502907855e+00 2.63171876738502907855e+00 2.63171876738502907855e+00 2.63171876738502907855e+00 0
6.19388079336607865908e-10 2.60337672500541872367e+00 2.60337672500541872367e+00 2.60337672500541872367e+00 2.60337672500541872367e+00 0
6.78823460873895064418e-10 2.63092957263730697903e+00 2.63092957263730697903e+00 2.63092957263730697903e+00 2.63092957263730697903e+00 0
7.43962156208029008864e-10 2.60274622462214466623e+00 2.60274622462214466623e+00 2.60274622462214466623e+00 2.60274622462214466623e+00 0
8.15351445215473422800e-10 2.63061766701030874671e+00 2.63061766701030874671e+00 2.63061766701030874671e+00 2.63061766701030874671e+00 0
8.93591123778973943865e-10 2.60271306827820492202e+00 2.60271306827820492202e+00 2.60271306827820492202e+00 2.60271306827820492202e+00 0
9.79338543130377513658e-10 2.63019195750548728796e+00 2.63019195750548728796e+00 2.63019195750548728796e+00 2.63019195750548728796e+00 0
1.07331413275985097509e-09 2.60192713126412522584e+00 2.60192713126412522584e+00 2.60192713126412522584e+00 2.60192713126412522584e+00 0
1.17630745329367402714e-09 2.62885397526965158832e+00 2.62885397526965158832e+00 2.62885397526965158832e+00 2.62885397526965158832e+00 0
1.28918383019544705117e-09 2.60040747668436811324e+00 2.60040747668436811324e+00 2.60040747668436811324e+00 2.60040747668436811324e+00 0
1.41289162402550303806e-09 2.62722757667158646200e+00 2.62722757667158646200e+00 2.62722757667158646200e+00 2.62722757667158646200e+00 0
1.54847019834152002666e-09 2.59916637671939465548e+00 2.59916637671939465548e+00 2.59916637671939465548e+00 2.59916637671939465548e+00 0
1.69705865218473817803e-09 2.62636032547525477554e+00 2.62636032547525477554e+00 2.62636032547525477554e+00 2.62636032547525477554e+00 0
1.85990539052007200517e-09 2.59840362348370801371e+00 2.59840362348370801371e+00 2.59840362348370801371e+00 2.59840362348370801371e+00 0
2.03837861303868391889e-09 2.62598000328666358882e+00 2.62598000328666358882e+00 2.62598000328666358882e+00 2.62598000328666358882e+00 0
2.23397780944743522155e-09 2.59820823413998036600e+00 2.59820823413998036600e+00 2.59820823413998036600e+00 2.59820823413998036600e+00 0
2.44834635782594399094e-09 2.62546184646950786501e+00 2.62546184646950786501e+00 2.62546184646950786501e+00 2.62546184646950786501e+00 0
2.68328533189962795472e-09 2.59725144858802980963e+00 2.59725144858802980963e+00 2.59725144858802980963e+00 2.59725144858802980963e+00 0
2.94076863323418506785e-09 2.62404494506235419493e+00 2.62404494506235419493e+00 2.62404494506235419493e+00 2.62404494506235419493e+00 0
3.22295957548861690413e-09 2.59558993772954638146e+00 2.59558993772954638146e+00 2.59558993772954638146e+00 2.59558993772954638146e+00 0
3.53222906006375811214e-09 2.62232598293440988257e+00 2.62232598293440988257e+00 2.62232598293440988257e+00 2.62232598293440988257e+00 0
3.87117549585379861909e-09 2.59419844728986959126e+00 2.59419844728986959126e+00 2.59419844728986959126e+00 2.59419844728986959126e+00 0
4.24264663046184441111e-09 2.62133634519812641628e+00 2.62133634519812641628e+00 2.62133634519812641628e+00 2.62133634519812641628e+00 0
4.64976347630018125370e-09 2.59326262068031798691e+00 2.59326262068031798691e+00 2.59326262068031798691e+00 2.59326262068031798691e+00 0
5.09594653259670897005e-09 2.62080530960873137047e+00 2.62080530960873137047e+00 2.62080530960873137047e+00 2.62080530960873137047e+00 0
5.58494452361858701991e-09 2.59288237370760388245e+00 2.59288237370760388245e+00 2.59288237370760388245e+00 2.59288237370760388245e+00 0
6.12086589456485935696e-09 2.62012492957818698969e+00 2.62012492957818698969e+00 2.62012492957818698969e+00 2.62012492957818698969e+00 0
6.70821332974906988680e-09 2.59174235035006450545e+00 2.59174235035006450545e+00 2.59174235035006450545e+00 2.59174235035006450545e+00 0
7.35192158308546266964e-09 2.61854534685880047107e+00 2.61854534685880047107e+00 2.61854534685880047107e+00 2.61854534685880047107e+00 0
8.05739893872154412149e-09 2.58990106630017447031e+00 2.58990106630017447031e+00 2.58990106630017447031e+00 2.58990106630017447031e+00 0
8.83057265015939445318e-09 2.61665580178002565859e+00 2.61665580178002565859e+00 2.61665580178002565859e+00 2.61665580178002565859e+00 0
9.67793873963449902926e-09 2.58831905618161428606e+00 2.58831905618161428606e+00 2.58831905618161428606e+00 2.58831905618161428606e+00 0
1.06066165761546102006e-08 2.61547514641029987814e+00 2.61547514641029987814e+00 2.61547514641029987814e+00 2.61547514641029987814e+00 0
1.16244086907504498255e-08 2.58716452760466220084e+00 2.58716452760466220084e+00 2.58716452760466220084e+00 2.58716452760466220084e+00 0
1.27398663314917707708e-08 2.61472594229651056352e+00 2.61472594229651056352e+00 2.61472594229651056352e+00 2.61472594229651056352e+00 0
1.39623613090464712721e-08 2.58655264310154375806e+00 2.58655264310154375806e+00 2.58655264310154375806e+00 2.58655264310154375806e+00 0
1.53021647364121512875e-08 2.61382037082770901648e+00 2.61382037082770901648e+00 2.61382037082770901648e+00 2.61382037082770901648e+00 0
1.67705333243726718219e-08 2.58517939106228000767e+00 2.58517939106228000767e+00 2.58517939106228000767e+00 2.58517939106228000767e+00 0
1.83798039577136603964e-08 2.61201319778405194327e+00 2.61201319778405194327e+00 2.61201319778405194327e+00 2.61201319778405194327e+00 0
2.01434973468038594765e-08 2.58310119588667452817e+00 2.58310119588667452817e+00 2.58310119588667452817e+00 2.58310119588667452817e+00 0
2.20764316253984919232e-08 2.60988786808102890546e+00 2.60988786808102890546e+00 2.60988786808102890546e+00 2.60988786808102890546e+00 0
2.41948468490862409557e-08 2.58126708150795458607e+00 2.58126708150795458607e+00 2.58126708150795458607e+00 2.58126708150795458607e+00 0
2.65165414403865321189e-08 2.60844956582137577072e+00 2.60844956582137577072e+00 2.60844956582137577072e+00 2.60844956582137577072e+00 0
2.90610217268761303541e-08 2.57982501524909579871e+00 2.57982501524909579871e+00 2.57982501524909579871e+00 2.57982501524909579871e+00 0
3.18496658287294252726e-08 2.60741128876774830303e+00 2.60741128876774830303e+00 2.60741128876774830303e+00 2.60741128876774830303e+00 0
3.49059032726161649453e-08 2.57891085758393279193e+00 2.57891085758393279193e+00 2.57891085758393279193e+00 2.57891085758393279193e+00 0
3.82554118410303716014e-08 2.60621007204218857467e+00 2.60621007204218857467e+00 2.60621007204218857467e+00 2.60621007204218857467e+00 0
4.19263333109316779003e-08 2.57723205026285073771e+00 2.57723205026285073771e+00 2.57723205026285073771e+00 2.57723205026285073771e+00 0
4.59495098942841410648e-08 2.60410014040365656030e+00 2.60410014040365656030e+00 2.60410014040365656030e+00 2.60410014040365656030e+00 0
5.03587433670096371108e-08 2.57483888795840476504e+00 2.57483888795840476504e+00 2.57483888795840476504e+00 2.57483888795840476504e+00 0
5.51910790634962066470e-08 2.60166134396746961954e+00 2.60166134396746961954e+00 2.60166134396746961954e+00 2.60166134396746961954e+00 0
6.04871171227156106611e-08 2.57266949785091147973e+00 2.57266949785091147973e+00 2.57266949785091147973e+00 2.57266949785091147973e+00 0
6.62913536009663071362e-08 2.59988179103230665490e+00 2.59988179103230665490e+00 2.59988179103230665490e+00 2.59988179103230665490e+00 0
7.26525543171903391202e-08 2.57084212606202955342e+00 2.57084212606202955342e+00 2.57084212606202955342e+00 2.57084212606202955342e+00 0
7.96241645718235896512e-08 2.59845836854192224763e+00 2.59845836854192224763e+00 2.59845836854192224763e+00 2.59845836854192224763e+00 0
8.72647581815404189808e-08 2.56952484263749614257e+00 2.56952484263749614257e+00 2.56952484263749614257e+00 2.56952484263749614257e+00 0
9.56385296025759290035e-08 2.59686504706385168362e+00 2.59686504706385168362e+00 2.59686504706385168362e+00 2.59686504706385168362e+00 0
1.04815833277329194751e-07 2.56743867063758823832e+00 2.56743867063758823832e+00 2.56743867063758823832e+00 2.56743867063758823832e+00 0
1.14873774735710398984e-07 2.59433799908182738392e+00 2.59433799908182738392e+00 2.59433799908182738392e+00 2.59433799908182738392e+00 0
1.25896858417524106012e-07 2.56461275730215154667e+00 2.56461275730215154667e+00 2.56461275730215154667e+00 2.56461275730215154667e+00 0
1.37977697658740599335e-07 2.59147221004432859459e+00 2.59147221004432859459e+00 2.59147221004432859459e+00 2.59147221004432859459e+00 0
1.51217792806789099445e-07 2.56198679962386455244e+00 2.56198679962386455244e+00 2.56198679962386455244e+00 2.56198679962386455244e+00 0
1.65728384002415794310e-07 2.58923168148916937881e+00 2.58923168148916937881e+00 2.58923168148916937881e+00 2.58923168148916937881e+00 0
1.81631385792975794861e-07 2.55961763409122244894e+00 2.55961763409122244894e+00 2.55961763409122244894e+00 2.55961763409122244894e+00 0
1.99060411429558881484e-07 2.58726766546740405417e+00 2.58726766546740405417e+00 2.58726766546740405417e+00 2.58726766546740405417e+00 0
2.18161895453850981278e-07 2.55773304106158860804e+00 2.55773304106158860804e+00 2.55773304106158860804e+00 2.55773304106158860804e+00 0
2.39096324006439802656e-07 2.58512632942559150706e+00 2.58512632942559150706e+00 2.58512632942559150706e+00 2.58512632942559150706e+00 0
2.62039583193322993494e-07 2.55506347965931901456e+00 2.55506347965931901456e+00 2.55506347965931901456e+00 2.55506347965931901456e+00 0
2.87184436839275878347e-07 2.58194609847227107835e+00 2.58194609847227107835e+00 2.58194609847227107835e+00 2.58194609847227107835e+00 0
3.14742146043810265030e-07 2.55157535121365475206e+00 2.55157535121365475206e+00 2.55157535121365475206e+00 2.55157535121365475206e+00 0
3.44944244146851379225e-07 2.57844445193122684401e+00 2.57844445193122684401e+00 2.57844445193122684401e+00 2.57844445193122684401e+00 0
3.78044482016972603028e-07 2.54827997372958980904e+00 2.54827997372958980904e+00 2.54827997372958980904e+00 2.54827997372958980904e+00 0
4.14320960006039459306e-07 2.57553937161271262468e+00 2.57553937161271262468e+00 2.57553937161271262468e+00 2.57553937161271262468e+00 0
4.54078464482439566561e-07 2.54511146886294570280e+00 2.54511146886294570280e+00 2.54511146886294570280e+00 2.54511146886294570280e+00 0
4.97651028573897362528e-07 2.57276339700991707460e+00 2.57276339700991707460e+00 2.57276339700991707460e+00 2.57276339700991707460e+00 0
5.45404738634627717892e-07 2.54236464631259728719e+00 2.54236464631259728719e+00 2.54236464631259728719e+00 2.54236464631259728719e+00 0
5.97740810016099586050e-07 2.56978329413415673699e+00 2.56978329413415673699e+00 2.56978329413415673699e+00 2.56978329413415673699e+00 0
6.55098957983307430796e-07 2.53884177389873899600e+00 2.53884177389873899600e+00 2.53884177389873899600e+00 2.53884177389873899600e+00 0
7.17961092098189695866e-07 2.56588256483956289600e+00 2.56588256483956289600e+00 2.56588256483956289600e+00 2.56588256483956289600e+00 0
7.86855365109525609635e-07 2.53456481287647772405e+00 2.53456481287647772405e+00 2.53456481287647772405e+00 2.53456481287647772405e+00 0
8.62360610367128368652e-07 2.56158932015504792190e+00 2.56158932015504792190e+00 2.56158932015504792190e+00 2.56158932015504792190e+00 0
9.45111205042431322281e-07 2.53038100081570593858e+00 2.53038100081570593858e+00 2.53038100081570593858e+00 2.53038100081570593858e+00 0
1.03580240001509891296e-06 2.55776136791474373311e+00 2.55776136791474373311e+00 2.55776136791474373311e+00 2.55776136791474373311e+00 0
1.13519616120609888993e-06 2.54531009739230995592e+00 2.54531009739230995592e+00 2.54531009739230995592e+00 2.54531009739230995592e+00 0
1.24412757143474287692e-06 2.56376147498171524930e+00 2.56376147498171524930e+00 2.56376147498171524930e+00 2.56376147498171524930e+00 0
1.36351184658656897709e-06 2.54624642917016474897e+00 2.54624642917016474897e+00 2.54624642917016474897e+00 2.54624642917016474897e+00 0
1.49435202504024885925e-06 2.56187813249499463097e+00 2.56187813249499463097e+00 2.56187813249499463097e+00 2.56187813249499463097e+00 0
1.63774739495826889463e-06 2.54267049700978464699e+00 2.54267049700978464699e+00 2.54267049700978464699e+00 2.54267049700978464699e+00 0
1.79490273024547492788e-06 2.55707238902608846587e+00 2.55707238902608846587e+00 2.55707238902608846587e+00 2.55707238902608846587e+00 0
1.96713841277381391821e-06 2.53749340528341971179e+00 2.53749340528341971179e+00 2.53749340528341971179e+00 2.53749340528341971179e+00 0
2.15590152591782108045e-06 2.55186992602306972344e+00 2.55186992602306972344e+00 2.55186992602306972344e+00 2.55186992602306972344e+00 0
2.36277801260607909979e-06 2.53235479535343532831e+00 2.53235479535343532831e+00 2.53235479535343532831e+00 2.53235479535343532831e+00 0
2.58950600003774601186e-06 2.54700011803567694102e+00 2.54700011803567694102e+00 2.54700011803567694102e+00 2.54700011803567694102e+00 0
2.83799040301524807187e-06 2.52733995539857492219e+00 2.52733995539857492219e+00 2.52733995539857492219e+00 2.52733995539857492219e+00 0
3.11031892858685803934e-06 2.54221242788813039937e+00 2.54221242788813039937e+00 2.54221242788813039937e+00 2.54221242788813039937e+00 0
3.40877961646642297212e-06 2.52254545020407450195e+00 2.52254545020407450195e+00 2.52254545020407450195e+00 2.52254545020407450195e+00 0
3.73588006260062214812e-06 2.53715341581029729667e+00 2.53715341581029729667e+00 2.53715341581029729667e+00 2.53715341581029729667e+00 0
4.09436848739567181305e-06 2.51688049251242329518e+00 2.51688049251242329518e+00 2.51688049251242329518e+00 2.51688049251242329518e+00 0
4.48725682561368615503e-06 2.53102614231797051758e+00 2.53102614231797051758e+00 2.53102614231797051758e+00 2.53102614231797051758e+00 0
4.91784603193453437201e-06 2.51028007529907792872e+00 2.51028007529907792872e+00 2.51028007529907792872e+00 2.51028007529907792872e+00 0
5.38975381479455248936e-06 2.52432312710950057522e+00 2.52432312710950057522e+00 2.52432312710950057522e+00 2.52432312710950057522e+00 0
5.90694503151519647894e-06 2.50352023693334979626e+00 2.50352023693334979626e+00 2.50352023693334979626e+00 2.50352023693334979626e+00 0
6.47376500009436693547e-06 2.51783093873115770833e+00 2.51783093873115770833e+00 2.51783093873115770833e+00 2.51783093873115770833e+00 0
7.09497600753811890912e-06 2.49671987257026462004e+00 2.49671987257026462004e+00 2.49671987257026462004e+00 2.49671987257026462004e+00 0
7.77579732146714636891e-06 2.51125622733603215408e+00 2.51125622733603215408e+00 2.51125622733603215408e+00 2.51125622733603215408e+00 0
8.52194904116605827734e-06 2.49977914238346032860e+00 2.49977914238346032860e+00 2.49977914238346032860e+00 2.49977914238346032860e+00 0
9.33970015650155600557e-06 2.50931236048291150809e+00 2.50931236048291150809e+00 2.50931236048291150809e+00 2.50931236048291150809e+00 0
1.02359212184891812267e-05 2.49453083572191935957e+00 2.49453083572191935957e+00 2.49453083572191935957e+00 2.49453083572191935957e+00 0
1.12181420640342204698e-05 2.50220680635532399805e+00 2.50220680635532399805e+00 2.50220680635532399805e+00 2.50220680635532399805e+00 0
1.22946150798363418592e-05 2.48627815272960583926e+00 2.48627815272960583926e+00 2.48627815272960583926e+00 2.48627815272960583926e+00 0
1.34743845369863799529e-05 2.49333118580352497418e+00 2.49333118580352497418e+00 2.49333118580352497418e+00 2.49333118580352497418e+00 0
1.47673625787879903503e-05 2.47722708889521836539e+00 2.47722708889521836539e+00 2.47722708889521836539e+00 2.47722708889521836539e+00 0
1.61844125002359203033e-05 2.48442748578108574264e+00 2.48442748578108574264e+00 2.48442748578108574264e+00 2.48442748578108574264e+00 0
1.77374400188453006609e-05 2.46789966698778195919e+00 2.46789966698778195919e+00 2.46789966698778195919e+00 2.46789966698778195919e+00 0
1.94394933036678710045e-05 2.47519229115220928961e+00 2.47519229115220928961e+00 2.47519229115220928961e+00 2.47519229115220928961e+00 0
2.13048726029151414582e-05 2.45829904920481823183e+00 2.45829904920481823183e+00 2.45829904920481823183e+00 2.45829904920481823183e+00 0
2.33492503912538900139e-05 2.46529543343645540787e+00 2.46529543343645540787e+00 2.46529543343645540787e+00 2.46529543343645540787e+00 0
2.55898030462229522197e-05 2.44760081757641634326e+00 2.44760081757641634326e+00 2.44760081757641634326e+00 2.44760081757641634326e+00 0
2.80453551600855418571e-05 2.45397162007128510908e+00 2.45397162007128510908e+00 2.45397162007128510908e+00 2.45397162007128510908e+00 0
3.07365376995908377075e-05 2.43561956264290024876e+00 2.43561956264290024876e+00 2.43561956264290024876e+00 2.43561956264290024876e+00 0
3.36859613424659532703e-05 2.44175422205890324534e+00 2.44175422205890324534e+00 2.44175422205890324534e+00 2.44175422205890324534e+00 0
3.69184064469699809580e-05 2.42306097676030063326e+00 2.42306097676030063326e+00 2.42306097676030063326e+00 2.42306097676030063326e+00 0
4.04610312505897939820e-05 2.42920385160164986615e+00 2.42920385160164986615e+00 2.42920385160164986615e+00 2.42920385160164986615e+00 0
4.43436000471132397939e-05 2.40976447078517619360e+00 2.40976447078517619360e+00 2.40976447078517619360e+00 2.40976447078517619360e+00 0
4.85987332591696622646e-05 2.41588646996646527754e+00 2.41588646996646527754e+00 2.41588646996646527754e+00 2.41588646996646527754e+00 0
5.32621815072878638099e-05 2.39596197868722171620e+00 2.39596197868722171620e+00 2.39596197868722171620e+00 2.39596197868722171620e+00 0
5.83731259781347216467e-05 2.40176228337513197886e+00 2.40176228337513197886e+00 2.40176228337513197886e+00 2.40176228337513197886e+00 0
6.39745076155573839374e-05 2.38096454277869762350e+00 2.38096454277869762350e+00 2.38096454277869762350e+00 2.38096454277869762350e+00 0
7.01133879002138461723e-05 2.38601609270760040005e+00 2.38601609270760040005e+00 2.38601609270760040005e+00 2.38601609270760040005e+00 0
7.68413442489771078212e-05 2.36451684132283146411e+00 2.36451684132283146411e+00 2.36451684132283146411e+00 2.36451684132283146411e+00 0
8.42149033561649001164e-05 2.36921455206629127943e+00 2.36921455206629127943e+00 2.36921455206629127943e+00 2.36921455206629127943e+00 0
9.22960161174249523949e-05 2.34733908538728153204e+00 2.34733908538728153204e+00 2.34733908538728153204e+00 2.34733908538728153204e+00 0
1.01152578126474505284e-04 2.35197849885047682861e+00 2.35197849885047682861e+00 2.35197849885047682861e+00 2.35197849885047682861e+00 0
1.10859000117783106261e-04 2.32916194598255454906e+00 2.32916194598255454906e+00 2.32916194598255454906e+00 2.32916194598255454906e+00 0
1.21496833147924203095e-04 2.33383624472126527394e+00 2.33383624472126527394e+00 2.33383624472126527394e+00 2.33383624472126527394e+00 0
1.33155453768219595150e-04 2.31070541795551109843e+00 2.31070541795551109843e+00 2.31070541795551109843e+00 2.31070541795551109843e+00 0
1.45932814945336810893e-04 2.31537059999436634072e+00 2.31537059999436634072e+00 2.31537059999436634072e+00 2.31537059999436634072e+00 0
1.59936269038893493725e-04 2.29366540204747426657e+00 2.29366540204747426657e+00 2.29366540204747426657e+00 2.29366540204747426657e+00 0
1.75283469750534622207e-04 2.29712112344761720806e+00 2.29712112344761720806e+00 2.29712112344761720806e+00 2.29712112344761720806e+00 0
1.92103360622442823763e-04 2.27476213033221785764e+00 2.27476213033221785764e+00 2.27476213033221785764e+00 2.27476213033221785764e+00 0
2.10537258390412209633e-04 2.27850654195373270028e+00 2.27850654195373270028e+00 2.27850654195373270028e+00 2.27850654195373270028e+00 0
2.30740040293562408092e-04 2.25627516227803459614e+00 2.25627516227803459614e+00 2.25627516227803459614e+00 2.25627516227803459614e+00 0
2.52881445316186208999e-04 2.26121684066026418236e+00 2.26121684066026418236e+00 2.26121684066026418236e+00 2.26121684066026418236e+00 0
2.77147500294457819862e-04 2.23819470284311439201e+00 2.23819470284311439201e+00 2.23819470284311439201e+00 2.23819470284311439201e+00 0
3.03742082869810372213e-04 2.24568894943622643368e+00 2.24568894943622643368e+00 2.24568894943622643368e+00 2.24568894943622643368e+00 0
3.32888634420549069191e-04 2.22360198775126827186e+00 2.22360198775126827186e+00 2.22360198775126827186e+00 2.22360198775126827186e+00 0
3.64832037363341959470e-04 2.23457027150712450592e+00 2.23457027150712450592e+00 2.23457027150712450592e+00 2.23457027150712450592e+00 0
3.99840672597233707207e-04 2.21422170047764321765e+00 2.21422170047764321765e+00 2.21422170047764321765e+00 2.21422170047764321765e+00 0
4.38208674376336609728e-04 2.22890638407660368614e+00 2.22890638407660368614e+00 2.22890638407660368614e+00 2.22890638407660368614e+00 0
4.80258401556107005197e-04 2.20988401718044524813e+00 2.20988401718044524813e+00 2.20988401718044524813e+00 2.20988401718044524813e+00 0
5.26343145976030496978e-04 2.22976070722503783017e+00 2.22976070722503783017e+00 2.22976070722503783017e+00 2.22976070722503783017e+00 0
5.76850100733905979573e-04 2.21717750612092734386e+00 2.21717750612092734386e+00 2.21717750612092734386e+00 2.21717750612092734386e+00 0
6.32203613290465522498e-04 2.23984846947839377762e+00 2.23984846947839377762e+00 2.23984846947839377762e+00 2.23984846947839377762e+00 0
6.92868750736144387026e-04 2.22881057821418471221e+00 2.22881057821418471221e+00 2.22881057821418471221e+00 2.22881057821418471221e+00 0
7.59355207174526093163e-04 2.25269346790269242575e+00 2.25269346790269242575e+00 2.25269346790269242575e+00 2.25269346790269242575e+00 0
8.32221586051372971132e-04 2.24127271160746088796e+00 2.24127271160746088796e+00 2.24127271160746088796e+00 2.24127271160746088796e+00 0
9.12080093408355169725e-04 2.26169854299723382951e+00 2.26169854299723382951e+00 2.26169854299723382951e+00 2.26169854299723382951e+00 0
9.99601681493084105387e-04 2.24412011163515456857e+00 2.24412011163515456857e+00 2.24412011163515456857e+00 2.24412011163515456857e+00 0
1.09552168594084092801e-03 2.25144879334805292359e+00 2.25144879334805292359e+00 2.25144879334805292359e+00 2.25144879334805292359e+00 0
1.20064600389026797378e-03 2.22427518795586420808e+00 2.22427518795586420808e+00 2.22427518795586420808e+00 2.22427518795586420808e+00 0
1.31585786494007607982e-03 2.21370164784699996474e+00 2.21370164784699996474e+00 2.21370164784699996474e+00 2.21370164784699996474e+00 0
1.44212525183476511156e-03 2.16859084916317934599e+00 2.16859084916317934599e+00 2.16859084916317934599e+00 2.16859084916317934599e+00 0
1.58050903322616391466e-03 2.13489977229823102434e+00 2.13489977229823102434e+00 2.13489977229823102434e+00 2.13489977229823102434e+00 0
1.73217187684036096756e-03 2.06662770718443988827e+00 2.06662770718443988827e+00 2.06662770718443988827e+00 2.06662770718443988827e+00 0
1.89838801793631517870e-03 2.01106012011812795848e+00 2.01106012011812795848e+00 2.01106012011812795848e+00 2.01106012011812795848e+00 0
2.08055396512843221099e-03 1.92712445814376853725e+00 1.92712445814376853725e+00 1.92712445814376853725e+00 1.92712445814376853725e+00 0
2.28020023352088797852e-03 1.85249238642318259096e+00 1.85249238642318259096e+00 1.85249238642318259096e+00 1.85249238642318259096e+00 0
2.49900420373270993821e-03 1.75785149883341307309e+00 1.75785149883341307309e+00 1.75785149883341307309e+00 1.75785149883341307309e+00 0
2.73880421485210318738e-03 1.66845867262306990497e+00 1.66845867262306990497e+00 1.66845867262306990497e+00 1.66845867262306990497e+00 0
3.00161500972566906709e-03 1.56685081976217333022e+00 1.56685081976217333022e+00 1.56685081976217333022e+00 1.56685081976217333022e+00 0
3.28964466235019117532e-03 1.47177586356612977170e+00 1.47177586356612977170e+00 1.47177586356612977170e+00 1.47177586356612977170e+00 0
3.60531312958691212839e-03 1.37021768312278124924e+00 1.37021768312278124924e+00 1.37021768312278124924e+00 1.37021768312278124924e+00 0
3.95127258306540891930e-03 1.27457262830544815202e+00 1.27457262830544815202e+00 1.27457262830544815202e+00 1.27457262830544815202e+00 0
4.33042969210090198523e-03 1.17408910604883320872e+00 1.17408910604883320872e+00 1.17408910604883320872e+00 1.17408910604883320872e+00 0
4.74597004484078686254e-03 1.08309692538054580524e+00 1.08309692538054580524e+00 1.08309692538054580524e+00 1.08309692538054580524e+00 0
5.20138491282107900959e-03 9.92818036571545881053e-01 9.92818036571545881053e-01 9.92818036571545881053e-01 9.92818036571545881053e-01 0
5.70050058380221821158e-03 9.12259786301370168005e-01 9.12259786301370168005e-01 9.12259786301370168005e-01 9.12259786301370168005e-01 0
6.24751050933177506236e-03 8.33377256361348850433e-01 8.33377256361348850433e-01 8.33377256361348850433e-01 8.33377256361348850433e-01 0
6.84701053713025840214e-03 7.64471774665474668176e-01 7.64471774665474668176e-01 7.64471774665474668176e-01 7.64471774665474668176e-01 0
7.50403752431417180035e-03 6.97998590889503334189e-01 6.97998590889503334189e-01 6.97998590889503334189e-01 6.97998590889503334189e-01 0
8.22411165587547642042e-03 6.42403394068492561431e-01 6.42403394068492561431e-01 6.42403394068492561431e-01 6.42403394068492561431e-01 0
9.01328282396728075465e-03 5.89273167249413587498e-01 5.89273167249413587498e-01 5.89273167249413587498e-01 5.89273167249413587498e-01 0
9.87818145766352143089e-03 5.47625665962624519345e-01 5.47625665962624519345e-01 5.47625665962624519345e-01 5.47625665962624519345e-01 0
1.08260742302522597336e-02 5.10122729536827690389e-01 5.10122729536827690389e-01 5.10122729536827690389e-01 5.10122729536827690389e-01 0
1.18649251121019701921e-02 4.80884990099322895407e-01 4.80884990099322895407e-01 4.80884990099322895407e-01 4.80884990099322895407e-01 0
1.30034622820527009934e-02 4.48078009682974620631e-01 4.48078009682974620631e-01 4.48078009682974620631e-01 4.48078009682974620631e-01 0
1.42512514595055511668e-02 4.28841937352268331995e-01 4.28841937352268331995e-01 4.28841937352268331995e-01 4.28841937352268331995e-01 0
1.56187762733294398243e-02 3.99299908320858987221e-01 3.99299908320858987221e-01 3.99299908320858987221e-01 3.99299908320858987221e-01 0
1.71175263428256507758e-02 3.88833855656935845069e-01 3.88833855656935845069e-01 3.88833855656935845069e-01 3.88833855656935845069e-01 0
1.87600938107854303682e-02 3.65071676791813515273e-01 3.65071676791813515273e-01 3.65071676791813515273e-01 3.65071676791813515273e-01 0
2.05602791396886919184e-02 3.58418592820130277321e-01 3.58418592820130277321e-01 3.58418592820130277321e-01 3.58418592820130277321e-01 0
2.25332070599182018866e-02 3.37703761374982647236e-01 3.37703761374982647236e-01 3.37703761374982647236e-01 3.37703761374982647236e-01 0
2.46954536441588087814e-02 3.33374550833087091029e-01 3.33374550833087091029e-01 3.33374550833087091029e-01 3.33374550833087091029e-01 0
2.70651855756306389256e-02 3.17779871633806221265e-01 3.17779871633806221265e-01 3.17779871633806221265e-01 3.17779871633806221265e-01 0
2.96623127802549194088e-02 3.14087392716627777922e-01 3.14087392716627777922e-01 3.14087392716627777922e-01 3.14087392716627777922e-01 0
3.25086557051317490141e-02 3.00906795356831069377e-01 3.00906795356831069377e-01 3.00906795356831069377e-01 3.00906795356831069377e-01 0
3.56281286487638709781e-02 2.97741638534693264795e-01 2.97741638534693264795e-01 2.97741638534693264795e-01 2.97741638534693264795e-01 0
3.90469406833235874177e-02 2.87885815444547610298e-01 2.87885815444547610298e-01 2.87885815444547610298e-01 2.87885815444547610298e-01 0
4.27938158570641130618e-02 2.85305057593721600462e-01 2.85305057593721600462e-01 2.85305057593721600462e-01 2.85305057593721600462e-01 0
4.69002345269635689817e-02 2.79993439744911587486e-01 2.79993439744911587486e-01 2.79993439744911587486e-01 2.79993439744911587486e-01 0
5.14006978492217297960e-02 2.77881399647285143306e-01 2.77881399647285143306e-01 2.77881399647285143306e-01 2.77881399647285143306e-01 0
5.63330176497955012471e-02 2.78695065353469162428e-01 2.78695065353469162428e-01 2.78695065353469162428e-01 2.78695065353469162428e-01 0
6.17386341103970184840e-02 2.76982869137641862789e-01 2.76982869137641862789e-01 2.76982869137641862789e-01 2.76982869137641862789e-01 0
6.76629639390766007834e-02 2.87183279267654190114e-01 2.87183279267654190114e-01 2.87183279267654190114e-01 2.87183279267654190114e-01 0
7.41557819506373228080e-02 2.86207451707690796461e-01 2.86207451707690796461e-01 2.86207451707690796461e-01 2.86207451707690796461e-01 0
8.12716392628293760048e-02 3.17348073447712653028e-01 3.17348073447712653028e-01 3.17348073447712653028e-01 3.17348073447712653028e-01 0
8.90703216219096705064e-02 3.16976417858534531558e-01 3.16976417858534531558e-01 3.16976417858534531558e-01 3.16976417858534531558e-01 0
9.76173517083089858914e-02 3.76961745414131466081e-01 3.76961745414131466081e-01 3.76961745414131466081e-01 3.76961745414131466081e-01 0
1.06984539642660303471e-01 4.11516787465410260882e-01 4.11516787465410260882e-01 4.11516787465410260882e-01 4.11516787465410260882e-01 0
1.17250586317408908577e-01 4.74242850105050461895e-01 4.74242850105050461895e-01 4.74242850105050461895e-01 4.74242850105050461895e-01 0
1.28501744623054303673e-01 5.32208486036850225709e-01 5.32208486036850225709e-01 5.32208486036850225709e-01 5.32208486036850225709e-01 0
1.40832544124488812098e-01 5.76464674806036470045e-01 5.76464674806036470045e-01 5.76464674806036470045e-01 5.76464674806036470045e-01 0
1.54346585275992514985e-01 6.05473443234454511419e-01 6.05473443234454511419e-01 6.05473443234454511419e-01 6.05473443234454511419e-01 0
1.69157409847691508897e-01 6.24252743023498646302e-01 6.24252743023498646302e-01 6.24252743023498646302e-01 6.24252743023498646302e-01 0
1.85389454876593307020e-01 6.14957142473337770028e-01 6.14957142473337770028e-01 6.14957142473337770028e-01 6.14957142473337770028e-01 0
2.03179098157073412256e-01 5.85912003480040466386e-01 5.85912003480040466386e-01 5.85912003480040466386e-01 5.85912003480040466386e-01 0
2.22675804054774217899e-01 5.44873095388278549933e-01 5.44873095388278549933e-01 5.44873095388278549933e-01 5.44873095388278549933e-01 0
2.44043379270772520240e-01 4.85214538823448726657e-01 4.85214538823448726657e-01 4.85214538823448726657e-01 4.85214538823448726657e-01 0
2.67461349106650703167e-01 4.14401882920321373849e-01 4.14401882920321373849e-01 4.14401882920321373849e-01 4.14401882920321373849e-01 0
2.93126465793522417158e-01 3.46817004883577084673e-01 3.46817004883577084673e-01 3.46817004883577084673e-01 3.46817004883577084673e-01 0
3.21254361557635814695e-01 2.79702022238270120447e-01 2.79702022238270120447e-01 2.79702022238270120447e-01 2.79702022238270120447e-01 0
3.52081360311221891468e-01 2.20645101807032784080e-01 2.20645101807032784080e-01 2.20645101807032784080e-01 2.20645101807032784080e-01 0
3.85866463189981301340e-01 1.71164386611814822725e-01 1.71164386611814822725e-01 1.71164386611814822725e-01 1.71164386611814822725e-01 0
4.22893524619228744488e-01 1.27100054957362179620e-01 1.27100054957362179620e-01 1.27100054957362179620e-01 1.27100054957362179620e-01 0
4.63473637191483156528e-01 9.40118681512378401299e-02 9.40118681512378401299e-02 9.40118681512378401299e-02 9.40118681512378401299e-02 0
5.07947745392683502885e-01 6.77469580742392774031e-02 6.77469580742392774031e-02 6.77469580742392774031e-02 6.77469580742392774031e-02 0
5.56689510136935350459e-01 4.79156113552130502597e-02 4.79156113552130502597e-02 4.79156113552130502597e-02 4.79156113552130502597e-02 0
6.10108448176931106310e-01 3.27577152771160035050e-02 3.27577152771160035050e-02 3.27577152771160035050e-02 3.27577152771160035050e-02 0
6.68653372766626730161e-01 2.49354202643873243406e-02 2.49354202643873243406e-02 2.49354202643873243406e-02 2.49354202643873243406e-02 0
7.32816164483805709828e-01 1.73276445499479514467e-02 1.73276445499479514467e-02 1.73276445499479514467e-02 1.73276445499479514467e-02 0
8.03135903894089508981e-01 1.28818946901394087989e-02 1.28818946901394087989e-02 1.28818946901394087989e-02 1.28818946901394087989e-02 0
8.80203400778054700915e-01 9.15495996519836811867e-03 9.15495996519836811867e-03 9.15495996519836811867e-03 9.15495996519836811867e-03 0
9.64666157974953475396e-01 6.62804890621004894058e-03 6.62804890621004894058e-03 6.62804890621004894058e-03 6.62804890621004894058e-03 0
1.05723381154807194449e+00 4.02572371915699452061e-03 4.02572371915699452061e-03 4.02572371915699452061e-03 4.02572371915699452061e-03 0
1.15868409297870789132e+00 2.71109250906980932608e-03 2.71109250906980932608e-03 2.71109250906980932608e-03 2.71109250906980932608e-03 0
1.26986936348170909028e+00 1.48800681516776623844e-03 1.48800681516776623844e-03 1.48800681516776623844e-03 1.48800681516776623844e-03 0
1.39172377534233904228e+00 8.40447184754339023452e-04 8.40447184754339023452e-04 8.40447184754339023452e-04 8.40447184754339023452e-04 0
1.52527112044232815435e+00 3.44632822343966024187e-04 3.44632822343966024187e-04 3.44632822343966024187e-04 3.44632822343966024187e-04 0
1.67163343191656688091e+00 4.69759019224721464415e-04 4.69759019224721464415e-04 4.69759019224721464415e-04 4.69759019224721464415e-04 0
1.83204041120951499622e+00 3.03628423442870733727e-04 3.03628423442870733727e-04 3.03628423442870733727e-04 3.03628423442870733727e-04 0
2.00783975973522421654e+00 3.36324437390677320747e-04 3.36324437390677320747e-04 3.36324437390677320747e-04 3.36324437390677320747e-04 0
2.20050850194513714086e+00 2.91173408025639844730e-04 2.91173408025639844730e-04 2.91173408025639844730e-04 2.91173408025639844730e-04 0
