-1.525271120442328e+00  9.002978597017527e-02  9.002978597017527e-02  9.002978597017527e-02  9.002978597017527e-02  0
-1.391723775342339e+00  8.833710729873193e-02  8.833710729873193e-02  8.833710729873193e-02  8.833710729873193e-02  0
-1.269869363481709e+00  8.558904063017973e-02  8.558904063017973e-02  8.558904063017973e-02  8.558904063017973e-02  0
-1.158684092978708e+00  8.102422262221246e-02  8.102422262221246e-02  8.102422262221246e-02  8.102422262221246e-02  0
-1.057233811548072e+00  7.403194827870803e-02  7.403194827870803e-02  7.403194827870803e-02  7.403194827870803e-02  0
-9.646661579749536e-01  1.869383673579202e-01  1.869383673579202e-01  1.869383673579202e-01  1.869383673579202e-01  0
-8.802034007780548e-01  1.559653570638949e-01  1.559653570638949e-01  1.559653570638949e-01  1.559653570638949e-01  0
-8.031359038940896e-01  1.264900488095211e-01  1.264900488095211e-01  1.264900488095211e-01  1.264900488095211e-01  0
-7.328161644838059e-01  9.993142367579515e-02  9.993142367579515e-02  9.993142367579515e-02  9.993142367579515e-02  0
-6.686533727666268e-01  7.681453835296927e-02  7.681453835296927e-02  7.681453835296927e-02  7.681453835296927e-02  0
-6.101084481769313e-01  3.521769429007431e-01  3.521769429007431e-01  3.521769429007431e-01  3.521769429007431e-01  0
-5.566895101369356e-01  2.808398111810697e-01  2.808398111810697e-01  2.808398111810697e-01  2.808398111810697e-01  0
-5.079477453926836e-01  2.262607317211243e-01  2.262607317211243e-01  2.262607317211243e-01  2.262607317211243e-01  0
-4.634736371914833e-01  1.826743349568265e-01  1.826743349568265e-01  1.826743349568265e-01  1.826743349568265e-01  0
-4.228935246192288e-01  1.457072349372577e-01  1.457072349372577e-01  1.457072349372577e-01  1.457072349372577e-01  0
-3.858664631899814e-01  6.233641166819588e-01  6.233641166819588e-01  6.233641166819588e-01  6.233641166819588e-01  0
-3.520813603112219e-01  5.546034733831876e-01  5.546034733831876e-01  5.546034733831876e-01  5.546034733831876e-01  0
-3.212543615576358e-01  4.730379512530044e-01  4.730379512530044e-01  4.730379512530044e-01  4.730379512530044e-01  0
-2.931264657935224e-01  3.848342280231614e-01  3.848342280231614e-01  3.848342280231614e-01  3.848342280231614e-01  0
-2.674613491066507e-01  2.972719060701079e-01  2.972719060701079e-01  2.972719060701079e-01  2.972719060701079e-01  0
-2.440433792707725e-01  3.404485507914909e-01  3.404485507914909e-01  3.404485507914909e-01  3.404485507914909e-01  0
-2.226758040547742e-01  3.294419191798682e-01  3.294419191798682e-01  3.294419191798682e-01  3.294419191798682e-01  0
-2.031790981570734e-01  3.076151141351051e-01  3.076151141351051e-01  3.076151141351051e-01  3.076151141351051e-01  0
-1.853894548765933e-01  2.756513769514697e-01  2.756513769514697e-01  2.756513769514697e-01  2.756513769514697e-01  0
-1.691574098476915e-01  2.357386239983737e-01  2.357386239983737e-01  2.357386239983737e-01  2.357386239983737e-01  0
-1.543465852759926e-01  1.498710203495937e-01  1.498710203495937e-01  1.498710203495937e-01  1.498710203495937e-01  0
-1.408325441244888e-01  1.524137447461661e-01  1.524137447461661e-01  1.524137447461661e-01  1.524137447461661e-01  0
-1.285017446230543e-01  1.476778360591125e-01  1.476778360591125e-01  1.476778360591125e-01  1.476778360591125e-01  0
-1.172505863174090e-01  1.356635471753212e-01  1.356635471753212e-01  1.356635471753212e-01  1.356635471753212e-01  0
-1.069845396426603e-01  1.176813908776008e-01  1.176813908776008e-01  1.176813908776008e-01  1.176813908776008e-01  0
-9.761735170830896e-02  2.709681413873581e-02  2.709681413873581e-02  2.709681413873581e-02  2.709681413873581e-02  0
-8.907032162190963e-02  2.921080253069234e-02  2.921080253069234e-02  2.921080253069234e-02  2.921080253069234e-02  0
-8.127163926282933e-02  3.040330927986395e-02  3.040330927986395e-02  3.040330927986395e-02  3.040330927986395e-02  0
-7.415578195063728e-02  3.033768590166463e-02  3.033768590166463e-02  3.033768590166463e-02  3.033768590166463e-02  0
-6.766296393907657e-02  2.884425904562322e-02  2.884425904562322e-02  2.884425904562322e-02  2.884425904562322e-02  0
-6.173863411039700e-02  8.835101258338533e-03  8.835101258338533e-03  8.835101258338533e-03  8.835101258338533e-03  0
-5.633301764979549e-02  9.744506484985944e-03  9.744506484985944e-03  9.744506484985944e-03  9.744506484985944e-03  0
-5.140069784922172e-02  1.038844729098259e-02  1.038844729098259e-02  1.038844729098259e-02  1.038844729098259e-02  0
-4.690023452696356e-02  1.064207985111887e-02  1.064207985111887e-02  1.064207985111887e-02  1.064207985111887e-02  0
-4.279381585706410e-02  1.042171124555661e-02  1.042171124555661e-02  1.042171124555661e-02  1.042171124555661e-02  0
-3.904694068332359e-02  3.382287779991893e-03  3.382287779991893e-03  3.382287779991893e-03  3.382287779991893e-03  0
-3.562812864876386e-02  3.688104419436093e-03  3.688104419436093e-03  3.688104419436093e-03  3.688104419436093e-03  0
-3.250865570513174e-02  3.982030851645823e-03  3.982030851645823e-03  3.982030851645823e-03  3.982030851645823e-03  0
-2.966231278025492e-02  4.210422684291870e-03  4.210422684291870e-03  4.210422684291870e-03  4.210422684291870e-03  0
-2.706518557563063e-02  4.318771118341685e-03  4.318771118341685e-03  4.318771118341685e-03  4.318771118341685e-03  0
-2.469545364415880e-02  2.330719847398142e-03  2.330719847398142e-03  2.330719847398142e-03  2.330719847398142e-03  0
-2.253320705991819e-02  2.367350917479972e-03  2.367350917479972e-03  2.367350917479972e-03  2.367350917479972e-03  0
-2.056027913968868e-02  2.391530401922970e-03  2.391530401922970e-03  2.391530401922970e-03  2.391530401922970e-03  0
-1.876009381078543e-02  2.392307308425445e-03  2.392307308425445e-03  2.392307308425445e-03  2.392307308425445e-03  0
-1.711752634282564e-02  2.360489623044298e-03  2.360489623044298e-03  2.360489623044298e-03  2.360489623044298e-03  0
-1.561877627332943e-02  2.017950446730331e-03  2.017950446730331e-03  2.017950446730331e-03  2.017950446730331e-03  0
-1.425125145950554e-02  2.131727690129870e-03  2.131727690129870e-03  2.131727690129870e-03  2.131727690129870e-03  0
-1.300346228205270e-02  2.223277572138721e-03  2.223277572138721e-03  2.223277572138721e-03  2.223277572138721e-03  0
-1.186492511210197e-02  2.283638095307751e-03  2.283638095307751e-03  2.283638095307751e-03  2.283638095307751e-03  0
-1.082607423025225e-02  2.302982309199361e-03  2.302982309199361e-03  2.302982309199361e-03  2.302982309199361e-03  0
-9.878181457663520e-03  1.177512141161339e-03  1.177512141161339e-03  1.177512141161339e-03  1.177512141161339e-03  0
-9.013282823967277e-03  1.306972332314308e-03  1.306972332314308e-03  1.306972332314308e-03  1.306972332314308e-03  0
-8.224111655875473e-03  1.445611395395650e-03  1.445611395395650e-03  1.445611395395650e-03  1.445611395395650e-03  0
-7.504037524314169e-03  1.581442129539889e-03  1.581442129539889e-03  1.581442129539889e-03  1.581442129539889e-03  0
-6.847010537130255e-03  1.702145409929471e-03  1.702145409929471e-03  1.702145409929471e-03  1.702145409929471e-03  0
-6.247510509331773e-03  9.622569795325389e-04  9.622569795325389e-04  9.622569795325389e-04  9.622569795325389e-04  0
-5.700500583802216e-03  9.186574626649473e-04  9.186574626649473e-04  9.186574626649473e-04  9.186574626649473e-04  0
-5.201384912821078e-03  8.986844852727714e-04  8.986844852727714e-04  8.986844852727714e-04  8.986844852727714e-04  0
-4.745970044840786e-03  9.085749702298765e-04  9.085749702298765e-04  9.085749702298765e-04  9.085749702298765e-04  0
-4.330429692100900e-03  9.482916222380186e-04  9.482916222380186e-04  9.482916222380186e-04  9.482916222380186e-04  0
-3.951272583065408e-03  9.470925714213062e-04  9.470925714213062e-04  9.470925714213062e-04  9.470925714213062e-04  0
-3.605313129586911e-03  9.492308980776765e-04  9.492308980776765e-04  9.492308980776765e-04  9.492308980776765e-04  0
-3.289644662350189e-03  9.545902161131677e-04  9.545902161131677e-04  9.545902161131677e-04  9.545902161131677e-04  0
-3.001615009725668e-03  9.540481783494089e-04  9.540481783494089e-04  9.540481783494089e-04  9.540481783494089e-04  0
-2.738804214852102e-03  9.438726328172810e-04  9.438726328172810e-04  9.438726328172810e-04  9.438726328172810e-04  0
-2.499004203732710e-03  1.054129256629878e-03  1.054129256629878e-03  1.054129256629878e-03  1.054129256629878e-03  0
-2.280200233520887e-03  1.012085724722599e-03  1.012085724722599e-03  1.012085724722599e-03  1.012085724722599e-03  0
-2.080553965128431e-03  9.654792961786080e-04  9.654792961786080e-04  9.654792961786080e-04  9.654792961786080e-04  0
-1.898388017936315e-03  9.241656788285585e-04  9.241656788285585e-04  9.241656788285585e-04  9.241656788285585e-04  0
-1.732171876840360e-03  8.938334938390388e-04  8.938334938390388e-04  8.938334938390388e-04  8.938334938390388e-04  0
-1.580509033226163e-03  6.829762131746277e-04  6.829762131746277e-04  6.829762131746277e-04  6.829762131746277e-04  0
-1.442125251834764e-03  7.360130649650890e-04  7.360130649650890e-04  7.360130649650890e-04  7.360130649650890e-04  0
-1.315857864940076e-03  7.969213207254255e-04  7.969213207254255e-04  7.969213207254255e-04  7.969213207254255e-04  0
-1.200646003890267e-03  8.553707676750216e-04  8.553707676750216e-04  8.553707676750216e-04  8.553707676750216e-04  0
-1.095521685940841e-03  9.037514889376862e-04  9.037514889376862e-04  9.037514889376862e-04  9.037514889376862e-04  0
-9.996016814930839e-04  6.886905545999483e-04  6.886905545999483e-04  6.886905545999483e-04  6.886905545999483e-04  0
-9.120800934083548e-04  6.539863851594507e-04  6.539863851594507e-04  6.539863851594507e-04  6.539863851594507e-04  0
-8.322215860513725e-04  6.212341742215314e-04  6.212341742215314e-04  6.212341742215314e-04  6.212341742215314e-04  0
-7.593552071745259e-04  6.006406336928596e-04  6.006406336928596e-04  6.006406336928596e-04  6.006406336928596e-04  0
-6.928687507361442e-04  5.991634010202048e-04  5.991634010202048e-04  5.991634010202048e-04  5.991634010202048e-04  0
-6.322036132904654e-04  6.015352437090845e-04  6.015352437090845e-04  6.015352437090845e-04  6.015352437090845e-04  0
-5.768501007339059e-04  6.103462302282480e-04  6.103462302282480e-04  6.103462302282480e-04  6.103462302282480e-04  0
-5.263431459760304e-04  6.258544961022961e-04  6.258544961022961e-04  6.258544961022961e-04  6.258544961022961e-04  0
-4.802584015561070e-04  6.387218080847986e-04  6.387218080847986e-04  6.387218080847986e-04  6.387218080847986e-04  0
-4.382086743763364e-04  6.431726268736452e-04  6.431726268736452e-04  6.431726268736452e-04  6.431726268736452e-04  0
-3.998406725972335e-04  6.892260428155461e-04  6.892260428155461e-04  6.892260428155461e-04  6.892260428155461e-04  0
-3.648320373633419e-04  6.856199029314148e-04  6.856199029314148e-04  6.856199029314148e-04  6.856199029314148e-04  0
-3.328886344205490e-04  6.730821502061481e-04  6.730821502061481e-04  6.730821502061481e-04  6.730821502061481e-04  0
-3.037420828698103e-04  6.551486232786269e-04  6.551486232786269e-04  6.551486232786269e-04  6.551486232786269e-04  0
-2.771475002944577e-04  6.354087938910204e-04  6.354087938910204e-04  6.354087938910204e-04  6.354087938910204e-04  0
-2.528814453161862e-04  4.251868192807553e-04  4.251868192807553e-04  4.251868192807553e-04  4.251868192807553e-04  0
-2.307400402935623e-04  4.632742665138905e-04  4.632742665138905e-04  4.632742665138905e-04  4.632742665138905e-04  0
-2.105372583904122e-04  5.102352382075872e-04  5.102352382075872e-04  5.102352382075872e-04  5.102352382075872e-04  0
-1.921033606224428e-04  5.600402516492402e-04  5.600402516492402e-04  5.600402516492402e-04  5.600402516492402e-04  0
-1.752834697505346e-04  6.067224902618671e-04  6.067224902618671e-04  6.067224902618671e-04  6.067224902618671e-04  0
-1.599362690388934e-04  4.160434147697527e-04  4.160434147697527e-04  4.160434147697527e-04  4.160434147697527e-04  0
-1.459328149453367e-04  4.008387208307530e-04  4.008387208307530e-04  4.008387208307530e-04  4.008387208307530e-04  0
-1.331554537682196e-04  3.858758993321211e-04  3.858758993321211e-04  3.858758993321211e-04  3.858758993321211e-04  0
-1.214968331479241e-04  3.769127850919923e-04  3.769127850919923e-04  3.769127850919923e-04  3.769127850919923e-04  0
-1.108590001177830e-04  3.778520163806528e-04  3.778520163806528e-04  3.778520163806528e-04  3.778520163806528e-04  0
-1.011525781264745e-04  3.063190894898242e-04  3.063190894898242e-04  3.063190894898242e-04  3.063190894898242e-04  0
-9.229601611742493e-05  3.139120089784885e-04  3.139120089784885e-04  3.139120089784885e-04  3.139120089784885e-04  0
-8.421490335616486e-05  3.314570540200643e-04  3.314570540200643e-04  3.314570540200643e-04  3.314570540200643e-04  0
-7.684134424897711e-05  3.509215882030346e-04  3.509215882030346e-04  3.509215882030346e-04  3.509215882030346e-04  0
-7.011338790021382e-05  3.665053503406970e-04  3.665053503406970e-04  3.665053503406970e-04  3.665053503406970e-04  0
-6.397450761555736e-05  4.424575658650483e-04  4.424575658650483e-04  4.424575658650483e-04  4.424575658650483e-04  0
-5.837312597813469e-05  4.219515412311091e-04  4.219515412311091e-04  4.219515412311091e-04  4.219515412311091e-04  0
-5.326218150728784e-05  3.967319169419310e-04  3.967319169419310e-04  3.967319169419310e-04  3.967319169419310e-04  0
-4.859873325916965e-05  3.719012995894927e-04  3.719012995894927e-04  3.719012995894927e-04  3.719012995894927e-04  0
-4.434360004711322e-05  3.508321221541485e-04  3.508321221541485e-04  3.508321221541485e-04  3.508321221541485e-04  0
-4.046103125058979e-05  2.976180621676166e-04  2.976180621676166e-04  2.976180621676166e-04  2.976180621676166e-04  0
-3.691840644696997e-05  3.174947990860376e-04  3.174947990860376e-04  3.174947990860376e-04  3.174947990860376e-04  0
-3.368596134246595e-05  3.409518715551148e-04  3.409518715551148e-04  3.409518715551148e-04  3.409518715551148e-04  0
-3.073653769959084e-05  3.613383671633898e-04  3.613383671633898e-04  3.613383671633898e-04  3.613383671633898e-04  0
-2.804535516008553e-05  3.746955219138748e-04  3.746955219138748e-04  3.746955219138748e-04  3.746955219138748e-04  0
-2.558980304622295e-05  3.678931426048405e-04  3.678931426048405e-04  3.678931426048405e-04  3.678931426048405e-04  0
-2.334925039125388e-05  3.456164700639908e-04  3.456164700639908e-04  3.456164700639908e-04  3.456164700639908e-04  0
-2.130487260291513e-05  3.233368614914755e-04  3.233368614914755e-04  3.233368614914755e-04  3.233368614914755e-04  0
-1.943949330366786e-05  3.073695476031495e-04  3.073695476031495e-04  3.073695476031495e-04  3.073695476031495e-04  0
-1.773744001884529e-05  3.012599484924851e-04  3.012599484924851e-04  3.012599484924851e-04  3.012599484924851e-04  0
-1.618441250023591e-05  2.716893566908629e-04  2.716893566908629e-04  2.716893566908629e-04  2.716893566908629e-04  0
-1.476736257878799e-05  2.732103688629234e-04  2.732103688629234e-04  2.732103688629234e-04  2.732103688629234e-04  0
-1.347438453698638e-05  2.842458516113008e-04  2.842458516113008e-04  2.842458516113008e-04  2.842458516113008e-04  0
-1.229461507983634e-05  2.985037846223293e-04  2.985037846223293e-04  2.985037846223293e-04  2.985037846223293e-04  0
-1.121814206403421e-05  3.109642188591464e-04  3.109642188591464e-04  3.109642188591464e-04  3.109642188591464e-04  0
-1.023592121848918e-05  3.494339254365207e-04  3.494339254365207e-04  3.494339254365207e-04  3.494339254365207e-04  0
-9.339700156501553e-06  3.323187227805643e-04  3.323187227805643e-04  3.323187227805643e-04  3.323187227805643e-04  0
-8.521949041166055e-06  3.128907337944082e-04  3.128907337944082e-04  3.128907337944082e-04  3.128907337944082e-04  0
-7.775797321467145e-06  2.954596593987473e-04  2.954596593987473e-04  2.954596593987473e-04  2.954596593987473e-04  0
-7.094976007538116e-06  2.829447855748103e-04  2.829447855748103e-04  2.829447855748103e-04  2.829447855748103e-04  0
-6.473765000094365e-06  2.767786058517611e-04  2.767786058517611e-04  2.767786058517611e-04  2.767786058517611e-04  0
-5.906945031515196e-06  2.952096030416086e-04  2.952096030416086e-04  2.952096030416086e-04  2.952096030416086e-04  0
-5.389753814794551e-06  3.151389238967082e-04  3.151389238967082e-04  3.151389238967082e-04  3.151389238967082e-04  0
-4.917846031934535e-06  3.306331012442526e-04  3.306331012442526e-04  3.306331012442526e-04  3.306331012442526e-04  0
-4.487256825613684e-06  3.381509573092420e-04  3.381509573092420e-04  3.381509573092420e-04  3.381509573092420e-04  0
-4.094368487395672e-06  3.027225603510228e-04  3.027225603510228e-04  3.027225603510228e-04  3.027225603510228e-04  0
-3.735880062600621e-06  2.925514617972118e-04  2.925514617972118e-04  2.925514617972118e-04  2.925514617972118e-04  0
-3.408779616466422e-06  2.821394583223958e-04  2.821394583223958e-04  2.821394583223958e-04  2.821394583223958e-04  0
-3.110318928586858e-06  2.755129454114477e-04  2.755129454114477e-04  2.755129454114477e-04  2.755129454114477e-04  0
-2.837990403015247e-06  2.750254796561159e-04  2.750254796561159e-04  2.750254796561159e-04  2.750254796561159e-04  0
-2.589506000037746e-06  1.863517700955273e-04  1.863517700955273e-04  1.863517700955273e-04  1.863517700955273e-04  0
-2.362778012606078e-06  1.843117409907438e-04  1.843117409907438e-04  1.843117409907438e-04  1.843117409907438e-04  0
-2.155901525917820e-06  1.934927980523916e-04  1.934927980523916e-04  1.934927980523916e-04  1.934927980523916e-04  0
-1.967138412773814e-06  2.088601374913889e-04  2.088601374913889e-04  2.088601374913889e-04  2.088601374913889e-04  0
-1.794902730245474e-06  2.263498046186461e-04  2.263498046186461e-04  2.263498046186461e-04  2.263498046186461e-04  0
-1.637747394958271e-06  3.217778758493085e-04  3.217778758493085e-04  3.217778758493085e-04  3.217778758493085e-04  0
-1.494352025040251e-06  3.170859594210410e-04  3.170859594210410e-04  3.170859594210410e-04  3.170859594210410e-04  0
-1.363511846586571e-06  3.064390440859704e-04  3.064390440859704e-04  3.064390440859704e-04  3.064390440859704e-04  0
-1.244127571434745e-06  2.916795914492062e-04  2.916795914492062e-04  2.916795914492062e-04  2.916795914492062e-04  0
-1.135196161206100e-06  2.746810656830464e-04  2.746810656830464e-04  2.746810656830464e-04  2.746810656830464e-04  0
-1.035802400015100e-06  2.190924654838386e-04  2.190924654838386e-04  2.190924654838386e-04  2.190924654838386e-04  0
-9.451112050424327e-07  2.379811973754332e-04  2.379811973754332e-04  2.379811973754332e-04  2.379811973754332e-04  0
-8.623606103671294e-07  2.594540426570383e-04  2.594540426570383e-04  2.594540426570383e-04  2.594540426570383e-04  0
-7.868553651095268e-07  2.777490948962579e-04  2.777490948962579e-04  2.777490948962579e-04  2.777490948962579e-04  0
-7.179610920981906e-07  2.895823010108524e-04  2.895823010108524e-04  2.895823010108524e-04  2.895823010108524e-04  0
-6.550989579833085e-07  2.810611074111009e-04  2.810611074111009e-04  2.810611074111009e-04  2.810611074111009e-04  0
-5.977408100161003e-07  2.574369105234544e-04  2.574369105234544e-04  2.574369105234544e-04  2.574369105234544e-04  0
-5.454047386346284e-07  2.338731698132500e-04  2.338731698132500e-04  2.338731698132500e-04  2.338731698132500e-04  0
-4.976510285738981e-07  2.161138696737428e-04  2.161138696737428e-04  2.161138696737428e-04  2.161138696737428e-04  0
-4.540784644824401e-07  2.075732548394224e-04  2.075732548394224e-04  2.075732548394224e-04  2.075732548394224e-04  0
-4.143209600060400e-07  2.065614593667489e-04  2.065614593667489e-04  2.065614593667489e-04  2.065614593667489e-04  0
-3.780444820169731e-07  2.075842059535761e-04  2.075842059535761e-04  2.075842059535761e-04  2.075842059535761e-04  0
-3.449442441468518e-07  2.158729834188132e-04  2.158729834188132e-04  2.158729834188132e-04  2.158729834188132e-04  0
-3.147421460438107e-07  2.260375104927955e-04  2.260375104927955e-04  2.260375104927955e-04  2.260375104927955e-04  0
-2.871844368392763e-07  2.339046838978038e-04  2.339046838978038e-04  2.339046838978038e-04  2.339046838978038e-04  0
-2.620395831933234e-07  2.444111266307788e-04  2.444111266307788e-04  2.444111266307788e-04  2.444111266307788e-04  0
-2.390963240064401e-07  2.469187373006786e-04  2.469187373006786e-04  2.469187373006786e-04  2.469187373006786e-04  0
-2.181618954538513e-07  2.483617407348489e-04  2.483617407348489e-04  2.483617407348489e-04  2.483617407348489e-04  0
-1.990604114295592e-07  2.498476267815339e-04  2.498476267815339e-04  2.498476267815339e-04  2.498476267815339e-04  0
-1.816313857929761e-07  2.517369030549476e-04  2.517369030549476e-04  2.517369030549476e-04  2.517369030549476e-04  0
-1.657283840024160e-07  1.639694766351675e-04  1.639694766351675e-04  1.639694766351675e-04  1.639694766351675e-04  0
-1.512177928067893e-07  1.689915987046929e-04  1.689915987046929e-04  1.689915987046929e-04  1.689915987046929e-04  0
-1.379776976587407e-07  1.794800647324551e-04  1.794800647324551e-04  1.794800647324551e-04  1.794800647324551e-04  0
-1.258968584175243e-07  1.905133779087999e-04  1.905133779087999e-04  1.905133779087999e-04  1.905133779087999e-04  0
-1.148737747357105e-07  1.995019734179221e-04  1.995019734179221e-04  1.995019734179221e-04  1.995019734179221e-04  0
-1.048158332773293e-07  3.072049440657991e-04  3.072049440657991e-04  3.072049440657991e-04  3.072049440657991e-04  0
-9.563852960257603e-08  2.744763302810229e-04  2.744763302810229e-04  2.744763302810229e-04  2.744763302810229e-04  0
-8.726475818154052e-08  2.394889198257216e-04  2.394889198257216e-04  2.394889198257216e-04  2.394889198257216e-04  0
-7.962416457182368e-08  2.089628291723640e-04  2.089628291723640e-04  2.089628291723640e-04  2.089628291723640e-04  0
-7.265255431719042e-08  1.870312487362790e-04  1.870312487362790e-04  1.870312487362790e-04  1.870312487362790e-04  0
-6.629135360096640e-08  4.005353272569874e-04  4.005353272569874e-04  4.005353272569874e-04  4.005353272569874e-04  0
-6.048711712271569e-08  4.027882594253930e-04  4.027882594253930e-04  4.027882594253930e-04  4.027882594253930e-04  0
-5.519107906349629e-08  3.958951331909346e-04  3.958951331909346e-04  3.958951331909346e-04  3.958951331909346e-04  0
-5.035874336700971e-08  3.784281672686365e-04  3.784281672686365e-04  3.784281672686365e-04  3.784281672686365e-04  0
-4.594950989428420e-08  3.513678881078579e-04  3.513678881078579e-04  3.513678881078579e-04  3.513678881078579e-04  0
-4.192633331093174e-08  2.957954656911701e-04  2.957954656911701e-04  2.957954656911701e-04  2.957954656911701e-04  0
-3.825541184103042e-08  3.135218317373919e-04  3.135218317373919e-04  3.135218317373919e-04  3.135218317373919e-04  0
-3.490590327261621e-08  3.295209586226594e-04  3.295209586226594e-04  3.295209586226594e-04  3.295209586226594e-04  0
-3.184966582872947e-08  3.436716439566083e-04  3.436716439566083e-04  3.436716439566083e-04  3.436716439566083e-04  0
-2.906102172687617e-08  3.551506503834982e-04  3.551506503834982e-04  3.551506503834982e-04  3.551506503834982e-04  0
-2.651654144038656e-08  1.676352203081578e-04  1.676352203081578e-04  1.676352203081578e-04  1.676352203081578e-04  0
-2.419484684908628e-08  1.835389472095474e-04  1.835389472095474e-04  1.835389472095474e-04  1.835389472095474e-04  0
-2.207643162539852e-08  2.024925484024456e-04  2.024925484024456e-04  2.024925484024456e-04  2.024925484024456e-04  0
-2.014349734680389e-08  2.212994291161459e-04  2.212994291161459e-04  2.212994291161459e-04  2.212994291161459e-04  0
-1.837980395771368e-08  2.382110902618575e-04  2.382110902618575e-04  2.382110902618575e-04  2.382110902618575e-04  0
-1.677053332437270e-08  1.553431063188785e-04  1.553431063188785e-04  1.553431063188785e-04  1.553431063188785e-04  0
-1.530216473641217e-08  1.548789424461486e-04  1.548789424461486e-04  1.548789424461486e-04  1.548789424461486e-04  0
-1.396236130904649e-08  1.533874700437925e-04  1.533874700437925e-04  1.533874700437925e-04  1.533874700437925e-04  0
-1.273986633149179e-08  1.530158276950266e-04  1.530158276950266e-04  1.530158276950266e-04  1.530158276950266e-04  0
-1.162440869075047e-08  1.553979899754752e-04  1.553979899754752e-04  1.553979899754752e-04  1.553979899754752e-04  0
-1.060661657615463e-08  1.510053415421391e-04  1.510053415421391e-04  1.510053415421391e-04  1.510053415421391e-04  0
-9.677938739634512e-09  1.561817085728560e-04  1.561817085728560e-04  1.561817085728560e-04  1.561817085728560e-04  0
-8.830572650159406e-09  1.601564319831432e-04  1.601564319831432e-04  1.601564319831432e-04  1.601564319831432e-04  0
-8.057398938721554e-09  1.616220082942615e-04  1.616220082942615e-04  1.616220082942615e-04  1.616220082942615e-04  0
-7.351921583085473e-09  1.602970843737117e-04  1.602970843737117e-04  1.602970843737117e-04  1.602970843737117e-04  0
-6.708213329749079e-09  1.334876898165616e-04  1.334876898165616e-04  1.334876898165616e-04  1.334876898165616e-04  0
-6.120865894564868e-09  1.283907423977001e-04  1.283907423977001e-04  1.283907423977001e-04  1.283907423977001e-04  0
-5.584944523618594e-09  1.252621913920647e-04  1.252621913920647e-04  1.252621913920647e-04  1.252621913920647e-04  0
-5.095946532596716e-09  1.257435642426791e-04  1.257435642426791e-04  1.257435642426791e-04  1.257435642426791e-04  0
-4.649763476300187e-09  1.300287893915944e-04  1.300287893915944e-04  1.300287893915944e-04  1.300287893915944e-04  0
-4.242646630461849e-09  9.776955830512689e-05  9.776955830512689e-05  9.776955830512689e-05  9.776955830512689e-05  0
-3.871175495853804e-09  1.012131774061683e-04  1.012131774061683e-04  1.012131774061683e-04  1.012131774061683e-04  0
-3.532229060063762e-09  1.060083080142982e-04  1.060083080142982e-04  1.060083080142982e-04  1.060083080142982e-04  0
-3.222959575488621e-09  1.105932527897176e-04  1.105932527897176e-04  1.105932527897176e-04  1.105932527897176e-04  0
-2.940768633234189e-09  1.141505203423177e-04  1.141505203423177e-04  1.141505203423177e-04  1.141505203423177e-04  0
-2.683285331899631e-09  1.099860219192304e-04  1.099860219192304e-04  1.099860219192304e-04  1.099860219192304e-04  0
-2.448346357825947e-09  1.113398792541583e-04  1.113398792541583e-04  1.113398792541583e-04  1.113398792541583e-04  0
-2.233977809447438e-09  1.111257752357057e-04  1.111257752357057e-04  1.111257752357057e-04  1.111257752357057e-04  0
-2.038378613038686e-09  1.104527141227439e-04  1.104527141227439e-04  1.104527141227439e-04  1.104527141227439e-04  0
-1.859905390520075e-09  1.101229478031359e-04  1.101229478031359e-04  1.101229478031359e-04  1.101229478031359e-04  0
-1.697058652184740e-09  6.366802437404154e-05  6.366802437404154e-05  6.366802437404154e-05  6.366802437404154e-05  0
-1.548470198341522e-09  6.588234350745706e-05  6.588234350745706e-05  6.588234350745706e-05  6.588234350745706e-05  0
-1.412891624025505e-09  7.143529753045193e-05  7.143529753045193e-05  7.143529753045193e-05  7.143529753045193e-05  0
-1.289183830195449e-09  7.901945121085774e-05  7.901945121085774e-05  7.901945121085774e-05  7.901945121085774e-05  0
-1.176307453293676e-09  8.740125789972713e-05  8.740125789972713e-05  8.740125789972713e-05  8.740125789972713e-05  0
-1.073314132759852e-09  8.031035264955976e-05  8.031035264955976e-05  8.031035264955976e-05  8.031035264955976e-05  0
-9.793385431303785e-10  8.058730463392999e-05  8.058730463392999e-05  8.058730463392999e-05  8.058730463392999e-05  0
-8.935911237789750e-10  8.058241654785222e-05  8.058241654785222e-05  8.058241654785222e-05  8.058241654785222e-05  0
-8.153514452154745e-10  8.048941496774579e-05  8.048941496774579e-05  8.048941496774579e-05  8.048941496774579e-05  0
-7.439621562080298e-10  8.027179661168140e-05  8.027179661168140e-05  8.027179661168140e-05  8.027179661168140e-05  0
-6.788234608738959e-10  4.282191595272521e-05  4.282191595272521e-05  4.282191595272521e-05  4.282191595272521e-05  0
-6.193880793366086e-10  4.538482178637143e-05  4.538482178637143e-05  4.538482178637143e-05  4.538482178637143e-05  0
-5.651566496102019e-10  5.023246291151241e-05  5.023246291151241e-05  5.023246291151241e-05  5.023246291151241e-05  0
-5.156735320781795e-10  5.621246470206358e-05  5.621246470206358e-05  5.621246470206358e-05  5.621246470206358e-05  0
-4.705229813174702e-10  6.239163004707120e-05  6.239163004707120e-05  6.239163004707120e-05  6.239163004707120e-05  0
-4.293256531039410e-10  6.916337013694199e-05  6.916337013694199e-05  6.916337013694199e-05  6.916337013694199e-05  0
-3.917354172521515e-10  6.190156760581675e-05  6.190156760581675e-05  6.190156760581675e-05  6.190156760581675e-05  0
-3.574364495115900e-10  5.463476323685925e-05  5.463476323685925e-05  5.463476323685925e-05  5.463476323685925e-05  0
-3.261405780861898e-10  4.876691993516417e-05  4.876691993516417e-05  4.876691993516417e-05  4.876691993516417e-05  0
-2.975848624832120e-10  4.515524410320904e-05  4.515524410320904e-05  4.515524410320904e-05  4.515524410320904e-05  0
-2.715293843495584e-10  6.394077365501850e-05  6.394077365501850e-05  6.394077365501850e-05  6.394077365501850e-05  0
-2.477552317346435e-10  6.817674671766329e-05  6.817674671766329e-05  6.817674671766329e-05  6.817674671766329e-05  0
-2.260626598440808e-10  7.192094361124261e-05  7.192094361124261e-05  7.192094361124261e-05  7.192094361124261e-05  0
-2.062694128312718e-10  7.367605868556046e-05  7.367605868556046e-05  7.367605868556046e-05  7.367605868556046e-05  0
-1.882091925269881e-10  7.263750180132692e-05  7.263750180132692e-05  7.263750180132692e-05  7.263750180132692e-05  0
1.882091925269881e-10  7.344254131968098e-05  7.344254131968098e-05  7.344254131968098e-05  7.344254131968098e-05  0
2.062694128312718e-10  7.445071177178521e-05  7.445071177178521e-05  7.445071177178521e-05  7.445071177178521e-05  0
2.260626598440808e-10  7.257260501837020e-05  7.257260501837020e-05  7.257260501837020e-05  7.257260501837020e-05  0
2.477552317346435e-10  6.863221256840952e-05  6.863221256840952e-05  6.863221256840952e-05  6.863221256840952e-05  0
2.715293843495584e-10  6.418619424864772e-05  6.418619424864772e-05  6.418619424864772e-05  6.418619424864772e-05  0
2.975848624832120e-10  4.529009329491375e-05  4.529009329491375e-05  4.529009329491375e-05  4.529009329491375e-05  0
3.261405780861898e-10  4.959071786821847e-05  4.959071786821847e-05  4.959071786821847e-05  4.959071786821847e-05  0
3.574364495115900e-10  5.653832883976229e-05  5.653832883976229e-05  5.653832883976229e-05  5.653832883976229e-05  0
3.917354172521515e-10  6.513218909644588e-05  6.513218909644588e-05  6.513218909644588e-05  6.513218909644588e-05  0
4.293256531039410e-10  7.374295437465801e-05  7.374295437465801e-05  7.374295437465801e-05  7.374295437465801e-05  0
4.705229813174702e-10  6.441773606469088e-05  6.441773606469088e-05  6.441773606469088e-05  6.441773606469088e-05  0
5.156735320781795e-10  5.850258172158565e-05  5.850258172158565e-05  5.850258172158565e-05  5.850258172158565e-05  0
5.651566496102019e-10  5.250091119096615e-05  5.250091119096615e-05  5.250091119096615e-05  5.250091119096615e-05  0
6.193880793366086e-10  4.731371585033489e-05  4.731371585033489e-05  4.731371585033489e-05  4.731371585033489e-05  0
6.788234608738959e-10  4.413120861221948e-05  4.413120861221948e-05  4.413120861221948e-05  4.413120861221948e-05  0
7.439621562080298e-10  7.888939544899364e-05  7.888939544899364e-05  7.888939544899364e-05  7.888939544899364e-05  0
8.153514452154745e-10  7.947001390322956e-05  7.947001390322956e-05  7.947001390322956e-05  7.947001390322956e-05  0
8.935911237789750e-10  8.016908804968129e-05  8.016908804968129e-05  8.016908804968129e-05  8.016908804968129e-05  0
9.793385431303785e-10  8.094138238168003e-05  8.094138238168003e-05  8.094138238168003e-05  8.094138238168003e-05  0
1.073314132759852e-09  8.146762464226655e-05  8.146762464226655e-05  8.146762464226655e-05  8.146762464226655e-05  0
1.176307453293676e-09  8.881319924643235e-05  8.881319924643235e-05  8.881319924643235e-05  8.881319924643235e-05  0
1.289183830195449e-09  8.042977350508459e-05  8.042977350508459e-05  8.042977350508459e-05  8.042977350508459e-05  0
1.412891624025505e-09  7.265177763265531e-05  7.265177763265531e-05  7.265177763265531e-05  7.265177763265531e-05  0
1.548470198341522e-09  6.672536914224228e-05  6.672536914224228e-05  6.672536914224228e-05  6.672536914224228e-05  0
1.697058652184740e-09  6.401336986442527e-05  6.401336986442527e-05  6.401336986442527e-05  6.401336986442527e-05  0
1.859905390520075e-09  1.117339067444102e-04  1.117339067444102e-04  1.117339067444102e-04  1.117339067444102e-04  0
2.038378613038686e-09  1.115883679836557e-04  1.115883679836557e-04  1.115883679836557e-04  1.115883679836557e-04  0
2.233977809447438e-09  1.119030841089768e-04  1.119030841089768e-04  1.119030841089768e-04  1.119030841089768e-04  0
2.448346357825947e-09  1.119689691830310e-04  1.119689691830310e-04  1.119689691830310e-04  1.119689691830310e-04  0
2.683285331899631e-09  1.107607325646779e-04  1.107607325646779e-04  1.107607325646779e-04  1.107607325646779e-04  0
2.940768633234189e-09  1.192761561099647e-04  1.192761561099647e-04  1.192761561099647e-04  1.192761561099647e-04  0
3.222959575488621e-09  1.158439222458105e-04  1.158439222458105e-04  1.158439222458105e-04  1.158439222458105e-04  0
3.532229060063762e-09  1.109656568933199e-04  1.109656568933199e-04  1.109656568933199e-04  1.109656568933199e-04  0
3.871175495853804e-09  1.054879547491870e-04  1.054879547491870e-04  1.054879547491870e-04  1.054879547491870e-04  0
4.242646630461849e-09  1.010720231022207e-04  1.010720231022207e-04  1.010720231022207e-04  1.010720231022207e-04  0
4.649763476300187e-09  1.305694806868258e-04  1.305694806868258e-04  1.305694806868258e-04  1.305694806868258e-04  0
5.095946532596716e-09  1.269929516237542e-04  1.269929516237542e-04  1.269929516237542e-04  1.269929516237542e-04  0
5.584944523618594e-09  1.274979137551384e-04  1.274979137551384e-04  1.274979137551384e-04  1.274979137551384e-04  0
6.120865894564868e-09  1.318300797962687e-04  1.318300797962687e-04  1.318300797962687e-04  1.318300797962687e-04  0
6.708213329749079e-09  1.382029601917988e-04  1.382029601917988e-04  1.382029601917988e-04  1.382029601917988e-04  0
7.351921583085473e-09  1.596843135356185e-04  1.596843135356185e-04  1.596843135356185e-04  1.596843135356185e-04  0
8.057398938721554e-09  1.612013337157712e-04  1.612013337157712e-04  1.612013337157712e-04  1.612013337157712e-04  0
8.830572650159406e-09  1.598656818678269e-04  1.598656818678269e-04  1.598656818678269e-04  1.598656818678269e-04  0
9.677938739634512e-09  1.559860715369978e-04  1.559860715369978e-04  1.559860715369978e-04  1.559860715369978e-04  0
1.060661657615463e-08  1.509598773212713e-04  1.509598773212713e-04  1.509598773212713e-04  1.509598773212713e-04  0
1.162440869075047e-08  1.566701243265935e-04  1.566701243265935e-04  1.566701243265935e-04  1.566701243265935e-04  0
1.273986633149179e-08  1.554108169475284e-04  1.554108169475284e-04  1.554108169475284e-04  1.554108169475284e-04  0
1.396236130904649e-08  1.573635254624017e-04  1.573635254624017e-04  1.573635254624017e-04  1.573635254624017e-04  0
1.530216473641217e-08  1.604847142523518e-04  1.604847142523518e-04  1.604847142523518e-04  1.604847142523518e-04  0
1.677053332437270e-08  1.622030395462173e-04  1.622030395462173e-04  1.622030395462173e-04  1.622030395462173e-04  0
1.837980395771368e-08  2.480318835096498e-04  2.480318835096498e-04  2.480318835096498e-04  2.480318835096498e-04  0
2.014349734680389e-08  2.314990394386281e-04  2.314990394386281e-04  2.314990394386281e-04  2.314990394386281e-04  0
2.207643162539852e-08  2.120541065866077e-04  2.120541065866077e-04  2.120541065866077e-04  2.120541065866077e-04  0
2.419484684908628e-08  1.916173473794899e-04  1.916173473794899e-04  1.916173473794899e-04  1.916173473794899e-04  0
2.651654144038656e-08  1.737148300579586e-04  1.737148300579586e-04  1.737148300579586e-04  1.737148300579586e-04  0
2.906102172687617e-08  3.502937027904058e-04  3.502937027904058e-04  3.502937027904058e-04  3.502937027904058e-04  0
3.184966582872947e-08  3.397323765207779e-04  3.397323765207779e-04  3.397323765207779e-04  3.397323765207779e-04  0
3.490590327261621e-08  3.273444310558938e-04  3.273444310558938e-04  3.273444310558938e-04  3.273444310558938e-04  0
3.825541184103042e-08  3.137895453246683e-04  3.137895453246683e-04  3.137895453246683e-04  3.137895453246683e-04  0
4.192633331093174e-08  2.987724122322471e-04  2.987724122322471e-04  2.987724122322471e-04  2.987724122322471e-04  0
4.594950989428420e-08  3.470783012475409e-04  3.470783012475409e-04  3.470783012475409e-04  3.470783012475409e-04  0
5.035874336700971e-08  3.734404517902710e-04  3.734404517902710e-04  3.734404517902710e-04  3.734404517902710e-04  0
5.519107906349629e-08  3.903407401885125e-04  3.903407401885125e-04  3.903407401885125e-04  3.903407401885125e-04  0
6.048711712271569e-08  3.968885019104007e-04  3.968885019104007e-04  3.968885019104007e-04  3.968885019104007e-04  0
6.629135360096640e-08  3.946298838545131e-04  3.946298838545131e-04  3.946298838545131e-04  3.946298838545131e-04  0
7.265255431719042e-08  1.882701027556688e-04  1.882701027556688e-04  1.882701027556688e-04  1.882701027556688e-04  0
7.962416457182368e-08  2.145181951830262e-04  2.145181951830262e-04  2.145181951830262e-04  2.145181951830262e-04  0
8.726475818154052e-08  2.498151359298441e-04  2.498151359298441e-04  2.498151359298441e-04  2.498151359298441e-04  0
9.563852960257603e-08  2.891294424400793e-04  2.891294424400793e-04  2.891294424400793e-04  2.891294424400793e-04  0
1.048158332773293e-07  3.248628447473221e-04  3.248628447473221e-04  3.248628447473221e-04  3.248628447473221e-04  0
1.148737747357105e-07  1.974365182361802e-04  1.974365182361802e-04  1.974365182361802e-04  1.974365182361802e-04  0
1.258968584175243e-07  1.886399530649422e-04  1.886399530649422e-04  1.886399530649422e-04  1.886399530649422e-04  0
1.379776976587407e-07  1.777725396408374e-04  1.777725396408374e-04  1.777725396408374e-04  1.777725396408374e-04  0
1.512177928067893e-07  1.673330550023295e-04  1.673330550023295e-04  1.673330550023295e-04  1.673330550023295e-04  0
1.657283840024160e-07  1.621865936479155e-04  1.621865936479155e-04  1.621865936479155e-04  1.621865936479155e-04  0
1.816313857929761e-07  2.512013434336590e-04  2.512013434336590e-04  2.512013434336590e-04  2.512013434336590e-04  0
1.990604114295592e-07  2.493356094195495e-04  2.493356094195495e-04  2.493356094195495e-04  2.493356094195495e-04  0
2.181618954538513e-07  2.478223233185378e-04  2.478223233185378e-04  2.478223233185378e-04  2.478223233185378e-04  0
2.390963240064401e-07  2.463878728574050e-04  2.463878728574050e-04  2.463878728574050e-04  2.463878728574050e-04  0
2.620395831933234e-07  2.439971591081755e-04  2.439971591081755e-04  2.439971591081755e-04  2.439971591081755e-04  0
2.871844368392763e-07  2.285314804567190e-04  2.285314804567190e-04  2.285314804567190e-04  2.285314804567190e-04  0
3.147421460438107e-07  2.203482749275266e-04  2.203482749275266e-04  2.203482749275266e-04  2.203482749275266e-04  0
3.449442441468518e-07  2.096918438897093e-04  2.096918438897093e-04  2.096918438897093e-04  2.096918438897093e-04  0
3.780444820169731e-07  2.008154803186015e-04  2.008154803186015e-04  2.008154803186015e-04  2.008154803186015e-04  0
4.143209600060400e-07  1.992881379199327e-04  1.992881379199327e-04  1.992881379199327e-04  1.992881379199327e-04  0
4.540784644824401e-07  2.042296419259188e-04  2.042296419259188e-04  2.042296419259188e-04  2.042296419259188e-04  0
4.976510285738981e-07  2.120556397503524e-04  2.120556397503524e-04  2.120556397503524e-04  2.120556397503524e-04  0
5.454047386346284e-07  2.286805091358037e-04  2.286805091358037e-04  2.286805091358037e-04  2.286805091358037e-04  0
5.977408100161003e-07  2.506474695712370e-04  2.506474695712370e-04  2.506474695712370e-04  2.506474695712370e-04  0
6.550989579833085e-07  2.723868174872934e-04  2.723868174872934e-04  2.723868174872934e-04  2.723868174872934e-04  0
7.179610920981906e-07  2.899212624876866e-04  2.899212624876866e-04  2.899212624876866e-04  2.899212624876866e-04  0
7.868553651095268e-07  2.768583529554978e-04  2.768583529554978e-04  2.768583529554978e-04  2.768583529554978e-04  0
8.623606103671294e-07  2.572526198941232e-04  2.572526198941232e-04  2.572526198941232e-04  2.572526198941232e-04  0
9.451112050424327e-07  2.346141117367211e-04  2.346141117367211e-04  2.346141117367211e-04  2.346141117367211e-04  0
1.035802400015100e-06  2.149276927270198e-04  2.149276927270198e-04  2.149276927270198e-04  2.149276927270198e-04  0
1.135196161206100e-06  2.834859401400168e-04  2.834859401400168e-04  2.834859401400168e-04  2.834859401400168e-04  0
1.244127571434745e-06  3.035839141489840e-04  3.035839141489840e-04  3.035839141489840e-04  3.035839141489840e-04  0
1.363511846586571e-06  3.211570234959907e-04  3.211570234959907e-04  3.211570234959907e-04  3.211570234959907e-04  0
1.494352025040251e-06  3.340222427051886e-04  3.340222427051886e-04  3.340222427051886e-04  3.340222427051886e-04  0
1.637747394958271e-06  3.400465415786502e-04  3.400465415786502e-04  3.400465415786502e-04  3.400465415786502e-04  0
1.794902730245474e-06  2.261548324010056e-04  2.261548324010056e-04  2.261548324010056e-04  2.261548324010056e-04  0
1.967138412773814e-06  2.087011054358996e-04  2.087011054358996e-04  2.087011054358996e-04  2.087011054358996e-04  0
2.155901525917820e-06  1.931690673780727e-04  1.931690673780727e-04  1.931690673780727e-04  1.931690673780727e-04  0
2.362778012606078e-06  1.835745469624044e-04  1.835745469624044e-04  1.835745469624044e-04  1.835745469624044e-04  0
2.589506000037746e-06  1.850262526781697e-04  1.850262526781697e-04  1.850262526781697e-04  1.850262526781697e-04  0
2.837990403015247e-06  2.785751182561830e-04  2.785751182561830e-04  2.785751182561830e-04  2.785751182561830e-04  0
3.110318928586858e-06  2.779830206149266e-04  2.779830206149266e-04  2.779830206149266e-04  2.779830206149266e-04  0
3.408779616466422e-06  2.830237563443596e-04  2.830237563443596e-04  2.830237563443596e-04  2.830237563443596e-04  0
3.735880062600621e-06  2.912460939144641e-04  2.912460939144641e-04  2.912460939144641e-04  2.912460939144641e-04  0
4.094368487395672e-06  2.987347569109971e-04  2.987347569109971e-04  2.987347569109971e-04  2.987347569109971e-04  0
4.487256825613684e-06  3.416585301251033e-04  3.416585301251033e-04  3.416585301251033e-04  3.416585301251033e-04  0
4.917846031934535e-06  3.345378029418122e-04  3.345378029418122e-04  3.345378029418122e-04  3.345378029418122e-04  0
5.389753814794551e-06  3.193879474794500e-04  3.193879474794500e-04  3.193879474794500e-04  3.193879474794500e-04  0
5.906945031515196e-06  2.998893509471619e-04  2.998893509471619e-04  2.998893509471619e-04  2.998893509471619e-04  0
6.473765000094365e-06  2.821518725764694e-04  2.821518725764694e-04  2.821518725764694e-04  2.821518725764694e-04  0
7.094976007538116e-06  2.873272530034628e-04  2.873272530034628e-04  2.873272530034628e-04  2.873272530034628e-04  0
7.775797321467145e-06  3.012374629327367e-04  3.012374629327367e-04  3.012374629327367e-04  3.012374629327367e-04  0
8.521949041166055e-06  3.206394278240254e-04  3.206394278240254e-04  3.206394278240254e-04  3.206394278240254e-04  0
9.339700156501553e-06  3.424513497449726e-04  3.424513497449726e-04  3.424513497449726e-04  3.424513497449726e-04  0
1.023592121848918e-05  3.619856652602781e-04  3.619856652602781e-04  3.619856652602781e-04  3.619856652602781e-04  0
1.121814206403421e-05  3.112612699863675e-04  3.112612699863675e-04  3.112612699863675e-04  3.112612699863675e-04  0
1.229461507983634e-05  2.989413650523902e-04  2.989413650523902e-04  2.989413650523902e-04  2.989413650523902e-04  0
1.347438453698638e-05  2.845502310626763e-04  2.845502310626763e-04  2.845502310626763e-04  2.845502310626763e-04  0
1.476736257878799e-05  2.731368337122442e-04  2.731368337122442e-04  2.731368337122442e-04  2.731368337122442e-04  0
1.618441250023591e-05  2.711474425077917e-04  2.711474425077917e-04  2.711474425077917e-04  2.711474425077917e-04  0
1.773744001884529e-05  3.030212806847823e-04  3.030212806847823e-04  3.030212806847823e-04  3.030212806847823e-04  0
1.943949330366786e-05  3.084907622125846e-04  3.084907622125846e-04  3.084907622125846e-04  3.084907622125846e-04  0
2.130487260291513e-05  3.227096702431943e-04  3.227096702431943e-04  3.227096702431943e-04  3.227096702431943e-04  0
2.334925039125388e-05  3.419825759220671e-04  3.419825759220671e-04  3.419825759220671e-04  3.419825759220671e-04  0
2.558980304622295e-05  3.603133182114002e-04  3.603133182114002e-04  3.603133182114002e-04  3.603133182114002e-04  0
2.804535516008553e-05  3.783359901173454e-04  3.783359901173454e-04  3.783359901173454e-04  3.783359901173454e-04  0
3.073653769959084e-05  3.657284112668590e-04  3.657284112668590e-04  3.657284112668590e-04  3.657284112668590e-04  0
3.368596134246595e-05  3.462319395891074e-04  3.462319395891074e-04  3.462319395891074e-04  3.462319395891074e-04  0
3.691840644696997e-05  3.237965701465503e-04  3.237965701465503e-04  3.237965701465503e-04  3.237965701465503e-04  0
4.046103125058979e-05  3.050533414601104e-04  3.050533414601104e-04  3.050533414601104e-04  3.050533414601104e-04  0
4.434360004711322e-05  3.601081752957639e-04  3.601081752957639e-04  3.601081752957639e-04  3.601081752957639e-04  0
4.859873325916965e-05  3.816940592175061e-04  3.816940592175061e-04  3.816940592175061e-04  3.816940592175061e-04  0
5.326218150728784e-05  4.064083137852736e-04  4.064083137852736e-04  4.064083137852736e-04  4.064083137852736e-04  0
5.837312597813469e-05  4.308163303880704e-04  4.308163303880704e-04  4.308163303880704e-04  4.308163303880704e-04  0
6.397450761555736e-05  4.498808454775181e-04  4.498808454775181e-04  4.498808454775181e-04  4.498808454775181e-04  0
7.011338790021382e-05  3.722813653739217e-04  3.722813653739217e-04  3.722813653739217e-04  3.722813653739217e-04  0
7.684134424897711e-05  3.565085623361887e-04  3.565085623361887e-04  3.565085623361887e-04  3.565085623361887e-04  0
8.421490335616486e-05  3.363223758829969e-04  3.363223758829969e-04  3.363223758829969e-04  3.363223758829969e-04  0
9.229601611742493e-05  3.173945846153276e-04  3.173945846153276e-04  3.173945846153276e-04  3.173945846153276e-04  0
1.011525781264745e-04  3.077855635875778e-04  3.077855635875778e-04  3.077855635875778e-04  3.077855635875778e-04  0
1.108590001177830e-04  3.809857831363893e-04  3.809857831363893e-04  3.809857831363893e-04  3.809857831363893e-04  0
1.214968331479241e-04  3.809545567359886e-04  3.809545567359886e-04  3.809545567359886e-04  3.809545567359886e-04  0
1.331554537682196e-04  3.899805984034186e-04  3.899805984034186e-04  3.899805984034186e-04  3.899805984034186e-04  0
1.459328149453367e-04  4.039058063124910e-04  4.039058063124910e-04  4.039058063124910e-04  4.039058063124910e-04  0
1.599362690388934e-04  4.171087863508434e-04  4.171087863508434e-04  4.171087863508434e-04  4.171087863508434e-04  0
1.752834697505346e-04  6.087773780551848e-04  6.087773780551848e-04  6.087773780551848e-04  6.087773780551848e-04  0
1.921033606224428e-04  5.625666349000298e-04  5.625666349000298e-04  5.625666349000298e-04  5.625666349000298e-04  0
2.105372583904122e-04  5.145895116337768e-04  5.145895116337768e-04  5.145895116337768e-04  5.145895116337768e-04  0
2.307400402935623e-04  4.704652222382687e-04  4.704652222382687e-04  4.704652222382687e-04  4.704652222382687e-04  0
2.528814453161862e-04  4.355962105777162e-04  4.355962105777162e-04  4.355962105777162e-04  4.355962105777162e-04  0
2.771475002944577e-04  6.459495839030131e-04  6.459495839030131e-04  6.459495839030131e-04  6.459495839030131e-04  0
3.037420828698103e-04  6.662644685026666e-04  6.662644685026666e-04  6.662644685026666e-04  6.662644685026666e-04  0
3.328886344205490e-04  6.846134747024279e-04  6.846134747024279e-04  6.846134747024279e-04  6.846134747024279e-04  0
3.648320373633419e-04  6.971727931632335e-04  6.971727931632335e-04  6.971727931632335e-04  6.971727931632335e-04  0
3.998406725972335e-04  7.001262292542187e-04  7.001262292542187e-04  7.001262292542187e-04  7.001262292542187e-04  0
4.382086743763364e-04  6.554182663524635e-04  6.554182663524635e-04  6.554182663524635e-04  6.554182663524635e-04  0
4.802584015561070e-04  6.519449251702818e-04  6.519449251702818e-04  6.519449251702818e-04  6.519449251702818e-04  0
5.263431459760304e-04  6.370736945851641e-04  6.370736945851641e-04  6.370736945851641e-04  6.370736945851641e-04  0
5.768501007339059e-04  6.165922114138153e-04  6.165922114138153e-04  6.165922114138153e-04  6.165922114138153e-04  0
6.322036132904654e-04  6.006894580493281e-04  6.006894580493281e-04  6.006894580493281e-04  6.006894580493281e-04  0
6.928687507361442e-04  6.031800737646575e-04  6.031800737646575e-04  6.031800737646575e-04  6.031800737646575e-04  0
7.593552071745259e-04  6.083397184056494e-04  6.083397184056494e-04  6.083397184056494e-04  6.083397184056494e-04  0
8.322215860513725e-04  6.320418254056338e-04  6.320418254056338e-04  6.320418254056338e-04  6.320418254056338e-04  0
9.120800934083548e-04  6.666632890259428e-04  6.666632890259428e-04  6.666632890259428e-04  6.666632890259428e-04  0
9.996016814930839e-04  7.017906498256031e-04  7.017906498256031e-04  7.017906498256031e-04  7.017906498256031e-04  0
1.095521685940841e-03  9.092261332844721e-04  9.092261332844721e-04  9.092261332844721e-04  9.092261332844721e-04  0
1.200646003890267e-03  8.596100574753967e-04  8.596100574753967e-04  8.596100574753967e-04  8.596100574753967e-04  0
1.315857864940076e-03  8.014971426829307e-04  8.014971426829307e-04  8.014971426829307e-04  8.014971426829307e-04  0
1.442125251834764e-03  7.425267482020477e-04  7.425267482020477e-04  7.425267482020477e-04  7.425267482020477e-04  0
1.580509033226163e-03  6.927529823393825e-04  6.927529823393825e-04  6.927529823393825e-04  6.927529823393825e-04  0
1.732171876840360e-03  9.180955662071847e-04  9.180955662071847e-04  9.180955662071847e-04  9.180955662071847e-04  0
1.898388017936315e-03  9.518026281784469e-04  9.518026281784469e-04  9.518026281784469e-04  9.518026281784469e-04  0
2.080553965128431e-03  9.981424663435263e-04  9.981424663435263e-04  9.981424663435263e-04  9.981424663435263e-04  0
2.280200233520887e-03  1.051004072088031e-03  1.051004072088031e-03  1.051004072088031e-03  1.051004072088031e-03  0
2.499004203732710e-03  1.099394586518670e-03  1.099394586518670e-03  1.099394586518670e-03  1.099394586518670e-03  0
2.738804214852102e-03  9.637201910396624e-04  9.637201910396624e-04  9.637201910396624e-04  9.637201910396624e-04  0
3.001615009725668e-03  9.798120428147962e-04  9.798120428147962e-04  9.798120428147962e-04  9.798120428147962e-04  0
3.289644662350189e-03  9.849801493032630e-04  9.849801493032630e-04  9.849801493032630e-04  9.849801493032630e-04  0
3.605313129586911e-03  9.817091386465431e-04  9.817091386465431e-04  9.817091386465431e-04  9.817091386465431e-04  0
3.951272583065408e-03  9.783891384849545e-04  9.783891384849545e-04  9.783891384849545e-04  9.783891384849545e-04  0
4.330429692100900e-03  9.419628238443111e-04  9.419628238443111e-04  9.419628238443111e-04  9.419628238443111e-04  0
4.745970044840786e-03  9.030059412135499e-04  9.030059412135499e-04  9.030059412135499e-04  9.030059412135499e-04  0
5.201384912821078e-03  8.970670964786733e-04  8.970670964786733e-04  8.970670964786733e-04  8.970670964786733e-04  0
5.700500583802216e-03  9.242095949316309e-04  9.242095949316309e-04  9.242095949316309e-04  9.242095949316309e-04  0
6.247510509331773e-03  9.779078449041727e-04  9.779078449041727e-04  9.779078449041727e-04  9.779078449041727e-04  0
6.847010537130255e-03  1.751725813926874e-03  1.751725813926874e-03  1.751725813926874e-03  1.751725813926874e-03  0
7.504037524314169e-03  1.610248448165995e-03  1.610248448165995e-03  1.610248448165995e-03  1.610248448165995e-03  0
8.224111655875473e-03  1.459454754258137e-03  1.459454754258137e-03  1.459454754258137e-03  1.459454754258137e-03  0
9.013282823967277e-03  1.313770186826251e-03  1.313770186826251e-03  1.313770186826251e-03  1.313770186826251e-03  0
9.878181457663520e-03  1.185748974415145e-03  1.185748974415145e-03  1.185748974415145e-03  1.185748974415145e-03  0
1.082607423025225e-02  2.520758101520254e-03  2.520758101520254e-03  2.520758101520254e-03  2.520758101520254e-03  0
1.186492511210197e-02  2.487108048513645e-03  2.487108048513645e-03  2.487108048513645e-03  2.487108048513645e-03  0
1.300346228205270e-02  2.400391639691271e-03  2.400391639691271e-03  2.400391639691271e-03  2.400391639691271e-03  0
1.425125145950554e-02  2.275571851907891e-03  2.275571851907891e-03  2.275571851907891e-03  2.275571851907891e-03  0
1.561877627332943e-02  2.128149941623747e-03  2.128149941623747e-03  2.128149941623747e-03  2.128149941623747e-03  0
1.711752634282564e-02  2.157046989370674e-03  2.157046989370674e-03  2.157046989370674e-03  2.157046989370674e-03  0
1.876009381078543e-02  2.258200829450639e-03  2.258200829450639e-03  2.258200829450639e-03  2.258200829450639e-03  0
2.056027913968868e-02  2.333478492041445e-03  2.333478492041445e-03  2.333478492041445e-03  2.333478492041445e-03  0
2.253320705991819e-02  2.384698173430384e-03  2.384698173430384e-03  2.384698173430384e-03  2.384698173430384e-03  0
2.469545364415880e-02  2.416500312875967e-03  2.416500312875967e-03  2.416500312875967e-03  2.416500312875967e-03  0
2.706518557563063e-02  2.188223902600151e-03  2.188223902600151e-03  2.188223902600151e-03  2.188223902600151e-03  0
2.966231278025492e-02  2.293143257602348e-03  2.293143257602348e-03  2.293143257602348e-03  2.293143257602348e-03  0
3.250865570513174e-02  2.344555250896493e-03  2.344555250896493e-03  2.344555250896493e-03  2.344555250896493e-03  0
3.562812864876386e-02  2.362391750756488e-03  2.362391750756488e-03  2.362391750756488e-03  2.362391750756488e-03  0
3.904694068332359e-02  2.368824064467319e-03  2.368824064467319e-03  2.368824064467319e-03  2.368824064467319e-03  0
4.279381585706410e-02  2.623369910062811e-03  2.623369910062811e-03  2.623369910062811e-03  2.623369910062811e-03  0
4.690023452696356e-02  2.741117710330491e-03  2.741117710330491e-03  2.741117710330491e-03  2.741117710330491e-03  0
5.140069784922172e-02  2.756168706239656e-03  2.756168706239656e-03  2.756168706239656e-03  2.756168706239656e-03  0
5.633301764979549e-02  2.688710727909037e-03  2.688710727909037e-03  2.688710727909037e-03  2.688710727909037e-03  0
6.173863411039700e-02  2.569665836136467e-03  2.569665836136467e-03  2.569665836136467e-03  2.569665836136467e-03  0
6.766296393907657e-02  6.257430106842948e-03  6.257430106842948e-03  6.257430106842948e-03  6.257430106842948e-03  0
7.415578195063728e-02  6.818224429063425e-03  6.818224429063425e-03  6.818224429063425e-03  6.818224429063425e-03  0
8.127163926282933e-02  7.065711480998031e-03  7.065711480998031e-03  7.065711480998031e-03  7.065711480998031e-03  0
8.907032162190963e-02  7.003809878326020e-03  7.003809878326020e-03  7.003809878326020e-03  7.003809878326020e-03  0
9.761735170830896e-02  6.687617951998694e-03  6.687617951998694e-03  6.687617951998694e-03  6.687617951998694e-03  0
1.069845396426603e-01  1.575618887317777e-02  1.575618887317777e-02  1.575618887317777e-02  1.575618887317777e-02  0
1.172505863174090e-01  1.796602628877462e-02  1.796602628877462e-02  1.796602628877462e-02  1.796602628877462e-02  0
1.285017446230543e-01  1.944301507400231e-02  1.944301507400231e-02  1.944301507400231e-02  1.944301507400231e-02  0
1.408325441244888e-01  2.007315296994345e-02  2.007315296994345e-02  2.007315296994345e-02  2.007315296994345e-02  0
1.543465852759926e-01  1.989149380794424e-02  1.989149380794424e-02  1.989149380794424e-02  1.989149380794424e-02  0
1.691574098476915e-01  2.648187327141269e-02  2.648187327141269e-02  2.648187327141269e-02  2.648187327141269e-02  0
1.853894548765933e-01  3.227899010308487e-02  3.227899010308487e-02  3.227899010308487e-02  3.227899010308487e-02  0
2.031790981570734e-01  3.747351138024169e-02  3.747351138024169e-02  3.747351138024169e-02  3.747351138024169e-02  0
2.226758040547742e-01  4.160119499253934e-02  4.160119499253934e-02  4.160119499253934e-02  4.160119499253934e-02  0
2.440433792707725e-01  4.433408615526078e-02  4.433408615526078e-02  4.433408615526078e-02  4.433408615526078e-02  0
2.674613491066507e-01  3.643215412121595e-02  3.643215412121595e-02  3.643215412121595e-02  3.643215412121595e-02  0
2.931264657935224e-01  4.654581344513151e-02  4.654581344513151e-02  4.654581344513151e-02  4.654581344513151e-02  0
3.212543615576358e-01  5.625687101702031e-02  5.625687101702031e-02  5.625687101702031e-02  5.625687101702031e-02  0
3.520813603112219e-01  6.451153686700765e-02  6.451153686700765e-02  6.451153686700765e-02  6.451153686700765e-02  0
3.858664631899814e-01  7.045453908588090e-02  7.045453908588090e-02  7.045453908588090e-02  7.045453908588090e-02  0
4.228935246192288e-01  2.816377424471273e-02  2.816377424471273e-02  2.816377424471273e-02  2.816377424471273e-02  0
4.634736371914833e-01  3.497573534789979e-02  3.497573534789979e-02  3.497573534789979e-02  3.497573534789979e-02  0
5.079477453926836e-01  4.171819541171400e-02  4.171819541171400e-02  4.171819541171400e-02  4.171819541171400e-02  0
5.566895101369356e-01  4.821433109289882e-02  4.821433109289882e-02  4.821433109289882e-02  4.821433109289882e-02  0
6.101084481769313e-01  5.457735998073535e-02  5.457735998073535e-02  5.457735998073535e-02  5.457735998073535e-02  0
6.686533727666268e-01  2.355330317749449e-02  2.355330317749449e-02  2.355330317749449e-02  2.355330317749449e-02  0
7.328161644838059e-01  2.981347911373490e-02  2.981347911373490e-02  2.981347911373490e-02  2.981347911373490e-02  0
8.031359038940896e-01  3.647536230126333e-02  3.647536230126333e-02  3.647536230126333e-02  3.647536230126333e-02  0
8.802034007780548e-01  4.332185128794935e-02  4.332185128794935e-02  4.332185128794935e-02  4.332185128794935e-02  0
9.646661579749536e-01  5.006298598907308e-02  5.006298598907308e-02  5.006298598907308e-02  5.006298598907308e-02  0
1.057233811548072e+00  2.523921843809907e-02  2.523921843809907e-02  2.523921843809907e-02  2.523921843809907e-02  0
1.158684092978708e+00  2.822780100936535e-02  2.822780100936535e-02  2.822780100936535e-02  2.822780100936535e-02  0
1.269869363481709e+00  3.069305079126786e-02  3.069305079126786e-02  3.069305079126786e-02  3.069305079126786e-02  0
1.391723775342339e+00  3.279251449444431e-02  3.279251449444431e-02  3.279251449444431e-02  3.279251449444431e-02  0
1.525271120442328e+00  3.466733738466132e-02  3.466733738466132e-02  3.466733738466132e-02  3.466733738466132e-02  0
