-2.20050850194513714086e+00 4.29962007000120485046e-07 4.29962007000120485046e-07 4.29962007000120485046e-07 4.29962007000120485046e-07 0
-2.00783975973522421654e+00 4.76338020276209403810e-07 4.76338020276209403810e-07 4.76338020276209403810e-07 4.76338020276209403810e-07 0
-1.83204041120951499622e+00 4.43913306982309175488e-07 4.43913306982309175488e-07 4.43913306982309175488e-07 4.43913306982309175488e-07 0
-1.67163343191656688091e+00 6.04479033683384232858e-07 6.04479033683384232858e-07 6.04479033683384232858e-07 6.04479033683384232858e-07 0
-1.52527112044232815435e+00 4.73958685276168036265e-07 4.73958685276168036265e-07 4.73958685276168036265e-07 4.73958685276168036265e-07 0
-1.39172377534233904228e+00 9.62914405424593451984e-07 9.62914405424593451984e-07 9.62914405424593451984e-07 9.62914405424593451984e-07 0
-1.26986936348170909028e+00 1.63269903358058945753e-06 1.63269903358058945753e-06 1.63269903358058945753e-06 1.63269903358058945753e-06 0
-1.15868409297870789132e+00 3.21849524921991960962e-06 3.21849524921991960962e-06 3.21849524921991960962e-06 3.21849524921991960962e-06 0
-1.05723381154807194449e+00 5.11971458923423908716e-06 5.11971458923423908716e-06 5.11971458923423908716e-06 5.11971458923423908716e-06 0
-9.64666157974953475396e-01 9.22837813030231674612e-06 9.22837813030231674612e-06 9.22837813030231674612e-06 9.22837813030231674612e-06 0
-8.80203400778054700915e-01 1.42118196530434799619e-05 1.42118196530434799619e-05 1.42118196530434799619e-05 1.42118196530434799619e-05 0
-8.03135903894089508981e-01 2.45295345624699204939e-05 2.45295345624699204939e-05 2.45295345624699204939e-05 2.45295345624699204939e-05 0
-7.32816164483805709828e-01 3.59928626304544034510e-05 3.59928626304544034510e-05 3.59928626304544034510e-05 3.59928626304544034510e-05 0
-6.68653372766626730161e-01 6.05864935657737810142e-05 6.05864935657737810142e-05 6.05864935657737810142e-05 6.05864935657737810142e-05 0
-6.10108448176931106310e-01 8.73471219463267098187e-05 8.73471219463267098187e-05 8.73471219463267098187e-05 8.73471219463267098187e-05 0
-5.56689510136935350459e-01 1.41348121580022460147e-04 1.41348121580022460147e-04 1.41348121580022460147e-04 1.41348121580022460147e-04 0
-5.07947745392683502885e-01 2.11420636896738831090e-04 2.11420636896738831090e-04 2.11420636896738831090e-04 2.11420636896738831090e-04 0
-4.63473637191483156528e-01 3.24794299369146762489e-04 3.24794299369146762489e-04 3.24794299369146762489e-04 3.24794299369146762489e-04 0
-4.22893524619228744488e-01 4.66477480755393800367e-04 4.66477480755393800367e-04 4.66477480755393800367e-04 4.66477480755393800367e-04 0
-3.85866463189981301340e-01 7.08140845863913532404e-04 7.08140845863913532404e-04 7.08140845863913532404e-04 7.08140845863913532404e-04 0
-3.52081360311221891468e-01 1.00265384665997178346e-03 1.00265384665997178346e-03 1.00265384665997178346e-03 1.00265384665997178346e-03 0
-3.21254361557635814695e-01 1.46989196968712711525e-03 1.46989196968712711525e-03 1.46989196968712711525e-03 1.46989196968712711525e-03 0
-2.93126465793522417158e-01 2.10906259987032277531e-03 2.10906259987032277531e-03 2.10906259987032277531e-03 2.10906259987032277531e-03 0
-2.67461349106650703167e-01 3.03471162125807953497e-03 3.03471162125807953497e-03 3.03471162125807953497e-03 3.03471162125807953497e-03 0
-2.44043379270772520240e-01 4.30005726827452881833e-03 4.30005726827452881833e-03 4.30005726827452881833e-03 4.30005726827452881833e-03 0
-2.22675804054774217899e-01 5.95878707811151129420e-03 5.95878707811151129420e-03 5.95878707811151129420e-03 5.95878707811151129420e-03 0
-2.03179098157073412256e-01 8.00856011739375928116e-03 8.00856011739375928116e-03 8.00856011739375928116e-03 8.00856011739375928116e-03 0
-1.85389454876593307020e-01 1.06133670986202268555e-02 1.06133670986202268555e-02 1.06133670986202268555e-02 1.06133670986202268555e-02 0
-1.69157409847691508897e-01 1.36692488647117173228e-02 1.36692488647117173228e-02 1.36692488647117173228e-02 1.36692488647117173228e-02 0
-1.54346585275992514985e-01 1.72138177449845282407e-02 1.72138177449845282407e-02 1.72138177449845282407e-02 1.72138177449845282407e-02 0
-1.40832544124488812098e-01 2.13371942714863926938e-02 2.13371942714863926938e-02 2.13371942714863926938e-02 2.13371942714863926938e-02 0
-1.28501744623054303673e-01 2.59668626228065080319e-02 2.59668626228065080319e-02 2.59668626228065080319e-02 2.59668626228065080319e-02 0
-1.17250586317408908577e-01 3.09687878852831048604e-02 3.09687878852831048604e-02 3.09687878852831048604e-02 3.09687878852831048604e-02 0
-1.06984539642660303471e-01 3.65183207077540497587e-02 3.65183207077540497587e-02 3.65183207077540497587e-02 3.65183207077540497587e-02 0
-9.76173517083089858914e-02 4.24142630094715700206e-02 4.24142630094715700206e-02 4.24142630094715700206e-02 4.24142630094715700206e-02 0
-8.90703216219096705064e-02 4.88031490785391652842e-02 4.88031490785391652842e-02 4.88031490785391652842e-02 4.88031490785391652842e-02 0
-8.12716392628293760048e-02 5.63464061312362388123e-02 5.63464061312362388123e-02 5.63464061312362388123e-02 5.63464061312362388123e-02 0
-7.41557819506373228080e-02 6.41308911340328635653e-02 6.41308911340328635653e-02 6.41308911340328635653e-02 6.41308911340328635653e-02 0
-6.76629639390766007834e-02 7.39694202703490288897e-02 7.39694202703490288897e-02 7.39694202703490288897e-02 7.39694202703490288897e-02 0
-6.17386341103970184840e-02 8.45007506775020122980e-02 8.45007506775020122980e-02 8.45007506775020122980e-02 8.45007506775020122980e-02 0
-5.63330176497955012471e-02 1.00008420423247867959e-01 1.00008420423247867959e-01 1.00008420423247867959e-01 1.00008420423247867959e-01 0
-5.14006978492217297960e-02 1.16622058779048770605e-01 1.16622058779048770605e-01 1.16622058779048770605e-01 1.16622058779048770605e-01 0
-4.69002345269635689817e-02 1.40787108521578996356e-01 1.40787108521578996356e-01 1.40787108521578996356e-01 1.40787108521578996356e-01 0
-4.27938158570641130618e-02 1.66655053312344980654e-01 1.66655053312344980654e-01 1.66655053312344980654e-01 1.66655053312344980654e-01 0
-3.90469406833235874177e-02 2.03528018584946041036e-01 2.03528018584946041036e-01 2.03528018584946041036e-01 2.03528018584946041036e-01 0
-3.56281286487638709781e-02 2.43373349059888888224e-01 2.43373349059888888224e-01 2.43373349059888888224e-01 2.43373349059888888224e-01 0
-3.25086557051317490141e-02 3.02499167445458461145e-01 3.02499167445458461145e-01 3.02499167445458461145e-01 3.02499167445458461145e-01 0
-2.96623127802549194088e-02 3.62896267910014669322e-01 3.62896267910014669322e-01 3.62896267910014669322e-01 3.62896267910014669322e-01 0
-2.70651855756306389256e-02 4.55884692198271768149e-01 4.55884692198271768149e-01 4.55884692198271768149e-01 4.55884692198271768149e-01 0
-2.46954536441588087814e-02 5.47577084831986860003e-01 5.47577084831986860003e-01 5.47577084831986860003e-01 5.47577084831986860003e-01 0
-2.25332070599182018866e-02 6.91540854239959812411e-01 6.91540854239959812411e-01 6.91540854239959812411e-01 6.91540854239959812411e-01 0
-2.05602791396886919184e-02 8.38056708711665598877e-01 8.38056708711665598877e-01 8.38056708711665598877e-01 8.38056708711665598877e-01 0
-1.87600938107854303682e-02 1.05309784058101607584e+00 1.05309784058101607584e+00 1.05309784058101607584e+00 1.05309784058101607584e+00 0
-1.71175263428256507758e-02 1.28312180120526253546e+00 1.28312180120526253546e+00 1.28312180120526253546e+00 1.28312180120526253546e+00 0
-1.56187762733294398243e-02 1.59015519009980343945e+00 1.59015519009980343945e+00 1.59015519009980343945e+00 1.59015519009980343945e+00 0
-1.42512514595055511668e-02 1.93825716455045204967e+00 1.93825716455045204967e+00 1.93825716455045204967e+00 1.93825716455045204967e+00 0
-1.30034622820527009934e-02 2.35749215484903507090e+00 2.35749215484903507090e+00 2.35749215484903507090e+00 2.35749215484903507090e+00 0
-1.18649251121019701921e-02 2.84922389798032238417e+00 2.84922389798032238417e+00 2.84922389798032238417e+00 2.84922389798032238417e+00 0
-1.08260742302522597336e-02 3.39756047882921174974e+00 3.39756047882921174974e+00 3.39756047882921174974e+00 3.39756047882921174974e+00 0
-9.87818145766352143089e-03 4.03479742665233587218e+00 4.03479742665233587218e+00 4.03479742665233587218e+00 4.03479742665233587218e+00 0
-9.01328282396728075465e-03 4.71900582780521027360e+00 4.71900582780521027360e+00 4.71900582780521027360e+00 4.71900582780521027360e+00 0
-8.22411165587547642042e-03 5.45004657280458282287e+00 5.45004657280458282287e+00 5.45004657280458282287e+00 5.45004657280458282287e+00 0
-7.50403752431417180035e-03 6.27468567032560908814e+00 6.27468567032560908814e+00 6.27468567032560908814e+00 6.27468567032560908814e+00 0
-6.84701053713025840214e-03 7.13066372425991357176e+00 7.13066372425991357176e+00 7.13066372425991357176e+00 7.13066372425991357176e+00 0
-6.24751050933177506236e-03 8.09531025591302721978e+00 8.09531025591302721978e+00 8.09531025591302721978e+00 8.09531025591302721978e+00 0
-5.70050058380221821158e-03 9.12722578110672166929e+00 9.12722578110672166929e+00 9.12722578110672166929e+00 9.12722578110672166929e+00 0
-5.20138491282107900959e-03 1.02618828322553063970e+01 1.02618828322553063970e+01 1.02618828322553063970e+01 1.02618828322553063970e+01 0
-4.74597004484078686254e-03 1.15049634374313942686e+01 1.15049634374313942686e+01 1.15049634374313942686e+01 1.15049634374313942686e+01 0
-4.33042969210090198523e-03 1.28825639361615067457e+01 1.28825639361615067457e+01 1.28825639361615067457e+01 1.28825639361615067457e+01 0
-3.95127258306540891930e-03 1.43542433731151355403e+01 1.43542433731151355403e+01 1.43542433731151355403e+01 1.43542433731151355403e+01 0
-3.60531312958691212839e-03 1.59859783740824248355e+01 1.59859783740824248355e+01 1.59859783740824248355e+01 1.59859783740824248355e+01 0
-3.28964466235019117532e-03 1.77272390714716792104e+01 1.77272390714716792104e+01 1.77272390714716792104e+01 1.77272390714716792104e+01 0
-3.00161500972566906709e-03 1.95328556710181189260e+01 1.95328556710181189260e+01 1.95328556710181189260e+01 1.95328556710181189260e+01 0
-2.73880421485210318738e-03 2.13712140566672204045e+01 2.13712140566672204045e+01 2.13712140566672204045e+01 2.13712140566672204045e+01 0
-2.49900420373270993821e-03 2.32217523641859244776e+01 2.32217523641859244776e+01 2.32217523641859244776e+01 2.32217523641859244776e+01 0
-2.28020023352088797852e-03 2.49733773492823445395e+01 2.49733773492823445395e+01 2.49733773492823445395e+01 2.49733773492823445395e+01 0
-2.08055396512843221099e-03 2.66792491754750571431e+01 2.66792491754750571431e+01 2.66792491754750571431e+01 2.66792491754750571431e+01 0
-1.89838801793631517870e-03 2.81673689844443693175e+01 2.81673689844443693175e+01 2.81673689844443693175e+01 2.81673689844443693175e+01 0
-1.73217187684036096756e-03 2.95113764935524898192e+01 2.95113764935524898192e+01 2.95113764935524898192e+01 2.95113764935524898192e+01 0
-1.58050903322616391466e-03 3.06011640420241448624e+01 3.06011640420241448624e+01 3.06011640420241448624e+01 3.06011640420241448624e+01 0
-1.44212525183476511156e-03 3.14577310629284276899e+01 3.14577310629284276899e+01 3.14577310629284276899e+01 3.14577310629284276899e+01 0
-1.31585786494007607982e-03 3.19810316876073912340e+01 3.19810316876073912340e+01 3.19810316876073912340e+01 3.19810316876073912340e+01 0
-1.20064600389026797378e-03 3.23241888464189628394e+01 3.23241888464189628394e+01 3.23241888464189628394e+01 3.23241888464189628394e+01 0
-1.09552168594084092801e-03 3.23723958692053273012e+01 3.23723958692053273012e+01 3.23723958692053273012e+01 3.23723958692053273012e+01 0
-9.99601681493084105387e-04 3.22816359339564797892e+01 3.22816359339564797892e+01 3.22816359339564797892e+01 3.22816359339564797892e+01 0
-9.12080093408355169725e-04 3.19281475230210496363e+01 3.19281475230210496363e+01 3.19281475230210496363e+01 3.19281475230210496363e+01 0
-8.32221586051372971132e-04 3.14575635370132715707e+01 3.14575635370132715707e+01 3.14575635370132715707e+01 3.14575635370132715707e+01 0
-7.59355207174526093163e-04 3.07958788795912994374e+01 3.07958788795912994374e+01 3.07958788795912994374e+01 3.07958788795912994374e+01 0
-6.92868750736144387026e-04 3.00997850258102630505e+01 3.00997850258102630505e+01 3.00997850258102630505e+01 3.00997850258102630505e+01 0
-6.32203613290465522498e-04 2.92814409085165507918e+01 2.92814409085165507918e+01 2.92814409085165507918e+01 2.92814409085165507918e+01 0
-5.76850100733905979573e-04 2.85130436806968319274e+01 2.85130436806968319274e+01 2.85130436806968319274e+01 2.85130436806968319274e+01 0
-5.26343145976030496978e-04 2.76660781583452042298e+01 2.76660781583452042298e+01 2.76660781583452042298e+01 2.76660781583452042298e+01 0
-4.80258401556107005197e-04 2.69060238623452505635e+01 2.69060238623452505635e+01 2.69060238623452505635e+01 2.69060238623452505635e+01 0
-4.38208674376336609728e-04 2.61385119923685707022e+01 2.61385119923685707022e+01 2.61385119923685707022e+01 2.61385119923685707022e+01 0
-3.99840672597233707207e-04 2.54723181012772954546e+01 2.54723181012772954546e+01 2.54723181012772954546e+01 2.54723181012772954546e+01 0
-3.64832037363341959470e-04 2.48491500236035918192e+01 2.48491500236035918192e+01 2.48491500236035918192e+01 2.48491500236035918192e+01 0
-3.32888634420549069191e-04 2.43809686679536028464e+01 2.43809686679536028464e+01 2.43809686679536028464e+01 2.43809686679536028464e+01 0
-3.03742082869810372213e-04 2.39196154587728990748e+01 2.39196154587728990748e+01 2.39196154587728990748e+01 2.39196154587728990748e+01 0
-2.77147500294457819862e-04 2.36399845797125642832e+01 2.36399845797125642832e+01 2.36399845797125642832e+01 2.36399845797125642832e+01 0
-2.52881445316186208999e-04 2.33366026908737538292e+01 2.33366026908737538292e+01 2.33366026908737538292e+01 2.33366026908737538292e+01 0
-2.30740040293562408092e-04 2.32032227936460309081e+01 2.32032227936460309081e+01 2.32032227936460309081e+01 2.32032227936460309081e+01 0
-2.10537258390412209633e-04 2.30622410512074722533e+01 2.30622410512074722533e+01 2.30622410512074722533e+01 2.30622410512074722533e+01 0
-1.92103360622442823763e-04 2.30231880465980793815e+01 2.30231880465980793815e+01 2.30231880465980793815e+01 2.30231880465980793815e+01 0
-1.75283469750534622207e-04 2.29743141882904247097e+01 2.29743141882904247097e+01 2.29743141882904247097e+01 2.29743141882904247097e+01 0
-1.59936269038893493725e-04 2.29772940687970788076e+01 2.29772940687970788076e+01 2.29772940687970788076e+01 2.29772940687970788076e+01 0
-1.45932814945336810893e-04 2.29692837663818636429e+01 2.29692837663818636429e+01 2.29692837663818636429e+01 2.29692837663818636429e+01 0
-1.33155453768219595150e-04 2.29854771027763185032e+01 2.29854771027763185032e+01 2.29854771027763185032e+01 2.29854771027763185032e+01 0
-1.21496833147924203095e-04 2.29875731619322749566e+01 2.29875731619322749566e+01 2.29875731619322749566e+01 2.29875731619322749566e+01 0
-1.10859000117783106261e-04 2.29996805002179733890e+01 2.29996805002179733890e+01 2.29996805002179733890e+01 2.29996805002179733890e+01 0
-1.01152578126474505284e-04 2.30051973448931228461e+01 2.30051973448931228461e+01 2.30051973448931228461e+01 2.30051973448931228461e+01 0
-9.22960161174249523949e-05 2.30147554627806201211e+01 2.30147554627806201211e+01 2.30147554627806201211e+01 2.30147554627806201211e+01 0
-8.42149033561649001164e-05 2.30203265070985132468e+01 2.30203265070985132468e+01 2.30203265070985132468e+01 2.30203265070985132468e+01 0
-7.68413442489771078212e-05 2.30299878291701425326e+01 2.30299878291701425326e+01 2.30299878291701425326e+01 2.30299878291701425326e+01 0
-7.01133879002138461723e-05 2.30369446916490794308e+01 2.30369446916490794308e+01 2.30369446916490794308e+01 2.30369446916490794308e+01 0
-6.39745076155573839374e-05 2.30454261958238717511e+01 2.30454261958238717511e+01 2.30454261958238717511e+01 2.30454261958238717511e+01 0
-5.83731259781347216467e-05 2.30503118415831309562e+01 2.30503118415831309562e+01 2.30503118415831309562e+01 2.30503118415831309562e+01 0
-5.32621815072878638099e-05 2.30549835297431613412e+01 2.30549835297431613412e+01 2.30549835297431613412e+01 2.30549835297431613412e+01 0
-4.85987332591696622646e-05 2.30551224637313154631e+01 2.30551224637313154631e+01 2.30551224637313154631e+01 2.30551224637313154631e+01 0
-4.43436000471132397939e-05 2.30559818517280987749e+01 2.30559818517280987749e+01 2.30559818517280987749e+01 2.30559818517280987749e+01 0
-4.04610312505897939820e-05 2.30539440092489478218e+01 2.30539440092489478218e+01 2.30539440092489478218e+01 2.30539440092489478218e+01 0
-3.69184064469699809580e-05 2.30553398747284923331e+01 2.30553398747284923331e+01 2.30553398747284923331e+01 2.30553398747284923331e+01 0
-3.36859613424659532703e-05 2.30544297752950342328e+01 2.30544297752950342328e+01 2.30544297752950342328e+01 2.30544297752950342328e+01 0
-3.07365376995908377075e-05 2.30593835507368396520e+01 2.30593835507368396520e+01 2.30593835507368396520e+01 2.30593835507368396520e+01 0
-2.80453551600855418571e-05 2.30606721426115655049e+01 2.30606721426115655049e+01 2.30606721426115655049e+01 2.30606721426115655049e+01 0
-2.55898030462229522197e-05 2.30670394202425335095e+01 2.30670394202425335095e+01 2.30670394202425335095e+01 2.30670394202425335095e+01 0
-2.33492503912538900139e-05 2.30668160347077169092e+01 2.30668160347077169092e+01 2.30668160347077169092e+01 2.30668160347077169092e+01 0
-2.13048726029151414582e-05 2.30710868696724773486e+01 2.30710868696724773486e+01 2.30710868696724773486e+01 2.30710868696724773486e+01 0
-1.94394933036678710045e-05 2.30666205269840780545e+01 2.30666205269840780545e+01 2.30666205269840780545e+01 2.30666205269840780545e+01 0
-1.77374400188453006609e-05 2.30679824373990030040e+01 2.30679824373990030040e+01 2.30679824373990030040e+01 2.30679824373990030040e+01 0
-1.61844125002359203033e-05 2.30616674861234010052e+01 2.30616674861234010052e+01 2.30616674861234010052e+01 2.30616674861234010052e+01 0
-1.47673625787879903503e-05 2.30640721393592507127e+01 2.30640721393592507127e+01 2.30640721393592507127e+01 2.30640721393592507127e+01 0
-1.34743845369863799529e-05 2.30595955283843530026e+01 2.30595955283843530026e+01 2.30595955283843530026e+01 2.30595955283843530026e+01 0
-1.22946150798363418592e-05 2.30659186068069850251e+01 2.30659186068069850251e+01 2.30659186068069850251e+01 2.30659186068069850251e+01 0
-1.12181420640342204698e-05 2.30642365279176395632e+01 2.30642365279176395632e+01 2.30642365279176395632e+01 2.30642365279176395632e+01 0
-1.02359212184891812267e-05 2.30721771435182780863e+01 2.30721771435182780863e+01 2.30721771435182780863e+01 2.30721771435182780863e+01 0
-9.33970015650155600557e-06 2.30694569844178900553e+01 2.30694569844178900553e+01 2.30694569844178900553e+01 2.30694569844178900553e+01 0
-8.52194904116605827734e-06 2.30752458979052939014e+01 2.30752458979052939014e+01 2.30752458979052939014e+01 2.30752458979052939014e+01 0
-7.77579732146714636891e-06 2.30685808874872364527e+01 2.30685808874872364527e+01 2.30685808874872364527e+01 2.30685808874872364527e+01 0
-7.09497600753811890912e-06 2.30713212961949558633e+01 2.30713212961949558633e+01 2.30713212961949558633e+01 2.30713212961949558633e+01 0
-6.47376500009436693547e-06 2.30630408845174841304e+01 2.30630408845174841304e+01 2.30630408845174841304e+01 2.30630408845174841304e+01 0
-5.90694503151519647894e-06 2.30666709943764125512e+01 2.30666709943764125512e+01 2.30666709943764125512e+01 2.30666709943764125512e+01 0
-5.38975381479455248936e-06 2.30605831529304055039e+01 2.30605831529304055039e+01 2.30605831529304055039e+01 2.30605831529304055039e+01 0
-4.91784603193453437201e-06 2.30680273447041912505e+01 2.30680273447041912505e+01 2.30680273447041912505e+01 2.30680273447041912505e+01 0
-4.48725682561368615503e-06 2.30650217392125291838e+01 2.30650217392125291838e+01 2.30650217392125291838e+01 2.30650217392125291838e+01 0
-4.09436848739567181305e-06 2.30740009420835967546e+01 2.30740009420835967546e+01 2.30740009420835967546e+01 2.30740009420835967546e+01 0
-3.73588006260062214812e-06 2.30701802711860537443e+01 2.30701802711860537443e+01 2.30701802711860537443e+01 2.30701802711860537443e+01 0
-3.40877961646642297212e-06 2.30768380923351017486e+01 2.30768380923351017486e+01 2.30768380923351017486e+01 2.30768380923351017486e+01 0
-3.11031892858685803934e-06 2.30692510060770885616e+01 2.30692510060770885616e+01 2.30692510060770885616e+01 2.30692510060770885616e+01 0
-2.83799040301524807187e-06 2.30727194373723882848e+01 2.30727194373723882848e+01 2.30727194373723882848e+01 2.30727194373723882848e+01 0
-2.58950600003774601186e-06 2.30636278404706303036e+01 2.30636278404706303036e+01 2.30636278404706303036e+01 2.30636278404706303036e+01 0
-2.36277801260607909979e-06 2.30678664159119861665e+01 2.30678664159119861665e+01 2.30678664159119861665e+01 2.30678664159119861665e+01 0
-2.15590152591782108045e-06 2.30611188644209619270e+01 2.30611188644209619270e+01 2.30611188644209619270e+01 2.30611188644209619270e+01 0
-1.96713841277381391821e-06 2.30690910793147523350e+01 2.30690910793147523350e+01 2.30690910793147523350e+01 2.30690910793147523350e+01 0
-1.79490273024547492788e-06 2.30655500009934257832e+01 2.30655500009934257832e+01 2.30655500009934257832e+01 2.30655500009934257832e+01 0
-1.63774739495826889463e-06 2.30750019551218947811e+01 2.30750019551218947811e+01 2.30750019551218947811e+01 2.30750019551218947811e+01 0
-1.49435202504024885925e-06 2.30707483808942406256e+01 2.30707483808942406256e+01 2.30707483808942406256e+01 2.30707483808942406256e+01 0
-1.36351184658656897709e-06 2.30778027550446154237e+01 2.30778027550446154237e+01 2.30778027550446154237e+01 2.30778027550446154237e+01 0
-1.24412757143474287692e-06 2.30698323914236134158e+01 2.30698323914236134158e+01 2.30698323914236134158e+01 2.30698323914236134158e+01 0
-1.13519616120609888993e-06 2.30736274555908629225e+01 2.30736274555908629225e+01 2.30736274555908629225e+01 2.30736274555908629225e+01 0
-1.03580240001509891296e-06 2.30641999313351568901e+01 2.30641999313351568901e+01 2.30641999313351568901e+01 2.30641999313351568901e+01 0
-9.45111205042431322281e-07 2.30687080683503324963e+01 2.30687080683503324963e+01 2.30687080683503324963e+01 2.30687080683503324963e+01 0
-8.62360610367128368652e-07 2.30616871378228083245e+01 2.30616871378228083245e+01 2.30616871378228083245e+01 2.30616871378228083245e+01 0
-7.86855365109525609635e-07 2.30698895227636597838e+01 2.30698895227636597838e+01 2.30698895227636597838e+01 2.30698895227636597838e+01 0
-7.17961092098189695866e-07 2.30661255487254948093e+01 2.30661255487254948093e+01 2.30661255487254948093e+01 2.30661255487254948093e+01 0
-6.55098957983307430796e-07 2.30757805620547564729e+01 2.30757805620547564729e+01 2.30757805620547564729e+01 2.30757805620547564729e+01 0
-5.97740810016099586050e-07 2.30713442910833208543e+01 2.30713442910833208543e+01 2.30713442910833208543e+01 2.30713442910833208543e+01 0
-5.45404738634627717892e-07 2.30785642967581239304e+01 2.30785642967581239304e+01 2.30785642967581239304e+01 2.30785642967581239304e+01 0
-4.97651028573897362528e-07 2.30704393171199448886e+01 2.30704393171199448886e+01 2.30704393171199448886e+01 2.30704393171199448886e+01 0
-4.54078464482439566561e-07 2.30743696886077138686e+01 2.30743696886077138686e+01 2.30743696886077138686e+01 2.30743696886077138686e+01 0
-4.14320960006039459306e-07 2.30648068389137748113e+01 2.30648068389137748113e+01 2.30648068389137748113e+01 2.30648068389137748113e+01 0
-3.78044482016972603028e-07 2.30694258527902107403e+01 2.30694258527902107403e+01 2.30694258527902107403e+01 2.30694258527902107403e+01 0
-3.44944244146851379225e-07 2.30622948185984846248e+01 2.30622948185984846248e+01 2.30622948185984846248e+01 2.30622948185984846248e+01 0
-3.14742146043810265030e-07 2.30705918093193922402e+01 2.30705918093193922402e+01 2.30705918093193922402e+01 2.30705918093193922402e+01 0
-2.87184436839275878347e-07 2.30667381286566772758e+01 2.30667381286566772758e+01 2.30667381286566772758e+01 2.30667381286566772758e+01 0
-2.62039583193322993494e-07 2.30764762846532427432e+01 2.30764762846532427432e+01 2.30764762846532427432e+01 2.30764762846532427432e+01 0
-2.39096324006439802656e-07 2.30719665479767499505e+01 2.30719665479767499505e+01 2.30719665479767499505e+01 2.30719665479767499505e+01 0
-2.18161895453850981278e-07 2.30792541273212030717e+01 2.30792541273212030717e+01 2.30792541273212030717e+01 2.30792541273212030717e+01 0
-1.99060411429558881484e-07 2.30710670324961881761e+01 2.30710670324961881761e+01 2.30710670324961881761e+01 2.30710670324961881761e+01 0
-1.81631385792975794861e-07 2.30750523471495689876e+01 2.30750523471495689876e+01 2.30750523471495689876e+01 2.30750523471495689876e+01 0
-1.65728384002415794310e-07 2.30654351565714499372e+01 2.30654351565714499372e+01 2.30654351565714499372e+01 2.30654351565714499372e+01 0
-1.51217792806789099445e-07 2.30700991030379825020e+01 2.30700991030379825020e+01 2.30700991030379825020e+01 2.30700991030379825020e+01 0
-1.37977697658740599335e-07 2.30629239336832050355e+01 2.30629239336832050355e+01 2.30629239336832050355e+01 2.30629239336832050355e+01 0
-1.25896858417524106012e-07 2.30712593689694607235e+01 2.30712593689694607235e+01 2.30712593689694607235e+01 2.30712593689694607235e+01 0
-1.14873774735710398984e-07 2.30673696627854596386e+01 2.30673696627854596386e+01 2.30673696627854596386e+01 2.30673696627854596386e+01 0
-1.04815833277329194751e-07 2.30771416183871096450e+01 2.30771416183871096450e+01 2.30771416183871096450e+01 2.30771416183871096450e+01 0
-9.56385296025759290035e-08 2.30726023881176374175e+01 2.30726023881176374175e+01 2.30726023881176374175e+01 2.30726023881176374175e+01 0
-8.72647581815404189808e-08 2.30799174415320393905e+01 2.30799174415320393905e+01 2.30799174415320393905e+01 2.30799174415320393905e+01 0
-7.96241645718235896512e-08 2.30717055727556790146e+01 2.30717055727556790146e+01 2.30717055727556790146e+01 2.30717055727556790146e+01 0
-7.26525543171903391202e-08 2.30757129622887191545e+01 2.30757129622887191545e+01 2.30757129622887191545e+01 2.30757129622887191545e+01 0
-6.62913536009663071362e-08 2.30660741057774707485e+01 2.30660741057774707485e+01 2.30660741057774707485e+01 2.30660741057774707485e+01 0
-6.04871171227156106611e-08 2.30707560504938768986e+01 2.30707560504938768986e+01 2.30707560504938768986e+01 2.30707560504938768986e+01 0
-5.51910790634962066470e-08 2.30635634087202632259e+01 2.30635634087202632259e+01 2.30635634087202632259e+01 2.30635634087202632259e+01 0
-5.03587433670096371108e-08 2.30719146723372112717e+01 2.30719146723372112717e+01 2.30719146723372112717e+01 2.30719146723372112717e+01 0
-4.59495098942841410648e-08 2.30680104590210603988e+01 2.30680104590210603988e+01 2.30680104590210603988e+01 2.30680104590210603988e+01 0
-4.19263333109316779003e-08 2.30777964232856938054e+01 2.30777964232856938054e+01 2.30777964232856938054e+01 2.30777964232856938054e+01 0
-3.82554118410303716014e-08 2.30732453601931304377e+01 2.30732453601931304377e+01 2.30732453601931304377e+01 2.30732453601931304377e+01 0
-3.49059032726161649453e-08 2.30805718591392903249e+01 2.30805718591392903249e+01 2.30805718591392903249e+01 2.30805718591392903249e+01 0
-3.18496658287294252726e-08 2.30723505682598606370e+01 2.30723505682598606370e+01 2.30723505682598606370e+01 2.30723505682598606370e+01 0
-2.90610217268761303541e-08 2.30763665749880253486e+01 2.30763665749880253486e+01 2.30763665749880253486e+01 2.30763665749880253486e+01 0
-2.65165414403865321189e-08 2.30667195259243165140e+01 2.30667195259243165140e+01 2.30667195259243165140e+01 2.30667195259243165140e+01 0
-2.41948468490862409557e-08 2.30714083605945745603e+01 2.30714083605945745603e+01 2.30714083605945745603e+01 2.30714083605945745603e+01 0
-2.20764316253984919232e-08 2.30642094401621093880e+01 2.30642094401621093880e+01 2.30642094401621093880e+01 2.30642094401621093880e+01 0
-2.01434973468038594765e-08 2.30725677394485941818e+01 2.30725677394485941818e+01 2.30725677394485941818e+01 2.30725677394485941818e+01 0
-1.83798039577136603964e-08 2.30686576117994661672e+01 2.30686576117994661672e+01 2.30686576117994661672e+01 2.30686576117994661672e+01 0
-1.67705333243726718219e-08 2.30784499927643764750e+01 2.30784499927643764750e+01 2.30784499927643764750e+01 2.30784499927643764750e+01 0
-1.53021647364121512875e-08 2.30738941891628925873e+01 2.30738941891628925873e+01 2.30738941891628925873e+01 2.30738941891628925873e+01 0
-1.39623613090464712721e-08 2.30812262204019589262e+01 2.30812262204019589262e+01 2.30812262204019589262e+01 2.30812262204019589262e+01 0
-1.27398663314917707708e-08 2.30730026269509238546e+01 2.30730026269509238546e+01 2.30730026269509238546e+01 2.30730026269509238546e+01 0
-1.16244086907504498255e-08 2.30770214575044469996e+01 2.30770214575044469996e+01 2.30770214575044469996e+01 2.30770214575044469996e+01 0
-1.06066165761546102006e-08 2.30673725873091584049e+01 2.30673725873091584049e+01 2.30673725873091584049e+01 2.30673725873091584049e+01 0
-9.67793873963449902926e-09 2.30720632277092505547e+01 2.30720632277092505547e+01 2.30720632277092505547e+01 2.30720632277092505547e+01 0
-8.83057265015939445318e-09 2.30648637475999791491e+01 2.30648637475999791491e+01 2.30648637475999791491e+01 2.30648637475999791491e+01 0
-8.05739893872154412149e-09 2.30732264635071189218e+01 2.30732264635071189218e+01 2.30732264635071189218e+01 2.30732264635071189218e+01 0
-7.35192158308546266964e-09 2.30693138775864561296e+01 2.30693138775864561296e+01 2.30693138775864561296e+01 2.30693138775864561296e+01 0
-6.70821332974906988680e-09 2.30791107377419351110e+01 2.30791107377419351110e+01 2.30791107377419351110e+01 2.30791107377419351110e+01 0
-6.12086589456485935696e-09 2.30745533320919022913e+01 2.30745533320919022913e+01 2.30745533320919022913e+01 2.30745533320919022913e+01 0
-5.58494452361858701991e-09 2.30818894529318683340e+01 2.30818894529318683340e+01 2.30818894529318683340e+01 2.30818894529318683340e+01 0
-5.09594653259670897005e-09 2.30736687861836671232e+01 2.30736687861836671232e+01 2.30736687861836671232e+01 2.30736687861836671232e+01 0
-4.64976347630018125370e-09 2.30776867372005511925e+01 2.30776867372005511925e+01 2.30776867372005511925e+01 2.30776867372005511925e+01 0
-4.24264663046184441111e-09 2.30680409102000147925e+01 2.30680409102000147925e+01 2.30680409102000147925e+01 2.30680409102000147925e+01 0
-3.87117549585379861909e-09 2.30727293030585478562e+01 2.30727293030585478562e+01 2.30727293030585478562e+01 2.30727293030585478562e+01 0
-3.53222906006375811214e-09 2.30655354843456628089e+01 2.30655354843456628089e+01 2.30655354843456628089e+01 2.30655354843456628089e+01 0
-3.22295957548861690413e-09 2.30739031080223568893e+01 2.30739031080223568893e+01 2.30739031080223568893e+01 2.30739031080223568893e+01 0
-2.94076863323418506785e-09 2.30699901825847497605e+01 2.30699901825847497605e+01 2.30699901825847497605e+01 2.30699901825847497605e+01 0
-2.68328533189962795472e-09 2.30797928221134789339e+01 2.30797928221134789339e+01 2.30797928221134789339e+01 2.30797928221134789339e+01 0
-2.44834635782594399094e-09 2.30752364396322988682e+01 2.30752364396322988682e+01 2.30752364396322988682e+01 2.30752364396322988682e+01 0
-2.23397780944743522155e-09 2.30825778382143198542e+01 2.30825778382143198542e+01 2.30825778382143198542e+01 2.30825778382143198542e+01 0
-2.03837861303868391889e-09 2.30743694798463252482e+01 2.30743694798463252482e+01 2.30743694798463252482e+01 2.30743694798463252482e+01 0
-1.85990539052007200517e-09 2.30783807351213106074e+01 2.30783807351213106074e+01 2.30783807351213106074e+01 2.30783807351213106074e+01 0
-1.69705865218473817803e-09 2.30687462336796116347e+01 2.30687462336796116347e+01 2.30687462336796116347e+01 2.30687462336796116347e+01 0
-1.54847019834152002666e-09 2.30734228044224067844e+01 2.30734228044224067844e+01 2.30734228044224067844e+01 2.30734228044224067844e+01 0
-1.41289162402550303806e-09 2.30662488086925350217e+01 2.30662488086925350217e+01 2.30662488086925350217e+01 2.30662488086925350217e+01 0
-1.28918383019544705117e-09 2.30746236086175393609e+01 2.30746236086175393609e+01 2.30746236086175393609e+01 2.30746236086175393609e+01 0
-1.17630745329367402714e-09 2.30707161635580355608e+01 2.30707161635580355608e+01 2.30707161635580355608e+01 2.30707161635580355608e+01 0
-1.07331413275985097509e-09 2.30805308293186328683e+01 2.30805308293186328683e+01 2.30805308293186328683e+01 2.30805308293186328683e+01 0
-9.79338543130377513658e-10 2.30759885545550744723e+01 2.30759885545550744723e+01 2.30759885545550744723e+01 2.30759885545550744723e+01 0
-8.93591123778973943865e-10 2.30833304003642076907e+01 2.30833304003642076907e+01 2.30833304003642076907e+01 2.30833304003642076907e+01 0
-8.15351445215473422800e-10 2.30751608342413199182e+01 2.30751608342413199182e+01 2.30751608342413199182e+01 2.30751608342413199182e+01 0
-7.43962156208029008864e-10 2.30791368463036583591e+01 2.30791368463036583591e+01 2.30791368463036583591e+01 2.30791368463036583591e+01 0
-6.78823460873895064418e-10 2.30695262014819491014e+01 2.30695262014819491014e+01 2.30695262014819491014e+01 2.30695262014819491014e+01 0
-6.19388079336607865908e-10 2.30741324873054516331e+01 2.30741324873054516331e+01 2.30741324873054516331e+01 2.30741324873054516331e+01 0
-5.65156649610201173866e-10 2.30670531369673028621e+01 2.30670531369673028621e+01 2.30670531369673028621e+01 2.30670531369673028621e+01 0
-5.15673532078178737748e-10 2.30754103922825137829e+01 2.30754103922825137829e+01 2.30754103922825137829e+01 2.30754103922825137829e+01 0
-4.70522981317469672895e-10 2.30715736014005479149e+01 2.30715736014005479149e+01 2.30715736014005479149e+01 2.30715736014005479149e+01 0
-4.29325653103940410716e-10 2.30814080162117818418e+01 2.30814080162117818418e+01 2.30814080162117818418e+01 2.30814080162117818418e+01 0
-3.91735417252150984784e-10 2.30770049577883575864e+01 2.30770049577883575864e+01 2.30770049577883575864e+01 2.30770049577883575864e+01 0
3.91735417252150984784e-10 2.30762268587933974118e+01 2.30762268587933974118e+01 2.30762268587933974118e+01 2.30762268587933974118e+01 0
4.29325653103940410716e-10 2.30806052021596599388e+01 2.30806052021596599388e+01 2.30806052021596599388e+01 2.30806052021596599388e+01 0
4.70522981317469672895e-10 2.30708991560653160491e+01 2.30708991560653160491e+01 2.30708991560653160491e+01 2.30708991560653160491e+01 0
5.15673532078178737748e-10 2.30746996294516932835e+01 2.30746996294516932835e+01 2.30746996294516932835e+01 2.30746996294516932835e+01 0
5.65156649610201173866e-10 2.30664597616417665904e+01 2.30664597616417665904e+01 2.30664597616417665904e+01 2.30664597616417665904e+01 0
6.19388079336607865908e-10 2.30736377884503838231e+01 2.30736377884503838231e+01 2.30736377884503838231e+01 2.30736377884503838231e+01 0
6.78823460873895064418e-10 2.30689976183439000579e+01 2.30689976183439000579e+01 2.30689976183439000579e+01 2.30689976183439000579e+01 0
7.43962156208029008864e-10 2.30787012929716368603e+01 2.30787012929716368603e+01 2.30787012929716368603e+01 2.30787012929716368603e+01 0
8.15351445215473422800e-10 2.30746993123507309065e+01 2.30746993123507309065e+01 2.30746993123507309065e+01 2.30746993123507309065e+01 0
8.93591123778973943865e-10 2.30829544591756317118e+01 2.30829544591756317118e+01 2.30829544591756317118e+01 2.30829544591756317118e+01 0
9.79338543130377513658e-10 2.30756773235629992769e+01 2.30756773235629992769e+01 2.30756773235629992769e+01 2.30756773235629992769e+01 0
1.07331413275985097509e-09 2.30802101962962566972e+01 2.30802101962962566972e+01 2.30802101962962566972e+01 2.30802101962962566972e+01 0
1.17630745329367402714e-09 2.30704464754743803212e+01 2.30704464754743803212e+01 2.30704464754743803212e+01 2.30704464754743803212e+01 0
1.28918383019544705117e-09 2.30743396364989052927e+01 2.30743396364989052927e+01 2.30743396364989052927e+01 2.30743396364989052927e+01 0
1.41289162402550303806e-09 2.30660115064016508768e+01 2.30660115064016508768e+01 2.30660115064016508768e+01 2.30660115064016508768e+01 0
1.54847019834152002666e-09 2.30732253391592827541e+01 2.30732253391592827541e+01 2.30732253391592827541e+01 2.30732253391592827541e+01 0
1.69705865218473817803e-09 2.30685350535290609741e+01 2.30685350535290609741e+01 2.30685350535290609741e+01 2.30685350535290609741e+01 0
1.85990539052007200517e-09 2.30782066682327062779e+01 2.30782066682327062779e+01 2.30782066682327062779e+01 2.30782066682327062779e+01 0
2.03837861303868391889e-09 2.30741853716181601897e+01 2.30741853716181601897e+01 2.30741853716181601897e+01 2.30741853716181601897e+01 0
2.23397780944743522155e-09 2.30824277737797309840e+01 2.30824277737797309840e+01 2.30824277737797309840e+01 2.30824277737797309840e+01 0
2.44834635782594399094e-09 2.30751124465185277757e+01 2.30751124465185277757e+01 2.30751124465185277757e+01 2.30751124465185277757e+01 0
2.68328533189962795472e-09 2.30796645915018316941e+01 2.30796645915018316941e+01 2.30796645915018316941e+01 2.30796645915018316941e+01 0
2.94076863323418506785e-09 2.30698821067571770982e+01 2.30698821067571770982e+01 2.30698821067571770982e+01 2.30698821067571770982e+01 0
3.22295957548861690413e-09 2.30737895595114999026e+01 2.30737895595114999026e+01 2.30737895595114999026e+01 2.30737895595114999026e+01 0
3.53222906006375811214e-09 2.30654405248744964751e+01 2.30654405248744964751e+01 2.30654405248744964751e+01 2.30654405248744964751e+01 0
3.87117549585379861909e-09 2.30726505977031877137e+01 2.30726505977031877137e+01 2.30726505977031877137e+01 2.30726505977031877137e+01 0
4.24264663046184441111e-09 2.30679568691066165798e+01 2.30679568691066165798e+01 2.30679568691066165798e+01 2.30679568691066165798e+01 0
4.64976347630018125370e-09 2.30776173311947800926e+01 2.30776173311947800926e+01 2.30776173311947800926e+01 2.30776173311947800926e+01 0
5.09594653259670897005e-09 2.30735951543118176232e+01 2.30735951543118176232e+01 2.30735951543118176232e+01 2.30735951543118176232e+01 0
5.58494452361858701991e-09 2.30818292378273639542e+01 2.30818292378273639542e+01 2.30818292378273639542e+01 2.30818292378273639542e+01 0
6.12086589456485935696e-09 2.30745033945049264901e+01 2.30745033945049264901e+01 2.30745033945049264901e+01 2.30745033945049264901e+01 0
6.70821332974906988680e-09 2.30790592991890299857e+01 2.30790592991890299857e+01 2.30790592991890299857e+01 2.30790592991890299857e+01 0
7.35192158308546266964e-09 2.30692707115687234420e+01 2.30692707115687234420e+01 2.30692707115687234420e+01 2.30692707115687234420e+01 0
8.05739893872154412149e-09 2.30731809475079572280e+01 2.30731809475079572280e+01 2.30731809475079572280e+01 2.30731809475079572280e+01 0
8.83057265015939445318e-09 2.30648257995894638839e+01 2.30648257995894638839e+01 2.30648257995894638839e+01 2.30648257995894638839e+01 0
9.67793873963449902926e-09 2.30720315482064641799e+01 2.30720315482064641799e+01 2.30720315482064641799e+01 2.30720315482064641799e+01 0
1.06066165761546102006e-08 2.30673387837348933260e+01 2.30673387837348933260e+01 2.30673387837348933260e+01 2.30673387837348933260e+01 0
1.16244086907504498255e-08 2.30769936068800944895e+01 2.30769936068800944895e+01 2.30769936068800944895e+01 2.30769936068800944895e+01 0
1.27398663314917707708e-08 2.30729731202921612976e+01 2.30729731202921612976e+01 2.30729731202921612976e+01 2.30729731202921612976e+01 0
1.39623613090464712721e-08 2.30812021944596246215e+01 2.30812021944596246215e+01 2.30812021944596246215e+01 2.30812021944596246215e+01 0
1.53021647364121512875e-08 2.30738743167616817686e+01 2.30738743167616817686e+01 2.30738743167616817686e+01 2.30738743167616817686e+01 0
1.67705333243726718219e-08 2.30784295393907612493e+01 2.30784295393907612493e+01 2.30784295393907612493e+01 2.30784295393907612493e+01 0
1.83798039577136603964e-08 2.30686403900417715818e+01 2.30686403900417715818e+01 2.30686403900417715818e+01 2.30686403900417715818e+01 0
2.01434973468038594765e-08 2.30725495858034328478e+01 2.30725495858034328478e+01 2.30725495858034328478e+01 2.30725495858034328478e+01 0
2.20764316253984919232e-08 2.30641942556086974037e+01 2.30641942556086974037e+01 2.30641942556086974037e+01 2.30641942556086974037e+01 0
2.41948468490862409557e-08 2.30713957237225812946e+01 2.30713957237225812946e+01 2.30713957237225812946e+01 2.30713957237225812946e+01 0
2.65165414403865321189e-08 2.30667060219061639259e+01 2.30667060219061639259e+01 2.30667060219061639259e+01 2.30667060219061639259e+01 0
2.90610217268761303541e-08 2.30763554452889181334e+01 2.30763554452889181334e+01 2.30763554452889181334e+01 2.30763554452889181334e+01 0
3.18496658287294252726e-08 2.30723387361168121856e+01 2.30723387361168121856e+01 2.30723387361168121856e+01 2.30723387361168121856e+01 0
3.49059032726161649453e-08 2.30805622102105694182e+01 2.30805622102105694182e+01 2.30805622102105694182e+01 2.30805622102105694182e+01 0
3.82554118410303716014e-08 2.30732373250556825894e+01 2.30732373250556825894e+01 2.30732373250556825894e+01 2.30732373250556825894e+01 0
4.19263333109316779003e-08 2.30777881890535425669e+01 2.30777881890535425669e+01 2.30777881890535425669e+01 2.30777881890535425669e+01 0
4.59495098942841410648e-08 2.30680035530388636289e+01 2.30680035530388636289e+01 2.30680035530388636289e+01 2.30680035530388636289e+01 0
5.03587433670096371108e-08 2.30719073980639421961e+01 2.30719073980639421961e+01 2.30719073980639421961e+01 2.30719073980639421961e+01 0
5.51910790634962066470e-08 2.30635573499835224709e+01 2.30635573499835224709e+01 2.30635573499835224709e+01 2.30635573499835224709e+01 0
6.04871171227156106611e-08 2.30707509970029391866e+01 2.30707509970029391866e+01 2.30707509970029391866e+01 2.30707509970029391866e+01 0
6.62913536009663071362e-08 2.30660687127703454280e+01 2.30660687127703454280e+01 2.30660687127703454280e+01 2.30660687127703454280e+01 0
7.26525543171903391202e-08 2.30757085221033300115e+01 2.30757085221033300115e+01 2.30757085221033300115e+01 2.30757085221033300115e+01 0
7.96241645718235896512e-08 2.30717008734851418694e+01 2.30717008734851418694e+01 2.30717008734851418694e+01 2.30717008734851418694e+01 0
8.72647581815404189808e-08 2.30799136108064395501e+01 2.30799136108064395501e+01 2.30799136108064395501e+01 2.30799136108064395501e+01 0
9.56385296025759290035e-08 2.30725992224404237163e+01 2.30725992224404237163e+01 2.30725992224404237163e+01 2.30725992224404237163e+01 0
1.04815833277329194751e-07 2.30771383564921102050e+01 2.30771383564921102050e+01 2.30771383564921102050e+01 2.30771383564921102050e+01 0
1.14873774735710398984e-07 2.30673669244058494598e+01 2.30673669244058494598e+01 2.30673669244058494598e+01 2.30673669244058494598e+01 0
1.25896858417524106012e-07 2.30712564829413722123e+01 2.30712564829413722123e+01 2.30712564829413722123e+01 2.30712564829413722123e+01 0
1.37977697658740599335e-07 2.30629215181493414377e+01 2.30629215181493414377e+01 2.30629215181493414377e+01 2.30629215181493414377e+01 0
1.51217792806789099445e-07 2.30700970956178927906e+01 2.30700970956178927906e+01 2.30700970956178927906e+01 2.30700970956178927906e+01 0
1.65728384002415794310e-07 2.30654330068888491212e+01 2.30654330068888491212e+01 2.30654330068888491212e+01 2.30654330068888491212e+01 0
1.81631385792975794861e-07 2.30750505765875999487e+01 2.30750505765875999487e+01 2.30750505765875999487e+01 2.30750505765875999487e+01 0
1.99060411429558881484e-07 2.30710651493161797987e+01 2.30710651493161797987e+01 2.30710651493161797987e+01 2.30710651493161797987e+01 0
2.18161895453850981278e-07 2.30792525918746598279e+01 2.30792525918746598279e+01 2.30792525918746598279e+01 2.30792525918746598279e+01 0
2.39096324006439802656e-07 2.30719652752727633072e+01 2.30719652752727633072e+01 2.30719652752727633072e+01 2.30719652752727633072e+01 0
2.62039583193322993494e-07 2.30764749744920862895e+01 2.30764749744920862895e+01 2.30764749744920862895e+01 2.30764749744920862895e+01 0
2.87184436839275878347e-07 2.30667370280746517608e+01 2.30667370280746517608e+01 2.30667370280746517608e+01 2.30667370280746517608e+01 0
3.14742146043810265030e-07 2.30705906500919191160e+01 2.30705906500919191160e+01 2.30705906500919191160e+01 2.30705906500919191160e+01 0
3.44944244146851379225e-07 2.30622938524364933244e+01 2.30622938524364933244e+01 2.30622938524364933244e+01 2.30622938524364933244e+01 0
3.78044482016972603028e-07 2.30694250514477872116e+01 2.30694250514477872116e+01 2.30694250514477872116e+01 2.30694250514477872116e+01 0
4.14320960006039459306e-07 2.30648059851986957369e+01 2.30648059851986957369e+01 2.30648059851986957369e+01 2.30648059851986957369e+01 0
4.54078464482439566561e-07 2.30743689828235076789e+01 2.30743689828235076789e+01 2.30743689828235076789e+01 2.30743689828235076789e+01 0
4.97651028573897362528e-07 2.30704385709471146981e+01 2.30704385709471146981e+01 2.30704385709471146981e+01 2.30704385709471146981e+01 0
5.45404738634627717892e-07 2.30785636876174464760e+01 2.30785636876174464760e+01 2.30785636876174464760e+01 2.30785636876174464760e+01 0
5.97740810016099586050e-07 2.30713437933293263882e+01 2.30713437933293263882e+01 2.30713437933293263882e+01 2.30713437933293263882e+01 0
6.55098957983307430796e-07 2.30757800489642477260e+01 2.30757800489642477260e+01 2.30757800489642477260e+01 2.30757800489642477260e+01 0
7.17961092098189695866e-07 2.30661251149118413650e+01 2.30661251149118413650e+01 2.30661251149118413650e+01 2.30661251149118413650e+01 0
7.86855365109525609635e-07 2.30698890656214175010e+01 2.30698890656214175010e+01 2.30698890656214175010e+01 2.30698890656214175010e+01 0
8.62360610367128368652e-07 2.30616867541874874803e+01 2.30616867541874874803e+01 2.30616867541874874803e+01 2.30616867541874874803e+01 0
9.45111205042431322281e-07 2.30687077506138891181e+01 2.30687077506138891181e+01 2.30687077506138891181e+01 2.30687077506138891181e+01 0
1.03580240001509891296e-06 2.30641995908613495203e+01 2.30641995908613495203e+01 2.30641995908613495203e+01 2.30641995908613495203e+01 0
1.13519616120609888993e-06 2.30736271743198884110e+01 2.30736271743198884110e+01 2.30736271743198884110e+01 2.30736271743198884110e+01 0
1.24412757143474287692e-06 2.30698320918603840823e+01 2.30698320918603840823e+01 2.30698320918603840823e+01 2.30698320918603840823e+01 0
1.36351184658656897709e-06 2.30778025105717468080e+01 2.30778025105717468080e+01 2.30778025105717468080e+01 2.30778025105717468080e+01 0
1.49435202504024885925e-06 2.30707481779255374477e+01 2.30707481779255374477e+01 2.30707481779255374477e+01 2.30707481779255374477e+01 0
1.63774739495826889463e-06 2.30750017485109424342e+01 2.30750017485109424342e+01 2.30750017485109424342e+01 2.30750017485109424342e+01 0
1.79490273024547492788e-06 2.30655498273026253742e+01 2.30655498273026253742e+01 2.30655498273026253742e+01 2.30655498273026253742e+01 0
1.96713841277381391821e-06 2.30690908991391196992e+01 2.30690908991391196992e+01 2.30690908991391196992e+01 2.30690908991391196992e+01 0
2.15590152591782108045e-06 2.30611187157358692446e+01 2.30611187157358692446e+01 2.30611187157358692446e+01 2.30611187157358692446e+01 0
2.36277801260607909979e-06 2.30678662950332586945e+01 2.30678662950332586945e+01 2.30678662950332586945e+01 2.30678662950332586945e+01 0
2.58950600003774601186e-06 2.30636277094849546643e+01 2.30636277094849546643e+01 2.30636277094849546643e+01 2.30636277094849546643e+01 0
2.83799040301524807187e-06 2.30727193277750473044e+01 2.30727193277750473044e+01 2.30727193277750473044e+01 2.30727193277750473044e+01 0
3.11031892858685803934e-06 2.30692508895927730350e+01 2.30692508895927730350e+01 2.30692508895927730350e+01 2.30692508895927730350e+01 0
3.40877961646642297212e-06 2.30768379972255885946e+01 2.30768379972255885946e+01 2.30768379972255885946e+01 2.30768379972255885946e+01 0
3.73588006260062214812e-06 2.30701801929075571707e+01 2.30701801929075571707e+01 2.30701801929075571707e+01 2.30701801929075571707e+01 0
4.09436848739567181305e-06 2.30740008610451354798e+01 2.30740008610451354798e+01 2.30740008610451354798e+01 2.30740008610451354798e+01 0
4.48725682561368615503e-06 2.30650216731574317919e+01 2.30650216731574317919e+01 2.30650216731574317919e+01 2.30650216731574317919e+01 0
4.91784603193453437201e-06 2.30680272755449955469e+01 2.30680272755449955469e+01 2.30680272755449955469e+01 2.30680272755449955469e+01 0
5.38975381479455248936e-06 2.30605830964499745050e+01 2.30605830964499745050e+01 2.30605830964499745050e+01 2.30605830964499745050e+01 0
5.90694503151519647894e-06 2.30666709463510386513e+01 2.30666709463510386513e+01 2.30666709463510386513e+01 2.30666709463510386513e+01 0
6.47376500009436693547e-06 2.30630408321225210955e+01 2.30630408321225210955e+01 2.30630408321225210955e+01 2.30630408321225210955e+01 0
7.09497600753811890912e-06 2.30713212559107425648e+01 2.30713212559107425648e+01 2.30713212559107425648e+01 2.30713212559107425648e+01 0
7.77579732146714636891e-06 2.30685808446236464420e+01 2.30685808446236464420e+01 2.30685808446236464420e+01 2.30685808446236464420e+01 0
8.52194904116605827734e-06 2.30752458656047245711e+01 2.30752458656047245711e+01 2.30752458656047245711e+01 2.30752458656047245711e+01 0
9.33970015650155600557e-06 2.30694569607758985796e+01 2.30694569607758985796e+01 2.30694569607758985796e+01 2.30694569607758985796e+01 0
1.02359212184891812267e-05 2.30721771172215213141e+01 2.30721771172215213141e+01 2.30721771172215213141e+01 2.30721771172215213141e+01 0
1.12181420640342204698e-05 2.30642365056921789801e+01 2.30642365056921789801e+01 2.30642365056921789801e+01 2.30642365056921789801e+01 0
1.22946150798363418592e-05 2.30659185807361062359e+01 2.30659185807361062359e+01 2.30659185807361062359e+01 2.30659185807361062359e+01 0
1.34743845369863799529e-05 2.30595955056316661569e+01 2.30595955056316661569e+01 2.30595955056316661569e+01 2.30595955056316661569e+01 0
1.47673625787879903503e-05 2.30640721190990802825e+01 2.30640721190990802825e+01 2.30640721190990802825e+01 2.30640721190990802825e+01 0
1.61844125002359203033e-05 2.30616674640896164306e+01 2.30616674640896164306e+01 2.30616674640896164306e+01 2.30616674640896164306e+01 0
1.77374400188453006609e-05 2.30679824193395148768e+01 2.30679824193395148768e+01 2.30679824193395148768e+01 2.30679824193395148768e+01 0
1.94394933036678710045e-05 2.30666205079492172558e+01 2.30666205079492172558e+01 2.30666205079492172558e+01 2.30666205079492172558e+01 0
2.13048726029151414582e-05 2.30710868541338527393e+01 2.30710868541338527393e+01 2.30710868541338527393e+01 2.30710868541338527393e+01 0
2.33492503912538900139e-05 2.30668160218704443309e+01 2.30668160218704443309e+01 2.30668160218704443309e+01 2.30668160218704443309e+01 0
2.55898030462229522197e-05 2.30670394069873623266e+01 2.30670394069873623266e+01 2.30670394069873623266e+01 2.30670394069873623266e+01 0
2.80453551600855418571e-05 2.30606721316052123427e+01 2.30606721316052123427e+01 2.30606721316052123427e+01 2.30606721316052123427e+01 0
3.07365376995908377075e-05 2.30593835391441182026e+01 2.30593835391441182026e+01 2.30593835391441182026e+01 2.30593835391441182026e+01 0
3.36859613424659532703e-05 2.30544297656580106093e+01 2.30544297656580106093e+01 2.30544297656580106093e+01 2.30544297656580106093e+01 0
3.69184064469699809580e-05 2.30553398666806081962e+01 2.30553398666806081962e+01 2.30553398666806081962e+01 2.30553398666806081962e+01 0
4.04610312505897939820e-05 2.30539440004982409960e+01 2.30539440004982409960e+01 2.30539440004982409960e+01 2.30539440004982409960e+01 0
4.43436000471132397939e-05 2.30559818445647088936e+01 2.30559818445647088936e+01 2.30559818445647088936e+01 2.30559818445647088936e+01 0
4.85987332591696622646e-05 2.30551224561429393134e+01 2.30551224561429393134e+01 2.30551224561429393134e+01 2.30551224561429393134e+01 0
5.32621815072878638099e-05 2.30549835235597697647e+01 2.30549835235597697647e+01 2.30549835235597697647e+01 2.30549835235597697647e+01 0
5.83731259781347216467e-05 2.30503118364649779437e+01 2.30503118364649779437e+01 2.30503118364649779437e+01 2.30503118364649779437e+01 0
6.39745076155573839374e-05 2.30454261904991071219e+01 2.30454261904991071219e+01 2.30454261904991071219e+01 2.30454261904991071219e+01 0
7.01133879002138461723e-05 2.30369446872320722264e+01 2.30369446872320722264e+01 2.30369446872320722264e+01 2.30369446872320722264e+01 0
7.68413442489771078212e-05 2.30299878245198499371e+01 2.30299878245198499371e+01 2.30299878245198499371e+01 2.30299878245198499371e+01 0
8.42149033561649001164e-05 2.30203265032481922958e+01 2.30203265032481922958e+01 2.30203265032481922958e+01 2.30203265032481922958e+01 0
9.22960161174249523949e-05 2.30147554595725019055e+01 2.30147554595725019055e+01 2.30147554595725019055e+01 2.30147554595725019055e+01 0
1.01152578126474505284e-04 2.30051973414078752000e+01 2.30051973414078752000e+01 2.30051973414078752000e+01 2.30051973414078752000e+01 0
1.10859000117783106261e-04 2.29996804973733688371e+01 2.29996804973733688371e+01 2.29996804973733688371e+01 2.29996804973733688371e+01 0
1.21496833147924203095e-04 2.29875731589171792280e+01 2.29875731589171792280e+01 2.29875731589171792280e+01 2.29875731589171792280e+01 0
1.33155453768219595150e-04 2.29854771003184588096e+01 2.29854771003184588096e+01 2.29854771003184588096e+01 2.29854771003184588096e+01 0
1.45932814945336810893e-04 2.29692837643468585895e+01 2.29692837643468585895e+01 2.29692837643468585895e+01 2.29692837643468585895e+01 0
1.59936269038893493725e-04 2.29772940666702716328e+01 2.29772940666702716328e+01 2.29772940666702716328e+01 2.29772940666702716328e+01 0
1.75283469750534622207e-04 2.29743141865316609085e+01 2.29743141865316609085e+01 2.29743141865316609085e+01 2.29743141865316609085e+01 0
1.92103360622442823763e-04 2.30231880447488421737e+01 2.30231880447488421737e+01 2.30231880447488421737e+01 2.30231880447488421737e+01 0
2.10537258390412209633e-04 2.30622410496823988524e+01 2.30622410496823988524e+01 2.30622410496823988524e+01 2.30622410496823988524e+01 0
2.30740040293562408092e-04 2.32032227923752429888e+01 2.32032227923752429888e+01 2.32032227923752429888e+01 2.32032227923752429888e+01 0
2.52881445316186208999e-04 2.33366026895077531833e+01 2.33366026895077531833e+01 2.33366026895077531833e+01 2.33366026895077531833e+01 0
2.77147500294457819862e-04 2.36399845786160014427e+01 2.36399845786160014427e+01 2.36399845786160014427e+01 2.36399845786160014427e+01 0
3.03742082869810372213e-04 2.39196154576181250206e+01 2.39196154576181250206e+01 2.39196154576181250206e+01 2.39196154576181250206e+01 0
3.32888634420549069191e-04 2.43809686670009817533e+01 2.43809686670009817533e+01 2.43809686670009817533e+01 2.43809686670009817533e+01 0
3.64832037363341959470e-04 2.48491500227984509763e+01 2.48491500227984509763e+01 2.48491500227984509763e+01 2.48491500227984509763e+01 0
3.99840672597233707207e-04 2.54723181004545935480e+01 2.54723181004545935480e+01 2.54723181004545935480e+01 2.54723181004545935480e+01 0
4.38208674376336609728e-04 2.61385119916995094513e+01 2.61385119916995094513e+01 2.61385119916995094513e+01 2.61385119916995094513e+01 0
4.80258401556107005197e-04 2.69060238616614917362e+01 2.69060238616614917362e+01 2.69060238616614917362e+01 2.69060238616614917362e+01 0
5.26343145976030496978e-04 2.76660781577691352595e+01 2.76660781577691352595e+01 2.76660781577691352595e+01 2.76660781577691352595e+01 0
5.76850100733905979573e-04 2.85130436801972351191e+01 2.85130436801972351191e+01 2.85130436801972351191e+01 2.85130436801972351191e+01 0
6.32203613290465522498e-04 2.92814409079833914973e+01 2.92814409079833914973e+01 2.92814409079833914973e+01 2.92814409079833914973e+01 0
6.92868750736144387026e-04 3.00997850253697549761e+01 3.00997850253697549761e+01 3.00997850253697549761e+01 3.00997850253697549761e+01 0
7.59355207174526093163e-04 3.07958788791379944882e+01 3.07958788791379944882e+01 3.07958788791379944882e+01 3.07958788791379944882e+01 0
8.32221586051372971132e-04 3.14575635366418566718e+01 3.14575635366418566718e+01 3.14575635366418566718e+01 3.14575635366418566718e+01 0
9.12080093408355169725e-04 3.19281475227128552774e+01 3.19281475227128552774e+01 3.19281475227128552774e+01 3.19281475227128552774e+01 0
9.99601681493084105387e-04 3.22816359336239599997e+01 3.22816359336239599997e+01 3.22816359336239599997e+01 3.22816359336239599997e+01 0
1.09552168594084092801e-03 3.23723958689213304751e+01 3.23723958689213304751e+01 3.23723958689213304751e+01 3.23723958689213304751e+01 0
1.20064600389026797378e-03 3.23241888461171669178e+01 3.23241888461171669178e+01 3.23241888461171669178e+01 3.23241888461171669178e+01 0
1.31585786494007607982e-03 3.19810316873725746234e+01 3.19810316873725746234e+01 3.19810316873725746234e+01 3.19810316873725746234e+01 0
1.44212525183476511156e-03 3.14577310627521278263e+01 3.14577310627521278263e+01 3.14577310627521278263e+01 3.14577310627521278263e+01 0
1.58050903322616391466e-03 3.06011640418157568888e+01 3.06011640418157568888e+01 3.06011640418157568888e+01 3.06011640418157568888e+01 0
1.73217187684036096756e-03 2.95113764933822366743e+01 2.95113764933822366743e+01 2.95113764933822366743e+01 2.95113764933822366743e+01 0
1.89838801793631517870e-03 2.81673689842511514314e+01 2.81673689842511514314e+01 2.81673689842511514314e+01 2.81673689842511514314e+01 0
2.08055396512843221099e-03 2.66792491753398692822e+01 2.66792491753398692822e+01 2.66792491753398692822e+01 2.66792491753398692822e+01 0
2.28020023352088797852e-03 2.49733773491979498260e+01 2.49733773491979498260e+01 2.49733773491979498260e+01 2.49733773491979498260e+01 0
2.49900420373270993821e-03 2.32217523640814178520e+01 2.32217523640814178520e+01 2.32217523640814178520e+01 2.32217523640814178520e+01 0
2.73880421485210318738e-03 2.13712140565886308252e+01 2.13712140565886308252e+01 2.13712140565886308252e+01 2.13712140565886308252e+01 0
3.00161500972566906709e-03 1.95328556709201670571e+01 1.95328556709201670571e+01 1.95328556709201670571e+01 1.95328556709201670571e+01 0
3.28964466235019117532e-03 1.77272390714089844721e+01 1.77272390714089844721e+01 1.77272390714089844721e+01 1.77272390714089844721e+01 0
3.60531312958691212839e-03 1.59859783740509069361e+01 1.59859783740509069361e+01 1.59859783740509069361e+01 1.59859783740509069361e+01 0
3.95127258306540891930e-03 1.43542433730715348617e+01 1.43542433730715348617e+01 1.43542433730715348617e+01 1.43542433730715348617e+01 0
4.33042969210090198523e-03 1.28825639361322465959e+01 1.28825639361322465959e+01 1.28825639361322465959e+01 1.28825639361322465959e+01 0
4.74597004484078686254e-03 1.15049634373915292684e+01 1.15049634373915292684e+01 1.15049634373915292684e+01 1.15049634373915292684e+01 0
5.20138491282107900959e-03 1.02618828322302917400e+01 1.02618828322302917400e+01 1.02618828322302917400e+01 1.02618828322302917400e+01 0
5.70050058380221821158e-03 9.12722578109438487104e+00 9.12722578109438487104e+00 9.12722578109438487104e+00 9.12722578109438487104e+00 0
6.24751050933177506236e-03 8.09531025589696362488e+00 8.09531025589696362488e+00 8.09531025589696362488e+00 8.09531025589696362488e+00 0
6.84701053713025840214e-03 7.13066372424988337286e+00 7.13066372424988337286e+00 7.13066372424988337286e+00 7.13066372424988337286e+00 0
7.50403752431417180035e-03 6.27468567031277668633e+00 6.27468567031277668633e+00 6.27468567031277668633e+00 6.27468567031277668633e+00 0
8.22411165587547642042e-03 5.45004657279634141531e+00 5.45004657279634141531e+00 5.45004657279634141531e+00 5.45004657279634141531e+00 0
9.01328282396728075465e-03 4.71900582780063171384e+00 4.71900582780063171384e+00 4.71900582780063171384e+00 4.71900582780063171384e+00 0
9.87818145766352143089e-03 4.03479742664744112091e+00 4.03479742664744112091e+00 4.03479742664744112091e+00 4.03479742664744112091e+00 0
1.08260742302522597336e-02 3.39756047882557599138e+00 3.39756047882557599138e+00 3.39756047882557599138e+00 3.39756047882557599138e+00 0
1.18649251121019701921e-02 2.84922389797668973443e+00 2.84922389797668973443e+00 2.84922389797668973443e+00 2.84922389797668973443e+00 0
1.30034622820527009934e-02 2.35749215484663432463e+00 2.35749215484663432463e+00 2.35749215484663432463e+00 2.35749215484663432463e+00 0
1.42512514595055511668e-02 1.93825716454905427888e+00 1.93825716454905427888e+00 1.93825716454905427888e+00 1.93825716454905427888e+00 0
1.56187762733294398243e-02 1.59015519009861461264e+00 1.59015519009861461264e+00 1.59015519009861461264e+00 1.59015519009861461264e+00 0
1.71175263428256507758e-02 1.28312180120429553121e+00 1.28312180120429553121e+00 1.28312180120429553121e+00 1.28312180120429553121e+00 0
1.87600938107854303682e-02 1.05309784058023114817e+00 1.05309784058023114817e+00 1.05309784058023114817e+00 1.05309784058023114817e+00 0
2.05602791396886919184e-02 8.38056708711197861916e-01 8.38056708711197861916e-01 8.38056708711197861916e-01 8.38056708711197861916e-01 0
2.25332070599182018866e-02 6.91540854239703350892e-01 6.91540854239703350892e-01 6.91540854239703350892e-01 6.91540854239703350892e-01 0
2.46954536441588087814e-02 5.47577084831808003074e-01 5.47577084831808003074e-01 5.47577084831808003074e-01 5.47577084831808003074e-01 0
2.70651855756306389256e-02 4.55884692198059049417e-01 4.55884692198059049417e-01 4.55884692198059049417e-01 4.55884692198059049417e-01 0
2.96623127802549194088e-02 3.62896267909876613089e-01 3.62896267909876613089e-01 3.62896267909876613089e-01 3.62896267909876613089e-01 0
3.25086557051317490141e-02 3.02499167445354044670e-01 3.02499167445354044670e-01 3.02499167445354044670e-01 3.02499167445354044670e-01 0
3.56281286487638709781e-02 2.43373349059850696552e-01 2.43373349059850696552e-01 2.43373349059850696552e-01 2.43373349059850696552e-01 0
3.90469406833235874177e-02 2.03528018584920478151e-01 2.03528018584920478151e-01 2.03528018584920478151e-01 2.03528018584920478151e-01 0
4.27938158570641130618e-02 1.66655053312313311542e-01 1.66655053312313311542e-01 1.66655053312313311542e-01 1.66655053312313311542e-01 0
4.69002345269635689817e-02 1.40787108521564785502e-01 1.40787108521564785502e-01 1.40787108521564785502e-01 1.40787108521564785502e-01 0
5.14006978492217297960e-02 1.16622058779040790877e-01 1.16622058779040790877e-01 1.16622058779040790877e-01 1.16622058779040790877e-01 0
5.63330176497955012471e-02 1.00008420423240720898e-01 1.00008420423240720898e-01 1.00008420423240720898e-01 1.00008420423240720898e-01 0
6.17386341103970184840e-02 8.45007506774970995611e-02 8.45007506774970995611e-02 8.45007506774970995611e-02 8.45007506774970995611e-02 0
6.76629639390766007834e-02 7.39694202703423953071e-02 7.39694202703423953071e-02 7.39694202703423953071e-02 7.39694202703423953071e-02 0
7.41557819506373228080e-02 6.41308911340311288418e-02 6.41308911340311288418e-02 6.41308911340311288418e-02 6.41308911340311288418e-02 0
8.12716392628293760048e-02 5.63464061312355796174e-02 5.63464061312355796174e-02 5.63464061312355796174e-02 5.63464061312355796174e-02 0
8.90703216219096705064e-02 4.88031490785380689390e-02 4.88031490785380689390e-02 4.88031490785380689390e-02 4.88031490785380689390e-02 0
9.76173517083089858914e-02 4.24142630094690234466e-02 4.24142630094690234466e-02 4.24142630094690234466e-02 4.24142630094690234466e-02 0
1.06984539642660303471e-01 3.65183207077517321681e-02 3.65183207077517321681e-02 3.65183207077517321681e-02 3.65183207077517321681e-02 0
1.17250586317408908577e-01 3.09687878852814221786e-02 3.09687878852814221786e-02 3.09687878852814221786e-02 3.09687878852814221786e-02 0
1.28501744623054303673e-01 2.59668626228046969806e-02 2.59668626228046969806e-02 2.59668626228046969806e-02 2.59668626228046969806e-02 0
1.40832544124488812098e-01 2.13371942714865731050e-02 2.13371942714865731050e-02 2.13371942714865731050e-02 2.13371942714865731050e-02 0
1.54346585275992514985e-01 1.72138177449832965871e-02 1.72138177449832965871e-02 1.72138177449832965871e-02 1.72138177449832965871e-02 0
1.69157409847691508897e-01 1.36692488647104752608e-02 1.36692488647104752608e-02 1.36692488647104752608e-02 1.36692488647104752608e-02 0
1.85389454876593307020e-01 1.06133670986189344865e-02 1.06133670986189344865e-02 1.06133670986189344865e-02 1.06133670986189344865e-02 0
2.03179098157073412256e-01 8.00856011739291447082e-03 8.00856011739291447082e-03 8.00856011739291447082e-03 8.00856011739291447082e-03 0
2.22675804054774217899e-01 5.95878707811185650417e-03 5.95878707811185650417e-03 5.95878707811185650417e-03 5.95878707811185650417e-03 0
2.44043379270772520240e-01 4.30005726827436228488e-03 4.30005726827436228488e-03 4.30005726827436228488e-03 4.30005726827436228488e-03 0
2.67461349106650703167e-01 3.03471162125776728474e-03 3.03471162125776728474e-03 3.03471162125776728474e-03 3.03471162125776728474e-03 0
2.93126465793522417158e-01 2.10906259987041601670e-03 2.10906259987041601670e-03 2.10906259987041601670e-03 2.10906259987041601670e-03 0
3.21254361557635814695e-01 1.46989196968717959063e-03 1.46989196968717959063e-03 1.46989196968717959063e-03 1.46989196968717959063e-03 0
3.52081360311221891468e-01 1.00265384666001385050e-03 1.00265384666001385050e-03 1.00265384666001385050e-03 1.00265384666001385050e-03 0
3.85866463189981301340e-01 7.08140845863867345392e-04 7.08140845863867345392e-04 7.08140845863867345392e-04 7.08140845863867345392e-04 0
4.22893524619228744488e-01 4.66477480755427844315e-04 4.66477480755427844315e-04 4.66477480755427844315e-04 4.66477480755427844315e-04 0
4.63473637191483156528e-01 3.24794299368997196800e-04 3.24794299368997196800e-04 3.24794299368997196800e-04 3.24794299368997196800e-04 0
5.07947745392683502885e-01 2.11420636896723218578e-04 2.11420636896723218578e-04 2.11420636896723218578e-04 2.11420636896723218578e-04 0
5.56689510136935350459e-01 1.41348121580062521417e-04 1.41348121580062521417e-04 1.41348121580062521417e-04 1.41348121580062521417e-04 0
6.10108448176931106310e-01 8.73471219464197208126e-05 8.73471219464197208126e-05 8.73471219464197208126e-05 8.73471219464197208126e-05 0
6.68653372766626730161e-01 6.05864935658853792991e-05 6.05864935658853792991e-05 6.05864935658853792991e-05 6.05864935658853792991e-05 0
7.32816164483805709828e-01 3.59928626304153586202e-05 3.59928626304153586202e-05 3.59928626304153586202e-05 3.59928626304153586202e-05 0
8.03135903894089508981e-01 2.45295345623500822725e-05 2.45295345623500822725e-05 2.45295345623500822725e-05 2.45295345623500822725e-05 0
8.80203400778054700915e-01 1.42118196530804749729e-05 1.42118196530804749729e-05 1.42118196530804749729e-05 1.42118196530804749729e-05 0
9.64666157974953475396e-01 9.22837813034911362239e-06 9.22837813034911362239e-06 9.22837813034911362239e-06 9.22837813034911362239e-06 0
1.05723381154807194449e+00 5.11971458926877770262e-06 5.11971458926877770262e-06 5.11971458926877770262e-06 5.11971458926877770262e-06 0
1.15868409297870789132e+00 3.21849524924567237583e-06 3.21849524924567237583e-06 3.21849524924567237583e-06 3.21849524924567237583e-06 0
1.26986936348170909028e+00 1.63269903361210585943e-06 1.63269903361210585943e-06 1.63269903361210585943e-06 1.63269903361210585943e-06 0
1.39172377534233904228e+00 9.62914405429071291659e-07 9.62914405429071291659e-07 9.62914405429071291659e-07 9.62914405429071291659e-07 0
1.52527112044232815435e+00 4.73958685276920625039e-07 4.73958685276920625039e-07 4.73958685276920625039e-07 4.73958685276920625039e-07 0
1.67163343191656688091e+00 6.04479033684366367561e-07 6.04479033684366367561e-07 6.04479033684366367561e-07 6.04479033684366367561e-07 0
1.83204041120951499622e+00 4.43913306981588932785e-07 4.43913306981588932785e-07 4.43913306981588932785e-07 4.43913306981588932785e-07 0
2.00783975973522421654e+00 4.76338020275102067050e-07 4.76338020275102067050e-07 4.76338020275102067050e-07 4.76338020275102067050e-07 0
2.20050850194513714086e+00 4.29962007000941948186e-07 4.29962007000941948186e-07 4.29962007000941948186e-07 4.29962007000941948186e-07 0
