-2.643084528870179e+00  1.009380498725160e-07  1.009380498725160e-07  1.009380498725160e-07  1.009380498725160e-07  0
-2.411665394937383e+00  4.731519862238724e-08  4.731519862238724e-08  4.731519862238724e-08  4.731519862238724e-08  0
-2.200508501945136e+00  2.225537093328283e-08  2.225537093328283e-08  2.225537093328283e-08  2.225537093328283e-08  0
-2.007839759735224e+00  1.019041171828205e-08  1.019041171828205e-08  1.019041171828205e-08  1.019041171828205e-08  0
-1.832040411209514e+00  4.461187013784784e-09  4.461187013784784e-09  4.461187013784784e-09  4.461187013784784e-09  0
-1.671633431916567e+00  9.859757668710127e-06  9.859757668710127e-06  9.859757668710127e-06  9.859757668710127e-06  0
-1.525271120442328e+00  3.919889762749874e-06  3.919889762749874e-06  3.919889762749874e-06  3.919889762749874e-06  0
-1.391723775342339e+00  1.570138435644909e-06  1.570138435644909e-06  1.570138435644909e-06  1.570138435644909e-06  0
-1.269869363481709e+00  6.357343636966137e-07  6.357343636966137e-07  6.357343636966137e-07  6.357343636966137e-07  0
-1.158684092978708e+00  2.604525950581344e-07  2.604525950581344e-07  2.604525950581344e-07  2.604525950581344e-07  0
-1.057233811548072e+00  9.315301034559671e-04  9.315301034559671e-04  9.315301034559671e-04  9.315301034559671e-04  0
-9.646661579749534e-01  3.685248789109234e-04  3.685248789109234e-04  3.685248789109234e-04  3.685248789109234e-04  0
-8.802034007780546e-01  1.430675962685916e-04  1.430675962685916e-04  1.430675962685916e-04  1.430675962685916e-04  0
-8.031359038940895e-01  5.538060753855291e-05  5.538060753855291e-05  5.538060753855291e-05  5.538060753855291e-05  0
-7.328161644838057e-01  2.161086599881189e-05  2.161086599881189e-05  2.161086599881189e-05  2.161086599881189e-05  0
-6.686533727666270e-01  5.037090082573999e-02  5.037090082573999e-02  5.037090082573999e-02  5.037090082573999e-02  0
-6.101084481769313e-01  2.522341525266208e-02  2.522341525266208e-02  2.522341525266208e-02  2.522341525266208e-02  0
-5.566895101369356e-01  1.194466065425637e-02  1.194466065425637e-02  1.194466065425637e-02  1.194466065425637e-02  0
-5.079477453926837e-01  5.357107466028885e-03  5.357107466028885e-03  5.357107466028885e-03  5.357107466028885e-03  0
-4.634736371914833e-01  2.282131610118351e-03  2.282131610118351e-03  2.282131610118351e-03  2.282131610118351e-03  0
-4.228935246192289e-01  6.756806389693848e-01  6.756806389693848e-01  6.756806389693848e-01  6.756806389693848e-01  0
-3.858664631899815e-01  4.524119283979599e-01  4.524119283979599e-01  4.524119283979599e-01  4.524119283979599e-01  0
-3.520813603112219e-01  2.850036694483041e-01  2.850036694483041e-01  2.850036694483041e-01  2.850036694483041e-01  0
-3.212543615576359e-01  1.691327798844253e-01  1.691327798844253e-01  1.691327798844253e-01  1.691327798844253e-01  0
-2.931264657935224e-01  9.467032539678641e-02  9.467032539678641e-02  9.467032539678641e-02  9.467032539678641e-02  0
-2.674613491066508e-01  1.928086876918257e+00  1.928086876918257e+00  1.928086876918257e+00  1.928086876918257e+00  0
-2.440433792707725e-01  1.785684044157067e+00  1.785684044157067e+00  1.785684044157067e+00  1.785684044157067e+00  0
-2.226758040547742e-01  1.545706532499443e+00  1.545706532499443e+00  1.545706532499443e+00  1.545706532499443e+00  0
-2.031790981570735e-01  1.251821440408355e+00  1.251821440408355e+00  1.251821440408355e+00  1.251821440408355e+00  0
-1.853894548765933e-01  9.497198172642550e-01  9.497198172642550e-01  9.497198172642550e-01  9.497198172642550e-01  0
-1.691574098476915e-01  1.010609495357784e+00  1.010609495357784e+00  1.010609495357784e+00  1.010609495357784e+00  0
-1.543465852759926e-01  1.306822505611023e+00  1.306822505611023e+00  1.306822505611023e+00  1.306822505611023e+00  0
-1.408325441244888e-01  1.584660498252821e+00  1.584660498252821e+00  1.584660498252821e+00  1.584660498252821e+00  0
-1.285017446230543e-01  1.796061079969468e+00  1.796061079969468e+00  1.796061079969468e+00  1.796061079969468e+00  0
-1.172505863174089e-01  1.899412625043998e+00  1.899412625043998e+00  1.899412625043998e+00  1.899412625043998e+00  0
-1.069845396426603e-01  8.295665815954421e-02  8.295665815954421e-02  8.295665815954421e-02  8.295665815954421e-02  0
-9.761735170830900e-02  9.792585364634661e-02  9.792585364634661e-02  9.792585364634661e-02  9.792585364634661e-02  0
-8.907032162190968e-02  1.127102056010235e-01  1.127102056010235e-01  1.127102056010235e-01  1.127102056010235e-01  0
-8.127163926282939e-02  1.249589366615218e-01  1.249589366615218e-01  1.249589366615218e-01  1.249589366615218e-01  0
-7.415578195063731e-02  1.325828888709118e-01  1.325828888709118e-01  1.325828888709118e-01  1.325828888709118e-01  0
-6.766296393907660e-02  6.492846973159025e-02  6.492846973159025e-02  6.492846973159025e-02  6.492846973159025e-02  0
-6.173863411039702e-02  5.727997779087673e-02  5.727997779087673e-02  5.727997779087673e-02  5.727997779087673e-02  0
-5.633301764979550e-02  5.442701847954525e-02  5.442701847954525e-02  5.442701847954525e-02  5.442701847954525e-02  0
-5.140069784922174e-02  5.513360217354362e-02  5.513360217354362e-02  5.513360217354362e-02  5.513360217354362e-02  0
-4.690023452696358e-02  5.822589297896160e-02  5.822589297896160e-02  5.822589297896160e-02  5.822589297896160e-02  0
-4.279381585706412e-02  2.059628870603692e-01  2.059628870603692e-01  2.059628870603692e-01  2.059628870603692e-01  0
-3.904694068332360e-02  1.606623181446150e-01  1.606623181446150e-01  1.606623181446150e-01  1.606623181446150e-01  0
-3.562812864876387e-02  1.242050294934705e-01  1.242050294934705e-01  1.242050294934705e-01  1.242050294934705e-01  0
-3.250865570513176e-02  9.599604810003041e-02  9.599604810003041e-02  9.599604810003041e-02  9.599604810003041e-02  0
-2.966231278025492e-02  7.470486492105698e-02  7.470486492105698e-02  7.470486492105698e-02  7.470486492105698e-02  0
-2.706518557563065e-02  5.347905175040387e-01  5.347905175040387e-01  5.347905175040387e-01  5.347905175040387e-01  0
-2.469545364415881e-02  4.587223678663991e-01  4.587223678663991e-01  4.587223678663991e-01  4.587223678663991e-01  0
-2.253320705991821e-02  3.888544972158723e-01  3.888544972158723e-01  3.888544972158723e-01  3.888544972158723e-01  0
-2.056027913968870e-02  3.238208099807813e-01  3.238208099807813e-01  3.238208099807813e-01  3.238208099807813e-01  0
-1.876009381078543e-02  2.632710148382893e-01  2.632710148382893e-01  2.632710148382893e-01  2.632710148382893e-01  0
-1.711752634282565e-02  8.468082307160094e-01  8.468082307160094e-01  8.468082307160094e-01  8.468082307160094e-01  0
-1.561877627332944e-02  8.151485719078103e-01  8.151485719078103e-01  8.151485719078103e-01  8.151485719078103e-01  0
-1.425125145950555e-02  7.596477822775545e-01  7.596477822775545e-01  7.596477822775545e-01  7.596477822775545e-01  0
-1.300346228205270e-02  6.882703699534912e-01  6.882703699534912e-01  6.882703699534912e-01  6.882703699534912e-01  0
-1.186492511210197e-02  6.100322346158676e-01  6.100322346158676e-01  6.100322346158676e-01  6.100322346158676e-01  0
-1.082607423025226e-02  7.846858391108542e-01  7.846858391108542e-01  7.846858391108542e-01  7.846858391108542e-01  0
-9.878181457663525e-03  7.911648519817200e-01  7.911648519817200e-01  7.911648519817200e-01  7.911648519817200e-01  0
-9.013282823967282e-03  8.136573972512862e-01  8.136573972512862e-01  8.136573972512862e-01  8.136573972512862e-01  0
-8.224111655875478e-03  8.412212480999148e-01  8.412212480999148e-01  8.412212480999148e-01  8.412212480999148e-01  0
-7.504037524314174e-03  8.578204679087319e-01  8.578204679087319e-01  8.578204679087319e-01  8.578204679087319e-01  0
-6.847010537130258e-03  7.282211303071146e-01  7.282211303071146e-01  7.282211303071146e-01  7.282211303071146e-01  0
-6.247510509331775e-03  7.720698005513204e-01  7.720698005513204e-01  7.720698005513204e-01  7.720698005513204e-01  0
-5.700500583802218e-03  7.926219047565564e-01  7.926219047565564e-01  7.926219047565564e-01  7.926219047565564e-01  0
-5.201384912821080e-03  7.916445782571516e-01  7.916445782571516e-01  7.916445782571516e-01  7.916445782571516e-01  0
-4.745970044840788e-03  7.806307997361255e-01  7.806307997361255e-01  7.806307997361255e-01  7.806307997361255e-01  0
-4.330429692100904e-03  6.266430916905756e-01  6.266430916905756e-01  6.266430916905756e-01  6.266430916905756e-01  0
-3.951272583065411e-03  5.942081086398010e-01  5.942081086398010e-01  5.942081086398010e-01  5.942081086398010e-01  0
-3.605313129586913e-03  5.908778776485402e-01  5.908778776485402e-01  5.908778776485402e-01  5.908778776485402e-01  0
-3.289644662350192e-03  6.187910151357200e-01  6.187910151357200e-01  6.187910151357200e-01  6.187910151357200e-01  0
-3.001615009725670e-03  6.657787346812449e-01  6.657787346812449e-01  6.657787346812449e-01  6.657787346812449e-01  0
-2.738804214852102e-03  6.365638483016013e-01  6.365638483016013e-01  6.365638483016013e-01  6.365638483016013e-01  0
-2.499004203732709e-03  6.857278499134751e-01  6.857278499134751e-01  6.857278499134751e-01  6.857278499134751e-01  0
-2.280200233520886e-03  7.087016659065424e-01  7.087016659065424e-01  7.087016659065424e-01  7.087016659065424e-01  0
-2.080553965128431e-03  6.984086055999098e-01  6.984086055999098e-01  6.984086055999098e-01  6.984086055999098e-01  0
-1.898388017936314e-03  6.620612167863946e-01  6.620612167863946e-01  6.620612167863946e-01  6.620612167863946e-01  0
-1.732171876840360e-03  6.114473149552931e-01  6.114473149552931e-01  6.114473149552931e-01  6.114473149552931e-01  0
-1.580509033226163e-03  5.590747210120838e-01  5.590747210120838e-01  5.590747210120838e-01  5.590747210120838e-01  0
-1.442125251834764e-03  5.332861574986328e-01  5.332861574986328e-01  5.332861574986328e-01  5.332861574986328e-01  0
-1.315857864940076e-03  5.435248558978613e-01  5.435248558978613e-01  5.435248558978613e-01  5.435248558978613e-01  0
-1.200646003890267e-03  5.843558323853009e-01  5.843558323853009e-01  5.843558323853009e-01  5.843558323853009e-01  0
-1.095521685940841e-03  6.202712165094865e-01  6.202712165094865e-01  6.202712165094865e-01  6.202712165094865e-01  0
-9.996016814930835e-04  6.762759582582718e-01  6.762759582582718e-01  6.762759582582718e-01  6.762759582582718e-01  0
-9.120800934083544e-04  7.069230858869897e-01  7.069230858869897e-01  7.069230858869897e-01  7.069230858869897e-01  0
-8.322215860513723e-04  7.005935630903850e-01  7.005935630903850e-01  7.005935630903850e-01  7.005935630903850e-01  0
-7.593552071745256e-04  6.605279551210629e-01  6.605279551210629e-01  6.605279551210629e-01  6.605279551210629e-01  0
-6.928687507361440e-04  6.179477182794773e-01  6.179477182794773e-01  6.179477182794773e-01  6.179477182794773e-01  0
-6.322036132904651e-04  5.589041735530930e-01  5.589041735530930e-01  5.589041735530930e-01  5.589041735530930e-01  0
-5.768501007339055e-04  5.249140642446697e-01  5.249140642446697e-01  5.249140642446697e-01  5.249140642446697e-01  0
-5.263431459760303e-04  5.284017666880009e-01  5.284017666880009e-01  5.284017666880009e-01  5.284017666880009e-01  0
-4.802584015561067e-04  5.668298908908608e-01  5.668298908908608e-01  5.668298908908608e-01  5.668298908908608e-01  0
-4.382086743763362e-04  6.175942047934233e-01  6.175942047934233e-01  6.175942047934233e-01  6.175942047934233e-01  0
-3.998406725972333e-04  6.776558436043006e-01  6.776558436043006e-01  6.776558436043006e-01  6.776558436043006e-01  0
-3.648320373633417e-04  7.130903895616058e-01  7.130903895616058e-01  7.130903895616058e-01  7.130903895616058e-01  0
-3.328886344205489e-04  7.102492570831849e-01  7.102492570831849e-01  7.102492570831849e-01  7.102492570831849e-01  0
-3.037420828698102e-04  6.705163904676134e-01  6.705163904676134e-01  6.705163904676134e-01  6.705163904676134e-01  0
-2.771475002944575e-04  6.231093888097122e-01  6.231093888097122e-01  6.231093888097122e-01  6.231093888097122e-01  0
-2.528814453161860e-04  5.614381656336521e-01  5.614381656336521e-01  5.614381656336521e-01  5.614381656336521e-01  0
-2.307400402935622e-04  5.241217171719178e-01  5.241217171719178e-01  5.241217171719178e-01  5.241217171719178e-01  0
-2.105372583904121e-04  5.249389573854725e-01  5.249389573854725e-01  5.249389573854725e-01  5.249389573854725e-01  0
-1.921033606224427e-04  5.626769166154505e-01  5.626769166154505e-01  5.626769166154505e-01  5.626769166154505e-01  0
-1.752834697505345e-04  6.170714775514062e-01  6.170714775514062e-01  6.170714775514062e-01  6.170714775514062e-01  0
-1.599362690388933e-04  6.791625029561159e-01  6.791625029561159e-01  6.791625029561159e-01  6.791625029561159e-01  0
-1.459328149453367e-04  7.170525360849564e-01  7.170525360849564e-01  7.170525360849564e-01  7.170525360849564e-01  0
-1.331554537682195e-04  7.161796365005773e-01  7.161796365005773e-01  7.161796365005773e-01  7.161796365005773e-01  0
-1.214968331479241e-04  6.770866421176127e-01  6.770866421176127e-01  6.770866421176127e-01  6.770866421176127e-01  0
-1.108590001177830e-04  6.257521231056052e-01  6.257521231056052e-01  6.257521231056052e-01  6.257521231056052e-01  0
-1.011525781264744e-04  5.629550361524521e-01  5.629550361524521e-01  5.629550361524521e-01  5.629550361524521e-01  0
-9.229601611742488e-05  5.241867830685766e-01  5.241867830685766e-01  5.241867830685766e-01  5.241867830685766e-01  0
-8.421490335616483e-05  5.238457459663761e-01  5.238457459663761e-01  5.238457459663761e-01  5.238457459663761e-01  0
-7.684134424897707e-05  5.613325240238293e-01  5.613325240238293e-01  5.613325240238293e-01  5.613325240238293e-01  0
-7.011338790021381e-05  6.168797630456732e-01  6.168797630456732e-01  6.168797630456732e-01  6.168797630456732e-01  0
-6.397450761555734e-05  6.799051163671759e-01  6.799051163671759e-01  6.799051163671759e-01  6.799051163671759e-01  0
-5.837312597813469e-05  7.189440503846521e-01  7.189440503846521e-01  7.189440503846521e-01  7.189440503846521e-01  0
-5.326218150728783e-05  7.190201397356621e-01  7.190201397356621e-01  7.190201397356621e-01  7.190201397356621e-01  0
-4.859873325916964e-05  6.802873428321459e-01  6.802873428321459e-01  6.802873428321459e-01  6.802873428321459e-01  0
-4.434360004711321e-05  6.269650990725442e-01  6.269650990725442e-01  6.269650990725442e-01  6.269650990725442e-01  0
-4.046103125058977e-05  5.636710016111478e-01  5.636710016111478e-01  5.636710016111478e-01  5.636710016111478e-01  0
-3.691840644696995e-05  5.242532155659136e-01  5.242532155659136e-01  5.242532155659136e-01  5.242532155659136e-01  0
-3.368596134246593e-05  5.233893583825379e-01  5.233893583825379e-01  5.233893583825379e-01  5.233893583825379e-01  0
-3.073653769959083e-05  5.607604981961254e-01  5.607604981961254e-01  5.607604981961254e-01  5.607604981961254e-01  0
-2.804535516008552e-05  6.167822038593462e-01  6.167822038593462e-01  6.167822038593462e-01  6.167822038593462e-01  0
-2.558980304622294e-05  6.802236871281530e-01  6.802236871281530e-01  6.802236871281530e-01  6.802236871281530e-01  0
-2.334925039125387e-05  7.197811295771871e-01  7.197811295771871e-01  7.197811295771871e-01  7.197811295771871e-01  0
-2.130487260291513e-05  7.202925274183225e-01  7.202925274183225e-01  7.202925274183225e-01  7.202925274183225e-01  0
-1.943949330366785e-05  6.817348902782485e-01  6.817348902782485e-01  6.817348902782485e-01  6.817348902782485e-01  0
-1.773744001884528e-05  6.275045631353584e-01  6.275045631353584e-01  6.275045631353584e-01  6.275045631353584e-01  0
-1.618441250023591e-05  5.639899595976843e-01  5.639899595976843e-01  5.639899595976843e-01  5.639899595976843e-01  0
-1.476736257878798e-05  5.242815634279856e-01  5.242815634279856e-01  5.242815634279856e-01  5.242815634279856e-01  0
-1.347438453698637e-05  5.231812177114994e-01  5.231812177114994e-01  5.231812177114994e-01  5.231812177114994e-01  0
-1.229461507983633e-05  5.604961113801361e-01  5.604961113801361e-01  5.604961113801361e-01  5.604961113801361e-01  0
-1.121814206403421e-05  6.167353308125122e-01  6.167353308125122e-01  6.167353308125122e-01  6.167353308125122e-01  0
-1.023592121848917e-05  6.803595049935569e-01  6.803595049935569e-01  6.803595049935569e-01  6.803595049935569e-01  0
-9.339700156501548e-06  7.201467304302908e-01  7.201467304302908e-01  7.201467304302908e-01  7.201467304302908e-01  0
-8.521949041166052e-06  7.208527945110936e-01  7.208527945110936e-01  7.208527945110936e-01  7.208527945110936e-01  0
-7.775797321467140e-06  6.823754216954921e-01  6.823754216954921e-01  6.823754216954921e-01  6.823754216954921e-01  0
-7.094976007538114e-06  6.277456441934307e-01  6.277456441934307e-01  6.277456441934307e-01  6.277456441934307e-01  0
-6.473765000094363e-06  5.641331637558875e-01  5.641331637558875e-01  5.641331637558875e-01  5.641331637558875e-01  0
-5.906945031515193e-06  5.242954106910146e-01  5.242954106910146e-01  5.242954106910146e-01  5.242954106910146e-01  0
-5.389753814794549e-06  5.230890198010648e-01  5.230890198010648e-01  5.230890198010648e-01  5.230890198010648e-01  0
-4.917846031934533e-06  5.603771386128746e-01  5.603771386128746e-01  5.603771386128746e-01  5.603771386128746e-01  0
-4.487256825613684e-06  6.167185286482545e-01  6.167185286482545e-01  6.167185286482545e-01  6.167185286482545e-01  0
-4.094368487395670e-06  6.804226551810076e-01  6.804226551810076e-01  6.804226551810076e-01  6.804226551810076e-01  0
-3.735880062600620e-06  7.203108310889993e-01  7.203108310889993e-01  7.203108310889993e-01  7.203108310889993e-01  0
-3.408779616466421e-06  7.211026450110161e-01  7.211026450110161e-01  7.211026450110161e-01  7.211026450110161e-01  0
-3.110318928586857e-06  6.826607326109467e-01  6.826607326109467e-01  6.826607326109467e-01  6.826607326109467e-01  0
-2.837990403015245e-06  6.278578039408474e-01  6.278578039408474e-01  6.278578039408474e-01  6.278578039408474e-01  0
-2.589506000037745e-06  5.642016316612257e-01  5.642016316612257e-01  5.642016316612257e-01  5.642016316612257e-01  0
-2.362778012606077e-06  5.243064535661500e-01  5.243064535661500e-01  5.243064535661500e-01  5.243064535661500e-01  0
-2.155901525917819e-06  5.230529934660487e-01  5.230529934660487e-01  5.230529934660487e-01  5.230529934660487e-01  0
-1.967138412773813e-06  5.603289676532985e-01  5.603289676532985e-01  5.603289676532985e-01  5.603289676532985e-01  0
-1.794902730245473e-06  6.167183824624562e-01  6.167183824624562e-01  6.167183824624562e-01  6.167183824624562e-01  0
-1.637747394958268e-06  6.804578135828336e-01  6.804578135828336e-01  6.804578135828336e-01  6.804578135828336e-01  0
-1.494352025040248e-06  7.203903136459033e-01  7.203903136459033e-01  7.203903136459033e-01  7.203903136459033e-01  0
-1.363511846586568e-06  7.212195236675782e-01  7.212195236675782e-01  7.212195236675782e-01  7.212195236675782e-01  0
-1.244127571434742e-06  6.827927005165961e-01  6.827927005165961e-01  6.827927005165961e-01  6.827927005165961e-01  0
-1.135196161206098e-06  6.279149137182514e-01  6.279149137182514e-01  6.279149137182514e-01  6.279149137182514e-01  0
-1.035802400015098e-06  5.642388278470261e-01  5.642388278470261e-01  5.642388278470261e-01  5.642388278470261e-01  0
-9.451112050424309e-07  5.243180174788595e-01  5.243180174788595e-01  5.243180174788595e-01  5.243180174788595e-01  0
-8.623606103671279e-07  5.230438518264492e-01  5.230438518264492e-01  5.230438518264492e-01  5.230438518264492e-01  0
-7.868553651095252e-07  5.603147437331109e-01  5.603147437331109e-01  5.603147437331109e-01  5.603147437331109e-01  0
-7.179610920981894e-07  6.167268542512259e-01  6.167268542512259e-01  6.167268542512259e-01  6.167268542512259e-01  0
-6.550989579833072e-07  6.804823422464330e-01  6.804823422464330e-01  6.804823422464330e-01  6.804823422464330e-01  0
-5.977408100160992e-07  7.204345233025439e-01  7.204345233025439e-01  7.204345233025439e-01  7.204345233025439e-01  0
-5.454047386346274e-07  7.212799262037812e-01  7.212799262037812e-01  7.212799262037812e-01  7.212799262037812e-01  0
-4.976510285738970e-07  6.828591193369202e-01  6.828591193369202e-01  6.828591193369202e-01  6.828591193369202e-01  0
-4.540784644824392e-07  6.279486692794092e-01  6.279486692794092e-01  6.279486692794092e-01  6.279486692794092e-01  0
-4.143209600060391e-07  5.642630307198135e-01  5.642630307198135e-01  5.642630307198135e-01  5.642630307198135e-01  0
-3.780444820169723e-07  5.243305188302826e-01  5.243305188302826e-01  5.243305188302826e-01  5.243305188302826e-01  0
-3.449442441468511e-07  5.230473074925176e-01  5.230473074925176e-01  5.230473074925176e-01  5.230473074925176e-01  0
-3.147421460438101e-07  5.603164339978474e-01  5.603164339978474e-01  5.603164339978474e-01  5.603164339978474e-01  0
-2.871844368392758e-07  6.167395701514747e-01  6.167395701514747e-01  6.167395701514747e-01  6.167395701514747e-01  0
-2.620395831933229e-07  6.805028657499981e-01  6.805028657499981e-01  6.805028657499981e-01  6.805028657499981e-01  0
-2.390963240064397e-07  7.204640814928549e-01  7.204640814928549e-01  7.204640814928549e-01  7.204640814928549e-01  0
-2.181618954538510e-07  7.213164612930998e-01  7.213164612930998e-01  7.213164612930998e-01  7.213164612930998e-01  0
-1.990604114295588e-07  6.828976821940238e-01  6.828976821940238e-01  6.828976821940238e-01  6.828976821940238e-01  0
-1.816313857929757e-07  6.279725592676605e-01  6.279725592676605e-01  6.279725592676605e-01  6.279725592676605e-01  0
-1.657283840024157e-07  5.642818534305555e-01  5.642818534305555e-01  5.642818534305555e-01  5.642818534305555e-01  0
-1.512177928067889e-07  5.243436982895936e-01  5.243436982895936e-01  5.243436982895936e-01  5.243436982895936e-01  0
-1.379776976587405e-07  5.230565510906837e-01  5.230565510906837e-01  5.230565510906837e-01  5.230565510906837e-01  0
-1.258968584175240e-07  5.603254361585492e-01  5.603254361585492e-01  5.603254361585492e-01  5.603254361585492e-01  0
-1.148737747357103e-07  6.167543044734298e-01  6.167543044734298e-01  6.167543044734298e-01  6.167543044734298e-01  0
-1.048158332773291e-07  6.805218887288913e-01  6.805218887288913e-01  6.805218887288913e-01  6.805218887288913e-01  0
-9.563852960257586e-08  7.204875664325501e-01  7.204875664325501e-01  7.204875664325501e-01  7.204875664325501e-01  0
-8.726475818154038e-08  7.213429447055681e-01  7.213429447055681e-01  7.213429447055681e-01  7.213429447055681e-01  0
-7.962416457182352e-08  6.829244561789194e-01  6.829244561789194e-01  6.829244561789194e-01  6.829244561789194e-01  0
-7.265255431719029e-08  6.279922952163788e-01  6.279922952163788e-01  6.279922952163788e-01  6.279922952163788e-01  0
-6.629135360096627e-08  5.642984528499869e-01  5.642984528499869e-01  5.642984528499869e-01  5.642984528499869e-01  0
-6.048711712271557e-08  5.243572721445958e-01  5.243572721445958e-01  5.243572721445958e-01  5.243572721445958e-01  0
-5.519107906349619e-08  5.230684112378380e-01  5.230684112378380e-01  5.230684112378380e-01  5.230684112378380e-01  0
-5.035874336700961e-08  5.603377432387807e-01  5.603377432387807e-01  5.603377432387807e-01  5.603377432387807e-01  0
-4.594950989428412e-08  6.167699748570600e-01  6.167699748570600e-01  6.167699748570600e-01  6.167699748570600e-01  0
-4.192633331093166e-08  6.805403526180046e-01  6.805403526180046e-01  6.805403526180046e-01  6.805403526180046e-01  0
-3.825541184103035e-08  7.205085377393884e-01  7.205085377393884e-01  7.205085377393884e-01  7.205085377393884e-01  0
-3.490590327261615e-08  7.213652066086429e-01  7.213652066086429e-01  7.213652066086429e-01  7.213652066086429e-01  0
-3.184966582872941e-08  6.829462573830587e-01  6.829462573830587e-01  6.829462573830587e-01  6.829462573830587e-01  0
-2.906102172687611e-08  6.280102868320332e-01  6.280102868320332e-01  6.280102868320332e-01  6.280102868320332e-01  0
-2.651654144038651e-08  5.643141348644352e-01  5.643141348644352e-01  5.643141348644352e-01  5.643141348644352e-01  0
-2.419484684908623e-08  5.243710533695585e-01  5.243710533695585e-01  5.243710533695585e-01  5.243710533695585e-01  0
-2.207643162539847e-08  5.230814388186503e-01  5.230814388186503e-01  5.230814388186503e-01  5.230814388186503e-01  0
-2.014349734680384e-08  5.603515245240113e-01  5.603515245240113e-01  5.603515245240113e-01  5.603515245240113e-01  0
-1.837980395771364e-08  6.167860713068567e-01  6.167860713068567e-01  6.167860713068567e-01  6.167860713068567e-01  0
-1.677053332437266e-08  6.805586094044918e-01  6.805586094044918e-01  6.805586094044918e-01  6.805586094044918e-01  0
-1.530216473641213e-08  7.205284698896283e-01  7.205284698896283e-01  7.205284698896283e-01  7.205284698896283e-01  0
-1.396236130904646e-08  7.213856995995233e-01  7.213856995995233e-01  7.213856995995233e-01  7.213856995995233e-01  0
-1.273986633149176e-08  6.829659667062331e-01  6.829659667062331e-01  6.829659667062331e-01  6.829659667062331e-01  0
-1.162440869075045e-08  6.280275479106070e-01  6.280275479106070e-01  6.280275479106070e-01  6.280275479106070e-01  0
-1.060661657615460e-08  5.643294387698787e-01  5.643294387698787e-01  5.643294387698787e-01  5.643294387698787e-01  0
-9.677938739634492e-09  5.243849372035496e-01  5.243849372035496e-01  5.243849372035496e-01  5.243849372035496e-01  0
-8.830572650159389e-09  5.230949811780251e-01  5.230949811780251e-01  5.230949811780251e-01  5.230949811780251e-01  0
-8.057398938721539e-09  5.603659554959421e-01  5.603659554959421e-01  5.603659554959421e-01  5.603659554959421e-01  0
-7.351921583085459e-09  6.168023592344410e-01  6.168023592344410e-01  6.168023592344410e-01  6.168023592344410e-01  0
-6.708213329749065e-09  6.805767903919087e-01  6.805767903919087e-01  6.805767903919087e-01  6.805767903919087e-01  0
-6.120865894564855e-09  7.205479743750036e-01  7.205479743750036e-01  7.205479743750036e-01  7.205479743750036e-01  0
-5.584944523618584e-09  7.214054575944165e-01  7.214054575944165e-01  7.214054575944165e-01  7.214054575944165e-01  0
-5.095946532596706e-09  6.829848100144273e-01  6.829848100144273e-01  6.829848100144273e-01  6.829848100144273e-01  0
-4.649763476300179e-09  6.280445047360540e-01  6.280445047360540e-01  6.280445047360540e-01  6.280445047360540e-01  0
-4.242646630461842e-09  5.643445866863998e-01  5.643445866863998e-01  5.643445866863998e-01  5.643445866863998e-01  0
-3.871175495853797e-09  5.243988678513175e-01  5.243988678513175e-01  5.243988678513175e-01  5.243988678513175e-01  0
-3.532229060063756e-09  5.231087443098342e-01  5.231087443098342e-01  5.231087443098342e-01  5.231087443098342e-01  0
-3.222959575488616e-09  5.603806637364681e-01  5.603806637364681e-01  5.603806637364681e-01  5.603806637364681e-01  0
-2.940768633234184e-09  6.168187513614770e-01  6.168187513614770e-01  6.168187513614770e-01  6.168187513614770e-01  0
-2.683285331899626e-09  6.805949919569033e-01  6.805949919569033e-01  6.805949919569033e-01  6.805949919569033e-01  0
-2.448346357825942e-09  7.205674233632843e-01  7.205674233632843e-01  7.205674233632843e-01  7.205674233632843e-01  0
-2.233977809447434e-09  7.214251888736133e-01  7.214251888736133e-01  7.214251888736133e-01  7.214251888736133e-01  0
-2.038378613038682e-09  6.830038821728041e-01  6.830038821728041e-01  6.830038821728041e-01  6.830038821728041e-01  0
-1.859905390520071e-09  6.280613411140575e-01  6.280613411140575e-01  6.280613411140575e-01  6.280613411140575e-01  0
-1.697058652184737e-09  5.643596668370563e-01  5.643596668370563e-01  5.643596668370563e-01  5.643596668370563e-01  0
-1.548470198341519e-09  5.244128035806476e-01  5.244128035806476e-01  5.244128035806476e-01  5.244128035806476e-01  0
-1.412891624025502e-09  5.231225708742090e-01  5.231225708742090e-01  5.231225708742090e-01  5.231225708742090e-01  0
-1.289183830195446e-09  5.603954429816578e-01  5.603954429816578e-01  5.603954429816578e-01  5.603954429816578e-01  0
-1.176307453293673e-09  6.168360068998998e-01  6.168360068998998e-01  6.168360068998998e-01  6.168360068998998e-01  0
-1.073314132759850e-09  6.806153391385560e-01  6.806153391385560e-01  6.806153391385560e-01  6.806153391385560e-01  0
-9.793385431303769e-10  7.205920373848771e-01  7.205920373848771e-01  7.205920373848771e-01  7.205920373848771e-01  0
-8.935911237789734e-10  7.214565306282310e-01  7.214565306282310e-01  7.214565306282310e-01  7.214565306282310e-01  0
-8.153514452154729e-10  6.830470345153676e-01  6.830470345153676e-01  6.830470345153676e-01  6.830470345153676e-01  0
-7.439621562080285e-10  6.280781092084933e-01  6.280781092084933e-01  6.280781092084933e-01  6.280781092084933e-01  0
-6.788234608738945e-10  5.643745903099642e-01  5.643745903099642e-01  5.643745903099642e-01  5.643745903099642e-01  0
-6.193880793366075e-10  5.244264633936523e-01  5.244264633936523e-01  5.244264633936523e-01  5.244264633936523e-01  0
-5.651566496102009e-10  5.231359615916117e-01  5.231359615916117e-01  5.231359615916117e-01  5.231359615916117e-01  0
-5.156735320781784e-10  5.604095854898093e-01  5.604095854898093e-01  5.604095854898093e-01  5.604095854898093e-01  0
-4.705229813174694e-10  6.168962755440279e-01  6.168962755440279e-01  6.168962755440279e-01  6.168962755440279e-01  0
-4.293256531039402e-10  6.807491015352017e-01  6.807491015352017e-01  6.807491015352017e-01  6.807491015352017e-01  0
-3.917354172521507e-10  7.208908837321569e-01  7.208908837321569e-01  7.208908837321569e-01  7.208908837321569e-01  0
-3.574364495115894e-10  7.220990399080151e-01  7.220990399080151e-01  7.220990399080151e-01  7.220990399080151e-01  0
-3.261405780861892e-10  6.843468469307118e-01  6.843468469307118e-01  6.843468469307118e-01  6.843468469307118e-01  0
3.261405780861892e-10  6.843467353634134e-01  6.843467353634134e-01  6.843467353634134e-01  6.843467353634134e-01  0
3.574364495115894e-10  7.220989898354203e-01  7.220989898354203e-01  7.220989898354203e-01  7.220989898354203e-01  0
3.917354172521507e-10  7.208909130701578e-01  7.208909130701578e-01  7.208909130701578e-01  7.208909130701578e-01  0
4.293256531039402e-10  6.807491954587646e-01  6.807491954587646e-01  6.807491954587646e-01  6.807491954587646e-01  0
4.705229813174694e-10  6.168963922046492e-01  6.168963922046492e-01  6.168963922046492e-01  6.168963922046492e-01  0
5.156735320781784e-10  5.604097172171126e-01  5.604097172171126e-01  5.604097172171126e-01  5.604097172171126e-01  0
5.651566496102009e-10  5.231360510852550e-01  5.231360510852550e-01  5.231360510852550e-01  5.231360510852550e-01  0
6.193880793366075e-10  5.244264876497315e-01  5.244264876497315e-01  5.244264876497315e-01  5.244264876497315e-01  0
6.788234608738945e-10  5.643745472780847e-01  5.643745472780847e-01  5.643745472780847e-01  5.643745472780847e-01  0
7.439621562080285e-10  6.280780151957158e-01  6.280780151957158e-01  6.280780151957158e-01  6.280780151957158e-01  0
8.153514452154729e-10  6.830469250008790e-01  6.830469250008790e-01  6.830469250008790e-01  6.830469250008790e-01  0
8.935911237789734e-10  7.214564863696412e-01  7.214564863696412e-01  7.214564863696412e-01  7.214564863696412e-01  0
9.793385431303769e-10  7.205920742778282e-01  7.205920742778282e-01  7.205920742778282e-01  7.205920742778282e-01  0
1.073314132759850e-09  6.806154407990304e-01  6.806154407990304e-01  6.806154407990304e-01  6.806154407990304e-01  0
1.176307453293673e-09  6.168361304590159e-01  6.168361304590159e-01  6.168361304590159e-01  6.168361304590159e-01  0
1.289183830195446e-09  5.603955762231920e-01  5.603955762231920e-01  5.603955762231920e-01  5.603955762231920e-01  0
1.412891624025502e-09  5.231226613950425e-01  5.231226613950425e-01  5.231226613950425e-01  5.231226613950425e-01  0
1.548470198341519e-09  5.244128271157650e-01  5.244128271157650e-01  5.244128271157650e-01  5.244128271157650e-01  0
1.697058652184737e-09  5.643596202028190e-01  5.643596202028190e-01  5.643596202028190e-01  5.643596202028190e-01  0
1.859905390520071e-09  6.280612399854216e-01  6.280612399854216e-01  6.280612399854216e-01  6.280612399854216e-01  0
2.038378613038682e-09  6.830037737272499e-01  6.830037737272499e-01  6.830037737272499e-01  6.830037737272499e-01  0
2.233977809447434e-09  7.214251467988355e-01  7.214251467988355e-01  7.214251467988355e-01  7.214251467988355e-01  0
2.448346357825942e-09  7.205674629287617e-01  7.205674629287617e-01  7.205674629287617e-01  7.205674629287617e-01  0
2.683285331899626e-09  6.805950962968292e-01  6.805950962968292e-01  6.805950962968292e-01  6.805950962968292e-01  0
2.940768633234184e-09  6.168188772923775e-01  6.168188772923775e-01  6.168188772923775e-01  6.168188772923775e-01  0
3.222959575488616e-09  5.603807974824395e-01  5.603807974824395e-01  5.603807974824395e-01  5.603807974824395e-01  0
3.532229060063756e-09  5.231088351437428e-01  5.231088351437428e-01  5.231088351437428e-01  5.231088351437428e-01  0
3.871175495853797e-09  5.243988909921421e-01  5.243988909921421e-01  5.243988909921421e-01  5.243988909921421e-01  0
4.242646630461842e-09  5.643445384870838e-01  5.643445384870838e-01  5.643445384870838e-01  5.643445384870838e-01  0
4.649763476300179e-09  6.280444006136250e-01  6.280444006136250e-01  6.280444006136250e-01  6.280444006136250e-01  0
5.095946532596706e-09  6.829847019737769e-01  6.829847019737769e-01  6.829847019737769e-01  6.829847019737769e-01  0
5.584944523618584e-09  7.214054163637831e-01  7.214054163637831e-01  7.214054163637831e-01  7.214054163637831e-01  0
6.120865894564855e-09  7.205480149796610e-01  7.205480149796610e-01  7.205480149796610e-01  7.205480149796610e-01  0
6.708213329749065e-09  6.805768957775282e-01  6.805768957775282e-01  6.805768957775282e-01  6.805768957775282e-01  0
7.351921583085459e-09  6.168024860934215e-01  6.168024860934215e-01  6.168024860934215e-01  6.168024860934215e-01  0
8.057398938721539e-09  5.603660894458995e-01  5.603660894458995e-01  5.603660894458995e-01  5.603660894458995e-01  0
8.830572650159389e-09  5.230950721364913e-01  5.230950721364913e-01  5.230950721364913e-01  5.230950721364913e-01  0
9.677938739634492e-09  5.243849601809292e-01  5.243849601809292e-01  5.243849601809292e-01  5.243849601809292e-01  0
1.060661657615460e-08  5.643293899328554e-01  5.643293899328554e-01  5.643293899328554e-01  5.643293899328554e-01  0
1.162440869075045e-08  6.280274425735685e-01  6.280274425735685e-01  6.280274425735685e-01  6.280274425735685e-01  0
1.273986633149176e-08  6.829658588195716e-01  6.829658588195716e-01  6.829658588195716e-01  6.829658588195716e-01  0
1.396236130904646e-08  7.213856587019489e-01  7.213856587019489e-01  7.213856587019489e-01  7.213856587019489e-01  0
1.530216473641213e-08  7.205285109098265e-01  7.205285109098265e-01  7.205285109098265e-01  7.205285109098265e-01  0
1.677053332437266e-08  6.805587152120128e-01  6.805587152120128e-01  6.805587152120128e-01  6.805587152120128e-01  0
1.837980395771364e-08  6.167861985421140e-01  6.167861985421140e-01  6.167861985421140e-01  6.167861985421140e-01  0
2.014349734680384e-08  5.603516585633830e-01  5.603516585633830e-01  5.603516585633830e-01  5.603516585633830e-01  0
2.207643162539847e-08  5.230815298322781e-01  5.230815298322781e-01  5.230815298322781e-01  5.230815298322781e-01  0
2.419484684908623e-08  5.243710762828565e-01  5.243710762828565e-01  5.243710762828565e-01  5.243710762828565e-01  0
2.651654144038651e-08  5.643140857691662e-01  5.643140857691662e-01  5.643140857691662e-01  5.643140857691662e-01  0
2.906102172687611e-08  6.280101810022242e-01  6.280101810022242e-01  6.280101810022242e-01  6.280101810022242e-01  0
3.184966582872941e-08  6.829461495542969e-01  6.829461495542969e-01  6.829461495542969e-01  6.829461495542969e-01  0
3.490590327261615e-08  7.213651658438009e-01  7.213651658438009e-01  7.213651658438009e-01  7.213651658438009e-01  0
3.825541184103035e-08  7.205085789294348e-01  7.205085789294348e-01  7.205085789294348e-01  7.205085789294348e-01  0
4.192633331093166e-08  6.805404586012638e-01  6.805404586012638e-01  6.805404586012638e-01  6.805404586012638e-01  0
4.594950989428412e-08  6.167701022508981e-01  6.167701022508981e-01  6.167701022508981e-01  6.167701022508981e-01  0
5.035874336700961e-08  5.603378773180733e-01  5.603378773180733e-01  5.603378773180733e-01  5.603378773180733e-01  0
5.519107906349619e-08  5.230685022769871e-01  5.230685022769871e-01  5.230685022769871e-01  5.230685022769871e-01  0
6.048711712271557e-08  5.243572950332296e-01  5.243572950332296e-01  5.243572950332296e-01  5.243572950332296e-01  0
6.629135360096627e-08  5.642984036490831e-01  5.642984036490831e-01  5.642984036490831e-01  5.642984036490831e-01  0
7.265255431719029e-08  6.279921891840752e-01  6.279921891840752e-01  6.279921891840752e-01  6.279921891840752e-01  0
7.962416457182352e-08  6.829243483631905e-01  6.829243483631905e-01  6.829243483631905e-01  6.829243483631905e-01  0
8.726475818154038e-08  7.213429039857613e-01  7.213429039857613e-01  7.213429039857613e-01  7.213429039857613e-01  0
9.563852960257586e-08  7.204876076862511e-01  7.204876076862511e-01  7.204876076862511e-01  7.204876076862511e-01  0
1.048158332773291e-07  6.805219947821091e-01  6.805219947821091e-01  6.805219947821091e-01  6.805219947821091e-01  0
1.148737747357103e-07  6.167544319328467e-01  6.167544319328467e-01  6.167544319328467e-01  6.167544319328467e-01  0
1.258968584175240e-07  5.603255702557656e-01  5.603255702557656e-01  5.603255702557656e-01  5.603255702557656e-01  0
1.379776976587405e-07  5.230566421429838e-01  5.230566421429838e-01  5.230566421429838e-01  5.230566421429838e-01  0
1.512177928067889e-07  5.243437211703457e-01  5.243437211703457e-01  5.243437211703457e-01  5.243437211703457e-01  0
1.657283840024157e-07  5.642818041871625e-01  5.642818041871625e-01  5.642818041871625e-01  5.642818041871625e-01  0
1.816313857929757e-07  6.279724531516231e-01  6.279724531516231e-01  6.279724531516231e-01  6.279724531516231e-01  0
1.990604114295588e-07  6.828975743748337e-01  6.828975743748337e-01  6.828975743748337e-01  6.828975743748337e-01  0
2.181618954538510e-07  7.213164205823539e-01  7.213164205823539e-01  7.213164205823539e-01  7.213164205823539e-01  0
2.390963240064397e-07  7.204641227652704e-01  7.204641227652704e-01  7.204641227652704e-01  7.204641227652704e-01  0
2.620395831933229e-07  6.805029718280228e-01  6.805029718280228e-01  6.805029718280228e-01  6.805029718280228e-01  0
2.871844368392758e-07  6.167396976371874e-01  6.167396976371874e-01  6.167396976371874e-01  6.167396976371874e-01  0
3.147421460438101e-07  5.603165680956905e-01  5.603165680956905e-01  5.603165680956905e-01  5.603165680956905e-01  0
3.449442441468511e-07  5.230473985482679e-01  5.230473985482679e-01  5.230473985482679e-01  5.230473985482679e-01  0
3.780444820169723e-07  5.243305417076898e-01  5.243305417076898e-01  5.243305417076898e-01  5.243305417076898e-01  0
4.143209600060391e-07  5.642629814578032e-01  5.642629814578032e-01  5.642629814578032e-01  5.642629814578032e-01  0
4.540784644824392e-07  6.279485631248140e-01  6.279485631248140e-01  6.279485631248140e-01  6.279485631248140e-01  0
4.976510285738970e-07  6.828590115036319e-01  6.828590115036319e-01  6.828590115036319e-01  6.828590115036319e-01  0
5.454047386346274e-07  7.212798854780672e-01  7.212798854780672e-01  7.212798854780672e-01  7.212798854780672e-01  0
5.977408100160992e-07  7.204345645627721e-01  7.204345645627721e-01  7.204345645627721e-01  7.204345645627721e-01  0
6.550989579833072e-07  6.804824483181312e-01  6.804824483181312e-01  6.804824483181312e-01  6.804824483181312e-01  0
7.179610920981894e-07  6.167269817370526e-01  6.167269817370526e-01  6.167269817370526e-01  6.167269817370526e-01  0
7.868553651095252e-07  5.603148778136244e-01  5.603148778136244e-01  5.603148778136244e-01  5.603148778136244e-01  0
8.623606103671279e-07  5.230439428798480e-01  5.230439428798480e-01  5.230439428798480e-01  5.230439428798480e-01  0
9.451112050424309e-07  5.243180403600899e-01  5.243180403600899e-01  5.243180403600899e-01  5.243180403600899e-01  0
1.035802400015098e-06  5.642387785853289e-01  5.642387785853289e-01  5.642387785853289e-01  5.642387785853289e-01  0
1.135196161206098e-06  6.279148075531357e-01  6.279148075531357e-01  6.279148075531357e-01  6.279148075531357e-01  0
1.244127571434742e-06  6.827925926628624e-01  6.827925926628624e-01  6.827925926628624e-01  6.827925926628624e-01  0
1.363511846586568e-06  7.212194829034565e-01  7.212194829034565e-01  7.212194829034565e-01  7.212194829034565e-01  0
1.494352025040248e-06  7.203903548608250e-01  7.203903548608250e-01  7.203903548608250e-01  7.203903548608250e-01  0
1.637747394958268e-06  6.804579196146898e-01  6.804579196146898e-01  6.804579196146898e-01  6.804579196146898e-01  0
1.794902730245473e-06  6.167185099224475e-01  6.167185099224475e-01  6.167185099224475e-01  6.167185099224475e-01  0
1.967138412773813e-06  5.603291016815193e-01  5.603291016815193e-01  5.603291016815193e-01  5.603291016815193e-01  0
2.155901525917819e-06  5.230530845063760e-01  5.230530845063760e-01  5.230530845063760e-01  5.230530845063760e-01  0
2.362778012606077e-06  5.243064764611477e-01  5.243064764611477e-01  5.243064764611477e-01  5.243064764611477e-01  0
2.589506000037745e-06  5.642015824227692e-01  5.642015824227692e-01  5.642015824227692e-01  5.642015824227692e-01  0
2.837990403015245e-06  6.278576977924407e-01  6.278576977924407e-01  6.278576977924407e-01  6.278576977924407e-01  0
3.110318928586857e-06  6.826606247391511e-01  6.826606247391511e-01  6.826606247391511e-01  6.826606247391511e-01  0
3.408779616466421e-06  7.211026041746057e-01  7.211026041746057e-01  7.211026041746057e-01  7.211026041746057e-01  0
3.735880062600620e-06  7.203108722023528e-01  7.203108722023528e-01  7.203108722023528e-01  7.203108722023528e-01  0
4.094368487395670e-06  6.804227611134335e-01  6.804227611134335e-01  6.804227611134335e-01  6.804227611134335e-01  0
4.487256825613684e-06  6.167186560366598e-01  6.167186560366598e-01  6.167186560366598e-01  6.167186560366598e-01  0
4.917846031934533e-06  5.603772725396048e-01  5.603772725396048e-01  5.603772725396048e-01  5.603772725396048e-01  0
5.389753814794549e-06  5.230891108281391e-01  5.230891108281391e-01  5.230891108281391e-01  5.230891108281391e-01  0
5.906945031515193e-06  5.242954336391077e-01  5.242954336391077e-01  5.242954336391077e-01  5.242954336391077e-01  0
6.473765000094363e-06  5.641331146010210e-01  5.641331146010210e-01  5.641331146010210e-01  5.641331146010210e-01  0
7.094976007538114e-06  6.277455381229924e-01  6.277455381229924e-01  6.277455381229924e-01  6.277455381229924e-01  0
7.775797321467140e-06  6.823753138539789e-01  6.823753138539789e-01  6.823753138539789e-01  6.823753138539789e-01  0
8.521949041166052e-06  7.208527535713846e-01  7.208527535713846e-01  7.208527535713846e-01  7.208527535713846e-01  0
9.339700156501548e-06  7.201467713598725e-01  7.201467713598725e-01  7.201467713598725e-01  7.201467713598725e-01  0
1.023592121848917e-05  6.803596107331585e-01  6.803596107331585e-01  6.803596107331585e-01  6.803596107331585e-01  0
1.121814206403421e-05  6.167354580615538e-01  6.167354580615538e-01  6.167354580615538e-01  6.167354580615538e-01  0
1.229461507983633e-05  5.604962451439397e-01  5.604962451439397e-01  5.604962451439397e-01  5.604962451439397e-01  0
1.347438453698637e-05  5.231813087650853e-01  5.231813087650853e-01  5.231813087650853e-01  5.231813087650853e-01  0
1.476736257878798e-05  5.242815865515622e-01  5.242815865515622e-01  5.242815865515622e-01  5.242815865515622e-01  0
1.618441250023591e-05  5.639899106925786e-01  5.639899106925786e-01  5.639899106925786e-01  5.639899106925786e-01  0
1.773744001884528e-05  6.275044573096461e-01  6.275044573096461e-01  6.275044573096461e-01  6.275044573096461e-01  0
1.943949330366785e-05  6.817347826666994e-01  6.817347826666994e-01  6.817347826666994e-01  6.817347826666994e-01  0
2.130487260291513e-05  7.202924863952740e-01  7.202924863952740e-01  7.202924863952740e-01  7.202924863952740e-01  0
2.334925039125387e-05  7.197811702217094e-01  7.197811702217094e-01  7.197811702217094e-01  7.197811702217094e-01  0
2.558980304622294e-05  6.802237925380255e-01  6.802237925380255e-01  6.802237925380255e-01  6.802237925380255e-01  0
2.804535516008552e-05  6.167823308773517e-01  6.167823308773517e-01  6.167823308773517e-01  6.167823308773517e-01  0
3.073653769959083e-05  5.607606317910864e-01  5.607606317910864e-01  5.607606317910864e-01  5.607606317910864e-01  0
3.368596134246593e-05  5.233894496572995e-01  5.233894496572995e-01  5.233894496572995e-01  5.233894496572995e-01  0
3.691840644696995e-05  5.242532392272744e-01  5.242532392272744e-01  5.242532392272744e-01  5.242532392272744e-01  0
4.046103125058977e-05  5.636709534074630e-01  5.636709534074630e-01  5.636709534074630e-01  5.636709534074630e-01  0
4.434360004711321e-05  6.269649939421332e-01  6.269649939421332e-01  6.269649939421332e-01  6.269649939421332e-01  0
4.859873325916964e-05  6.802872361416479e-01  6.802872361416479e-01  6.802872361416479e-01  6.802872361416479e-01  0
5.326218150728783e-05  7.190200989125324e-01  7.190200989125324e-01  7.190200989125324e-01  7.190200989125324e-01  0
5.837312597813469e-05  7.189440907401785e-01  7.189440907401785e-01  7.189440907401785e-01  7.189440907401785e-01  0
6.397450761555734e-05  6.799052213361653e-01  6.799052213361653e-01  6.799052213361653e-01  6.799052213361653e-01  0
7.011338790021381e-05  6.168798897882494e-01  6.168798897882494e-01  6.168798897882494e-01  6.168798897882494e-01  0
7.684134424897707e-05  5.613326578909336e-01  5.613326578909336e-01  5.613326578909336e-01  5.613326578909336e-01  0
8.421490335616483e-05  5.238458382542132e-01  5.238458382542132e-01  5.238458382542132e-01  5.238458382542132e-01  0
9.229601611742488e-05  5.241868083583575e-01  5.241868083583575e-01  5.241868083583575e-01  5.241868083583575e-01  0
1.011525781264744e-04  5.629549898925379e-01  5.629549898925379e-01  5.629549898925379e-01  5.629549898925379e-01  0
1.108590001177830e-04  6.257520198873955e-01  6.257520198873955e-01  6.257520198873955e-01  6.257520198873955e-01  0
1.214968331479241e-04  6.770865385656695e-01  6.770865385656695e-01  6.770865385656695e-01  6.770865385656695e-01  0
1.331554537682195e-04  7.161795972074764e-01  7.161795972074764e-01  7.161795972074764e-01  7.161795972074764e-01  0
1.459328149453367e-04  7.170525768238932e-01  7.170525768238932e-01  7.170525768238932e-01  7.170525768238932e-01  0
1.599362690388933e-04  6.791626078553025e-01  6.791626078553025e-01  6.791626078553025e-01  6.791626078553025e-01  0
1.752834697505345e-04  6.170716044447707e-01  6.170716044447707e-01  6.170716044447707e-01  6.170716044447707e-01  0
1.921033606224427e-04  5.626770527772157e-01  5.626770527772157e-01  5.626770527772157e-01  5.626770527772157e-01  0
2.105372583904121e-04  5.249390532865581e-01  5.249390532865581e-01  5.249390532865581e-01  5.249390532865581e-01  0
2.307400402935622e-04  5.241217471993619e-01  5.241217471993619e-01  5.241217471993619e-01  5.241217471993619e-01  0
2.528814453161860e-04  5.614381246757364e-01  5.614381246757364e-01  5.614381246757364e-01  5.614381246757364e-01  0
2.771475002944575e-04  6.231092907780484e-01  6.231092907780484e-01  6.231092907780484e-01  6.231092907780484e-01  0
3.037420828698102e-04  6.705162965094509e-01  6.705162965094509e-01  6.705162965094509e-01  6.705162965094509e-01  0
3.328886344205489e-04  7.102492238476291e-01  7.102492238476291e-01  7.102492238476291e-01  7.102492238476291e-01  0
3.648320373633417e-04  7.130904337336739e-01  7.130904337336739e-01  7.130904337336739e-01  7.130904337336739e-01  0
3.998406725972333e-04  6.776559507011906e-01  6.776559507011906e-01  6.776559507011906e-01  6.776559507011906e-01  0
4.382086743763362e-04  6.175943340319059e-01  6.175943340319059e-01  6.175943340319059e-01  6.175943340319059e-01  0
4.802584015561067e-04  5.668300369788632e-01  5.668300369788632e-01  5.668300369788632e-01  5.668300369788632e-01  0
5.263431459760303e-04  5.284018745805076e-01  5.284018745805076e-01  5.284018745805076e-01  5.284018745805076e-01  0
5.768501007339055e-04  5.249141079855920e-01  5.249141079855920e-01  5.249141079855920e-01  5.249141079855920e-01  0
6.322036132904651e-04  5.589041470103324e-01  5.589041470103324e-01  5.589041470103324e-01  5.589041470103324e-01  0
6.928687507361440e-04  6.179476341078004e-01  6.179476341078004e-01  6.179476341078004e-01  6.179476341078004e-01  0
7.593552071745256e-04  6.605278915844484e-01  6.605278915844484e-01  6.605278915844484e-01  6.605278915844484e-01  0
8.322215860513723e-04  7.005935513517155e-01  7.005935513517155e-01  7.005935513517155e-01  7.005935513517155e-01  0
9.120800934083544e-04  7.069231450147653e-01  7.069231450147653e-01  7.069231450147653e-01  7.069231450147653e-01  0
9.996016814930835e-04  6.762760768550707e-01  6.762760768550707e-01  6.762760768550707e-01  6.762760768550707e-01  0
1.095521685940841e-03  6.202713566970427e-01  6.202713566970427e-01  6.202713566970427e-01  6.202713566970427e-01  0
1.200646003890267e-03  5.843560118312424e-01  5.843560118312424e-01  5.843560118312424e-01  5.843560118312424e-01  0
1.315857864940076e-03  5.435250007745763e-01  5.435250007745763e-01  5.435250007745763e-01  5.435250007745763e-01  0
1.442125251834764e-03  5.332862405658058e-01  5.332862405658058e-01  5.332862405658058e-01  5.332862405658058e-01  0
1.580509033226163e-03  5.590747338712421e-01  5.590747338712421e-01  5.590747338712421e-01  5.590747338712421e-01  0
1.732171876840360e-03  6.114472678146745e-01  6.114472678146745e-01  6.114472678146745e-01  6.114472678146745e-01  0
1.898388017936314e-03  6.620612273655996e-01  6.620612273655996e-01  6.620612273655996e-01  6.620612273655996e-01  0
2.080553965128431e-03  6.984086510070870e-01  6.984086510070870e-01  6.984086510070870e-01  6.984086510070870e-01  0
2.280200233520886e-03  7.087017695418086e-01  7.087017695418086e-01  7.087017695418086e-01  7.087017695418086e-01  0
2.499004203732709e-03  6.857280063428012e-01  6.857280063428012e-01  6.857280063428012e-01  6.857280063428012e-01  0
2.738804214852102e-03  6.365640250943896e-01  6.365640250943896e-01  6.365640250943896e-01  6.365640250943896e-01  0
3.001615009725670e-03  6.657789965639178e-01  6.657789965639178e-01  6.657789965639178e-01  6.657789965639178e-01  0
3.289644662350192e-03  6.187912577812110e-01  6.187912577812110e-01  6.187912577812110e-01  6.187912577812110e-01  0
3.605313129586913e-03  5.908780672209735e-01  5.908780672209735e-01  5.908780672209735e-01  5.908780672209735e-01  0
3.951272583065411e-03  5.942082284070556e-01  5.942082284070556e-01  5.942082284070556e-01  5.942082284070556e-01  0
4.330429692100904e-03  6.266431442565968e-01  6.266431442565968e-01  6.266431442565968e-01  6.266431442565968e-01  0
4.745970044840788e-03  7.806309563545353e-01  7.806309563545353e-01  7.806309563545353e-01  7.806309563545353e-01  0
5.201384912821080e-03  7.916447483883517e-01  7.916447483883517e-01  7.916447483883517e-01  7.916447483883517e-01  0
5.700500583802218e-03  7.926221127136391e-01  7.926221127136391e-01  7.926221127136391e-01  7.926221127136391e-01  0
6.247510509331775e-03  7.720700508887063e-01  7.720700508887063e-01  7.720700508887063e-01  7.720700508887063e-01  0
6.847010537130258e-03  7.282214020533667e-01  7.282214020533667e-01  7.282214020533667e-01  7.282214020533667e-01  0
7.504037524314174e-03  8.578206551772424e-01  8.578206551772424e-01  8.578206551772424e-01  8.578206551772424e-01  0
8.224111655875478e-03  8.412214875436125e-01  8.412214875436125e-01  8.412214875436125e-01  8.412214875436125e-01  0
9.013282823967282e-03  8.136576599275641e-01  8.136576599275641e-01  8.136576599275641e-01  8.136576599275641e-01  0
9.878181457663525e-03  7.911651078554498e-01  7.911651078554498e-01  7.911651078554498e-01  7.911651078554498e-01  0
1.082607423025226e-02  7.846860661380149e-01  7.846860661380149e-01  7.846860661380149e-01  7.846860661380149e-01  0
1.186492511210197e-02  6.100321197592795e-01  6.100321197592795e-01  6.100321197592795e-01  6.100321197592795e-01  0
1.300346228205270e-02  6.882702845729817e-01  6.882702845729817e-01  6.882702845729817e-01  6.882702845729817e-01  0
1.425125145950555e-02  7.596477518039729e-01  7.596477518039729e-01  7.596477518039729e-01  7.596477518039729e-01  0
1.561877627332944e-02  8.151486160138672e-01  8.151486160138672e-01  8.151486160138672e-01  8.151486160138672e-01  0
1.711752634282565e-02  8.468083531230528e-01  8.468083531230528e-01  8.468083531230528e-01  8.468083531230528e-01  0
1.876009381078543e-02  2.632709126039085e-01  2.632709126039085e-01  2.632709126039085e-01  2.632709126039085e-01  0
2.056027913968870e-02  3.238207029192501e-01  3.238207029192501e-01  3.238207029192501e-01  3.238207029192501e-01  0
2.253320705991821e-02  3.888543883690295e-01  3.888543883690295e-01  3.888543883690295e-01  3.888543883690295e-01  0
2.469545364415881e-02  4.587222612651999e-01  4.587222612651999e-01  4.587222612651999e-01  4.587222612651999e-01  0
2.706518557563065e-02  5.347904186215173e-01  5.347904186215173e-01  5.347904186215173e-01  5.347904186215173e-01  0
2.966231278025492e-02  7.470481248244587e-02  7.470481248244587e-02  7.470481248244587e-02  7.470481248244587e-02  0
3.250865570513176e-02  9.599598460481068e-02  9.599598460481068e-02  9.599598460481068e-02  9.599598460481068e-02  0
3.562812864876387e-02  1.242049559192196e-01  1.242049559192196e-01  1.242049559192196e-01  1.242049559192196e-01  0
3.904694068332360e-02  1.606622360893560e-01  1.606622360893560e-01  1.606622360893560e-01  1.606622360893560e-01  0
4.279381585706412e-02  2.059627978244510e-01  2.059627978244510e-01  2.059627978244510e-01  2.059627978244510e-01  0
4.690023452696358e-02  5.822584230308755e-02  5.822584230308755e-02  5.822584230308755e-02  5.822584230308755e-02  0
5.140069784922174e-02  5.513355695255476e-02  5.513355695255476e-02  5.513355695255476e-02  5.513355695255476e-02  0
5.633301764979550e-02  5.442697576778559e-02  5.442697576778559e-02  5.442697576778559e-02  5.442697576778559e-02  0
6.173863411039702e-02  5.727993378533072e-02  5.727993378533072e-02  5.727993378533072e-02  5.727993378533072e-02  0
6.766296393907660e-02  6.492842055868224e-02  6.492842055868224e-02  6.492842055868224e-02  6.492842055868224e-02  0
7.415578195063731e-02  1.325827632447266e-01  1.325827632447266e-01  1.325827632447266e-01  1.325827632447266e-01  0
8.127163926282939e-02  1.249588172921176e-01  1.249588172921176e-01  1.249588172921176e-01  1.249588172921176e-01  0
8.907032162190968e-02  1.127100976623004e-01  1.127100976623004e-01  1.127100976623004e-01  1.127100976623004e-01  0
9.761735170830900e-02  9.792576040346333e-02  9.792576040346333e-02  9.792576040346333e-02  9.792576040346333e-02  0
1.069845396426603e-01  8.295658042378622e-02  8.295658042378622e-02  8.295658042378622e-02  8.295658042378622e-02  0
1.172505863174089e-01  1.899410857225594e+00  1.899410857225594e+00  1.899410857225594e+00  1.899410857225594e+00  0
1.285017446230543e-01  1.796059381246704e+00  1.796059381246704e+00  1.796059381246704e+00  1.796059381246704e+00  0
1.408325441244888e-01  1.584658976594737e+00  1.584658976594737e+00  1.584658976594737e+00  1.584658976594737e+00  0
1.543465852759926e-01  1.306821233264431e+00  1.306821233264431e+00  1.306821233264431e+00  1.306821233264431e+00  0
1.691574098476915e-01  1.010608499460127e+00  1.010608499460127e+00  1.010608499460127e+00  1.010608499460127e+00  0
1.853894548765933e-01  9.497189862140117e-01  9.497189862140117e-01  9.497189862140117e-01  9.497189862140117e-01  0
2.031790981570735e-01  1.251820332327814e+00  1.251820332327814e+00  1.251820332327814e+00  1.251820332327814e+00  0
2.226758040547742e-01  1.545705146804846e+00  1.545705146804846e+00  1.545705146804846e+00  1.545705146804846e+00  0
2.440433792707725e-01  1.785682421499580e+00  1.785682421499580e+00  1.785682421499580e+00  1.785682421499580e+00  0
2.674613491066508e-01  1.928085099897056e+00  1.928085099897056e+00  1.928085099897056e+00  1.928085099897056e+00  0
2.931264657935224e-01  9.467024419436600e-02  9.467024419436600e-02  9.467024419436600e-02  9.467024419436600e-02  0
3.212543615576359e-01  1.691326348721209e-01  1.691326348721209e-01  1.691326348721209e-01  1.691326348721209e-01  0
3.520813603112219e-01  2.850034246040032e-01  2.850034246040032e-01  2.850034246040032e-01  2.850034246040032e-01  0
3.858664631899815e-01  4.524115381544308e-01  4.524115381544308e-01  4.524115381544308e-01  4.524115381544308e-01  0
4.228935246192289e-01  6.756800526649924e-01  6.756800526649924e-01  6.756800526649924e-01  6.756800526649924e-01  0
4.634736371914833e-01  2.282129541435969e-03  2.282129541435969e-03  2.282129541435969e-03  2.282129541435969e-03  0
5.079477453926837e-01  5.357102707831592e-03  5.357102707831592e-03  5.357102707831592e-03  5.357102707831592e-03  0
5.566895101369356e-01  1.194465022724110e-02  1.194465022724110e-02  1.194465022724110e-02  1.194465022724110e-02  0
6.101084481769313e-01  2.522339352165904e-02  2.522339352165904e-02  2.522339352165904e-02  2.522339352165904e-02  0
6.686533727666270e-01  5.037085779548515e-02  5.037085779548515e-02  5.037085779548515e-02  5.037085779548515e-02  0
7.328161644838057e-01  2.161084737995149e-05  2.161084737995149e-05  2.161084737995149e-05  2.161084737995149e-05  0
8.031359038940895e-01  5.538056198966557e-05  5.538056198966557e-05  5.538056198966557e-05  5.538056198966557e-05  0
8.802034007780546e-01  1.430674805354558e-04  1.430674805354558e-04  1.430674805354558e-04  1.430674805354558e-04  0
9.646661579749534e-01  3.685245791787373e-04  3.685245791787373e-04  3.685245791787373e-04  3.685245791787373e-04  0
1.057233811548072e+00  9.315293339425140e-04  9.315293339425140e-04  9.315293339425140e-04  9.315293339425140e-04  0
1.158684092978708e+00  2.604523047773423e-07  2.604523047773423e-07  2.604523047773423e-07  2.604523047773423e-07  0
1.269869363481709e+00  6.357336583229448e-07  6.357336583229448e-07  6.357336583229448e-07  6.357336583229448e-07  0
1.391723775342339e+00  1.570136752991583e-06  1.570136752991583e-06  1.570136752991583e-06  1.570136752991583e-06  0
1.525271120442328e+00  3.919885767583467e-06  3.919885767583467e-06  3.919885767583467e-06  3.919885767583467e-06  0
1.671633431916567e+00  9.859748104902848e-06  9.859748104902848e-06  9.859748104902848e-06  9.859748104902848e-06  0
1.832040411209514e+00  4.461185466104783e-09  4.461185466104783e-09  4.461185466104783e-09  4.461185466104783e-09  0
2.007839759735224e+00  1.019040909634493e-08  1.019040909634493e-08  1.019040909634493e-08  1.019040909634493e-08  0
2.200508501945136e+00  2.225536814073154e-08  2.225536814073154e-08  2.225536814073154e-08  2.225536814073154e-08  0
2.411665394937383e+00  4.731520172991704e-08  4.731520172991704e-08  4.731520172991704e-08  4.731520172991704e-08  0
2.643084528870179e+00  1.009380808975724e-07  1.009380808975724e-07  1.009380808975724e-07  1.009380808975724e-07  0
